1.275519999999999944e-05
3.247649999999999983e-05
1.203540000000000000e-05
2.999040000000000004e-05
1.082469999999999988e-05
3.148419999999999919e-05
1.063430000000000083e-05
2.874350000000000017e-05
1.433080000000000008e-05
3.219089999999999701e-05
1.146309999999999999e-06
1.004840000000000022e-05
-2.152770000000000026e-07
3.350690000000000271e-05
4.221520000000000199e-05
9.968400000000000307e-05
6.341560000000000317e-05
6.327690000000000398e-05
3.802420000000000095e-05
7.171509999999999376e-05
5.207489999999999840e-05
3.598269999999999686e-05
-1.091540000000000056e-04
-4.705510000000000286e-05
-2.381709999999999936e-05
-3.205760000000000288e-05
-2.753479999999999936e-05
-9.889200000000000117e-06
-5.738490000000000008e-05
-4.065579999999999791e-05
-4.625610000000000085e-06
2.464170000000000227e-04
2.643869999999999879e-04
2.018239999999999840e-05
-1.153530000000000050e-04
-8.832989999999999603e-05
-1.229240000000000042e-04
-1.293859999999999975e-04
-5.642579999999999769e-05
1.522539999999999961e-04
4.050309999999999783e-04
3.771469999999999857e-04
3.189590000000000068e-04
5.401639999999999870e-04
5.366089999999999575e-04
2.531160000000000072e-04
-1.889759999999999877e-04
-2.906949999999999942e-04
-3.195210000000000194e-04
-3.057949999999999818e-04
-3.628290000000000052e-04
-4.173159999999999869e-04
-4.351320000000000209e-04
-3.341099999999999843e-04
-4.537209999999999746e-04
1.980419999999999989e-04
3.960899999999999838e-04
-1.692429999999999922e-04
-5.318789999999999673e-04
-4.234779999999999729e-04
-5.297890000000000195e-04
-2.623810000000000075e-04
9.818639999999999898e-05
-1.715049999999999995e-06
-5.579110000000000189e-04
-4.158780000000000050e-04
-2.390009999999999975e-04
3.575539999999999990e-04
4.835689999999999910e-04
7.044799999999999500e-04
1.034420000000000088e-03
6.049579999999999498e-04
-4.745239999999999853e-04
-4.031899999999999937e-04
4.874890000000000213e-04
1.175569999999999914e-03
1.161960000000000076e-03
1.220359999999999978e-03
9.141709999999999723e-04
2.411670000000000035e-04
-6.119850000000000029e-05
5.634700000000000109e-05
-7.528370000000000157e-04
-1.209919999999999963e-03
-1.084429999999999943e-03
-1.635960000000000105e-03
-3.233510000000000204e-03
-4.209049999999999771e-03
-4.267789999999999605e-03
-3.368279999999999972e-03
-1.666979999999999981e-03
-3.974119999999999823e-05
3.439590000000000182e-04
5.402030000000000183e-05
2.232190000000000053e-04
1.168420000000000092e-03
1.283260000000000043e-03
1.650819999999999892e-03
1.637530000000000105e-03
1.652419999999999931e-03
1.673409999999999958e-03
2.350350000000000182e-03
2.188680000000000139e-03
2.828339999999999934e-03
2.700000000000000143e-03
1.602469999999999936e-03
8.571950000000000489e-04
-1.056800000000000100e-03
-2.125339999999999868e-03
-2.135559999999999889e-03
-1.492140000000000090e-03
5.723829999999999847e-04
1.492959999999999990e-03
1.216319999999999901e-03
6.572519999999999881e-04
4.679449999999999929e-04
1.265209999999999902e-03
1.183929999999999922e-03
-1.016959999999999913e-03
-2.480749999999999882e-03
-2.409399999999999910e-03
-1.355910000000000101e-03
-8.094769999999999613e-04
1.507919999999999955e-05
-7.154629999999999497e-04
-1.933760000000000080e-03
-2.403380000000000100e-03
-2.459509999999999821e-03
-2.605469999999999921e-03
-1.392290000000000021e-03
1.177890000000000013e-03
2.195809999999999863e-03
1.783910000000000096e-03
3.834290000000000181e-03
4.078410000000000195e-03
2.537530000000000081e-03
2.487520000000000009e-03
3.787930000000000116e-03
5.087440000000000365e-03
5.369129999999999736e-03
3.660029999999999881e-03
1.164099999999999944e-03
-2.719959999999999999e-03
-4.769889999999999720e-03
-4.419130000000000280e-03
-4.695099999999999794e-03
-5.000029999999999926e-03
-4.648689999999999593e-03
-5.145170000000000125e-03
-6.127520000000000015e-03
-5.281199999999999783e-03
-2.349560000000000103e-03
7.711909999999999555e-04
3.369630000000000195e-03
4.774269999999999729e-03
3.499069999999999958e-03
1.713239999999999989e-03
1.598840000000000027e-03
1.528339999999999994e-03
2.150949999999999997e-03
4.143090000000000314e-03
4.082159999999999608e-03
5.728660000000000002e-04
-3.607219999999999958e-03
-5.771440000000000077e-03
-4.025550000000000135e-03
-2.528540000000000128e-03
-2.937050000000000077e-03
-4.144349999999999770e-03
-3.553929999999999850e-03
-1.634569999999999903e-03
1.230149999999999950e-03
4.221080000000000318e-03
5.277129999999999668e-03
5.546109999999999929e-03
5.795550000000000007e-03
3.686769999999999804e-03
1.312730000000000017e-03
-1.069929999999999970e-03
-3.379969999999999936e-03
-6.937279999999999662e-03
-8.382759999999999517e-03
-8.374209999999999987e-03
-7.807240000000000013e-03
-6.639990000000000128e-03
-2.785059999999999793e-03
2.065340000000000144e-03
5.646380000000000322e-03
6.976659999999999980e-03
6.471919999999999930e-03
6.222150000000000077e-03
5.210310000000000115e-03
5.361470000000000125e-03
8.474419999999999870e-03
1.298230000000000044e-02
1.386880000000000057e-02
7.260339999999999676e-03
-4.309660000000000171e-06
-5.607209999999999625e-03
-8.837609999999999216e-03
-9.829100000000000337e-03
-1.083910000000000082e-02
-1.210469999999999949e-02
-1.283529999999999914e-02
-1.208490000000000085e-02
-1.047889999999999933e-02
-8.110869999999999191e-03
-5.663839999999999847e-03
-3.029650000000000051e-03
-1.000220000000000015e-03
-2.896819999999999820e-04
-1.125990000000000107e-03
-2.742430000000000128e-03
-2.855279999999999971e-03
-1.405989999999999974e-03
1.875590000000000113e-04
1.496680000000000016e-03
9.876130000000000325e-04
-1.661670000000000074e-03
-9.270650000000000288e-04
2.326079999999999901e-03
1.818079999999999913e-03
-1.009899999999999936e-04
-1.162049999999999975e-03
-4.227929999999999753e-04
2.126869999999999889e-03
3.700430000000000212e-03
4.150329999999999818e-03
4.897750000000000194e-03
3.337899999999999982e-03
6.504139999999999835e-04
-1.814770000000000055e-03
-6.856000000000000115e-03
-1.044690000000000028e-02
-1.044759999999999960e-02
-7.955790000000000778e-03
-2.660739999999999980e-03
4.086369999999999759e-03
9.619600000000000720e-03
1.187000000000000034e-02
1.089410000000000031e-02
8.510329999999999978e-03
5.311109999999999963e-03
2.487000000000000061e-03
2.958160000000000043e-03
3.816790000000000026e-03
1.704400000000000012e-03
-5.526770000000000077e-04
-1.437109999999999907e-03
2.010500000000000134e-03
8.057929999999999607e-03
1.117929999999999965e-02
1.329170000000000004e-02
1.166430000000000071e-02
6.516489999999999783e-03
9.631369999999999775e-04
-4.511969999999999696e-03
-9.522020000000000831e-03
-1.328410000000000007e-02
-1.418520000000000024e-02
-1.148069999999999993e-02
-6.239510000000000195e-03
-1.486630000000000069e-03
3.510049999999999911e-04
-9.663000000000000148e-05
-5.823850000000000424e-04
-1.136209999999999911e-03
-1.674200000000000037e-03
-2.369899999999999871e-03
-1.614519999999999931e-03
-4.346730000000000038e-04
3.700910000000000180e-04
4.460350000000000079e-04
2.876679999999999840e-04
1.330929999999999917e-03
3.177220000000000131e-03
3.910109999999999628e-03
1.048040000000000083e-03
-9.775739999999999343e-04
-2.883820000000000047e-03
-3.946220000000000283e-03
-2.084620000000000136e-03
2.266139999999999821e-03
7.187190000000000419e-03
1.248070000000000082e-02
1.349179999999999997e-02
8.787549999999999875e-03
1.915070000000000053e-03
-2.392389999999999881e-03
-3.304969999999999956e-03
-6.595610000000000231e-04
1.075610000000000064e-03
8.648630000000000033e-04
-7.809310000000000080e-04
-3.474049999999999794e-03
-5.677920000000000363e-03
-8.077430000000000027e-03
-9.460889999999999578e-03
-8.083399999999999266e-03
-3.992429999999999937e-03
-6.497230000000000540e-04
-9.717939999999999998e-04
-4.230549999999999589e-03
-6.584170000000000300e-03
-7.844590000000000243e-03
-6.840159999999999643e-03
-2.385379999999999879e-03
6.455780000000000372e-03
1.463719999999999952e-02
1.784739999999999938e-02
1.600640000000000049e-02
8.517679999999999696e-03
1.567030000000000072e-03
-1.467479999999999956e-03
-1.364350000000000068e-03
1.621559999999999972e-03
8.331599999999999770e-03
1.210379999999999963e-02
1.054219999999999983e-02
6.014280000000000320e-03
1.478640000000000032e-03
-1.746469999999999967e-03
-2.747390000000000162e-03
-1.474910000000000066e-03
-1.042609999999999967e-04
-1.692240000000000020e-03
-4.239780000000000285e-03
-6.925490000000000292e-03
-8.810200000000000670e-03
-8.929329999999999212e-03
-3.879800000000000089e-03
4.667860000000000238e-03
1.264529999999999994e-02
1.723239999999999841e-02
1.590499999999999900e-02
1.067300000000000020e-02
3.929089999999999666e-03
-1.708450000000000029e-03
-6.524779999999999990e-03
-7.532650000000000109e-03
-4.522870000000000015e-03
-8.697709999999999773e-04
3.391320000000000185e-03
7.854609999999999717e-03
7.829159999999999939e-03
4.432819999999999643e-03
4.913189999999999572e-03
8.748660000000000117e-03
9.875570000000000181e-03
6.505900000000000225e-03
7.289920000000000080e-03
6.517600000000000129e-03
2.392749999999999912e-03
-1.043110000000000087e-03
-3.645600000000000143e-03
-4.699250000000000302e-03
-2.366179999999999846e-03
-3.133830000000000209e-03
-5.058039999999999758e-03
-3.378209999999999980e-03
-2.259559999999999867e-03
-5.717990000000000052e-03
-1.089930000000000065e-02
-1.339839999999999955e-02
-1.196949999999999924e-02
-8.122620000000000534e-03
-4.765469999999999949e-03
-3.905159999999999968e-03
-4.384859999999999973e-03
-3.610410000000000095e-03
-1.448060000000000091e-04
5.253339999999999572e-03
1.017189999999999934e-02
1.441579999999999945e-02
1.447850000000000005e-02
1.041019999999999966e-02
4.417339999999999635e-03
-1.726829999999999945e-03
-7.125610000000000104e-03
-7.536020000000000045e-03
-3.186150000000000006e-03
2.478349999999999824e-03
5.528560000000000071e-03
3.537839999999999995e-03
1.188480000000000005e-03
-8.493630000000000060e-04
-3.671409999999999951e-03
-3.849040000000000187e-03
-9.847700000000000464e-04
-1.102120000000000053e-03
-1.597789999999999974e-03
2.088179999999999811e-03
6.181279999999999934e-03
9.210789999999999950e-03
9.624260000000000800e-03
5.357549999999999986e-03
8.252740000000000542e-05
-5.633720000000000047e-03
-1.019510000000000034e-02
-1.267440000000000060e-02
-1.074250000000000031e-02
-2.786920000000000022e-03
5.696780000000000246e-03
9.657560000000000797e-03
9.953029999999999863e-03
8.144780000000000769e-03
5.435090000000000060e-03
4.373649999999999760e-03
2.465460000000000047e-03
1.075020000000000099e-03
-4.073209999999999852e-04
3.403869999999999921e-04
3.249600000000000058e-03
8.171039999999999207e-03
1.196000000000000014e-02
1.241519999999999950e-02
1.032480000000000030e-02
6.488530000000000166e-03
3.345869999999999921e-03
3.110860000000000014e-03
3.394129999999999977e-03
-6.038320000000000016e-04
-2.465339999999999893e-03
-3.112479999999999934e-03
1.872219999999999961e-03
1.087830000000000047e-02
1.662239999999999898e-02
1.816250000000000156e-02
1.473239999999999966e-02
4.807559999999999785e-03
-7.663370000000000078e-03
-2.081979999999999942e-02
-2.877650000000000000e-02
-2.970779999999999949e-02
-2.498989999999999892e-02
-1.715049999999999908e-02
-5.114849999999999779e-03
6.303569999999999660e-03
1.359710000000000085e-02
1.864400000000000085e-02
1.929020000000000040e-02
1.769949999999999996e-02
1.362750000000000072e-02
9.131469999999999171e-03
6.797690000000000329e-03
9.573889999999999831e-03
1.916440000000000157e-02
3.119840000000000113e-02
4.624919999999999726e-02
5.295459999999999751e-02
5.109099999999999753e-02
4.462619999999999781e-02
3.526549999999999824e-02
2.908240000000000131e-02
2.594940000000000094e-02
2.298419999999999977e-02
1.655229999999999896e-02
6.914769999999999771e-03
-3.680860000000000208e-03
-1.058410000000000080e-02
-1.202250000000000020e-02
-1.255150000000000016e-02
-1.417490000000000069e-02
-1.820509999999999837e-02
-2.350340000000000068e-02
-3.033809999999999979e-02
-3.274450000000000277e-02
-3.047750000000000112e-02
-2.383719999999999936e-02
-1.694510000000000113e-02
-1.213419999999999950e-02
-1.321330000000000074e-02
-1.892840000000000147e-02
-2.486760000000000012e-02
-2.409450000000000133e-02
-1.708650000000000099e-02
-5.872780000000000188e-03
8.153399999999999884e-03
2.251900000000000082e-02
3.715679999999999678e-02
4.982099999999999723e-02
5.958000000000000101e-02
6.823819999999999886e-02
7.158340000000000536e-02
6.654519999999999880e-02
5.086700000000000249e-02
2.113579999999999973e-02
-9.978320000000000592e-03
-2.781509999999999885e-02
-3.583080000000000293e-02
-3.374640000000000278e-02
-2.565929999999999947e-02
-1.962509999999999949e-02
-2.451280000000000125e-02
-3.691849999999999993e-02
-5.437920000000000254e-02
-7.159690000000000498e-02
-8.464969999999999439e-02
-9.281639999999999335e-02
-9.543190000000000006e-02
-9.344850000000000378e-02
-8.921959999999999613e-02
-8.975370000000000570e-02
-9.487909999999999400e-02
-1.032720000000000027e-01
-1.043619999999999964e-01
-9.066109999999999447e-02
-7.240910000000000402e-02
-7.279159999999999797e-02
-8.099530000000000618e-02
-8.704910000000000425e-02
-8.012539999999999940e-02
-5.557259999999999978e-02
6.804290000000000165e-03
7.343679999999999652e-02
1.234240000000000059e-01
1.620209999999999984e-01
1.672019999999999895e-01
1.481780000000000042e-01
1.057600000000000068e-01
5.793469999999999870e-02
1.739049999999999971e-02
-1.012459999999999923e-02
-2.491629999999999887e-02
-2.983950000000000144e-02
-1.972549999999999998e-02
1.142800000000000066e-02
4.741519999999999763e-02
6.791460000000000552e-02
7.929400000000000337e-02
8.870089999999999919e-02
9.373979999999999813e-02
8.926510000000000000e-02
6.250940000000000663e-02
2.268560000000000021e-02
-1.973580000000000126e-02
-4.896849999999999814e-02
-6.755949999999999456e-02
-7.935839999999999561e-02
-8.519599999999999396e-02
-8.251799999999999413e-02
-7.025439999999999463e-02
-3.941039999999999821e-02
-1.421490000000000080e-03
3.015320000000000153e-02
4.755630000000000274e-02
5.253889999999999949e-02
3.929749999999999910e-02
1.883660000000000054e-04
-4.755340000000000261e-02
-8.359179999999999389e-02
-1.122960000000000069e-01
-1.256670000000000009e-01
-1.230620000000000047e-01
-1.100209999999999938e-01
-8.505100000000000160e-02
-5.887189999999999784e-02
-3.896609999999999657e-02
-2.362279999999999935e-02
-8.926419999999999147e-03
8.706659999999999747e-03
2.212290000000000090e-02
3.471950000000000036e-02
4.692790000000000156e-02
5.604259999999999797e-02
6.381149999999999323e-02
6.780440000000000078e-02
6.855400000000000382e-02
6.898999999999999577e-02
7.549160000000000592e-02
9.068379999999999497e-02
1.035589999999999983e-01
9.966669999999999696e-02
6.587640000000000162e-02
1.927830000000000168e-02
-4.706659999999999663e-03
-1.229599999999999964e-02
-1.658489999999999964e-02
-2.286430000000000060e-02
-3.160729999999999790e-02
-3.650479999999999697e-02
-3.095790000000000000e-02
-1.083289999999999947e-02
1.430829999999999949e-02
2.366170000000000079e-02
2.394239999999999910e-02
1.943910000000000082e-02
1.050199999999999918e-02
-1.466709999999999976e-03
-1.669970000000000135e-02
-3.483529999999999960e-02
-5.157049999999999829e-02
-6.059450000000000253e-02
-6.149890000000000218e-02
-4.916620000000000018e-02
-2.660239999999999827e-02
3.547789999999999885e-03
2.421219999999999969e-02
3.744170000000000137e-02
4.175569999999999976e-02
3.607810000000000183e-02
1.353799999999999969e-02
-1.942500000000000129e-02
-5.445690000000000253e-02
-7.977049999999999419e-02
-9.825780000000000625e-02
-1.066899999999999932e-01
-1.073420000000000069e-01
-1.039289999999999936e-01
-9.305779999999999608e-02
-7.406359999999999333e-02
-5.015950000000000270e-02
-1.717899999999999983e-02
1.827000000000000152e-02
4.850870000000000182e-02
7.498680000000000623e-02
9.457939999999999403e-02
1.040490000000000026e-01
9.772039999999999893e-02
6.842729999999999646e-02
2.919750000000000123e-02
-1.229910000000000031e-02
-3.975410000000000055e-02
-5.326449999999999935e-02
-5.980780000000000124e-02
-6.248569999999999819e-02
-6.232850000000000196e-02
-5.631119999999999876e-02
-3.925510000000000110e-02
-9.859120000000000730e-03
3.045259999999999981e-02
7.255599999999999550e-02
9.806380000000000652e-02
1.103240000000000054e-01
1.142669999999999936e-01
1.098969999999999947e-01
1.021870000000000001e-01
9.526779999999999970e-02
9.456970000000000653e-02
9.947590000000000598e-02
1.061030000000000029e-01
1.106410000000000032e-01
1.099929999999999936e-01
1.065490000000000048e-01
9.800490000000000590e-02
8.101260000000000405e-02
5.419630000000000281e-02
3.072180000000000050e-02
2.047269999999999993e-02
2.074190000000000061e-02
2.592329999999999982e-02
3.575720000000000287e-02
4.595140000000000335e-02
5.605009999999999853e-02
6.565229999999999677e-02
6.783229999999999815e-02
6.148089999999999805e-02
4.702939999999999898e-02
3.017569999999999975e-02
1.605339999999999892e-02
8.041980000000000656e-03
5.068630000000000184e-03
3.988529999999999680e-03
2.744100000000000185e-03
-2.754389999999999790e-03
-1.244600000000000047e-02
-2.243490000000000067e-02
-2.715870000000000090e-02
-2.753500000000000045e-02
-2.710359999999999853e-02
-3.046480000000000021e-02
-4.516139999999999738e-02
-6.899710000000000565e-02
-8.827350000000000474e-02
-9.115230000000000554e-02
-7.558750000000000191e-02
-5.819450000000000317e-02
-4.907659999999999800e-02
-4.553870000000000140e-02
-4.544750000000000179e-02
-4.581149999999999806e-02
-4.387429999999999802e-02
-3.784060000000000201e-02
-2.731470000000000078e-02
-1.772349999999999967e-02
-1.677930000000000046e-02
-2.348290000000000100e-02
-3.198249999999999704e-02
-3.674480000000000107e-02
-3.619979999999999726e-02
-3.304420000000000274e-02
-2.900360000000000091e-02
-2.577890000000000043e-02
-2.356070000000000039e-02
-2.150969999999999965e-02
-1.591120000000000034e-02
-3.965759999999999598e-03
1.432890000000000032e-02
3.369819999999999760e-02
4.915909999999999724e-02
5.149009999999999698e-02
4.293099999999999694e-02
2.990560000000000093e-02
1.810430000000000025e-02
9.945640000000000383e-03
1.794000000000000022e-03
-3.729350000000000200e-03
-2.448469999999999900e-03
8.346420000000000228e-03
2.452939999999999982e-02
3.910460000000000325e-02
4.586579999999999824e-02
3.708859999999999935e-02
1.094099999999999934e-02
-2.786040000000000044e-02
-5.753980000000000206e-02
-8.376619999999999899e-02
-1.073029999999999956e-01
-1.251879999999999937e-01
-1.368449999999999944e-01
-1.425859999999999905e-01
-1.431159999999999932e-01
-1.382609999999999950e-01
-1.279730000000000034e-01
-1.122920000000000029e-01
-9.681929999999999703e-02
-7.705810000000000437e-02
-4.466139999999999693e-02
-1.734180000000000096e-03
3.787539999999999657e-02
8.162189999999999723e-02
1.136240000000000028e-01
1.238410000000000066e-01
1.166080000000000033e-01
9.442399999999999405e-02
7.077999999999999570e-02
4.704099999999999948e-02
1.415340000000000001e-02
-2.033089999999999897e-02
-4.995229999999999809e-02
-6.901069999999999427e-02
-7.539759999999999518e-02
-7.850550000000000583e-02
-8.079790000000000583e-02
-8.152979999999999949e-02
-7.773839999999999917e-02
-6.685510000000000064e-02
-5.126449999999999757e-02
-3.656020000000000103e-02
-2.180829999999999921e-02
-1.280509999999999982e-02
-9.870490000000000860e-03
-7.774350000000000184e-03
-1.438690000000000064e-03
1.232510000000000029e-02
2.986029999999999934e-02
4.534210000000000323e-02
5.687369999999999925e-02
6.174269999999999758e-02
6.541349999999999942e-02
6.704870000000000274e-02
6.813600000000000212e-02
6.879799999999999804e-02
7.174270000000000647e-02
7.468139999999999501e-02
8.048500000000000099e-02
7.842689999999999384e-02
6.110399999999999859e-02
-1.594499999999999997e-03
-7.600030000000000674e-02
-1.288100000000000078e-01
-1.447340000000000015e-01
-1.353989999999999916e-01
-1.049250000000000044e-01
-5.259760000000000130e-02
-3.733269999999999905e-03
3.345159999999999800e-02
5.510009999999999908e-02
6.924610000000000487e-02
8.615019999999999623e-02
1.097889999999999977e-01
1.303400000000000114e-01
1.371130000000000126e-01
1.291410000000000058e-01
1.033609999999999945e-01
6.895110000000000128e-02
3.377150000000000291e-02
3.958449999999999643e-03
-1.212380000000000055e-02
-2.609210000000000002e-02
-4.435299999999999659e-02
-5.595669999999999811e-02
-5.852439999999999726e-02
-4.953210000000000252e-02
-3.264740000000000003e-02
-1.832850000000000104e-02
-1.558410000000000004e-02
-1.648439999999999975e-02
-1.393149999999999944e-02
3.343309999999999945e-04
1.814970000000000125e-02
3.195309999999999817e-02
3.398000000000000326e-02
2.739509999999999862e-02
1.853319999999999967e-02
1.856119999999999992e-02
3.842229999999999951e-02
6.912709999999999688e-02
8.520110000000000183e-02
8.556300000000000017e-02
7.244180000000000064e-02
4.289629999999999832e-02
5.307180000000000101e-04
-5.172759999999999858e-02
-1.096939999999999998e-01
-1.557209999999999983e-01
-1.810380000000000045e-01
-1.858589999999999964e-01
-1.731409999999999894e-01
-1.271899999999999975e-01
-2.548200000000000118e-02
6.030660000000000187e-02
1.117409999999999931e-01
1.333540000000000003e-01
1.291889999999999983e-01
1.127220000000000028e-01
8.407920000000000671e-02
4.537909999999999860e-02
7.226210000000000272e-03
-2.980060000000000001e-02
-5.188899999999999763e-02
-5.038549999999999973e-02
-3.355169999999999680e-02
8.226159999999999722e-03
5.125049999999999745e-02
8.564239999999999353e-02
1.018290000000000028e-01
1.025900000000000006e-01
8.316350000000000131e-02
5.339300000000000296e-02
-1.556240000000000130e-04
-5.494829999999999853e-02
-7.840930000000000122e-02
-8.077529999999999433e-02
-6.874070000000000180e-02
-4.745470000000000244e-02
-3.595530000000000254e-02
-3.158539999999999959e-02
-2.915449999999999986e-02
-2.829160000000000008e-02
-2.939740000000000061e-02
-3.102620000000000031e-02
-3.057560000000000139e-02
-2.506250000000000144e-02
-1.651060000000000028e-02
-9.491919999999999177e-03
-7.289570000000000424e-03
-8.420030000000000223e-03
-1.238960000000000061e-02
-1.929849999999999968e-02
-3.170629999999999976e-02
-4.265750000000000097e-02
-4.244130000000000125e-02
-3.055269999999999861e-02
-8.087379999999999916e-03
1.258689999999999982e-02
2.277039999999999967e-02
2.549610000000000071e-02
1.893229999999999913e-02
7.721050000000000135e-03
-4.168459999999999700e-03
-1.360199999999999951e-02
-1.965420000000000014e-02
-1.867409999999999903e-02
-8.619470000000000603e-03
8.356219999999999273e-03
1.989940000000000112e-02
2.663890000000000008e-02
3.267090000000000272e-02
4.104900000000000215e-02
4.675619999999999776e-02
4.521809999999999719e-02
3.100879999999999956e-02
9.775749999999999718e-03
-4.733740000000000170e-03
-7.970549999999999857e-03
-3.135839999999999982e-03
7.969800000000000842e-03
3.037919999999999857e-02
5.683440000000000020e-02
6.972380000000000244e-02
6.932969999999999411e-02
5.316239999999999855e-02
2.855099999999999999e-02
2.122890000000000107e-03
-1.621049999999999922e-02
-2.274489999999999845e-02
-2.558329999999999979e-02
-2.900490000000000013e-02
-2.877359999999999987e-02
-2.281379999999999866e-02
-9.107080000000000036e-03
3.861690000000000088e-03
9.165470000000000214e-03
6.935110000000000406e-03
-9.208090000000000372e-03
-3.590449999999999892e-02
-5.547520000000000229e-02
-5.838410000000000127e-02
-4.799699999999999800e-02
-3.260609999999999897e-02
-1.831270000000000120e-02
-7.476939999999999628e-03
5.907830000000000199e-03
2.037140000000000131e-02
3.219299999999999939e-02
3.614010000000000139e-02
3.312339999999999729e-02
2.423990000000000172e-02
1.825320000000000067e-02
2.173090000000000091e-02
3.030800000000000161e-02
3.287179999999999963e-02
2.557869999999999935e-02
9.817050000000000776e-03
-7.326720000000000108e-03
-2.447480000000000142e-02
-3.953799999999999676e-02
-4.639789999999999887e-02
-3.871650000000000091e-02
-1.558250000000000086e-02
2.171970000000000151e-02
4.949180000000000246e-02
5.211380000000000179e-02
2.615320000000000145e-02
-1.449340000000000003e-02
-5.264490000000000142e-02
-6.537619999999999543e-02
-5.649239999999999817e-02
-3.142070000000000279e-02
-4.999690000000000210e-03
7.601000000000000117e-03
7.687560000000000400e-03
-3.967889999999999959e-03
-2.414180000000000145e-02
-3.946569999999999939e-02
-4.689240000000000075e-02
-4.371959999999999735e-02
-2.820150000000000087e-02
9.643399999999999889e-03
5.160089999999999816e-02
7.630729999999999458e-02
8.605369999999999686e-02
8.925479999999999525e-02
8.706959999999999700e-02
8.156040000000000512e-02
6.626490000000000158e-02
3.388379999999999864e-02
-7.055800000000000093e-03
-3.709780000000000022e-02
-6.671879999999999478e-02
-8.786929999999999741e-02
-9.611590000000000411e-02
-9.088949999999999807e-02
-8.035609999999999975e-02
-5.887270000000000003e-02
-3.274259999999999671e-02
-6.917330000000000180e-03
1.120709999999999935e-02
2.799750000000000155e-02
4.504249999999999921e-02
6.489259999999999473e-02
8.067530000000000534e-02
9.145319999999999838e-02
9.683490000000000153e-02
1.014710000000000056e-01
1.043270000000000031e-01
9.734810000000000685e-02
8.882320000000000493e-02
8.770440000000000180e-02
7.978730000000000544e-02
5.726590000000000152e-02
2.670499999999999957e-02
5.798840000000000244e-02
5.932459999999999817e-02
7.307470000000000632e-02
8.114359999999999629e-02
7.830979999999999885e-02
5.427110000000000267e-02
2.754289999999999863e-02
5.727969999999999763e-03
-3.197620000000000323e-02
-5.586870000000000031e-02
-7.873750000000000193e-02
-9.142480000000000051e-02
-1.025100000000000039e-01
-1.124409999999999993e-01
-1.377839999999999898e-01
-1.677559999999999885e-01
-1.921259999999999912e-01
-1.952290000000000136e-01
-1.858750000000000124e-01
-1.556210000000000093e-01
-1.017669999999999964e-01
-6.336669999999999803e-02
-2.999339999999999992e-02
3.816909999999999747e-02
6.629169999999999507e-02
7.378020000000000411e-02
8.556590000000000029e-02
9.171940000000000648e-02
9.912569999999999715e-02
1.005360000000000004e-01
1.038850000000000051e-01
1.005869999999999959e-01
1.000569999999999932e-01
9.454600000000000504e-02
8.721329999999999361e-02
6.848640000000000283e-02
1.646749999999999950e-02
-7.672700000000000353e-02
-1.181109999999999938e-01
-1.827110000000000123e-01
-2.222520000000000051e-01
-2.487550000000000039e-01
-2.398480000000000056e-01
-2.067370000000000041e-01
-1.125629999999999964e-01
-2.488080000000000153e-02
-1.855029999999999873e-02
-8.278739999999999710e-02
-1.467970000000000108e-01
-1.852800000000000002e-01
-2.138029999999999931e-01
-2.331199999999999939e-01
-2.487779999999999991e-01
-2.557550000000000101e-01
-2.745110000000000050e-01
-2.837870000000000115e-01
-2.757120000000000126e-01
-2.294019999999999948e-01
-1.586889999999999967e-01
-8.311469999999999969e-02
-1.605569999999999944e-05
9.632240000000000246e-02
1.751149999999999929e-01
2.404550000000000021e-01
2.863899999999999779e-01
2.615310000000000135e-01
1.766429999999999945e-01
9.934089999999999587e-02
4.892180000000000140e-02
3.005889999999999951e-02
6.099399999999999961e-02
1.185540000000000066e-01
1.667549999999999866e-01
2.283139999999999892e-01
3.274239999999999928e-01
4.060420000000000140e-01
4.200470000000000037e-01
4.502019999999999911e-01
4.744889999999999941e-01
4.467079999999999940e-01
3.924869999999999748e-01
3.203019999999999756e-01
2.653840000000000088e-01
2.147050000000000070e-01
1.595640000000000114e-01
9.099179999999999768e-02
4.126610000000000000e-02
2.412730000000000083e-02
1.151759999999999937e-02
-3.824650000000000185e-03
-2.572970000000000118e-02
-8.209020000000000206e-02
-1.296190000000000120e-01
-1.703979999999999939e-01
-2.055500000000000105e-01
-2.081560000000000077e-01
-2.034930000000000072e-01
-1.931859999999999966e-01
-1.904849999999999877e-01
-1.934549999999999881e-01
-2.064809999999999979e-01
-2.127459999999999907e-01
-2.125690000000000079e-01
-1.999060000000000004e-01
-1.775549999999999906e-01
-1.351739999999999886e-01
-8.976530000000000620e-02
-4.859510000000000218e-02
-1.545850000000000002e-02
3.395780000000000153e-03
9.907090000000000340e-03
1.132140000000000056e-02
7.441360000000000162e-03
2.685649999999999930e-03
-1.937869999999999957e-03
-1.601259999999999966e-03
3.875809999999999932e-03
1.341239999999999967e-02
1.912919999999999898e-02
2.362310000000000104e-02
2.799820000000000086e-02
3.816239999999999910e-02
5.369369999999999699e-02
7.789179999999999715e-02
1.042550000000000004e-01
1.191659999999999942e-01
1.249969999999999970e-01
1.274689999999999990e-01
1.223950000000000038e-01
1.075809999999999961e-01
8.747069999999999845e-02
6.910260000000000014e-02
5.459250000000000214e-02
4.487429999999999891e-02
3.745550000000000268e-02
3.120749999999999913e-02
2.082869999999999860e-02
8.109059999999999532e-03
-5.701529999999999793e-03
-1.390959999999999940e-02
-1.797259999999999830e-02
-1.851239999999999830e-02
-1.813079999999999900e-02
-1.630519999999999886e-02
-1.291529999999999935e-02
-6.620280000000000088e-03
7.832789999999999198e-03
2.846450000000000022e-02
4.225219999999999670e-02
4.997490000000000265e-02
5.310109999999999830e-02
5.258349999999999830e-02
4.636540000000000106e-02
3.039000000000000035e-02
9.703329999999999594e-03
-1.016000000000000063e-02
-3.020230000000000137e-02
-4.144359999999999711e-02
-5.192170000000000119e-02
-6.505719999999999559e-02
-7.103539999999999854e-02
-6.469519999999999438e-02
-4.808140000000000330e-02
-2.920549999999999882e-02
-2.082099999999999923e-02
-2.076209999999999861e-02
-2.998779999999999848e-02
-4.139770000000000255e-02
-5.109930000000000028e-02
-5.526749999999999718e-02
-5.641209999999999974e-02
-5.688069999999999932e-02
-5.283120000000000177e-02
-3.572659999999999725e-02
-6.791819999999999628e-03
2.224440000000000098e-02
5.026959999999999762e-02
7.158330000000000248e-02
8.485090000000000687e-02
9.248030000000000139e-02
9.396960000000000035e-02
9.325160000000000393e-02
8.922760000000000413e-02
8.418109999999999482e-02
7.022739999999999538e-02
5.070619999999999988e-02
3.089839999999999948e-02
1.256539999999999914e-02
-7.001660000000000045e-04
-8.505129999999999635e-03
-1.950079999999999869e-02
-3.303539999999999949e-02
-4.168589999999999796e-02
-4.257339999999999736e-02
-3.973940000000000111e-02
-3.944330000000000058e-02
-4.648920000000000136e-02
-6.071800000000000114e-02
-7.517039999999999833e-02
-8.017829999999999402e-02
-7.521690000000000320e-02
-6.069309999999999983e-02
-4.424669999999999992e-02
-2.938939999999999955e-02
-1.462429999999999980e-02
1.687750000000000014e-03
1.270740000000000064e-02
1.356079999999999959e-02
5.081330000000000222e-03
-5.628369999999999727e-03
-1.230479999999999942e-02
-1.410649999999999925e-02
-1.577040000000000039e-02
-1.746819999999999970e-02
-2.333469999999999989e-02
-3.222599999999999770e-02
-4.667020000000000196e-02
-6.324889999999999679e-02
-7.926869999999999750e-02
-9.244729999999999615e-02
-1.022210000000000063e-01
-1.109519999999999951e-01
-1.152090000000000058e-01
-1.152419999999999972e-01
-1.099180000000000018e-01
-9.659579999999999556e-02
-7.142320000000000613e-02
-4.393409999999999677e-02
-1.767080000000000040e-02
2.247120000000000020e-03
1.573319999999999927e-02
2.308839999999999851e-02
2.407279999999999837e-02
1.813340000000000091e-02
4.085039999999999852e-03
-1.589890000000000053e-02
-3.560089999999999782e-02
-5.243740000000000206e-02
-6.146540000000000337e-02
-6.335359999999999603e-02
-5.994250000000000272e-02
-4.967680000000000012e-02
-3.693210000000000243e-02
-2.759419999999999928e-02
-2.235670000000000018e-02
-1.962300000000000155e-02
-1.839379999999999835e-02
-1.681869999999999893e-02
-1.535579999999999931e-02
-1.357240000000000009e-02
-1.211699999999999930e-02
-1.003639999999999914e-02
-2.530639999999999799e-03
1.334259999999999960e-02
3.845450000000000257e-02
6.432770000000000155e-02
8.296059999999999546e-02
9.716299999999999937e-02
1.052860000000000046e-01
1.083820000000000061e-01
1.078289999999999943e-01
9.601890000000000425e-02
7.408439999999999470e-02
5.297319999999999807e-02
3.266460000000000197e-02
2.427800000000000097e-02
2.578679999999999861e-02
3.285570000000000157e-02
4.333370000000000277e-02
5.224379999999999996e-02
5.710500000000000298e-02
5.810300000000000187e-02
5.559100000000000152e-02
5.110060000000000296e-02
4.767720000000000291e-02
4.781939999999999802e-02
5.099709999999999660e-02
5.570429999999999826e-02
5.712590000000000029e-02
5.325180000000000191e-02
4.394340000000000052e-02
3.168939999999999951e-02
2.160420000000000049e-02
1.399560000000000040e-02
9.962649999999999978e-03
7.732170000000000015e-03
8.356199999999999392e-03
1.057869999999999991e-02
1.450240000000000036e-02
1.811530000000000085e-02
1.970670000000000061e-02
1.743859999999999855e-02
7.679130000000000157e-03
-9.681270000000000500e-03
-2.733330000000000135e-02
-4.436480000000000284e-02
-6.187630000000000213e-02
-7.572529999999999539e-02
-8.169980000000000298e-02
-8.472870000000000401e-02
-8.746189999999999520e-02
-8.858030000000000070e-02
-8.618770000000000597e-02
-7.679410000000000402e-02
-5.296420000000000294e-02
-1.969869999999999954e-02
1.071219999999999985e-02
3.047829999999999984e-02
3.577290000000000331e-02
3.200800000000000173e-02
1.698209999999999997e-02
1.231410000000000057e-03
-1.437579999999999934e-02
-2.831349999999999839e-02
-4.284820000000000295e-02
-5.312399999999999761e-02
-6.196940000000000087e-02
-6.611079999999999735e-02
-6.457050000000000289e-02
-5.567539999999999989e-02
-4.450110000000000177e-02
-3.829119999999999746e-02
-3.555559999999999971e-02
-3.234329999999999844e-02
-2.681949999999999959e-02
-1.822040000000000118e-02
-1.167830000000000083e-02
-1.022400000000000045e-02
-1.570859999999999965e-02
-2.743490000000000165e-02
-3.753890000000000005e-02
-4.444320000000000215e-02
-4.834129999999999677e-02
-4.915859999999999674e-02
-4.714059999999999778e-02
-4.254829999999999723e-02
-3.392080000000000095e-02
-1.407480000000000016e-02
6.711939999999999573e-03
3.328319999999999890e-02
5.333079999999999765e-02
6.637619999999999632e-02
7.692369999999999763e-02
8.433019999999999405e-02
9.087019999999999820e-02
9.404759999999999509e-02
9.380310000000000037e-02
8.889829999999999954e-02
7.563019999999999465e-02
5.719729999999999953e-02
3.930609999999999660e-02
2.242950000000000152e-02
6.370879999999999772e-03
-6.172210000000000023e-03
-1.350960000000000008e-02
-1.761180000000000037e-02
-1.776830000000000076e-02
-1.367439999999999975e-02
-8.106590000000000323e-03
-2.913289999999999803e-03
2.594229999999999887e-03
8.292880000000000737e-03
1.700120000000000103e-02
2.966929999999999915e-02
4.225670000000000120e-02
4.976479999999999793e-02
4.910130000000000050e-02
4.320240000000000191e-02
3.537610000000000060e-02
2.831950000000000092e-02
2.308599999999999888e-02
1.815469999999999931e-02
9.165819999999999870e-03
-5.615789999999999844e-03
-2.077719999999999914e-02
-3.469839999999999730e-02
-4.386759999999999965e-02
-4.697339999999999849e-02
-4.695919999999999955e-02
-4.801620000000000194e-02
-5.004340000000000177e-02
-5.233270000000000283e-02
-5.462329999999999963e-02
-5.581629999999999925e-02
-5.428199999999999692e-02
-5.266939999999999816e-02
-5.158850000000000241e-02
-5.175590000000000052e-02
-5.360990000000000200e-02
-5.385220000000000284e-02
-5.270219999999999766e-02
-4.951590000000000158e-02
-4.283000000000000002e-02
-3.425620000000000054e-02
-2.406209999999999946e-02
-9.429089999999999347e-03
7.763270000000000066e-03
2.442479999999999998e-02
3.414140000000000230e-02
3.634740000000000193e-02
3.410640000000000199e-02
3.147950000000000054e-02
2.892799999999999885e-02
2.761370000000000144e-02
2.834959999999999911e-02
3.242149999999999893e-02
4.031099999999999961e-02
5.257429999999999742e-02
6.281839999999999646e-02
6.723329999999999584e-02
6.722549999999999359e-02
6.138799999999999812e-02
4.493380000000000291e-02
2.640899999999999845e-02
9.555140000000000161e-03
-1.489810000000000049e-03
-7.911899999999999489e-03
-1.309989999999999939e-02
-1.765569999999999987e-02
-1.979229999999999878e-02
-1.708130000000000065e-02
-8.772439999999999405e-03
4.778880000000000107e-03
2.291800000000000087e-02
4.387610000000000121e-02
6.188670000000000282e-02
7.408739999999999770e-02
7.995009999999999617e-02
8.206140000000000656e-02
8.258880000000000388e-02
8.302640000000000020e-02
8.085150000000000670e-02
7.784510000000000041e-02
7.364320000000000588e-02
6.791880000000000139e-02
6.001410000000000078e-02
5.285480000000000039e-02
4.811069999999999930e-02
4.442659999999999665e-02
4.060289999999999733e-02
3.389749999999999708e-02
2.203899999999999956e-02
4.476879999999999922e-03
-1.354439999999999984e-02
-3.180240000000000150e-02
-4.798279999999999906e-02
-5.641059999999999824e-02
-5.848640000000000089e-02
-5.754089999999999899e-02
-5.705289999999999667e-02
-5.652599999999999986e-02
-5.430719999999999992e-02
-4.914299999999999918e-02
-4.092260000000000342e-02
-3.126720000000000194e-02
-2.438320000000000071e-02
-2.048300000000000121e-02
-1.980389999999999928e-02
-2.195050000000000126e-02
-2.703739999999999963e-02
-3.592250000000000304e-02
-4.555950000000000277e-02
-5.040179999999999660e-02
-5.115539999999999671e-02
-4.968849999999999656e-02
-4.652350000000000235e-02
-4.193589999999999818e-02
-3.902819999999999900e-02
-3.777110000000000190e-02
-3.633959999999999968e-02
-3.252399999999999736e-02
-2.724259999999999876e-02
-2.153590000000000018e-02
-1.653330000000000077e-02
-1.137230000000000012e-02
-7.765689999999999572e-03
-5.244259999999999720e-03
-4.908090000000000369e-03
-6.222280000000000172e-03
-8.521880000000000774e-03
-9.455879999999999841e-03
-9.063540000000000138e-03
-6.994969999999999660e-03
-3.838990000000000024e-03
2.468820000000000042e-03
9.823010000000000075e-03
1.796630000000000102e-02
2.142689999999999872e-02
1.793820000000000137e-02
5.980209999999999693e-03
-7.380180000000000073e-03
-1.468460000000000078e-02
-1.813870000000000066e-02
-1.786890000000000006e-02
-1.551209999999999915e-02
-1.171220000000000074e-02
-6.950010000000000389e-03
-1.011750000000000062e-03
9.627190000000000747e-03
2.259579999999999922e-02
3.862979999999999886e-02
5.746740000000000181e-02
7.749219999999999720e-02
9.000940000000000329e-02
9.575809999999999877e-02
9.669279999999999542e-02
8.992540000000000255e-02
7.490320000000000311e-02
5.760849999999999999e-02
4.325079999999999897e-02
3.711939999999999684e-02
3.795079999999999981e-02
3.836099999999999927e-02
3.728290000000000076e-02
3.002269999999999939e-02
1.738280000000000033e-02
3.676790000000000093e-03
-7.612309999999999736e-03
-1.281269999999999978e-02
-1.555720000000000020e-02
-1.775940000000000157e-02
-2.064689999999999928e-02
-2.316059999999999994e-02
-2.411340000000000011e-02
-2.323240000000000027e-02
-2.066460000000000172e-02
-1.560150000000000078e-02
-8.877929999999999156e-03
-4.491020000000000081e-03
-4.931750000000000370e-03
-9.242069999999999799e-03
-1.534759999999999944e-02
-2.324479999999999949e-02
-2.821589999999999862e-02
-3.095250000000000085e-02
-3.187159999999999993e-02
-3.299499999999999655e-02
-3.386970000000000258e-02
-3.438170000000000115e-02
-3.507470000000000032e-02
-3.339280000000000026e-02
-2.740060000000000065e-02
-1.730189999999999853e-02
-1.075160000000000005e-02
-9.276229999999999892e-03
-1.225820000000000035e-02
-2.229189999999999991e-02
-3.240500000000000325e-02
-4.017570000000000169e-02
-4.236319999999999669e-02
-4.162570000000000159e-02
-3.910550000000000137e-02
-3.539130000000000054e-02
-3.139850000000000280e-02
-2.747499999999999942e-02
-2.247659999999999936e-02
-1.990629999999999830e-02
-1.899529999999999968e-02
-1.962830000000000130e-02
-1.953380000000000047e-02
-1.706119999999999859e-02
-1.216479999999999992e-02
-6.190720000000000250e-03
9.319299999999999763e-04
8.027509999999999854e-03
1.679829999999999865e-02
2.380070000000000102e-02
2.955119999999999969e-02
3.232920000000000238e-02
3.221079999999999777e-02
2.607809999999999989e-02
1.388250000000000074e-02
1.128730000000000098e-03
-1.102140000000000064e-02
-2.367920000000000094e-02
-3.431710000000000316e-02
-4.010459999999999720e-02
-4.085149999999999892e-02
-3.985629999999999729e-02
-3.581890000000000074e-02
-3.013460000000000097e-02
-1.756730000000000097e-02
-5.173110000000000078e-04
1.563770000000000091e-02
2.607380000000000114e-02
3.171489999999999726e-02
3.521790000000000337e-02
3.682540000000000119e-02
3.330709999999999921e-02
2.458509999999999862e-02
1.314399999999999943e-02
1.970120000000000118e-03
-6.638579999999999828e-03
-8.751840000000000314e-03
-8.566980000000000081e-03
-9.230850000000000513e-03
-1.345569999999999926e-02
-2.015420000000000059e-02
-2.588589999999999988e-02
-2.970309999999999964e-02
-2.960789999999999950e-02
-2.673970000000000166e-02
-2.146249999999999894e-02
-1.528000000000000018e-02
-6.634769999999999904e-03
1.111650000000000051e-03
7.732570000000000242e-03
1.380709999999999923e-02
2.284689999999999985e-02
3.109800000000000064e-02
3.345999999999999669e-02
3.027979999999999908e-02
2.217970000000000011e-02
1.361219999999999965e-02
6.382579999999999677e-03
2.281860000000000138e-03
1.017880000000000087e-03
1.450530000000000005e-03
6.231780000000000132e-03
1.392529999999999983e-02
2.398259999999999975e-02
3.088149999999999923e-02
3.464090000000000225e-02
3.648139999999999716e-02
3.827789999999999665e-02
4.052929999999999727e-02
4.179299999999999682e-02
4.163200000000000234e-02
4.360080000000000205e-02
4.928199999999999942e-02
5.742400000000000282e-02
6.536290000000000155e-02
6.819759999999999711e-02
6.583940000000000625e-02
5.581760000000000194e-02
4.426259999999999917e-02
3.297089999999999743e-02
2.190809999999999980e-02
1.025599999999999949e-02
-5.808229999999999513e-04
-1.130280000000000000e-02
-2.165279999999999982e-02
-3.054720000000000005e-02
-3.538489999999999691e-02
-3.789329999999999782e-02
-3.927150000000000085e-02
-3.770409999999999734e-02
-3.338590000000000307e-02
-2.838140000000000107e-02
-2.392970000000000166e-02
-2.144259999999999916e-02
-2.083060000000000120e-02
-2.170309999999999948e-02
-2.285989999999999897e-02
-2.408439999999999886e-02
-2.645499999999999935e-02
-2.725320000000000173e-02
-2.680340000000000153e-02
-2.518849999999999908e-02
-2.162580000000000058e-02
-1.546709999999999925e-02
-7.283330000000000186e-03
4.671930000000000245e-04
8.239770000000000427e-03
1.220989999999999923e-02
1.297470000000000047e-02
1.215890000000000026e-02
1.070540000000000033e-02
9.831319999999999296e-03
1.108879999999999935e-02
1.338589999999999919e-02
1.619929999999999981e-02
1.795100000000000168e-02
1.938199999999999992e-02
2.170379999999999879e-02
2.512580000000000022e-02
2.812129999999999838e-02
3.011060000000000125e-02
3.057510000000000089e-02
3.001449999999999951e-02
2.719380000000000061e-02
2.186569999999999833e-02
1.460119999999999994e-02
7.809860000000000066e-03
1.566289999999999913e-03
-3.061749999999999802e-03
-5.435780000000000299e-03
-5.449490000000000410e-03
-4.811290000000000185e-03
-5.232610000000000386e-03
-6.717380000000000226e-03
-1.158509999999999922e-02
-2.036610000000000156e-02
-2.957809999999999953e-02
-3.849009999999999931e-02
-4.538149999999999823e-02
-5.106990000000000141e-02
-5.325889999999999791e-02
-5.480850000000000305e-02
-5.616030000000000327e-02
-5.772469999999999685e-02
-6.092140000000000055e-02
-6.557409999999999628e-02
-7.203719999999999568e-02
-7.859570000000000445e-02
-8.346459999999999990e-02
-8.678130000000000566e-02
-8.773419999999999830e-02
-8.616279999999999772e-02
-8.173189999999999622e-02
-7.504669999999999397e-02
-6.777969999999999828e-02
-5.969590000000000313e-02
-5.247160000000000019e-02
-4.768560000000000160e-02
-4.310390000000000055e-02
-3.657860000000000278e-02
-2.952710000000000057e-02
-2.214069999999999927e-02
-1.318850000000000057e-02
-3.899479999999999873e-03
7.794279999999999785e-03
2.049710000000000074e-02
3.215860000000000246e-02
4.392909999999999870e-02
5.176950000000000301e-02
5.430890000000000023e-02
5.427889999999999798e-02
5.244469999999999688e-02
5.061960000000000071e-02
4.944090000000000290e-02
4.854800000000000088e-02
4.904250000000000276e-02
5.286529999999999702e-02
5.774529999999999941e-02
6.118939999999999796e-02
6.147690000000000099e-02
6.068010000000000070e-02
6.082599999999999812e-02
6.186389999999999945e-02
6.242369999999999863e-02
6.084540000000000087e-02
5.778370000000000034e-02
5.409110000000000307e-02
5.334359999999999796e-02
5.455249999999999683e-02
5.817420000000000230e-02
6.228809999999999902e-02
6.473320000000000463e-02
6.154409999999999742e-02
5.517550000000000232e-02
4.445310000000000233e-02
3.263030000000000097e-02
2.114860000000000004e-02
1.281930000000000049e-02
6.028399999999999731e-03
5.637380000000000429e-04
-4.207920000000000410e-03
-9.839149999999999632e-03
-1.497060000000000057e-02
-1.977840000000000154e-02
-2.202290000000000150e-02
-2.271799999999999861e-02
-2.111760000000000026e-02
-1.891510000000000066e-02
-1.432439999999999929e-02
-8.981640000000000804e-03
-4.965100000000000069e-03
-4.311119999999999883e-04
2.254889999999999846e-03
3.415179999999999865e-03
4.966220000000000356e-03
4.556600000000000060e-03
1.867359999999999983e-03
-2.270970000000000193e-03
-8.160650000000000195e-03
-1.507389999999999945e-02
-1.999050000000000132e-02
-2.208469999999999878e-02
-2.205560000000000159e-02
-1.903770000000000115e-02
-1.426870000000000048e-02
-9.032309999999999992e-03
-3.917280000000000414e-03
2.658499999999999839e-04
3.110789999999999996e-03
5.561680000000000269e-03
7.348839999999999713e-03
7.361069999999999940e-03
7.292370000000000275e-03
5.584849999999999710e-03
2.279289999999999788e-03
-8.948130000000000537e-04
-2.871820000000000189e-03
-3.426610000000000072e-03
-4.740580000000000314e-03
-6.995989999999999674e-03
-1.015459999999999974e-02
-1.367649999999999942e-02
-1.770899999999999905e-02
-2.037359999999999866e-02
-2.006859999999999894e-02
-1.760149999999999909e-02
-1.128030000000000005e-02
-3.819059999999999989e-03
3.166040000000000174e-03
9.333730000000000152e-03
1.238820000000000025e-02
1.416749999999999954e-02
1.577140000000000139e-02
1.485329999999999984e-02
1.288880000000000060e-02
1.245270000000000057e-02
1.228390000000000037e-02
1.252969999999999952e-02
1.311700000000000019e-02
1.382449999999999998e-02
1.492820000000000084e-02
1.553219999999999948e-02
1.549700000000000036e-02
1.357620000000000007e-02
1.042910000000000018e-02
7.223270000000000385e-03
1.938940000000000108e-03
-7.119900000000000187e-03
-1.585359999999999894e-02
-2.349199999999999899e-02
-2.808259999999999923e-02
-3.109289999999999971e-02
-3.344609999999999944e-02
-3.743749999999999856e-02
-4.243679999999999675e-02
-4.790719999999999701e-02
-5.231410000000000227e-02
-5.469260000000000094e-02
-5.453639999999999877e-02
-5.042590000000000267e-02
-4.234340000000000326e-02
-3.148050000000000154e-02
-1.968359999999999901e-02
-8.922140000000000279e-03
-2.175719999999999965e-04
4.173310000000000387e-03
4.112560000000000347e-03
2.975589999999999746e-04
-4.995669999999999798e-03
-9.868860000000000132e-03
-1.355589999999999920e-02
-1.475910000000000069e-02
-1.335429999999999950e-02
-1.063839999999999925e-02
-5.362200000000000126e-03
9.986190000000000691e-04
5.184779999999999944e-03
7.953780000000000572e-03
9.730789999999999579e-03
9.723759999999999695e-03
1.049049999999999983e-02
1.084260000000000085e-02
1.243819999999999995e-02
1.562809999999999894e-02
1.994399999999999992e-02
2.412819999999999895e-02
2.764420000000000072e-02
2.797610000000000027e-02
2.752280000000000004e-02
2.662149999999999933e-02
2.510920000000000166e-02
2.216929999999999942e-02
1.683350000000000124e-02
1.095899999999999999e-02
4.735220000000000054e-03
3.504940000000000225e-04
-1.271430000000000043e-03
-2.790050000000000079e-06
4.052530000000000368e-03
9.777169999999999958e-03
1.547420000000000045e-02
1.975920000000000107e-02
2.203719999999999984e-02
2.205489999999999881e-02
1.948010000000000019e-02
1.643340000000000078e-02
1.548169999999999928e-02
1.549769999999999967e-02
1.608149999999999857e-02
1.679370000000000168e-02
1.901680000000000037e-02
2.076280000000000139e-02
2.249299999999999911e-02
2.252610000000000029e-02
2.145999999999999991e-02
1.836269999999999916e-02
1.640760000000000135e-02
1.366099999999999953e-02
1.163100000000000071e-02
8.832879999999999551e-03
4.035989999999999717e-03
-1.905269999999999924e-03
-6.562840000000000340e-03
-1.005269999999999948e-02
-1.246530000000000034e-02
-1.565590000000000037e-02
-2.104750000000000024e-02
-2.781020000000000020e-02
-3.250949999999999673e-02
-3.675620000000000276e-02
-4.061780000000000251e-02
-4.281270000000000214e-02
-4.247170000000000112e-02
-3.588750000000000273e-02
-2.151700000000000140e-02
-9.218709999999999752e-03
-3.843309999999999955e-03
-2.118930000000000206e-03
-1.562119999999999958e-03
-9.588469999999999762e-04
1.542050000000000105e-03
4.029849999999999752e-03
4.613840000000000129e-03
2.942259999999999927e-03
1.438739999999999984e-03
-1.121360000000000065e-03
-2.077429999999999902e-03
-2.315520000000000165e-03
-1.875909999999999947e-03
-1.830210000000000083e-03
-2.090760000000000101e-03
-5.304810000000000081e-03
-1.075259999999999931e-02
-1.595049999999999940e-02
-1.932069999999999968e-02
-2.145849999999999841e-02
-2.133629999999999902e-02
-1.667110000000000120e-02
-7.362370000000000025e-03
7.268659999999999705e-03
1.742250000000000049e-02
2.221750000000000114e-02
2.591150000000000050e-02
2.673580000000000054e-02
2.621659999999999963e-02
2.573049999999999990e-02
2.479790000000000119e-02
2.087090000000000126e-02
1.598789999999999933e-02
1.179889999999999932e-02
9.770600000000000812e-03
9.278760000000000480e-03
9.171469999999999276e-03
1.140640000000000057e-02
1.452900000000000025e-02
1.915340000000000098e-02
2.378879999999999884e-02
2.615129999999999885e-02
2.704669999999999991e-02
2.542789999999999981e-02
2.212810000000000124e-02
1.810010000000000091e-02
1.286550000000000020e-02
8.144949999999999760e-03
4.679830000000000274e-03
3.783659999999999888e-04
-3.989559999999999634e-03
-7.514780000000000418e-03
-9.231390000000000776e-03
-9.562519999999999701e-03
-7.667049999999999907e-03
-4.174780000000000331e-03
-1.007280000000000019e-04
2.825010000000000195e-03
2.003550000000000209e-03
-1.291629999999999992e-03
-4.918910000000000296e-03
-7.610269999999999709e-03
-7.905550000000000771e-03
-6.167630000000000334e-03
-3.440340000000000065e-03
-1.755569999999999917e-03
-1.779570000000000067e-03
-5.433359999999999926e-03
-1.076880000000000025e-02
-1.734049999999999828e-02
-2.585070000000000076e-02
-3.039319999999999869e-02
-3.078789999999999999e-02
-2.751980000000000051e-02
-2.192550000000000054e-02
-1.753369999999999929e-02
-1.569900000000000115e-02
-1.561820000000000049e-02
-1.617709999999999981e-02
-1.767760000000000165e-02
-1.852559999999999971e-02
-1.846980000000000149e-02
-1.767320000000000002e-02
-1.685489999999999905e-02
-1.614499999999999963e-02
-1.625309999999999949e-02
-1.828969999999999901e-02
-2.052970000000000142e-02
-1.926579999999999959e-02
-1.501959999999999927e-02
-7.211069999999999980e-03
1.508680000000000090e-03
8.848500000000000462e-03
1.293170000000000083e-02
1.532380000000000027e-02
1.616710000000000022e-02
1.596720000000000084e-02
1.565269999999999856e-02
1.511640000000000032e-02
1.515440000000000016e-02
1.486520000000000029e-02
1.437210000000000050e-02
1.427609999999999990e-02
1.457460000000000006e-02
1.650789999999999896e-02
1.777480000000000032e-02
1.894260000000000041e-02
2.002980000000000038e-02
2.069309999999999899e-02
1.854410000000000086e-02
1.550280000000000061e-02
1.078040000000000075e-02
4.558239999999999861e-03
-1.183620000000000028e-03
-5.181250000000000092e-03
-8.798310000000000158e-03
-9.184039999999999218e-03
-6.573289999999999862e-03
-2.066409999999999862e-03
1.872240000000000059e-03
5.160360000000000121e-03
8.029140000000000582e-03
1.051269999999999982e-02
1.301820000000000060e-02
1.605900000000000036e-02
1.790579999999999949e-02
1.825490000000000099e-02
1.808879999999999863e-02
1.766569999999999946e-02
1.726489999999999969e-02
1.581979999999999845e-02
1.318109999999999941e-02
9.267529999999999518e-03
6.818079999999999800e-03
6.358570000000000021e-03
4.672710000000000058e-03
3.741490000000000093e-03
5.225200000000000157e-03
6.441620000000000332e-03
8.210590000000000249e-03
1.057600000000000033e-02
1.444750000000000027e-02
1.737230000000000024e-02
1.816730000000000081e-02
1.726309999999999997e-02
1.542759999999999965e-02
1.175720000000000064e-02
9.476280000000000120e-03
7.581270000000000196e-03
6.645449999999999795e-03
5.269249999999999629e-03
2.953830000000000171e-03
1.112099999999999981e-03
5.452389999999999884e-04
1.416429999999999989e-03
3.368739999999999842e-03
5.957299999999999575e-03
7.760180000000000203e-03
1.025260000000000060e-02
1.259949999999999959e-02
1.517759999999999942e-02
1.754520000000000038e-02
1.891719999999999860e-02
1.855860000000000148e-02
1.814879999999999965e-02
1.649549999999999975e-02
1.387569999999999949e-02
1.174550000000000073e-02
9.188570000000000071e-03
5.145519999999999781e-03
-8.724820000000000535e-04
-9.256449999999999401e-03
-1.777890000000000026e-02
-2.495230000000000017e-02
-2.948359999999999870e-02
-3.139139999999999986e-02
-3.082570000000000102e-02
-2.850079999999999975e-02
-2.584020000000000067e-02
-2.365480000000000013e-02
-2.291690000000000046e-02
-2.253149999999999945e-02
-2.314110000000000125e-02
-2.611509999999999873e-02
-2.985200000000000006e-02
-3.317350000000000160e-02
-3.603839999999999821e-02
-3.827769999999999784e-02
-3.907050000000000106e-02
-3.906570000000000181e-02
-3.803539999999999699e-02
-3.552940000000000265e-02
-3.085869999999999932e-02
-2.574529999999999874e-02
-2.131440000000000071e-02
-1.972580000000000167e-02
-1.954950000000000090e-02
-2.135690000000000158e-02
-2.385059999999999958e-02
-2.744720000000000146e-02
-3.019509999999999902e-02
-3.292189999999999700e-02
-3.422329999999999817e-02
-3.342769999999999769e-02
-3.109529999999999933e-02
-2.821119999999999878e-02
-2.463780000000000137e-02
-2.152110000000000134e-02
-1.857839999999999839e-02
-1.675839999999999969e-02
-1.652139999999999859e-02
-1.787849999999999856e-02
-2.153100000000000153e-02
-2.575289999999999871e-02
-2.859329999999999858e-02
-3.121449999999999919e-02
-3.338119999999999976e-02
-3.289099999999999663e-02
-2.981450000000000072e-02
-2.483689999999999856e-02
-1.888099999999999848e-02
-1.072479999999999961e-02
-1.901169999999999987e-03
5.171570000000000333e-03
1.064919999999999929e-02
1.560560000000000072e-02
1.929039999999999921e-02
2.160290000000000127e-02
2.363430000000000045e-02
2.433360000000000037e-02
2.538920000000000066e-02
2.570829999999999990e-02
2.499329999999999954e-02
2.546910000000000146e-02
2.508890000000000078e-02
2.420090000000000088e-02
2.188939999999999983e-02
1.880199999999999927e-02
1.405110000000000040e-02
1.087319999999999953e-02
8.776610000000000661e-03
7.462339999999999599e-03
6.776459999999999775e-03
6.121490000000000264e-03
5.522169999999999856e-03
4.753710000000000400e-03
2.687349999999999808e-03
7.234369999999999516e-04
-8.304020000000000498e-04
-3.349449999999999910e-03
-3.884110000000000080e-03
-5.357250000000000033e-03
-7.736840000000000037e-03
-1.059150000000000022e-02
-1.471949999999999995e-02
-1.767099999999999921e-02
-1.948859999999999829e-02
-1.983669999999999878e-02
-1.889280000000000126e-02
-1.724969999999999976e-02
-1.673880000000000159e-02
-1.641940000000000066e-02
-1.759449999999999903e-02
-1.759449999999999903e-02
-1.883040000000000061e-02
-1.766080000000000080e-02
-1.548929999999999925e-02
-1.060780000000000056e-02
-3.856259999999999809e-03
1.028030000000000090e-03
3.210919999999999920e-03
5.264340000000000165e-03
4.668580000000000299e-03
3.004750000000000042e-03
1.418210000000000044e-03
-2.599799999999999876e-04
2.307950000000000019e-04
3.674279999999999820e-03
8.716979999999999174e-03
1.544120000000000041e-02
2.202540000000000053e-02
2.655870000000000106e-02
2.894009999999999985e-02
2.776019999999999877e-02
2.496790000000000120e-02
2.220489999999999964e-02
2.004840000000000094e-02
1.924350000000000019e-02
1.746139999999999845e-02
1.457330000000000084e-02
1.142540000000000049e-02
8.790539999999999465e-03
5.883489999999999900e-03
3.158429999999999831e-03
-6.842849999999999714e-04
-6.763260000000000105e-03
-1.208870000000000083e-02
-1.761700000000000071e-02
-2.281680000000000166e-02
-2.561920000000000169e-02
-2.723420000000000007e-02
-2.635219999999999924e-02
-2.366619999999999835e-02
-2.113809999999999995e-02
-1.690080000000000054e-02
-1.202779999999999995e-02
-6.991299999999999772e-03
-2.429100000000000009e-03
2.492340000000000007e-03
5.642199999999999993e-03
7.993850000000000261e-03
9.489430000000000087e-03
1.019549999999999970e-02
8.250040000000000151e-03
5.638879999999999761e-03
2.178090000000000147e-03
1.216960000000000004e-03
1.627380000000000103e-03
3.886310000000000025e-03
5.653929999999999720e-03
5.878030000000000234e-03
4.797939999999999670e-03
1.908500000000000040e-03
1.400049999999999906e-03
1.737580000000000071e-03
1.604420000000000065e-03
1.769610000000000020e-03
1.208090000000000016e-04
-2.407719999999999912e-03
-2.510919999999999819e-03
-9.428940000000000021e-04
1.825800000000000036e-03
5.645719999999999905e-03
7.155800000000000355e-03
6.945390000000000071e-03
7.150809999999999632e-03
6.688979999999999752e-03
6.264119999999999758e-03
6.720900000000000138e-03
6.666300000000000003e-03
6.519180000000000287e-03
6.172050000000000106e-03
5.486419999999999665e-03
5.180920000000000317e-03
6.966759999999999793e-03
9.046310000000000115e-03
1.335060000000000066e-02
1.976829999999999907e-02
2.617059999999999872e-02
3.017660000000000134e-02
3.248100000000000293e-02
3.276869999999999783e-02
3.227189999999999920e-02
2.890219999999999942e-02
2.366769999999999985e-02
1.875140000000000140e-02
1.692930000000000129e-02
1.708370000000000027e-02
1.834210000000000007e-02
2.281680000000000166e-02
2.362449999999999967e-02
2.420570000000000013e-02
2.661279999999999896e-02
2.655930000000000096e-02
2.526070000000000051e-02
2.391439999999999885e-02
2.099020000000000052e-02
1.717070000000000055e-02
1.411399999999999981e-02
1.270559999999999919e-02
1.087579999999999970e-02
8.680629999999999943e-03
7.877800000000000774e-03
6.934560000000000203e-03
6.445030000000000030e-03
6.420099999999999765e-03
6.225879999999999609e-03
6.508240000000000205e-03
7.036470000000000398e-03
6.914520000000000388e-03
6.915339999999999855e-03
7.012530000000000326e-03
4.199399999999999834e-03
2.414260000000000104e-03
2.281270000000000173e-03
2.169809999999999881e-03
2.703150000000000084e-03
5.230399999999999633e-03
6.816179999999999808e-03
7.343279999999999773e-03
7.839429999999999663e-03
7.057710000000000025e-03
6.412550000000000368e-03
6.066560000000000355e-03
5.933579999999999931e-03
5.921090000000000381e-03
5.788399999999999969e-03
5.437069999999999577e-03
2.383430000000000184e-03
-6.411400000000000042e-04
-2.896339999999999852e-03
-5.063630000000000388e-03
-6.284849999999999812e-03
-6.913100000000000148e-03
-6.863239999999999619e-03
-6.490039999999999872e-03
-5.763120000000000048e-03
-5.612050000000000372e-03
-4.165199999999999979e-03
-2.908700000000000174e-03
-1.298279999999999964e-03
1.583939999999999881e-04
1.324850000000000029e-03
1.485500000000000058e-03
1.544430000000000065e-03
1.121599999999999941e-03
7.696119999999999762e-05
-2.359169999999999844e-03
-3.525749999999999804e-03
-4.799949999999999876e-03
-6.094079999999999983e-03
-7.220739999999999797e-03
-8.616560000000000538e-03
-1.051129999999999946e-02
-1.083480000000000033e-02
-8.183710000000000290e-03
-5.871780000000000055e-03
-3.918409999999999775e-03
-3.003730000000000028e-03
-3.678219999999999840e-03
-4.535639999999999637e-03
-4.382360000000000075e-03
-2.343769999999999794e-03
4.930209999999999541e-04
3.815339999999999964e-03
7.528049999999999672e-03
1.021219999999999940e-02
1.149750000000000077e-02
1.159980000000000039e-02
1.123249999999999943e-02
1.085490000000000066e-02
9.249059999999999920e-03
9.378559999999999328e-03
9.803670000000000440e-03
9.444350000000000661e-03
8.684600000000000652e-03
7.450420000000000133e-03
7.289949999999999902e-03
5.623300000000000347e-03
4.656369999999999953e-03
4.374160000000000201e-03
2.477720000000000096e-03
1.760909999999999917e-04
-4.270880000000000011e-04
-3.478660000000000064e-04
-1.208370000000000060e-03
-1.485070000000000010e-03
-7.561409999999999963e-04
-2.392879999999999899e-04
9.888500000000001022e-04
3.693570000000000186e-03
4.981120000000000339e-03
5.891320000000000237e-03
4.903180000000000038e-03
3.530829999999999993e-03
3.371340000000000014e-03
9.492300000000000173e-04
-1.666940000000000002e-03
-3.892479999999999812e-03
-6.655549999999999661e-03
-6.477390000000000404e-03
-5.616409999999999632e-03
-3.152630000000000016e-03
1.217310000000000039e-04
2.849140000000000006e-03
5.405049999999999785e-03
6.336259999999999809e-03
4.770100000000000208e-03
3.147800000000000077e-03
-1.885710000000000077e-04
-2.374170000000000100e-03
-2.357080000000000113e-03
-1.678089999999999920e-03
-4.119090000000000164e-04
1.427939999999999938e-03
2.955380000000000073e-03
3.978520000000000147e-03
3.734949999999999902e-03
5.216039999999999913e-03
5.850300000000000118e-03
4.677230000000000103e-03
2.255580000000000085e-03
1.178130000000000052e-04
-2.216479999999999839e-03
-2.964009999999999995e-03
-2.751449999999999903e-03
-9.806640000000000149e-04
5.375269999999999918e-04
2.975639999999999882e-03
4.278650000000000161e-03
4.247629999999999635e-03
2.845569999999999957e-03
-8.559550000000000405e-04
-4.497120000000000284e-03
-7.306449999999999924e-03
-1.012930000000000080e-02
-1.232130000000000031e-02
-1.455760000000000040e-02
-1.768290000000000139e-02
-2.149070000000000147e-02
-2.278830000000000092e-02
-2.235360000000000125e-02
-2.129549999999999846e-02
-1.813139999999999891e-02
-1.385240000000000082e-02
-1.149709999999999968e-02
-9.542029999999999956e-03
-7.863419999999999438e-03
-7.175550000000000157e-03
-7.159079999999999958e-03
-6.971790000000000279e-03
-7.898870000000000544e-03
-9.864859999999999601e-03
-1.029189999999999966e-02
-7.858659999999999951e-03
-6.537610000000000122e-03
-5.007990000000000358e-03
-4.693860000000000220e-03
-5.898600000000000371e-03
-7.325919999999999654e-03
-1.014969999999999935e-02
-1.359010000000000079e-02
-1.583249999999999935e-02
-1.718350000000000086e-02
-1.788259999999999850e-02
-1.664279999999999926e-02
-1.506399999999999927e-02
-1.332840000000000066e-02
-1.042949999999999953e-02
-8.251510000000000095e-03
-5.612419999999999909e-03
-3.837010000000000073e-03
-2.499599999999999825e-03
-1.432609999999999960e-03
-3.005400000000000085e-03
-3.914929999999999626e-03
-5.770779999999999660e-03
-7.758619999999999926e-03
-1.038880000000000012e-02
-1.269029999999999984e-02
-1.363950000000000058e-02
-1.426060000000000001e-02
-1.484040000000000012e-02
-1.434509999999999952e-02
-1.199000000000000066e-02
-9.377079999999999443e-03
-7.035760000000000278e-03
-6.449520000000000253e-03
-6.488490000000000403e-03
-6.121249999999999955e-03
-7.930239999999999859e-03
-1.102859999999999951e-02
-1.468189999999999946e-02
-1.882179999999999964e-02
-2.185279999999999861e-02
-2.247640000000000055e-02
-1.898199999999999887e-02
-1.329810000000000020e-02
-5.981760000000000028e-03
7.507959999999999721e-04
7.424410000000000211e-03
1.171540000000000081e-02
1.367160000000000077e-02
1.388299999999999951e-02
1.276260000000000068e-02
1.081000000000000016e-02
8.928220000000000600e-03
5.787879999999999588e-03
2.442900000000000019e-03
-7.551769999999999696e-05
-1.827339999999999997e-03
-4.342060000000000017e-03
-5.419359999999999802e-03
-6.746320000000000094e-03
-6.968160000000000152e-03
-5.283200000000000049e-03
-3.830759999999999894e-03
-1.165079999999999978e-03
-4.484939999999999787e-05
-7.808920000000000444e-05
3.030179999999999845e-05
-2.933200000000000173e-04
-1.610340000000000035e-03
-2.428880000000000015e-03
-2.438229999999999998e-03
-9.940540000000000747e-04
2.730230000000000157e-03
8.485559999999999631e-03
1.245809999999999973e-02
1.628709999999999880e-02
1.752470000000000069e-02
1.835300000000000126e-02
1.935310000000000155e-02
2.010520000000000015e-02
2.069280000000000078e-02
2.177470000000000100e-02
2.231539999999999913e-02
2.124819999999999834e-02
1.819230000000000153e-02
1.469690000000000059e-02
1.050519999999999926e-02
6.600019999999999845e-03
3.945869999999999760e-03
6.299920000000000086e-04
-8.118959999999999936e-04
-4.486709999999999874e-04
-8.267619999999999830e-04
2.191179999999999983e-04
-4.137950000000000048e-04
-9.626640000000000110e-04
-3.571340000000000105e-03
-5.995750000000000211e-03
-8.499259999999999801e-03
-9.686280000000000237e-03
-1.005939999999999959e-02
-1.202989999999999962e-02
-1.369079999999999950e-02
-1.373839999999999957e-02
-1.304149999999999927e-02
-1.058599999999999992e-02
-8.261589999999999212e-03
-6.466460000000000263e-03
-3.886689999999999937e-03
2.364099999999999947e-04
4.913709999999999953e-03
9.614920000000000758e-03
1.330420000000000040e-02
1.540500000000000029e-02
1.789100000000000065e-02
1.823699999999999974e-02
1.779959999999999876e-02
1.690470000000000167e-02
1.387410000000000032e-02
1.043290000000000016e-02
7.345929999999999647e-03
4.198600000000000249e-03
2.561920000000000083e-03
1.164939999999999943e-03
-1.090899999999999899e-03
-2.485840000000000011e-03
-2.488279999999999832e-03
-2.422749999999999990e-03
-2.627790000000000074e-03
-1.241380000000000044e-03
9.491429999999999485e-04
3.979749999999999781e-03
6.213930000000000321e-03
9.060169999999999335e-03
1.086460000000000030e-02
1.161009999999999993e-02
1.207809999999999960e-02
1.048810000000000020e-02
9.424049999999999788e-03
7.137130000000000210e-03
4.734870000000000398e-03
2.602619999999999933e-03
2.281349999999999969e-04
-3.271920000000000210e-04
-1.065020000000000073e-03
-3.710329999999999965e-03
-5.018560000000000035e-03
-7.193569999999999826e-03
-1.026009999999999943e-02
-1.316059999999999973e-02
-1.378960000000000082e-02
-1.378850000000000041e-02
-1.360950000000000007e-02
-1.306219999999999951e-02
-1.398169999999999968e-02
-1.519129999999999960e-02
-1.669380000000000169e-02
-1.688900000000000123e-02
-1.597010000000000096e-02
-1.332170000000000055e-02
-1.098739999999999960e-02
-8.095349999999999421e-03
-4.789820000000000189e-03
-2.471600000000000012e-03
1.938429999999999938e-04
1.920800000000000068e-03
2.330270000000000171e-03
1.340499999999999895e-03
-6.010139999999999753e-04
-3.178970000000000146e-03
-5.324409999999999907e-03
-8.247159999999999908e-03
-1.220689999999999970e-02
-1.571449999999999930e-02
-1.816059999999999897e-02
-1.949400000000000091e-02
-2.077350000000000030e-02
-2.183929999999999899e-02
-2.174289999999999903e-02
-1.989199999999999996e-02
-1.743099999999999858e-02
-1.633839999999999945e-02
-1.492160000000000014e-02
-1.331560000000000035e-02
-1.229599999999999964e-02
-1.103029999999999983e-02
-1.024929999999999938e-02
-7.243480000000000057e-03
-4.414219999999999949e-03
-1.602909999999999925e-03
7.257360000000000460e-04
3.093960000000000200e-03
3.969860000000000402e-03
3.704900000000000120e-03
3.500150000000000049e-03
9.144620000000000005e-04
-1.030529999999999988e-03
-2.739319999999999949e-03
-4.300309999999999896e-03
-6.139280000000000431e-03
-6.708989999999999745e-03
-5.024579999999999845e-03
-4.062279999999999711e-03
-2.282349999999999830e-03
2.191560000000000003e-04
1.525169999999999955e-03
5.021720000000000350e-03
9.267930000000000612e-03
1.367260000000000003e-02
1.769810000000000133e-02
2.007279999999999828e-02
2.152480000000000018e-02
2.193010000000000098e-02
2.119729999999999878e-02
2.106359999999999830e-02
2.082070000000000101e-02
2.144549999999999929e-02
2.067669999999999925e-02
2.015039999999999887e-02
1.940650000000000014e-02
1.906290000000000068e-02
1.853459999999999830e-02
1.839709999999999956e-02
1.659069999999999989e-02
1.471899999999999945e-02
1.294919999999999925e-02
1.113519999999999961e-02
7.929880000000000262e-03
5.910939999999999944e-03
3.622049999999999922e-03
2.634819999999999957e-03
2.582239999999999969e-03
1.038120000000000015e-03
-1.440129999999999969e-03
-2.579399999999999922e-03
-5.464799999999999693e-03
-6.733829999999999677e-03
-8.784890000000000060e-03
-1.134510000000000032e-02
-1.363520000000000010e-02
-1.490170000000000036e-02
-1.474649999999999919e-02
-1.283989999999999958e-02
-9.879660000000000178e-03
-7.747770000000000178e-03
-5.569700000000000345e-03
-4.509080000000000379e-03
-4.408910000000000259e-03
-4.287560000000000156e-03
-4.093949999999999846e-03
-3.650109999999999813e-03
-3.749000000000000162e-03
-3.882159999999999951e-03
-3.548749999999999821e-03
-3.648489999999999893e-03
-1.609809999999999930e-03
8.228559999999999564e-04
1.057390000000000066e-03
1.096179999999999984e-03
1.309590000000000016e-03
1.283360000000000100e-03
1.626169999999999916e-03
2.788570000000000198e-03
3.209870000000000084e-03
2.182680000000000210e-03
1.298950000000000105e-03
1.343159999999999927e-03
1.287390000000000019e-03
1.370810000000000084e-03
2.619269999999999932e-03
4.295349999999999863e-03
5.156319999999999827e-03
6.052240000000000397e-03
7.383569999999999890e-03
8.554239999999999414e-03
8.804789999999999839e-03
9.208859999999999268e-03
9.323619999999999478e-03
8.445849999999999538e-03
6.000609999999999972e-03
4.774320000000000300e-03
3.925149999999999646e-03
1.441020000000000105e-03
1.213929999999999946e-04
-1.860069999999999963e-04
-2.333739999999999946e-03
-4.383249999999999993e-03
-4.938859999999999778e-03
-5.801970000000000044e-03
-5.915440000000000108e-03
-6.236410000000000391e-03
-6.146419999999999662e-03
-6.007300000000000140e-03
-5.806839999999999745e-03
-7.060310000000000197e-03
-7.899540000000000034e-03
-7.460650000000000094e-03
-7.769990000000000056e-03
-7.248580000000000127e-03
-6.427910000000000221e-03
-4.201579999999999898e-03
-1.566310000000000011e-03
2.770609999999999956e-04
1.343730000000000011e-03
2.062930000000000146e-03
2.233320000000000010e-03
2.506099999999999821e-03
2.519630000000000133e-03
2.848260000000000028e-03
5.001809999999999763e-03
6.996879999999999593e-03
8.104439999999999214e-03
8.852109999999999840e-03
9.594520000000000479e-03
1.085410000000000021e-02
1.154990000000000010e-02
1.352279999999999975e-02
1.507700000000000012e-02
1.712220000000000061e-02
1.956400000000000153e-02
2.229460000000000122e-02
2.349129999999999968e-02
2.463500000000000065e-02
2.469280000000000086e-02
2.295840000000000033e-02
2.041439999999999921e-02
1.723929999999999907e-02
1.467859999999999998e-02
1.331760000000000062e-02
1.146589999999999936e-02
1.073630000000000070e-02
1.028609999999999941e-02
9.946339999999999695e-03
9.774210000000000190e-03
9.546449999999999728e-03
1.075820000000000075e-02
1.153369999999999916e-02
1.123520000000000074e-02
1.230829999999999945e-02
1.231179999999999948e-02
1.277009999999999951e-02
1.162769999999999949e-02
9.830699999999999508e-03
7.960109999999999408e-03
6.609799999999999877e-03
4.948089999999999607e-03
3.477189999999999795e-03
4.076680000000000061e-03
5.734030000000000203e-03
5.618739999999999672e-03
5.337830000000000005e-03
3.836179999999999798e-03
1.135549999999999927e-03
-1.635500000000000018e-03
-3.130650000000000013e-03
-3.134230000000000002e-03
-3.230039999999999994e-03
-3.257640000000000015e-03
-3.813739999999999925e-03
-5.003210000000000122e-03
-4.477599999999999983e-03
-2.921280000000000057e-03
-6.057080000000000493e-04
9.868480000000000221e-04
1.361629999999999958e-03
2.092570000000000194e-03
3.041560000000000010e-03
3.251650000000000026e-03
3.034499999999999871e-03
2.135320000000000013e-03
8.316859999999999921e-04
6.077749999999999602e-04
1.234829999999999966e-04
-5.222370000000000484e-04
2.477110000000000141e-04
2.982179999999999965e-04
3.534979999999999958e-04
7.847239999999999901e-04
1.090999999999999956e-03
2.490969999999999903e-04
-9.898290000000000736e-06
-7.177509999999999793e-04
-2.097449999999999835e-03
-2.172780000000000024e-03
-2.095570000000000158e-03
-2.528530000000000187e-03
-2.544499999999999887e-03
-4.003800000000000067e-03
-4.780870000000000432e-03
-6.009030000000000274e-03
-8.700589999999999366e-03
-9.480960000000000082e-03
-1.148049999999999939e-02
-1.327279999999999953e-02
-1.260840000000000051e-02
-1.092749999999999971e-02
-9.590150000000000410e-03
-8.323509999999999243e-03
-7.604989999999999840e-03
-5.792339999999999989e-03
-3.707230000000000161e-03
-3.133819999999999835e-03
-3.165680000000000143e-03
-3.056169999999999980e-03
-3.001989999999999954e-03
-3.023860000000000176e-03
-2.947299999999999920e-03
-3.154679999999999984e-03
-4.934230000000000387e-03
-6.960629999999999769e-03
-8.488269999999999149e-03
-1.059910000000000019e-02
-1.144180000000000023e-02
-1.182230000000000086e-02
-1.226250000000000083e-02
-1.157440000000000031e-02
-1.070070000000000049e-02
-1.060320000000000012e-02
-1.033230000000000086e-02
-1.011090000000000079e-02
-8.547239999999999352e-03
-7.280980000000000264e-03
-8.009080000000000019e-03
-9.112560000000000451e-03
-1.217449999999999956e-02
-1.525679999999999918e-02
-1.791480000000000156e-02
-1.879159999999999858e-02
-1.946449999999999916e-02
-1.911830000000000127e-02
-1.715099999999999958e-02
-1.604809999999999917e-02
-1.305249999999999987e-02
-9.793579999999999647e-03
-6.935990000000000384e-03
-4.739489999999999849e-03
-2.883759999999999969e-03
-3.173150000000000016e-03
-4.920390000000000180e-03
-7.866969999999999172e-03
-1.075609999999999934e-02
-1.362200000000000043e-02
-1.383239999999999990e-02
-1.400649999999999985e-02
-1.466779999999999994e-02
-1.376430000000000015e-02
-1.281249999999999924e-02
-1.127629999999999952e-02
-8.637040000000000342e-03
-7.024589999999999827e-03
-4.975890000000000174e-03
-2.371390000000000130e-03
7.239269999999999690e-04
3.394129999999999977e-03
5.788869999999999780e-03
7.269259999999999611e-03
7.815000000000000765e-03
7.861099999999999338e-03
7.206859999999999829e-03
6.889270000000000289e-03
5.428439999999999654e-03
4.809820000000000241e-03
3.850950000000000119e-03
2.449520000000000169e-03
9.973860000000000624e-04
-7.055009999999999797e-04
-1.711550000000000051e-03
-1.680349999999999943e-03
-2.022009999999999866e-03
-2.081400000000000177e-03
-3.128549999999999907e-03
-4.153539999999999836e-03
-4.683520000000000044e-03
-4.619709999999999962e-03
-4.360270000000000291e-03
-4.134350000000000178e-03
-3.747009999999999837e-03
-1.309709999999999954e-03
1.978559999999999867e-03
5.268600000000000019e-03
8.396799999999999403e-03
9.551890000000000380e-03
1.075549999999999944e-02
1.163609999999999992e-02
1.181049999999999982e-02
1.095029999999999962e-02
1.073660000000000066e-02
9.820300000000000556e-03
8.125169999999999268e-03
5.317490000000000237e-03
3.066329999999999924e-03
1.503570000000000080e-03
-2.766919999999999861e-04
-5.240060000000000377e-04
-3.397450000000000209e-04
-3.230139999999999943e-04
-3.206069999999999883e-04
-1.337099999999999921e-03
-2.520500000000000171e-03
-2.552589999999999981e-03
-1.654209999999999925e-03
-2.805579999999999793e-04
6.255679999999999574e-04
1.198429999999999895e-03
2.310840000000000203e-03
3.724589999999999845e-03
4.699830000000000327e-03
6.518160000000000273e-03
8.550159999999999358e-03
1.054970000000000040e-02
1.192460000000000048e-02
1.400189999999999942e-02
1.456290000000000015e-02
1.418920000000000077e-02
1.275270000000000049e-02
1.128290000000000022e-02
9.693260000000000418e-03
8.496480000000000699e-03
7.299639999999999601e-03
6.919360000000000267e-03
7.021819999999999798e-03
7.877669999999999811e-03
7.744530000000000337e-03
6.974010000000000105e-03
5.990279999999999737e-03
5.236249999999999585e-03
5.408780000000000185e-03
6.421719999999999685e-03
7.073929999999999975e-03
7.369470000000000361e-03
8.036559999999999884e-03
8.257260000000000641e-03
7.423130000000000006e-03
6.316610000000000280e-03
5.085649999999999719e-03
3.996340000000000135e-03
2.502299999999999837e-03
2.166560000000000100e-03
3.084809999999999896e-03
3.276289999999999845e-03
3.424780000000000098e-03
3.337380000000000034e-03
3.017020000000000032e-03
3.178390000000000121e-03
3.168540000000000072e-03
2.880619999999999969e-03
2.297710000000000117e-03
2.010549999999999837e-03
1.710829999999999990e-03
9.694319999999999977e-04
6.350280000000000464e-04
-7.500210000000000481e-05
-8.077149999999999738e-04
-1.230270000000000105e-03
-7.652240000000000040e-04
3.113819999999999945e-05
4.180760000000000270e-04
3.230029999999999837e-04
-7.701499999999999362e-05
-9.016799999999999728e-04
-2.003340000000000155e-03
-2.281249999999999858e-03
-2.356720000000000082e-03
-2.204460000000000100e-03
-1.653479999999999924e-03
-5.130900000000000087e-04
1.907009999999999890e-04
7.558260000000000239e-04
9.811060000000000354e-04
3.703849999999999851e-04
-8.081950000000000505e-04
-2.184709999999999864e-03
-3.976160000000000284e-03
-5.844109999999999583e-03
-7.016030000000000356e-03
-8.083689999999999279e-03
-8.481920000000000431e-03
-9.134170000000000483e-03
-9.745099999999999596e-03
-1.030720000000000074e-02
-1.084320000000000075e-02
-1.118210000000000037e-02
-1.083600000000000015e-02
-1.085539999999999942e-02
-1.077410000000000000e-02
-1.036229999999999964e-02
-9.932440000000000713e-03
-9.612570000000000836e-03
-9.165569999999999620e-03
-8.647109999999999519e-03
-7.800559999999999786e-03
-6.938279999999999795e-03
-6.312810000000000296e-03
-5.254400000000000216e-03
-4.172340000000000076e-03
-3.578619999999999805e-03
-3.129170000000000128e-03
-2.486089999999999828e-03
-2.159589999999999860e-03
-1.496300000000000104e-03
-8.728300000000000034e-04
-4.943810000000000088e-04
-2.343450000000000069e-04
-5.415349999999999981e-04
-6.791020000000000043e-04
-1.033169999999999922e-03
-1.916430000000000000e-03
-1.809740000000000003e-03
-1.918980000000000035e-03
-2.269869999999999787e-03
-2.474370000000000042e-03
-2.495869999999999859e-03
-2.271800000000000035e-03
-2.032019999999999833e-03
-1.668489999999999904e-03
-7.209090000000000463e-04
-1.151620000000000063e-04
3.162689999999999902e-04
8.974519999999999720e-04
1.171649999999999992e-03
1.377830000000000027e-03
1.530179999999999908e-03
1.262249999999999917e-03
9.281310000000000081e-04
7.267489999999999497e-04
6.599410000000000432e-04
7.012179999999999802e-04
8.278979999999999803e-04
1.075109999999999998e-03
1.485079999999999950e-03
1.759350000000000020e-03
1.843589999999999986e-03
1.840190000000000011e-03
1.851060000000000075e-03
1.779390000000000051e-03
1.623010000000000034e-03
1.441229999999999942e-03
1.253430000000000039e-03
1.078909999999999982e-03
9.063979999999999910e-04
7.950910000000000486e-04
8.653610000000000382e-04
1.137980000000000025e-03
1.378010000000000042e-03
1.408350000000000053e-03
1.460939999999999982e-03
1.544379999999999928e-03
1.600199999999999973e-03
1.623950000000000090e-03
1.591350000000000056e-03
1.730229999999999919e-03
1.838439999999999996e-03
1.872849999999999905e-03
1.840159999999999973e-03
1.844319999999999987e-03
1.878579999999999920e-03
1.893450000000000081e-03
1.896509999999999906e-03
1.838580000000000032e-03
1.764179999999999958e-03
1.711330000000000056e-03
1.673159999999999925e-03
1.552589999999999960e-03
1.438180000000000057e-03
1.345969999999999936e-03
1.279189999999999928e-03
1.255500000000000105e-03
1.250990000000000001e-03
1.255210000000000093e-03
1.259259999999999893e-03
1.250220000000000021e-03
1.201940000000000083e-03
1.140240000000000047e-03
1.058990000000000105e-03
1.002559999999999996e-03
9.461510000000000016e-04
8.985920000000000322e-04
8.691530000000000046e-04
8.269430000000000140e-04
7.613960000000000129e-04
7.035610000000000084e-04
6.369840000000000528e-04
5.565410000000000235e-04
4.751159999999999823e-04
4.193989999999999871e-04
3.780759999999999763e-04
3.182020000000000139e-04
2.587590000000000072e-04
1.855650000000000029e-04
1.210870000000000013e-04
5.457910000000000062e-05
-4.145810000000000037e-06
-5.734319999999999674e-05
-9.192620000000000088e-05
-1.179790000000000032e-04
-1.309969999999999928e-04
-1.367829999999999946e-04
-1.404370000000000108e-04
-1.442799999999999942e-04
-1.488949999999999898e-04
-1.517970000000000105e-04
-1.524399999999999974e-04
-1.504569999999999996e-04
-1.510139999999999877e-04
-1.528260000000000035e-04
-1.574249999999999912e-04
-1.598450000000000120e-04
-1.637180000000000070e-04
-1.657809999999999904e-04
-1.671389999999999866e-04
-1.671710000000000025e-04
-1.674240000000000016e-04
-1.668589999999999960e-04
-1.652849999999999871e-04
-1.629579999999999939e-04
-1.602479999999999877e-04
-1.566209999999999900e-04
-1.526370000000000092e-04
-1.480350000000000014e-04
-1.421539999999999946e-04
-1.359520000000000021e-04
-1.292909999999999925e-04
-1.220580000000000026e-04
-1.143979999999999981e-04
-1.063890000000000007e-04
-9.798389999999999541e-05
-8.910780000000000090e-05
-7.978109999999999412e-05
-6.999789999999999604e-05
-5.976770000000000037e-05
-4.910940000000000113e-05
-3.809600000000000253e-05
-2.672489999999999886e-05
-1.502899999999999959e-05
-3.020020000000000013e-06
9.278340000000000006e-06
2.185429999999999843e-05
3.468990000000000138e-05
4.776949999999999724e-05
