9.677520000000000002e-04
1.258709999999999907e-03
1.276449999999999937e-03
8.731830000000000321e-04
1.129180000000000027e-03
1.452469999999999976e-03
1.561829999999999946e-03
1.197310000000000041e-03
5.229469999999999518e-04
-3.022489999999999856e-04
-1.034570000000000064e-03
-1.431420000000000088e-03
-1.928489999999999935e-03
-2.136400000000000104e-03
-1.322009999999999982e-03
3.537600000000000147e-05
6.818180000000000508e-04
-1.288360000000000113e-04
-7.930640000000000085e-04
-5.811920000000000150e-04
-1.419050000000000042e-04
1.811719999999999954e-03
5.223649999999999821e-03
8.443149999999999961e-03
1.001610000000000000e-02
8.803599999999999967e-03
7.491509999999999836e-03
6.730690000000000110e-03
2.361990000000000010e-03
-2.806069999999999919e-03
-5.246070000000000247e-03
-9.912759999999999627e-03
-1.599489999999999940e-02
-1.754340000000000066e-02
-1.501120000000000058e-02
-1.029049999999999930e-02
-7.110660000000000418e-03
-8.457030000000000797e-03
-7.636790000000000071e-03
-3.139489999999999989e-03
2.454420000000000126e-03
1.073059999999999986e-02
1.010589999999999926e-02
-2.266279999999999857e-03
-7.001430000000000327e-03
-2.971670000000000041e-03
-5.970559999999999756e-03
-1.100010000000000050e-02
-4.110199999999999618e-03
6.340609999999999996e-03
1.173060000000000075e-02
1.961020000000000124e-02
2.390480000000000035e-02
1.273469999999999984e-02
-2.679949999999999954e-03
-8.265450000000000574e-03
-7.336689999999999878e-03
-6.469749999999999807e-03
-6.981320000000000060e-03
-6.176120000000000221e-03
-2.395620000000000215e-03
-1.678100000000000078e-03
-4.862090000000000335e-03
-3.511439999999999787e-03
2.159710000000000015e-03
6.105069999999999768e-03
4.528060000000000418e-03
-4.851020000000000158e-03
-1.541769999999999946e-02
-1.948859999999999829e-02
-1.641439999999999913e-02
-6.888980000000000277e-03
5.164400000000000414e-03
1.506530000000000022e-02
2.220530000000000073e-02
2.700429999999999844e-02
2.590840000000000157e-02
1.574619999999999839e-02
5.064889999999999844e-03
4.702250000000000050e-04
-3.446739999999999787e-03
-7.479880000000000383e-03
-9.656599999999999559e-03
-1.050740000000000007e-02
-1.216910000000000040e-02
-1.170269999999999991e-02
-2.193270000000000202e-03
5.255179999999999921e-03
1.484169999999999934e-03
-2.030310000000000014e-03
1.951040000000000023e-03
5.036040000000000308e-03
-1.015110000000000015e-07
-5.694839999999999625e-03
-6.016370000000000051e-03
-4.225740000000000399e-03
-2.732189999999999792e-03
-4.483580000000000031e-03
-9.287810000000000510e-03
-1.025419999999999977e-02
-4.891340000000000098e-03
5.324009999999999680e-03
1.731069999999999831e-02
2.168470000000000120e-02
1.738090000000000121e-02
1.195859999999999979e-02
6.507830000000000038e-03
3.605199999999999811e-03
3.796260000000000086e-03
7.703309999999999672e-04
-3.967639999999999709e-03
-4.682930000000000079e-03
-1.472109999999999998e-03
4.462449999999999750e-03
1.210469999999999949e-02
8.246659999999999408e-03
-1.933479999999999921e-02
-5.856630000000000169e-02
-8.580490000000000339e-02
-9.508199999999999985e-02
-8.429999999999999993e-02
-4.182009999999999894e-02
1.000659999999999918e-02
4.697830000000000061e-02
7.252350000000000463e-02
7.502200000000000535e-02
4.576140000000000069e-02
1.214480000000000073e-02
3.286259999999999941e-05
5.970510000000000053e-03
3.409709999999999824e-02
7.613849999999999785e-02
1.005780000000000007e-01
1.016480000000000022e-01
7.887779999999999792e-02
3.029039999999999858e-02
-1.921549999999999994e-02
-5.662330000000000141e-02
-8.211160000000000680e-02
-8.312909999999999744e-02
-6.255679999999999574e-02
-3.364679999999999754e-02
-8.939680000000000196e-03
1.115520000000000053e-03
-5.122149999999999793e-03
-2.501170000000000129e-02
-4.481369999999999798e-02
-5.528460000000000318e-02
-6.002029999999999865e-02
-5.719950000000000034e-02
-4.311389999999999667e-02
-2.294269999999999990e-02
-6.064420000000000054e-03
1.436339999999999926e-03
-2.894579999999999896e-03
-1.210229999999999986e-02
-9.554899999999999852e-03
8.259050000000000419e-03
2.775709999999999983e-02
4.113329999999999764e-02
4.656239999999999685e-02
4.449469999999999814e-02
4.304390000000000299e-02
4.401889999999999969e-02
3.951049999999999701e-02
2.709929999999999978e-02
1.039340000000000055e-02
-6.099770000000000018e-03
-1.617120000000000016e-02
-1.379499999999999997e-02
-5.535759999999999813e-03
-2.031040000000000015e-03
1.466410000000000022e-03
1.131970000000000025e-02
2.332309999999999939e-02
3.314369999999999816e-02
3.902629999999999988e-02
3.585130000000000261e-02
2.035539999999999919e-02
-5.756060000000000343e-03
-3.205539999999999778e-02
-4.493899999999999978e-02
-4.509210000000000301e-02
-3.237919999999999687e-02
-3.857660000000000060e-04
3.986619999999999747e-02
6.793799999999999839e-02
7.303700000000000470e-02
5.689330000000000082e-02
2.879589999999999927e-02
-1.065879999999999952e-03
-2.230439999999999853e-02
-3.041369999999999837e-02
-2.660859999999999961e-02
-1.021840000000000075e-02
1.393400000000000021e-02
3.557509999999999839e-02
5.085440000000000099e-02
5.765150000000000136e-02
5.539720000000000061e-02
5.061079999999999746e-02
4.576820000000000194e-02
3.806699999999999667e-02
2.952470000000000094e-02
2.389399999999999857e-02
1.788000000000000006e-02
3.695280000000000006e-03
-2.093899999999999928e-02
-4.774869999999999809e-02
-6.928399999999999836e-02
-8.544889999999999430e-02
-9.048699999999999799e-02
-8.082019999999999482e-02
-6.436189999999999967e-02
-4.538210000000000161e-02
-2.408429999999999946e-02
-3.415070000000000085e-03
1.324559999999999974e-02
2.478939999999999963e-02
3.344989999999999769e-02
3.528789999999999705e-02
2.754430000000000073e-02
1.955809999999999840e-02
1.656830000000000108e-02
1.581130000000000035e-02
1.492850000000000080e-02
1.409840000000000051e-02
1.498509999999999946e-02
1.590019999999999975e-02
1.222920000000000083e-02
3.899820000000000023e-03
-4.712690000000000282e-03
-1.065329999999999923e-02
-9.973130000000000189e-03
5.508019999999999756e-04
1.507370000000000064e-02
1.882839999999999861e-02
3.999469999999999761e-03
-1.459749999999999936e-02
-2.601819999999999827e-02
-4.082539999999999780e-02
-5.882620000000000210e-02
-7.473200000000000676e-02
-9.009730000000000516e-02
-8.907039999999999402e-02
-6.261909999999999699e-02
-2.183159999999999962e-02
1.683379999999999946e-02
2.837829999999999867e-02
1.070890000000000036e-02
-2.220060000000000089e-02
-6.231790000000000246e-02
-8.940879999999999661e-02
-9.528190000000000270e-02
-8.819430000000000325e-02
-6.395180000000000309e-02
-3.258149999999999935e-02
-9.976419999999999733e-03
9.681270000000000500e-03
1.785839999999999997e-02
6.132050000000000001e-03
-1.436379999999999948e-02
-3.941549999999999915e-02
-6.281970000000000609e-02
-7.333560000000000079e-02
-6.725989999999999747e-02
-4.767520000000000091e-02
-2.358350000000000030e-02
3.623030000000000174e-03
3.409179999999999849e-02
5.797109999999999763e-02
7.389529999999999710e-02
8.132029999999999814e-02
6.692240000000000688e-02
3.833469999999999933e-02
2.581659999999999858e-02
3.541489999999999916e-02
5.854979999999999907e-02
8.448869999999999991e-02
9.997319999999999818e-02
1.075030000000000013e-01
1.019869999999999943e-01
7.286389999999999534e-02
3.803390000000000243e-02
1.458839999999999963e-02
-6.276750000000000211e-03
-2.336639999999999898e-02
-2.015310000000000018e-02
1.004900000000000064e-02
5.285580000000000139e-02
8.017269999999999952e-02
8.552980000000000305e-02
8.044489999999999974e-02
6.746900000000000119e-02
5.417990000000000306e-02
5.333600000000000146e-02
6.338430000000000453e-02
7.432170000000000443e-02
7.919959999999999500e-02
7.609280000000000210e-02
6.686549999999999438e-02
5.396129999999999677e-02
3.932270000000000210e-02
2.644300000000000123e-02
1.859049999999999939e-02
1.312010000000000086e-02
7.858920000000000142e-03
3.422880000000000107e-03
-7.297640000000000203e-03
-2.822519999999999890e-02
-5.143129999999999924e-02
-7.754379999999999606e-02
-1.059029999999999971e-01
-1.206959999999999977e-01
-1.187200000000000061e-01
-1.087349999999999983e-01
-9.227200000000000679e-02
-7.249460000000000626e-02
-5.793770000000000170e-02
-4.968039999999999956e-02
-4.175369999999999776e-02
-3.074930000000000024e-02
-1.894209999999999991e-02
-1.438240000000000005e-02
-2.024060000000000095e-02
-2.823639999999999831e-02
-2.533710000000000129e-02
-8.202529999999999544e-03
1.422520000000000034e-02
3.934200000000000197e-02
6.567520000000000302e-02
8.343100000000000516e-02
8.807170000000000276e-02
8.061609999999999610e-02
5.897850000000000315e-02
2.454819999999999919e-02
-3.524719999999999850e-03
-1.242230000000000070e-02
-8.273229999999999473e-03
4.016089999999999938e-03
1.344659999999999953e-02
1.338589999999999919e-02
7.985360000000000374e-03
-1.633239999999999996e-03
-1.776950000000000057e-02
-3.689490000000000131e-02
-4.434840000000000310e-02
-2.989429999999999865e-02
-1.842979999999999922e-03
2.300429999999999836e-02
4.065420000000000145e-02
5.414830000000000337e-02
6.106740000000000085e-02
5.263740000000000085e-02
2.403840000000000143e-02
-9.760329999999999354e-03
-3.465490000000000237e-02
-5.296229999999999688e-02
-6.659039999999999404e-02
-7.514049999999999896e-02
-7.807920000000000138e-02
-7.522320000000000395e-02
-7.098219999999999530e-02
-6.828470000000000373e-02
-6.828080000000000260e-02
-6.900729999999999364e-02
-6.597469999999999724e-02
-6.417810000000000181e-02
-6.757199999999999318e-02
-6.967109999999999970e-02
-6.163729999999999903e-02
-4.012969999999999732e-02
-1.861840000000000023e-02
-6.396530000000000098e-03
2.103610000000000115e-03
5.465069999999999824e-03
1.891150000000000079e-04
-1.382910000000000042e-02
-3.119080000000000116e-02
-4.568889999999999757e-02
-5.583599999999999675e-02
-5.708219999999999961e-02
-5.065820000000000045e-02
-4.396309999999999801e-02
-3.983040000000000191e-02
-3.627310000000000256e-02
-3.028580000000000161e-02
-2.170079999999999926e-02
-1.346789999999999966e-02
-9.405530000000000487e-03
-1.387009999999999979e-02
-2.564390000000000072e-02
-3.273559999999999665e-02
-2.720250000000000098e-02
-1.288180000000000054e-02
1.582010000000000013e-03
1.239490000000000036e-02
2.406519999999999840e-02
3.546500000000000347e-02
4.197399999999999742e-02
4.095209999999999823e-02
2.727440000000000073e-02
4.841709999999999937e-03
-1.660879999999999995e-02
-3.325949999999999740e-02
-4.193369999999999737e-02
-4.232469999999999982e-02
-3.504349999999999826e-02
-1.715130000000000127e-02
1.695179999999999907e-03
9.426530000000000672e-03
1.113279999999999999e-02
1.201100000000000084e-02
1.450940000000000042e-02
2.448509999999999923e-02
3.902710000000000207e-02
5.072549999999999976e-02
5.717690000000000272e-02
5.709829999999999767e-02
5.349509999999999682e-02
4.996040000000000203e-02
4.696310000000000068e-02
4.548309999999999853e-02
4.474380000000000024e-02
4.454049999999999676e-02
4.597119999999999679e-02
4.779130000000000184e-02
4.737410000000000232e-02
4.380289999999999878e-02
4.000159999999999827e-02
4.158150000000000041e-02
4.711490000000000122e-02
5.000779999999999809e-02
4.982949999999999879e-02
4.885079999999999978e-02
4.648200000000000248e-02
4.096500000000000141e-02
3.309369999999999673e-02
2.436100000000000071e-02
1.436089999999999936e-02
4.028219999999999891e-03
-3.214369999999999814e-03
-7.685489999999999900e-04
1.510429999999999932e-02
3.579559999999999687e-02
4.967690000000000300e-02
5.657199999999999729e-02
6.223950000000000315e-02
6.496369999999999922e-02
5.729100000000000165e-02
3.963210000000000344e-02
2.437929999999999958e-02
2.055759999999999879e-02
2.571259999999999865e-02
3.312369999999999898e-02
3.691549999999999693e-02
3.595269999999999716e-02
3.025600000000000164e-02
2.089190000000000144e-02
1.253100000000000047e-02
5.980659999999999622e-03
7.909239999999999511e-05
-1.661420000000000041e-03
-6.876480000000000136e-04
-3.777130000000000071e-03
-8.896120000000000416e-03
-1.213490000000000055e-02
-1.838920000000000138e-02
-2.937410000000000021e-02
-3.744229999999999781e-02
-3.575949999999999962e-02
-2.443100000000000133e-02
-9.796320000000000722e-03
4.943079999999999870e-03
1.996349999999999861e-02
2.879140000000000171e-02
2.680470000000000075e-02
1.851819999999999855e-02
1.043539999999999919e-02
1.006499999999999929e-02
2.023809999999999845e-02
3.249719999999999692e-02
3.788539999999999963e-02
3.260729999999999879e-02
1.293790000000000044e-02
-1.709149999999999905e-02
-4.510850000000000276e-02
-6.511219999999999508e-02
-7.514640000000000208e-02
-7.176639999999999409e-02
-5.621109999999999995e-02
-3.608909999999999896e-02
-1.546280000000000050e-02
2.419440000000000132e-03
1.292199999999999946e-02
2.258080000000000157e-02
3.634269999999999862e-02
4.723610000000000309e-02
5.045079999999999704e-02
4.590650000000000286e-02
3.625330000000000219e-02
2.226080000000000073e-02
4.151260000000000366e-03
-7.550259999999999611e-03
-7.984689999999999149e-03
-5.272520000000000158e-03
-3.126470000000000117e-03
-1.395109999999999970e-03
-3.934639999999999666e-03
-1.238779999999999916e-02
-2.243260000000000046e-02
-3.057570000000000079e-02
-3.688770000000000243e-02
-4.228189999999999726e-02
-4.733899999999999914e-02
-5.186910000000000132e-02
-5.731719999999999871e-02
-6.767850000000000255e-02
-7.672679999999999778e-02
-7.252010000000000400e-02
-5.691419999999999813e-02
-3.760510000000000241e-02
-2.024340000000000167e-02
-1.077870000000000043e-02
-1.046189999999999967e-02
-1.546319999999999986e-02
-2.237149999999999903e-02
-3.079780000000000018e-02
-3.907050000000000106e-02
-4.375899999999999929e-02
-4.292619999999999769e-02
-3.893220000000000014e-02
-3.533879999999999660e-02
-2.830970000000000014e-02
-1.681440000000000018e-02
-7.720310000000000193e-03
-4.469189999999999621e-03
-8.211690000000000655e-03
-1.469499999999999973e-02
-1.412300000000000014e-02
-6.757939999999999607e-03
-3.385780000000000126e-03
-1.068419999999999960e-02
-2.550579999999999861e-02
-4.021709999999999868e-02
-5.155549999999999716e-02
-6.323520000000000529e-02
-7.712399999999999811e-02
-8.928519999999999512e-02
-9.516959999999999309e-02
-9.286619999999999597e-02
-8.530930000000000457e-02
-7.733600000000000196e-02
-6.879609999999999892e-02
-5.783649999999999902e-02
-4.617929999999999952e-02
-3.478710000000000135e-02
-2.169470000000000079e-02
-6.593540000000000165e-03
1.076610000000000067e-02
3.019519999999999843e-02
4.467120000000000118e-02
4.843150000000000233e-02
4.136920000000000180e-02
2.579969999999999833e-02
8.345840000000000203e-03
-6.984960000000000127e-03
-1.975560000000000163e-02
-2.681100000000000150e-02
-2.573639999999999955e-02
-2.056849999999999998e-02
-1.704999999999999918e-02
-1.373869999999999952e-02
-5.034389999999999699e-03
9.339550000000000282e-03
2.473639999999999867e-02
3.969690000000000024e-02
5.547499999999999654e-02
7.101929999999999354e-02
8.554699999999999804e-02
9.827439999999999787e-02
1.032649999999999957e-01
9.811029999999999751e-02
8.828310000000000324e-02
7.540600000000000080e-02
5.919499999999999762e-02
4.425649999999999723e-02
3.164120000000000127e-02
1.874870000000000009e-02
8.055430000000000576e-03
4.257300000000000320e-03
1.322420000000000019e-02
2.741100000000000134e-02
3.099800000000000125e-02
2.951140000000000013e-02
2.818460000000000062e-02
1.477080000000000060e-02
-1.492579999999999948e-02
-4.699289999999999717e-02
-7.222169999999999979e-02
-8.853379999999999583e-02
-8.756210000000000382e-02
-6.668899999999999828e-02
-2.848809999999999884e-02
1.683050000000000171e-02
5.229910000000000114e-02
7.230799999999999728e-02
7.599820000000000186e-02
6.563860000000000527e-02
5.253830000000000305e-02
4.406229999999999869e-02
3.732959999999999751e-02
2.992360000000000159e-02
2.703830000000000122e-02
3.176310000000000244e-02
3.835469999999999852e-02
4.292170000000000013e-02
4.799769999999999731e-02
5.256569999999999993e-02
5.136140000000000150e-02
4.551100000000000284e-02
3.634239999999999693e-02
2.119920000000000138e-02
8.272540000000000102e-03
2.989869999999999941e-03
-2.202720000000000025e-03
-4.880719999999999850e-03
5.113590000000000323e-03
2.521239999999999939e-02
4.202960000000000029e-02
5.178560000000000108e-02
6.083800000000000319e-02
6.959350000000000258e-02
7.335890000000000466e-02
6.741969999999999907e-02
5.081220000000000181e-02
3.049400000000000027e-02
1.365579999999999919e-02
2.833089999999999914e-03
2.052149999999999981e-03
1.175370000000000061e-02
2.688810000000000158e-02
4.266339999999999716e-02
5.483579999999999705e-02
6.314169999999999505e-02
6.751949999999999619e-02
6.541160000000000030e-02
5.138220000000000287e-02
2.108279999999999876e-02
-1.662900000000000142e-02
-4.722910000000000302e-02
-7.060829999999999884e-02
-9.387479999999999436e-02
-1.083400000000000057e-01
-1.040660000000000057e-01
-7.888059999999999516e-02
-4.115780000000000133e-02
-1.788990000000000025e-02
-1.580610000000000001e-02
-2.397749999999999881e-02
-4.292769999999999919e-02
-6.306829999999999381e-02
-7.320010000000000405e-02
-7.563630000000000353e-02
-6.764720000000000455e-02
-5.152799999999999742e-02
-3.521450000000000274e-02
-1.892960000000000129e-02
-7.757029999999999828e-03
-4.242720000000000172e-03
-3.634259999999999834e-03
-2.787580000000000006e-03
3.022210000000000001e-03
1.598969999999999905e-02
2.898480000000000154e-02
3.484229999999999966e-02
3.595740000000000047e-02
3.144689999999999985e-02
1.534349999999999950e-02
-4.498549999999999598e-03
-1.489829999999999974e-02
-1.908599999999999880e-02
-2.232630000000000031e-02
-1.842500000000000041e-02
-3.172059999999999984e-03
1.591079999999999925e-02
2.499679999999999958e-02
1.702460000000000084e-02
1.140759999999999994e-03
-7.804700000000000353e-03
-1.067760000000000063e-02
-1.422819999999999988e-02
-1.396990000000000037e-02
-7.313479999999999807e-03
-2.428590000000000002e-03
-7.710329999999999614e-03
-2.131970000000000046e-02
-3.209240000000000009e-02
-3.482559999999999822e-02
-3.413530000000000036e-02
-3.252689999999999748e-02
-3.052070000000000130e-02
-3.086830000000000129e-02
-3.305290000000000311e-02
-3.252010000000000317e-02
-2.762070000000000150e-02
-1.937660000000000077e-02
-9.983119999999999841e-03
-3.302939999999999869e-03
-2.648150000000000157e-03
-7.445919999999999969e-03
-1.290859999999999924e-02
-1.773160000000000014e-02
-1.970730000000000051e-02
-1.297659999999999959e-02
3.146709999999999828e-04
1.364199999999999961e-02
2.422909999999999994e-02
2.999999999999999889e-02
3.041440000000000116e-02
2.762140000000000081e-02
2.240520000000000012e-02
1.581079999999999985e-02
8.858879999999999533e-03
1.787039999999999939e-03
-2.230090000000000110e-03
-5.084149999999999954e-03
-1.309740000000000036e-02
-2.298050000000000093e-02
-2.841880000000000100e-02
-3.042800000000000019e-02
-3.319819999999999716e-02
-3.700570000000000248e-02
-3.798279999999999712e-02
-3.457629999999999731e-02
-2.904359999999999928e-02
-2.397310000000000066e-02
-2.038709999999999828e-02
-1.724540000000000101e-02
-1.352309999999999970e-02
-8.949030000000000179e-03
-1.906820000000000043e-03
6.308860000000000336e-03
1.354559999999999965e-02
1.893279999999999963e-02
2.013449999999999962e-02
1.911979999999999930e-02
1.848520000000000024e-02
1.720090000000000161e-02
1.567750000000000046e-02
1.584129999999999913e-02
1.779290000000000038e-02
1.978229999999999919e-02
2.129320000000000171e-02
2.096610000000000140e-02
1.420420000000000016e-02
2.766620000000000017e-03
-5.028849999999999640e-03
-1.148320000000000070e-02
-1.956640000000000115e-02
-1.936569999999999958e-02
-9.816210000000000560e-03
-1.570999999999999914e-03
1.731839999999999899e-03
6.695919999999999954e-04
-8.257830000000000725e-03
-2.581119999999999942e-02
-4.300380000000000175e-02
-5.384719999999999784e-02
-5.905799999999999939e-02
-5.622970000000000051e-02
-4.485000000000000098e-02
-2.868669999999999901e-02
-9.291970000000000091e-03
1.121179999999999920e-02
2.858120000000000105e-02
4.194629999999999886e-02
5.025430000000000175e-02
5.246329999999999744e-02
5.025020000000000181e-02
4.588760000000000061e-02
4.095379999999999854e-02
3.415209999999999774e-02
2.488680000000000059e-02
1.720769999999999939e-02
1.513390000000000048e-02
1.525400000000000020e-02
1.307930000000000030e-02
9.322689999999999796e-03
8.632719999999999977e-04
-1.711810000000000068e-02
-3.997830000000000134e-02
-5.919660000000000200e-02
-6.961910000000000320e-02
-6.731829999999999758e-02
-5.269650000000000029e-02
-2.848809999999999884e-02
9.068999999999999805e-04
2.501640000000000114e-02
3.902800000000000019e-02
4.637619999999999937e-02
4.572869999999999713e-02
3.655649999999999872e-02
2.603770000000000043e-02
1.948530000000000054e-02
1.639600000000000085e-02
1.618100000000000094e-02
2.165009999999999851e-02
3.219000000000000333e-02
4.267619999999999747e-02
5.148319999999999980e-02
5.576070000000000332e-02
5.336160000000000209e-02
4.829760000000000303e-02
4.310110000000000330e-02
3.980209999999999998e-02
3.426080000000000098e-02
1.968670000000000142e-02
4.390660000000000222e-03
-3.972769999999999600e-03
-8.741830000000000780e-03
-1.156590000000000049e-02
-1.583949999999999941e-02
-2.523859999999999992e-02
-3.182390000000000219e-02
-3.131640000000000118e-02
-3.162149999999999683e-02
-3.206799999999999928e-02
-2.535460000000000144e-02
-1.153500000000000011e-02
4.865859999999999630e-03
2.042439999999999881e-02
3.230820000000000219e-02
3.635510000000000130e-02
3.301550000000000318e-02
2.818620000000000153e-02
2.378320000000000087e-02
1.715890000000000123e-02
8.726589999999999347e-03
3.510730000000000101e-03
2.321600000000000052e-03
1.911090000000000054e-03
6.907379999999999857e-04
-4.198580000000000367e-03
-1.175200000000000029e-02
-1.488510000000000007e-02
-1.238230000000000060e-02
-9.682579999999999659e-03
-7.976199999999999263e-03
-6.318139999999999867e-03
-6.091440000000000049e-03
-8.094040000000000262e-03
-1.275229999999999940e-02
-1.304819999999999938e-02
-4.636669999999999854e-03
1.247349999999999935e-03
-2.721430000000000268e-04
-3.899829999999999963e-03
-7.837349999999999872e-03
-1.211180000000000069e-02
-1.569759999999999905e-02
-1.796199999999999880e-02
-2.118070000000000022e-02
-2.643380000000000035e-02
-3.166569999999999802e-02
-3.686529999999999668e-02
-4.063900000000000151e-02
-3.971140000000000086e-02
-3.459929999999999950e-02
-2.425609999999999919e-02
-9.266679999999999362e-03
3.497350000000000198e-03
1.143669999999999930e-02
1.623739999999999906e-02
1.457179999999999934e-02
7.344490000000000393e-03
2.073999999999999997e-04
-3.674129999999999844e-03
4.510830000000000395e-03
2.301860000000000017e-02
3.827130000000000115e-02
4.622600000000000320e-02
4.768220000000000097e-02
4.020819999999999950e-02
2.340269999999999850e-02
7.935789999999999858e-03
2.826570000000000037e-03
4.134310000000000415e-03
1.007210000000000050e-02
2.139910000000000076e-02
3.142450000000000104e-02
3.095190000000000094e-02
1.377420000000000033e-02
-1.466420000000000050e-02
-3.919489999999999780e-02
-5.451389999999999708e-02
-6.103660000000000335e-02
-4.797139999999999738e-02
-1.835840000000000041e-02
4.166439999999999770e-04
2.438360000000000093e-03
-5.264600000000000356e-03
-2.352589999999999890e-02
-4.119699999999999751e-02
-5.187100000000000044e-02
-5.404819999999999763e-02
-4.564639999999999670e-02
-3.322710000000000247e-02
-1.906300000000000008e-02
-5.514889999999999723e-03
3.654940000000000185e-03
8.813680000000000819e-03
9.720750000000000224e-03
9.362499999999999295e-03
1.151349999999999943e-02
1.459569999999999965e-02
1.665000000000000160e-02
1.810230000000000172e-02
1.822040000000000118e-02
1.674609999999999987e-02
1.578869999999999926e-02
1.609850000000000170e-02
1.531970000000000033e-02
1.057010000000000068e-02
2.699070000000000028e-03
-7.141869999999999816e-03
-2.150540000000000090e-02
-3.610159999999999758e-02
-4.361129999999999868e-02
-4.595780000000000004e-02
-4.376089999999999841e-02
-3.262439999999999785e-02
-1.676669999999999897e-02
-3.110860000000000014e-03
1.155600000000000030e-02
2.633960000000000121e-02
3.526209999999999761e-02
3.921150000000000330e-02
3.788729999999999876e-02
3.268719999999999959e-02
2.789310000000000053e-02
2.307439999999999838e-02
2.316630000000000078e-02
3.210029999999999828e-02
4.219710000000000127e-02
5.031619999999999843e-02
5.859729999999999800e-02
6.534420000000000506e-02
6.617140000000000521e-02
5.443200000000000122e-02
3.105979999999999852e-02
6.484160000000000097e-03
-1.459839999999999922e-02
-2.934250000000000053e-02
-2.767189999999999928e-02
-1.245270000000000057e-02
5.362320000000000281e-03
2.372000000000000150e-02
3.435529999999999834e-02
3.348720000000000169e-02
2.842290000000000094e-02
2.382429999999999964e-02
2.029629999999999976e-02
1.563410000000000147e-02
9.408849999999999852e-03
-4.789099999999999802e-04
-1.256739999999999940e-02
-2.069800000000000112e-02
-2.789739999999999928e-02
-3.723289999999999933e-02
-4.417970000000000230e-02
-4.809390000000000193e-02
-4.819339999999999735e-02
-4.279440000000000327e-02
-3.728920000000000151e-02
-3.595099999999999685e-02
-3.739909999999999762e-02
-3.925229999999999692e-02
-4.076369999999999993e-02
-4.235389999999999988e-02
-4.375300000000000022e-02
-4.458489999999999676e-02
-4.510789999999999939e-02
-4.366939999999999711e-02
-3.918300000000000255e-02
-3.599900000000000322e-02
-3.727130000000000026e-02
-3.984979999999999772e-02
-4.138259999999999855e-02
-4.143820000000000142e-02
-3.609620000000000190e-02
-2.558590000000000170e-02
-1.516069999999999918e-02
-5.331490000000000361e-03
4.608880000000000095e-03
1.467309999999999968e-02
2.345389999999999975e-02
2.691520000000000024e-02
2.020610000000000114e-02
6.364879999999999843e-03
-4.280520000000000332e-03
-1.337059999999999985e-02
-2.391820000000000057e-02
-3.032690000000000038e-02
-2.848989999999999856e-02
-2.063769999999999841e-02
-1.361760000000000054e-02
-6.784450000000000029e-03
3.361049999999999975e-03
1.507679999999999958e-02
2.608989999999999920e-02
3.350419999999999787e-02
3.550840000000000246e-02
3.286859999999999782e-02
2.621389999999999831e-02
1.987210000000000018e-02
2.042400000000000118e-02
2.432060000000000125e-02
2.467520000000000130e-02
2.242210000000000036e-02
2.146740000000000106e-02
2.554479999999999945e-02
3.151589999999999947e-02
3.378239999999999715e-02
3.252270000000000161e-02
2.896639999999999979e-02
2.832950000000000051e-02
3.361490000000000311e-02
3.977479999999999905e-02
4.464350000000000263e-02
4.771260000000000084e-02
5.027129999999999793e-02
5.260990000000000111e-02
4.851930000000000132e-02
4.047499999999999709e-02
3.554960000000000064e-02
3.201869999999999716e-02
3.018430000000000071e-02
3.151110000000000022e-02
3.309549999999999992e-02
3.342040000000000288e-02
2.912440000000000168e-02
1.871739999999999862e-02
7.909889999999999283e-03
1.099120000000000088e-03
1.628969999999999984e-03
1.211489999999999963e-02
2.739950000000000024e-02
3.895219999999999932e-02
4.454430000000000195e-02
4.389230000000000215e-02
3.319840000000000291e-02
1.601580000000000018e-02
1.530850000000000049e-03
-8.415979999999999989e-03
-1.674959999999999991e-02
-2.272079999999999933e-02
-2.341589999999999991e-02
-1.949350000000000041e-02
-1.489569999999999957e-02
-1.411010000000000042e-02
-1.807519999999999960e-02
-2.385779999999999845e-02
-3.054950000000000027e-02
-3.658039999999999903e-02
-3.834359999999999852e-02
-3.525620000000000143e-02
-2.657699999999999993e-02
-1.348530000000000041e-02
-3.433709999999999974e-03
-3.762549999999999814e-04
-6.657419999999999831e-04
-2.686440000000000008e-03
-5.143540000000000265e-03
-5.997289999999999739e-03
-5.712509999999999637e-03
-6.560210000000000347e-03
-1.321909999999999925e-02
-2.430739999999999984e-02
-3.439980000000000121e-02
-4.075190000000000062e-02
-4.091129999999999767e-02
-3.686500000000000193e-02
-3.210190000000000266e-02
-2.563129999999999922e-02
-1.790649999999999881e-02
-1.264769999999999957e-02
-1.146149999999999947e-02
-1.309109999999999961e-02
-1.579119999999999829e-02
-1.981489999999999987e-02
-2.784620000000000151e-02
-3.759549999999999698e-02
-4.468140000000000306e-02
-5.182710000000000095e-02
-5.998679999999999984e-02
-6.454600000000000615e-02
-6.262059999999999849e-02
-5.543449999999999767e-02
-4.697740000000000249e-02
-3.942729999999999846e-02
-3.328740000000000171e-02
-3.009780000000000094e-02
-3.032500000000000126e-02
-3.234419999999999656e-02
-3.340019999999999795e-02
-3.122859999999999872e-02
-2.584360000000000129e-02
-1.855439999999999867e-02
-9.217319999999999333e-03
2.333430000000000053e-03
1.428570000000000013e-02
2.492839999999999986e-02
3.223279999999999895e-02
3.323220000000000340e-02
2.668519999999999920e-02
1.893270000000000022e-02
1.879820000000000102e-02
2.706319999999999906e-02
3.783650000000000208e-02
4.430710000000000204e-02
4.563989999999999714e-02
4.423089999999999661e-02
4.013919999999999988e-02
3.429549999999999960e-02
2.900159999999999891e-02
2.577460000000000168e-02
2.519769999999999996e-02
2.674870000000000025e-02
2.903280000000000097e-02
3.043910000000000018e-02
2.927130000000000010e-02
2.501830000000000026e-02
1.885979999999999948e-02
1.212139999999999919e-02
6.037609999999999678e-03
9.592309999999999509e-04
-3.888710000000000083e-03
-8.895359999999999726e-03
-1.332150000000000001e-02
-1.256909999999999972e-02
-4.397149999999999843e-03
4.771990000000000259e-03
9.078599999999999171e-03
9.016839999999999924e-03
8.229699999999999516e-03
9.277040000000000286e-03
1.277889999999999929e-02
1.685750000000000096e-02
1.667060000000000070e-02
1.023209999999999918e-02
9.013919999999999919e-04
-7.187780000000000384e-03
-1.075940000000000056e-02
-7.722409999999999865e-03
1.486710000000000028e-03
1.243230000000000030e-02
2.228420000000000054e-02
3.195060000000000261e-02
3.768259999999999665e-02
3.581460000000000199e-02
2.716249999999999915e-02
1.444310000000000038e-02
7.638449999999999754e-04
-9.159530000000000796e-03
-1.174960000000000067e-02
-9.825040000000000162e-03
-5.095429999999999751e-03
1.294589999999999977e-03
6.628079999999999736e-03
1.051179999999999996e-02
1.316020000000000037e-02
1.331040000000000001e-02
9.776909999999999767e-03
5.555339999999999757e-03
2.802119999999999958e-03
2.044659999999999794e-03
7.657180000000000410e-03
1.743789999999999923e-02
2.588520000000000057e-02
3.585250000000000242e-02
4.493260000000000309e-02
4.699090000000000211e-02
4.493950000000000028e-02
3.985860000000000097e-02
3.112840000000000051e-02
2.332570000000000129e-02
1.629480000000000164e-02
6.922180000000000000e-03
-3.672379999999999829e-03
-1.331970000000000029e-02
-2.032749999999999835e-02
-2.286540000000000100e-02
-2.153870000000000090e-02
-1.962629999999999930e-02
-1.876330000000000012e-02
-1.920070000000000110e-02
-2.070129999999999887e-02
-2.412100000000000008e-02
-2.968120000000000133e-02
-3.418849999999999667e-02
-3.897790000000000282e-02
-4.691370000000000262e-02
-5.571160000000000001e-02
-6.001689999999999803e-02
-5.585439999999999849e-02
-4.734669999999999851e-02
-3.984410000000000035e-02
-3.265010000000000134e-02
-2.627029999999999990e-02
-2.304269999999999929e-02
-2.092959999999999959e-02
-1.833040000000000017e-02
-1.634700000000000042e-02
-1.415029999999999934e-02
-1.132020000000000075e-02
-7.917659999999999976e-03
-2.143050000000000076e-03
3.988969999999999669e-03
7.432850000000000394e-03
9.638459999999999736e-03
1.060569999999999916e-02
1.030790000000000005e-02
1.140979999999999946e-02
1.212500000000000036e-02
7.029480000000000277e-03
-2.074180000000000121e-03
-8.405469999999999955e-03
-8.993869999999999296e-03
-1.171839999999999948e-03
1.500809999999999991e-02
3.076979999999999993e-02
4.022760000000000224e-02
3.985020000000000229e-02
2.688190000000000024e-02
1.049029999999999928e-02
-5.301880000000000134e-03
-2.454469999999999916e-02
-3.857970000000000149e-02
-3.881190000000000334e-02
-3.224189999999999695e-02
-2.356149999999999911e-02
-1.036190000000000028e-02
2.472129999999999900e-03
9.475350000000000439e-03
1.116559999999999948e-02
8.143269999999999328e-03
1.551609999999999925e-03
-4.715569999999999658e-03
-9.530449999999999339e-03
-1.278299999999999922e-02
-1.144599999999999958e-02
-7.025560000000000138e-03
-1.266839999999999980e-03
7.617190000000000245e-03
1.669290000000000010e-02
2.101599999999999996e-02
1.882280000000000064e-02
1.183039999999999960e-02
3.928120000000000223e-03
-2.064330000000000071e-03
-4.811629999999999900e-03
-6.606899999999999752e-03
-9.751420000000000227e-03
-1.257010000000000072e-02
-1.312810000000000019e-02
-1.097090000000000044e-02
-8.179519999999999152e-03
-5.577460000000000230e-03
-3.708509999999999932e-03
-4.849370000000000416e-03
-7.509960000000000420e-03
-8.844670000000000656e-03
-7.534029999999999720e-03
-4.415389999999999940e-03
-1.084110000000000108e-03
1.189930000000000068e-03
1.755800000000000069e-03
4.846630000000000209e-03
1.201769999999999922e-02
1.938679999999999917e-02
2.487280000000000046e-02
2.667100000000000026e-02
2.381700000000000136e-02
1.841179999999999900e-02
1.291929999999999988e-02
8.402869999999999784e-03
7.360470000000000033e-03
1.173919999999999998e-02
1.964770000000000058e-02
2.980899999999999869e-02
3.959780000000000244e-02
4.556860000000000077e-02
4.861089999999999856e-02
4.925210000000000005e-02
4.571940000000000032e-02
3.812929999999999792e-02
3.010140000000000038e-02
2.368929999999999994e-02
1.726629999999999832e-02
1.097129999999999980e-02
6.101200000000000200e-03
4.231350000000000042e-03
6.711270000000000083e-03
1.010529999999999935e-02
1.199569999999999977e-02
1.228120000000000080e-02
9.165819999999999870e-03
4.002290000000000361e-03
-1.827429999999999896e-03
-7.887059999999999557e-03
-1.314919999999999978e-02
-1.656310000000000074e-02
-1.550610000000000009e-02
-1.181579999999999957e-02
-9.036459999999999632e-03
-6.280649999999999601e-03
-4.190489999999999840e-03
-4.901270000000000106e-03
-8.178200000000000053e-03
-1.390410000000000083e-02
-2.056149999999999992e-02
-2.530280000000000029e-02
-2.796960000000000071e-02
-2.794630000000000031e-02
-2.430380000000000040e-02
-1.855069999999999983e-02
-1.199449999999999995e-02
-5.382470000000000310e-03
-2.985429999999999855e-03
-7.111609999999999980e-03
-1.353260000000000053e-02
-2.132550000000000071e-02
-3.022559999999999830e-02
-3.759239999999999804e-02
-4.274320000000000203e-02
-4.645649999999999780e-02
-4.772200000000000053e-02
-4.437080000000000191e-02
-3.916139999999999899e-02
-3.322440000000000115e-02
-2.615380000000000135e-02
-1.975350000000000023e-02
-1.520359999999999941e-02
-1.609400000000000067e-02
-2.121220000000000050e-02
-2.561139999999999944e-02
-2.972330000000000111e-02
-3.376280000000000253e-02
-3.550049999999999734e-02
-3.272669999999999746e-02
-2.702090000000000047e-02
-2.099439999999999987e-02
-1.440989999999999979e-02
-8.449709999999999166e-03
-4.359769999999999791e-03
-3.240119999999999979e-03
-4.729559999999999841e-03
-5.910999999999999588e-03
-5.089899999999999633e-03
-2.637249999999999837e-03
-8.702090000000000432e-04
-4.357230000000000022e-04
-1.113229999999999992e-03
-3.876370000000000076e-03
-9.008850000000000538e-03
-1.670610000000000150e-02
-2.324669999999999861e-02
-2.440809999999999855e-02
-2.063459999999999947e-02
-1.414140000000000015e-02
-6.712049999999999787e-03
7.455749999999999487e-04
3.032379999999999885e-03
-9.444580000000000163e-04
-4.358859999999999991e-03
-5.049810000000000063e-03
-2.664479999999999887e-03
2.864409999999999960e-03
9.632069999999999521e-03
1.670019999999999838e-02
2.286940000000000153e-02
2.668560000000000029e-02
2.862429999999999836e-02
2.945050000000000098e-02
2.997439999999999827e-02
3.246450000000000030e-02
3.707699999999999885e-02
4.315800000000000192e-02
4.970560000000000256e-02
5.517709999999999976e-02
5.942050000000000110e-02
6.223540000000000322e-02
6.210079999999999767e-02
5.914429999999999688e-02
5.570470000000000282e-02
5.346449999999999814e-02
5.449779999999999902e-02
5.703529999999999711e-02
5.778969999999999940e-02
5.597230000000000261e-02
5.099639999999999729e-02
4.328100000000000003e-02
3.300850000000000312e-02
2.317150000000000112e-02
1.594720000000000165e-02
1.006240000000000086e-02
7.236710000000000365e-03
8.645409999999999207e-03
1.121139999999999984e-02
1.260909999999999982e-02
1.355669999999999965e-02
1.337149999999999971e-02
9.993649999999999756e-03
4.126020000000000208e-03
-1.798979999999999937e-03
-7.457079999999999612e-03
-1.282209999999999947e-02
-1.691840000000000011e-02
-1.897439999999999891e-02
-1.696440000000000101e-02
-1.252460000000000032e-02
-8.760469999999999369e-03
-4.344439999999999760e-03
1.212200000000000083e-03
7.561090000000000345e-03
1.415040000000000048e-02
1.915249999999999939e-02
2.215129999999999877e-02
2.046589999999999868e-02
1.391380000000000047e-02
7.694590000000000284e-03
1.271819999999999895e-03
-6.360440000000000191e-03
-1.129160000000000059e-02
-1.362269999999999974e-02
-1.606859999999999886e-02
-1.815560000000000090e-02
-1.949199999999999891e-02
-2.115399999999999919e-02
-2.424799999999999872e-02
-2.874679999999999944e-02
-3.319180000000000047e-02
-3.452809999999999907e-02
-3.042500000000000066e-02
-2.476499999999999882e-02
-1.887909999999999935e-02
-1.009469999999999985e-02
-2.090900000000000137e-03
3.033919999999999846e-03
8.226580000000000698e-03
1.207120000000000068e-02
1.329100000000000073e-02
1.488530000000000061e-02
1.546009999999999919e-02
1.269310000000000056e-02
9.651639999999999525e-03
7.161429999999999879e-03
3.790720000000000027e-03
5.450949999999999979e-04
-2.348890000000000179e-03
-4.395389999999999887e-03
-4.181889999999999739e-03
-3.183909999999999865e-03
-2.631819999999999993e-03
-1.448400000000000078e-03
1.610649999999999929e-03
6.524839999999999633e-03
1.195809999999999929e-02
1.759590000000000112e-02
2.361059999999999895e-02
2.723240000000000036e-02
2.595810000000000131e-02
2.352009999999999865e-02
2.224920000000000023e-02
2.100609999999999977e-02
2.105599999999999833e-02
2.193219999999999892e-02
2.283960000000000157e-02
2.348070000000000018e-02
2.116569999999999910e-02
1.696720000000000173e-02
1.275279999999999990e-02
6.508899999999999755e-03
-2.734260000000000076e-04
-5.750840000000000118e-03
-1.090089999999999983e-02
-1.396430000000000067e-02
-1.487959999999999977e-02
-1.653649999999999912e-02
-1.855309999999999945e-02
-1.977340000000000000e-02
-2.079399999999999998e-02
-2.289980000000000140e-02
-2.521850000000000133e-02
-2.420399999999999982e-02
-2.159449999999999911e-02
-2.144949999999999982e-02
-2.196980000000000113e-02
-2.167480000000000101e-02
-2.265479999999999924e-02
-2.484429999999999972e-02
-2.664940000000000017e-02
-2.779670000000000057e-02
-2.832700000000000148e-02
-2.863689999999999986e-02
-2.821529999999999871e-02
-2.656649999999999984e-02
-2.450859999999999844e-02
-2.192430000000000073e-02
-1.888219999999999829e-02
-1.607700000000000101e-02
-1.621589999999999837e-02
-2.080660000000000148e-02
-2.587450000000000166e-02
-3.033459999999999976e-02
-3.606750000000000234e-02
-4.166659999999999808e-02
-4.501340000000000202e-02
-4.654019999999999685e-02
-4.565380000000000132e-02
-4.111229999999999746e-02
-3.610569999999999752e-02
-3.169059999999999933e-02
-2.661689999999999889e-02
-2.458770000000000053e-02
-2.681450000000000153e-02
-2.864579999999999904e-02
-2.851750000000000118e-02
-2.662940000000000099e-02
-2.300309999999999855e-02
-1.905950000000000005e-02
-1.472339999999999934e-02
-1.042799999999999977e-02
-6.963699999999999751e-03
-5.296760000000000183e-03
-6.924519999999999981e-03
-9.502719999999999223e-03
-1.063979999999999961e-02
-1.168480000000000039e-02
-1.287100000000000050e-02
-1.256299999999999951e-02
-1.126680000000000043e-02
-1.033000000000000064e-02
-9.186420000000000696e-03
-7.605109999999999995e-03
-6.275730000000000197e-03
-6.079730000000000203e-03
-6.599309999999999725e-03
-6.113359999999999975e-03
-5.392019999999999973e-03
-4.155100000000000113e-03
-5.633310000000000314e-04
3.344370000000000155e-03
7.319680000000000283e-03
1.292740000000000035e-02
1.734590000000000090e-02
1.875049999999999981e-02
1.884780000000000136e-02
1.881369999999999917e-02
1.868169999999999900e-02
1.949750000000000094e-02
2.176190000000000069e-02
2.480109999999999953e-02
2.986070000000000044e-02
3.655219999999999997e-02
4.322949999999999710e-02
5.039500000000000229e-02
5.594330000000000136e-02
5.851499999999999757e-02
6.081770000000000231e-02
5.973440000000000000e-02
5.313020000000000242e-02
4.442999999999999727e-02
3.190790000000000293e-02
1.737429999999999877e-02
6.316040000000000196e-03
-7.758069999999999398e-05
-3.626419999999999991e-03
-6.236489999999999916e-03
-6.059769999999999913e-03
-4.417360000000000383e-03
-3.265290000000000119e-03
-8.284909999999999931e-04
2.086549999999999950e-03
4.785059999999999834e-03
7.863790000000000710e-03
1.018699999999999987e-02
1.171409999999999986e-02
1.227460000000000009e-02
1.013919999999999925e-02
8.116319999999999785e-03
9.204300000000000329e-03
1.178120000000000035e-02
1.590739999999999862e-02
2.069110000000000046e-02
2.329590000000000133e-02
2.384440000000000170e-02
2.235530000000000156e-02
1.909419999999999867e-02
1.484989999999999921e-02
9.172009999999999538e-03
3.580910000000000083e-03
-8.206679999999999834e-04
-5.496380000000000363e-03
-1.157069999999999974e-02
-1.835579999999999851e-02
-2.361140000000000114e-02
-2.735500000000000084e-02
-2.978530000000000066e-02
-2.787299999999999847e-02
-2.318440000000000084e-02
-2.048540000000000083e-02
-2.044170000000000015e-02
-2.147750000000000006e-02
-2.228629999999999847e-02
-2.223210000000000117e-02
-2.072250000000000134e-02
-1.881549999999999889e-02
-1.765239999999999865e-02
-1.649959999999999968e-02
-1.326300000000000048e-02
-7.096970000000000188e-03
-5.129759999999999485e-04
5.917119999999999672e-03
1.314629999999999965e-02
1.859310000000000129e-02
2.026100000000000123e-02
1.938660000000000036e-02
1.686340000000000061e-02
1.357560000000000017e-02
9.742799999999999377e-03
7.854150000000000714e-03
1.058809999999999960e-02
1.379810000000000064e-02
1.464009999999999964e-02
1.342330000000000086e-02
1.055509999999999955e-02
7.733519999999999804e-03
4.458450000000000087e-03
3.211209999999999933e-03
7.188220000000000373e-03
1.189780000000000004e-02
1.447820000000000010e-02
1.625510000000000149e-02
1.600419999999999968e-02
1.338549999999999983e-02
1.026999999999999962e-02
6.367239999999999706e-03
4.138649999999999794e-03
6.557669999999999819e-03
9.376340000000000369e-03
1.077469999999999990e-02
1.178350000000000057e-02
1.081050000000000066e-02
9.140840000000000770e-03
8.157769999999999952e-03
6.567779999999999625e-03
3.503259999999999794e-03
5.114810000000000450e-04
-2.031190000000000046e-04
-9.759290000000000543e-05
-1.300390000000000009e-03
-3.420739999999999805e-03
-5.116260000000000079e-03
-6.246210000000000304e-03
-7.226699999999999964e-03
-6.538290000000000421e-03
-4.295430000000000255e-03
-2.306040000000000086e-03
2.031640000000000084e-04
2.459499999999999881e-03
1.574459999999999965e-03
-7.730429999999999507e-04
-2.638430000000000202e-03
-6.444349999999999731e-03
-1.116639999999999994e-02
-1.425509999999999972e-02
-1.675540000000000015e-02
-1.873230000000000034e-02
-2.007890000000000022e-02
-2.039219999999999922e-02
-1.871619999999999881e-02
-1.423029999999999955e-02
-6.275369999999999733e-03
9.421539999999999516e-04
5.463250000000000224e-03
9.304609999999999617e-03
1.082059999999999966e-02
9.293569999999999262e-03
6.810489999999999773e-03
2.493469999999999801e-03
-5.776120000000000039e-03
-1.349859999999999949e-02
-1.721989999999999979e-02
-1.968069999999999889e-02
-2.059659999999999963e-02
-1.910109999999999933e-02
-1.711319999999999855e-02
-1.691319999999999976e-02
-1.987010000000000165e-02
-2.339679999999999885e-02
-2.528829999999999967e-02
-2.691469999999999974e-02
-2.746629999999999905e-02
-2.599780000000000146e-02
-2.452860000000000110e-02
-2.316850000000000159e-02
-2.179249999999999937e-02
-2.203379999999999922e-02
-2.307369999999999907e-02
-2.335720000000000157e-02
-2.346480000000000093e-02
-2.272499999999999867e-02
-2.010850000000000137e-02
-1.732279999999999931e-02
-1.477679999999999966e-02
-1.156749999999999966e-02
-8.342679999999999887e-03
-4.714809999999999834e-03
-4.190129999999999810e-05
4.460620000000000210e-03
8.375550000000000703e-03
1.238200000000000064e-02
1.616980000000000153e-02
1.939990000000000117e-02
2.243250000000000105e-02
2.495050000000000046e-02
2.686689999999999912e-02
2.870709999999999928e-02
2.991169999999999940e-02
3.050699999999999940e-02
3.081789999999999877e-02
3.014319999999999847e-02
2.978520000000000126e-02
3.095639999999999850e-02
3.187410000000000243e-02
3.175800000000000151e-02
3.179830000000000156e-02
3.141359999999999986e-02
2.903599999999999931e-02
2.564779999999999838e-02
2.137789999999999829e-02
1.567460000000000034e-02
1.107110000000000039e-02
7.861339999999999648e-03
5.702470000000000282e-03
5.900579999999999888e-03
6.460989999999999789e-03
6.302010000000000250e-03
6.391820000000000314e-03
5.707160000000000184e-03
3.961120000000000266e-03
2.779390000000000072e-03
2.769209999999999814e-03
2.917229999999999823e-03
3.416010000000000140e-03
5.768760000000000381e-03
9.084399999999999420e-03
1.147469999999999914e-02
1.322770000000000022e-02
1.511329999999999965e-02
1.485170000000000066e-02
1.096250000000000002e-02
6.771010000000000049e-03
3.548200000000000052e-03
7.688489999999999973e-05
-3.424620000000000181e-03
-6.009239999999999894e-03
-6.994120000000000371e-03
-7.543339999999999941e-03
-8.376740000000000574e-03
-8.850669999999999718e-03
-9.120889999999999553e-03
-9.731260000000000257e-03
-1.116469999999999962e-02
-1.316059999999999973e-02
-1.516430000000000035e-02
-1.725140000000000007e-02
-1.888199999999999948e-02
-1.944349999999999898e-02
-1.829110000000000111e-02
-1.557839999999999919e-02
-1.310590000000000019e-02
-1.091570000000000040e-02
-8.424130000000000160e-03
-7.616969999999999817e-03
-9.104869999999999283e-03
-1.041530000000000060e-02
-1.092620000000000050e-02
-1.161700000000000059e-02
-1.234679999999999979e-02
-1.333069999999999915e-02
-1.498479999999999951e-02
-1.621519999999999906e-02
-1.635340000000000057e-02
-1.681969999999999993e-02
-1.830210000000000170e-02
-1.980509999999999909e-02
-2.096249999999999850e-02
-2.218120000000000161e-02
-2.376050000000000037e-02
-2.596880000000000022e-02
-2.578280000000000155e-02
-2.077199999999999880e-02
-1.496849999999999917e-02
-1.002830000000000041e-02
-4.351550000000000036e-03
4.662059999999999880e-04
3.513290000000000076e-03
4.678550000000000070e-03
3.213220000000000139e-03
1.217210000000000037e-03
1.582499999999999841e-05
-6.053840000000000436e-04
1.053969999999999994e-03
4.436490000000000399e-03
8.243630000000000055e-03
1.321270000000000083e-02
1.930130000000000040e-02
2.508140000000000022e-02
2.800189999999999971e-02
2.818220000000000100e-02
2.660989999999999883e-02
2.303449999999999942e-02
1.937499999999999986e-02
1.596020000000000078e-02
1.178940000000000023e-02
8.826769999999999408e-03
9.285949999999999413e-03
1.115299999999999972e-02
1.246539999999999974e-02
1.525460000000000010e-02
1.922820000000000085e-02
2.130649999999999905e-02
2.169839999999999963e-02
2.234589999999999840e-02
2.274989999999999998e-02
2.251049999999999926e-02
2.219559999999999936e-02
2.109499999999999917e-02
1.926589999999999900e-02
1.746740000000000098e-02
1.531290000000000082e-02
1.389959999999999980e-02
1.465050000000000033e-02
1.581240000000000076e-02
1.596099999999999949e-02
1.603740000000000027e-02
1.586510000000000004e-02
1.446689999999999955e-02
1.274179999999999931e-02
1.174769999999999981e-02
1.112080000000000013e-02
1.049959999999999956e-02
1.021539999999999948e-02
1.024169999999999942e-02
1.011220000000000001e-02
1.014010000000000085e-02
9.814629999999999535e-03
6.594789999999999680e-03
1.294409999999999962e-03
-2.529130000000000093e-03
-5.358319999999999750e-03
-8.047250000000000583e-03
-9.821480000000000488e-03
-1.260400000000000062e-02
-1.753510000000000138e-02
-2.202029999999999960e-02
-2.466149999999999939e-02
-2.665990000000000026e-02
-2.796140000000000084e-02
-2.802870000000000014e-02
-2.773940000000000086e-02
-2.735450000000000034e-02
-2.685689999999999952e-02
-2.653890000000000068e-02
-2.631100000000000105e-02
-2.614659999999999901e-02
-2.538139999999999841e-02
-2.364669999999999966e-02
-2.155270000000000102e-02
-1.878329999999999930e-02
-1.560809999999999975e-02
-1.337310000000000061e-02
-1.188200000000000020e-02
-1.164040000000000040e-02
-1.344320000000000064e-02
-1.543070000000000032e-02
-1.699169999999999847e-02
-1.899040000000000103e-02
-2.085379999999999873e-02
-2.190260000000000123e-02
-2.259929999999999925e-02
-2.273259999999999864e-02
-2.080890000000000170e-02
-1.780280000000000057e-02
-1.508490000000000004e-02
-1.175730000000000004e-02
-8.172989999999999769e-03
-5.117639999999999689e-03
-2.177249999999999932e-03
8.651349999999999492e-04
4.053850000000000335e-03
7.345510000000000407e-03
9.763100000000000250e-03
1.088880000000000056e-02
1.191140000000000081e-02
1.269039999999999925e-02
1.271369999999999965e-02
1.210879999999999942e-02
9.950550000000000714e-03
7.119079999999999853e-03
5.898089999999999930e-03
7.484509999999999774e-03
1.122650000000000037e-02
1.557230000000000072e-02
1.976580000000000004e-02
2.186209999999999889e-02
2.076549999999999924e-02
1.788959999999999856e-02
1.487300000000000080e-02
1.246799999999999992e-02
1.118800000000000003e-02
1.270809999999999995e-02
1.582139999999999935e-02
1.744959999999999914e-02
1.859900000000000095e-02
1.895550000000000013e-02
1.690159999999999926e-02
1.461559999999999943e-02
1.296089999999999916e-02
1.118710000000000017e-02
9.598380000000000106e-03
8.029730000000000548e-03
7.246650000000000313e-03
8.105440000000000214e-03
9.221520000000000411e-03
1.033809999999999937e-02
1.064249999999999918e-02
8.058509999999999632e-03
5.043009999999999680e-03
3.422779999999999833e-03
1.473570000000000001e-03
-4.354660000000000215e-04
-1.660639999999999903e-03
-2.522879999999999914e-03
-2.933390000000000129e-03
-2.976040000000000109e-03
-2.024849999999999914e-03
-1.156780000000000048e-03
-3.262549999999999912e-03
-6.476619999999999773e-03
-7.854349999999999526e-03
-8.825309999999999405e-03
-9.200919999999999585e-03
-8.640760000000000801e-03
-9.862380000000000452e-03
-1.260299999999999962e-02
-1.491699999999999970e-02
-1.755939999999999931e-02
-2.066849999999999937e-02
-2.341620000000000160e-02
-2.570259999999999906e-02
-2.752769999999999870e-02
-2.822430000000000078e-02
-2.707089999999999844e-02
-2.554359999999999964e-02
-2.458899999999999975e-02
-2.343759999999999941e-02
-2.214110000000000036e-02
-2.074700000000000155e-02
-1.989169999999999827e-02
-2.094350000000000031e-02
-2.282380000000000173e-02
-2.435029999999999833e-02
-2.555429999999999854e-02
-2.414240000000000136e-02
-2.001220000000000082e-02
-1.511350000000000020e-02
-9.247039999999999774e-03
-3.949099999999999659e-03
3.830810000000000004e-05
4.163919999999999774e-03
8.072869999999999352e-03
1.094610000000000027e-02
1.304429999999999999e-02
1.509420000000000033e-02
1.709439999999999918e-02
1.880539999999999989e-02
2.045229999999999965e-02
2.134420000000000067e-02
2.107739999999999961e-02
2.079970000000000083e-02
2.122900000000000134e-02
2.222050000000000067e-02
2.357609999999999914e-02
2.514889999999999834e-02
2.663280000000000161e-02
2.794249999999999859e-02
2.877959999999999893e-02
2.860009999999999983e-02
2.853910000000000127e-02
3.048469999999999999e-02
3.317549999999999666e-02
3.396890000000000326e-02
3.395030000000000270e-02
3.407650000000000262e-02
3.320990000000000053e-02
3.205820000000000197e-02
3.119699999999999904e-02
3.012230000000000116e-02
2.864970000000000017e-02
2.671350000000000113e-02
2.457200000000000009e-02
2.226569999999999938e-02
1.994430000000000161e-02
1.795650000000000024e-02
1.600810000000000080e-02
1.379490000000000056e-02
1.163209999999999938e-02
1.029320000000000061e-02
9.541829999999999409e-03
7.404469999999999802e-03
3.800099999999999832e-03
6.310130000000000383e-04
-2.479949999999999863e-03
-5.355890000000000303e-03
-5.514660000000000221e-03
-3.936549999999999598e-03
-2.892099999999999879e-03
-1.790799999999999944e-03
-1.985569999999999870e-03
-4.363309999999999585e-03
-6.821490000000000366e-03
-9.614350000000000673e-03
-1.313669999999999942e-02
-1.635759999999999992e-02
-1.942570000000000061e-02
-2.247019999999999920e-02
-2.533540000000000098e-02
-2.807600000000000026e-02
-3.070130000000000081e-02
-3.318600000000000022e-02
-3.484090000000000104e-02
-3.393329999999999957e-02
-3.007560000000000094e-02
-2.660710000000000158e-02
-2.502940000000000026e-02
-2.367850000000000163e-02
-2.340860000000000163e-02
-2.427150000000000141e-02
-2.501410000000000092e-02
-2.630990000000000065e-02
-2.797499999999999987e-02
-2.775719999999999923e-02
-2.494700000000000042e-02
-2.204829999999999984e-02
-1.979610000000000050e-02
-1.692899999999999960e-02
-1.430239999999999984e-02
-1.418499999999999969e-02
-1.609050000000000064e-02
-1.755479999999999888e-02
-1.891040000000000082e-02
-2.101919999999999830e-02
-2.177269999999999900e-02
-1.933249999999999899e-02
-1.586260000000000100e-02
-1.279980000000000007e-02
-8.640139999999999279e-03
-4.750299999999999835e-03
-4.506809999999999983e-03
-6.608120000000000313e-03
-7.927230000000000387e-03
-9.175680000000000294e-03
-1.096789999999999918e-02
-1.144489999999999917e-02
-8.876439999999999331e-03
-4.876300000000000079e-03
-1.611140000000000055e-03
2.053680000000000002e-03
4.906129999999999866e-03
4.230949999999999815e-03
2.295070000000000183e-03
1.460149999999999903e-03
6.708219999999999548e-04
4.157529999999999885e-04
2.159560000000000039e-03
4.594799999999999579e-03
6.511480000000000046e-03
8.618529999999999247e-03
1.095349999999999970e-02
1.226829999999999934e-02
1.140820000000000028e-02
9.697439999999999879e-03
8.723820000000000185e-03
7.719130000000000262e-03
6.497170000000000029e-03
6.578589999999999612e-03
8.599920000000000481e-03
1.068760000000000022e-02
1.174219999999999951e-02
1.281559999999999991e-02
1.448110000000000022e-02
1.650789999999999896e-02
1.738900000000000168e-02
1.623130000000000059e-02
1.474879999999999941e-02
1.320699999999999999e-02
1.126719999999999978e-02
1.045749999999999978e-02
1.047449999999999944e-02
1.006390000000000062e-02
9.556310000000000152e-03
9.146079999999999141e-03
8.722570000000000670e-03
8.507199999999999485e-03
8.240509999999999502e-03
7.253820000000000233e-03
5.740750000000000193e-03
4.472610000000000127e-03
3.909280000000000220e-03
4.004490000000000306e-03
4.028290000000000343e-03
3.727419999999999952e-03
3.438510000000000091e-03
3.279740000000000173e-03
3.252740000000000058e-03
3.262300000000000096e-03
2.793369999999999881e-03
1.849850000000000105e-03
1.549000000000000030e-03
1.779259999999999956e-03
1.919209999999999970e-03
2.153899999999999825e-03
1.435080000000000036e-03
-4.837339999999999869e-04
-2.105860000000000197e-03
-3.075399999999999835e-03
-2.732640000000000156e-03
-7.018249999999999966e-04
1.035960000000000049e-03
1.967169999999999856e-03
3.088790000000000112e-03
3.886039999999999894e-03
4.326280000000000056e-03
4.618330000000000352e-03
3.534390000000000101e-03
1.696210000000000079e-03
1.113470000000000085e-03
1.303150000000000098e-03
2.298199999999999809e-03
4.924360000000000022e-03
7.349610000000000344e-03
8.668399999999999717e-03
1.003989999999999917e-02
1.173319999999999919e-02
1.341980000000000083e-02
1.480380000000000064e-02
1.585719999999999838e-02
1.609119999999999995e-02
1.506880000000000025e-02
1.353619999999999997e-02
1.139130000000000004e-02
8.835100000000000245e-03
6.918449999999999600e-03
5.195970000000000276e-03
3.447819999999999878e-03
2.146449999999999834e-03
1.074000000000000085e-03
3.403139999999999811e-04
7.830120000000000309e-04
2.173099999999999858e-03
3.351980000000000064e-03
4.409139999999999761e-03
5.445529999999999642e-03
5.997869999999999764e-03
6.720089999999999744e-03
7.684279999999999930e-03
7.591070000000000109e-03
6.273940000000000419e-03
3.723440000000000170e-03
4.285579999999999988e-04
-1.924270000000000060e-03
-4.337429999999999758e-03
-5.936109999999999651e-03
-2.976780000000000051e-03
1.622610000000000025e-03
4.173299999999999579e-03
6.778010000000000111e-03
8.341629999999999184e-03
7.190600000000000117e-03
5.456189999999999651e-03
3.009019999999999837e-03
-5.674700000000000404e-04
-2.163879999999999970e-03
-3.713570000000000022e-04
1.251160000000000076e-03
1.028229999999999986e-03
-1.573730000000000127e-04
-2.123490000000000013e-03
-3.959120000000000000e-03
-5.487599999999999596e-03
-7.191969999999999787e-03
-9.132080000000000752e-03
-1.128389999999999949e-02
-1.341939999999999973e-02
-1.533329999999999936e-02
-1.638169999999999904e-02
-1.658050000000000149e-02
-1.665919999999999901e-02
-1.621720000000000106e-02
-1.557930000000000079e-02
-1.582290000000000085e-02
-1.644999999999999934e-02
-1.700310000000000016e-02
-1.737719999999999890e-02
-1.606039999999999898e-02
-1.329780000000000025e-02
-1.093120000000000029e-02
-8.814010000000000594e-03
-6.832020000000000280e-03
-6.317829999999999974e-03
-8.020140000000000255e-03
-1.019049999999999991e-02
-1.154529999999999966e-02
-1.269720000000000050e-02
-1.318579999999999926e-02
-1.246829999999999987e-02
-1.039280000000000065e-02
-7.806620000000000226e-03
-6.532070000000000064e-03
-6.282529999999999712e-03
-6.564519999999999904e-03
-7.649910000000000217e-03
-8.442339999999999567e-03
-7.940110000000000223e-03
-6.799290000000000368e-03
-5.796149999999999913e-03
-4.349579999999999592e-03
-1.661909999999999950e-03
1.180899999999999919e-03
2.812180000000000062e-03
3.403429999999999823e-03
3.103970000000000166e-03
2.990790000000000115e-03
3.894069999999999910e-03
4.991690000000000016e-03
5.973789999999999656e-03
6.772499999999999874e-03
7.730319999999999726e-03
9.437499999999999709e-03
1.101180000000000041e-02
1.168330000000000063e-02
1.165500000000000043e-02
1.067799999999999999e-02
9.298090000000000174e-03
8.503349999999999798e-03
8.554849999999999260e-03
9.141029999999999642e-03
9.477859999999999410e-03
9.322689999999999796e-03
8.576419999999999530e-03
7.999829999999999441e-03
8.137010000000000076e-03
7.188579999999999970e-03
4.945650000000000220e-03
3.125779999999999878e-03
1.517380000000000031e-03
-4.327949999999999788e-04
-1.982149999999999797e-03
-1.933049999999999959e-03
-5.986799999999999804e-04
3.341689999999999917e-04
1.063149999999999902e-03
1.701859999999999918e-03
1.393869999999999961e-03
6.025880000000000385e-04
-5.724019999999999586e-04
-2.210639999999999827e-03
-4.005019999999999761e-03
-6.215880000000000016e-03
-7.747770000000000178e-03
-6.906780000000000384e-03
-4.993949999999999605e-03
-3.411149999999999946e-03
-1.876599999999999970e-03
-1.926839999999999976e-03
-3.649200000000000013e-03
-5.209039999999999851e-03
-7.061460000000000306e-03
-9.291570000000000731e-03
-1.137980000000000068e-02
-1.325609999999999983e-02
-1.334119999999999924e-02
-1.173569999999999995e-02
-1.058710000000000033e-02
-9.780030000000000320e-03
-9.249659999999999827e-03
-9.499270000000000630e-03
-8.845749999999999447e-03
-6.776220000000000333e-03
-5.054389999999999751e-03
-4.056630000000000305e-03
-3.857150000000000162e-03
-4.741959999999999925e-03
-6.067389999999999763e-03
-7.843090000000000478e-03
-1.002519999999999974e-02
-1.234170000000000059e-02
-1.467030000000000070e-02
-1.689739999999999992e-02
-1.778779999999999945e-02
-1.618510000000000087e-02
-1.427220000000000051e-02
-1.328099999999999940e-02
-1.210430000000000013e-02
-1.100989999999999955e-02
-1.014280000000000043e-02
-8.690470000000000486e-03
-6.276499999999999961e-03
-2.825160000000000171e-03
1.102169999999999973e-03
5.089859999999999871e-03
9.210380000000000650e-03
1.237629999999999980e-02
1.425489999999999917e-02
1.569629999999999984e-02
1.533299999999999941e-02
1.211579999999999949e-02
8.369609999999999550e-03
5.292309999999999723e-03
2.379360000000000069e-03
4.990179999999999714e-05
-1.191360000000000032e-03
-1.083360000000000009e-03
-5.252380000000000015e-05
1.402059999999999895e-03
2.580960000000000198e-03
3.085819999999999969e-03
3.360919999999999880e-03
3.067999999999999981e-03
2.268029999999999873e-03
1.412899999999999920e-03
7.633240000000000120e-04
1.307760000000000042e-03
2.529819999999999899e-03
3.046060000000000174e-03
3.350269999999999811e-03
3.560890000000000149e-03
3.136159999999999816e-03
3.593480000000000025e-03
6.036309999999999593e-03
8.638770000000000476e-03
1.058349999999999916e-02
1.224279999999999986e-02
1.323079999999999916e-02
1.318599999999999980e-02
1.152019999999999954e-02
9.292979999999999297e-03
7.762429999999999851e-03
6.197170000000000109e-03
4.751319999999999849e-03
4.014280000000000279e-03
4.304360000000000130e-03
6.243519999999999799e-03
8.063179999999999653e-03
8.507759999999999628e-03
9.051319999999999852e-03
9.410780000000000534e-03
8.920980000000000229e-03
8.426150000000000306e-03
7.993480000000000724e-03
7.495800000000000379e-03
7.139979999999999764e-03
6.785049999999999935e-03
6.895840000000000303e-03
8.230329999999999244e-03
9.910709999999999659e-03
9.510330000000000866e-03
6.848349999999999577e-03
4.281830000000000358e-03
1.891319999999999937e-03
-8.451799999999999547e-04
-3.057139999999999858e-03
-4.792099999999999659e-03
-6.214270000000000037e-03
-7.323760000000000339e-03
-8.379019999999999177e-03
-9.028279999999999639e-03
-8.577359999999999152e-03
-6.808230000000000184e-03
-4.459949999999999852e-03
-2.262600000000000028e-03
1.491089999999999983e-04
2.778529999999999976e-03
4.778949999999999691e-03
5.956780000000000061e-03
6.441180000000000343e-03
6.430149999999999928e-03
6.734730000000000404e-03
7.280319999999999847e-03
7.454299999999999642e-03
6.819890000000000327e-03
5.017790000000000271e-03
2.857909999999999964e-03
8.514630000000000028e-04
-1.090129999999999919e-03
-2.722070000000000045e-03
-3.949560000000000397e-03
-4.363839999999999907e-03
-4.004149999999999723e-03
-3.154329999999999894e-03
-1.539610000000000067e-03
-2.880889999999999992e-04
-5.421100000000000528e-04
-1.621049999999999965e-03
-2.882560000000000157e-03
-3.752329999999999902e-03
-3.680629999999999839e-03
-3.051449999999999822e-03
-2.472709999999999925e-03
-1.930639999999999960e-03
-1.167150000000000045e-03
-1.144279999999999961e-04
4.807410000000000242e-04
9.591380000000000316e-05
-3.671670000000000034e-04
-7.642319999999999973e-04
-1.233790000000000017e-03
6.159860000000000075e-04
6.042940000000000117e-03
1.000520000000000055e-02
1.063650000000000012e-02
1.189349999999999956e-02
1.276829999999999979e-02
1.228970000000000062e-02
1.219029999999999940e-02
1.185819999999999930e-02
1.095439999999999955e-02
1.011429999999999968e-02
9.329070000000000071e-03
8.254410000000000219e-03
6.762920000000000390e-03
4.743279999999999892e-03
2.435140000000000134e-03
1.482990000000000003e-03
2.275800000000000132e-03
3.036880000000000048e-03
3.439150000000000193e-03
3.455619999999999959e-03
2.567530000000000159e-03
3.676430000000000171e-04
-2.274060000000000057e-03
-3.401040000000000139e-03
-4.151870000000000213e-03
-5.278879999999999684e-03
-5.543099999999999590e-03
-5.245930000000000211e-03
-4.572660000000000093e-03
-3.254930000000000063e-03
-2.212469999999999801e-03
-1.993019999999999861e-03
-1.955319999999999975e-03
-2.094470000000000186e-03
-2.593450000000000182e-03
-2.986710000000000059e-03
-2.931019999999999893e-03
-2.827000000000000086e-03
-3.132639999999999904e-03
-3.370140000000000201e-03
-3.130280000000000042e-03
-2.660379999999999950e-03
-1.846830000000000043e-03
-1.039790000000000072e-03
-1.563589999999999902e-03
-2.910380000000000172e-03
-3.770980000000000165e-03
-4.752600000000000054e-03
-6.275499999999999828e-03
-7.798099999999999650e-03
-9.261540000000000397e-03
-1.090939999999999965e-02
-1.268900000000000063e-02
-1.431230000000000002e-02
-1.520909999999999970e-02
-1.471289999999999924e-02
-1.371209999999999964e-02
-1.356380000000000086e-02
-1.375930000000000035e-02
-1.376089999999999952e-02
-1.295770000000000081e-02
-1.114769999999999997e-02
-9.664950000000000277e-03
-8.914460000000000786e-03
-7.995510000000000811e-03
-6.507220000000000192e-03
-5.208130000000000051e-03
-4.119219999999999826e-03
-2.012990000000000092e-03
9.559469999999999600e-04
3.515400000000000122e-03
5.253980000000000108e-03
6.185320000000000228e-03
6.484110000000000394e-03
6.336200000000000165e-03
6.238010000000000430e-03
6.636480000000000157e-03
7.390390000000000154e-03
8.532970000000000832e-03
9.718610000000000790e-03
1.066710000000000054e-02
1.143180000000000064e-02
1.152620000000000033e-02
1.114339999999999949e-02
1.081790000000000009e-02
9.873619999999999619e-03
8.689109999999999889e-03
8.631609999999999630e-03
9.103589999999999946e-03
8.498300000000000298e-03
6.281430000000000173e-03
3.493990000000000203e-03
9.244229999999999548e-04
-2.002180000000000105e-03
-3.807329999999999829e-03
-3.122409999999999942e-03
-2.084449999999999845e-03
-1.346069999999999992e-03
-4.038429999999999754e-04
1.877360000000000064e-04
6.300560000000000405e-04
1.482260000000000001e-03
2.813679999999999827e-03
3.999319999999999785e-03
4.923130000000000388e-03
5.337180000000000396e-03
4.434549999999999777e-03
2.795269999999999873e-03
1.433589999999999995e-03
7.720119999999999804e-04
7.728190000000000016e-04
8.954250000000000403e-04
1.086949999999999939e-03
1.595760000000000104e-03
2.396430000000000175e-03
2.802489999999999929e-03
2.095679999999999939e-03
1.157320000000000093e-03
8.449980000000000165e-04
7.460029999999999656e-04
6.006349999999999710e-04
2.146360000000000097e-04
-5.160580000000000115e-04
-1.342410000000000044e-03
-2.299649999999999871e-03
-3.384709999999999976e-03
-4.328910000000000050e-03
-4.720590000000000203e-03
-4.975010000000000196e-03
-6.013199999999999795e-03
-7.464679999999999579e-03
-9.563310000000000213e-03
-1.240460000000000000e-02
-1.411190000000000014e-02
-1.352579999999999928e-02
-1.116020000000000033e-02
-8.317750000000000490e-03
-5.311340000000000332e-03
-2.665410000000000001e-03
-1.731579999999999925e-03
-2.718850000000000086e-03
-4.369210000000000108e-03
-4.989930000000000060e-03
-4.513869999999999688e-03
-3.335509999999999864e-03
-1.934619999999999959e-03
-2.388959999999999977e-04
1.886010000000000030e-03
3.144769999999999857e-03
3.714569999999999938e-03
3.560090000000000129e-03
1.302250000000000022e-03
-1.162470000000000083e-03
-2.077760000000000110e-03
-2.882299999999999966e-03
-3.168199999999999922e-03
-2.335750000000000152e-03
-1.077250000000000082e-03
6.438099999999999769e-04
2.416830000000000020e-03
4.104100000000000283e-03
5.668300000000000248e-03
6.675369999999999915e-03
7.500839999999999938e-03
8.454899999999999569e-03
9.209149999999999281e-03
9.734750000000000347e-03
1.030209999999999980e-02
1.086799999999999919e-02
1.115589999999999984e-02
1.077170000000000037e-02
9.154219999999999371e-03
6.636210000000000025e-03
3.972370000000000241e-03
1.541690000000000074e-03
2.537889999999999786e-04
-9.971270000000000163e-06
-2.484319999999999958e-05
1.569619999999999924e-04
-8.096340000000000481e-04
-3.323430000000000047e-03
-5.411329999999999786e-03
-6.745509999999999701e-03
-8.230849999999999625e-03
-9.509369999999999629e-03
-1.036409999999999935e-02
-1.085239999999999989e-02
-1.025700000000000049e-02
-9.098689999999999556e-03
-8.266149999999999887e-03
-7.537300000000000250e-03
-7.903510000000000743e-03
-9.272590000000000693e-03
-9.278710000000000777e-03
-8.104480000000000711e-03
-7.218979999999999841e-03
-6.052290000000000100e-03
-4.577620000000000126e-03
-3.629779999999999986e-03
-2.909109999999999908e-03
-2.136509999999999885e-03
-1.976690000000000131e-03
-2.298150000000000106e-03
-2.388879999999999910e-03
-2.535860000000000024e-03
-2.598810000000000009e-03
-1.950480000000000096e-03
-1.054870000000000070e-03
-3.393210000000000128e-04
2.403340000000000066e-04
-2.553209999999999903e-05
-1.488949999999999898e-04
1.357970000000000010e-03
1.650219999999999985e-03
-3.253980000000000175e-04
-1.852740000000000073e-03
-3.318180000000000001e-03
-5.216730000000000152e-03
-5.723169999999999646e-03
-4.734720000000000421e-03
-3.533600000000000022e-03
-2.619489999999999926e-03
-2.261029999999999811e-03
-2.429339999999999885e-03
-2.831370000000000154e-03
-2.720890000000000114e-03
-7.900490000000000247e-04
1.254700000000000086e-03
1.772200000000000034e-03
2.405650000000000063e-03
3.052739999999999967e-03
3.067579999999999873e-03
3.302030000000000069e-03
3.740960000000000205e-03
3.959279999999999917e-03
3.500109999999999853e-03
2.224470000000000093e-03
1.054280000000000104e-03
9.521669999999999657e-04
1.668430000000000043e-03
2.462999999999999912e-03
3.617449999999999919e-03
4.719019999999999986e-03
5.001740000000000179e-03
5.180210000000000196e-03
5.696559999999999818e-03
6.038530000000000286e-03
5.189009999999999977e-03
3.376699999999999841e-03
1.958109999999999885e-03
5.688229999999999849e-04
-6.593509999999999692e-04
-5.115410000000000139e-04
1.590940000000000052e-04
4.343659999999999947e-04
1.006039999999999929e-03
2.257470000000000136e-03
3.418169999999999889e-03
4.080519999999999807e-03
4.701450000000000247e-03
4.835700000000000068e-03
4.416830000000000062e-03
4.150410000000000210e-03
3.645530000000000125e-03
3.139850000000000019e-03
3.444780000000000151e-03
3.916150000000000186e-03
5.050080000000000194e-03
7.402320000000000427e-03
9.064829999999999416e-03
1.012709999999999999e-02
1.087059999999999936e-02
1.045540000000000011e-02
9.429919999999999622e-03
7.971539999999999182e-03
6.848759999999999744e-03
7.480190000000000276e-03
8.568110000000000309e-03
9.471510000000000692e-03
1.080760000000000054e-02
1.093060000000000039e-02
8.925729999999999775e-03
6.460920000000000205e-03
4.341180000000000039e-03
2.052780000000000143e-03
3.346600000000000247e-04
-3.816649999999999991e-04
-4.792430000000000192e-04
3.163829999999999963e-04
7.481770000000000434e-04
-8.622010000000000481e-05
-7.423339999999999843e-04
-1.131859999999999941e-03
-1.861629999999999969e-03
-2.365019999999999796e-03
-2.546019999999999967e-03
-2.782929999999999866e-03
-3.036070000000000088e-03
-3.196290000000000069e-03
-3.449250000000000059e-03
-4.010910000000000343e-03
-4.033740000000000069e-03
-2.988999999999999903e-03
-2.088730000000000014e-03
-1.807549999999999999e-03
-1.813109999999999939e-03
-1.944090000000000098e-03
-2.019990000000000153e-03
-2.450059999999999998e-03
-3.154329999999999894e-03
-3.158859999999999880e-03
-2.681849999999999946e-03
-2.743939999999999834e-03
-3.292250000000000038e-03
-3.740429999999999883e-03
-3.972220000000000265e-03
-4.168640000000000366e-03
-4.360939999999999782e-03
-4.355359999999999961e-03
-4.612920000000000388e-03
-5.698650000000000417e-03
-7.038939999999999607e-03
-8.446600000000000288e-03
-9.961170000000000094e-03
-1.107619999999999959e-02
-1.175879999999999981e-02
-1.202109999999999984e-02
-1.098509999999999938e-02
-8.561759999999999857e-03
-6.281840000000000340e-03
-4.438280000000000176e-03
-2.871569999999999939e-03
-2.844549999999999943e-03
-4.022050000000000104e-03
-4.880400000000000016e-03
-5.739730000000000179e-03
-6.525170000000000275e-03
-6.670670000000000072e-03
-6.510110000000000376e-03
-5.810659999999999610e-03
-4.580449999999999799e-03
-3.159320000000000184e-03
-1.624020000000000108e-03
-2.725690000000000122e-04
8.346929999999999584e-04
1.633649999999999946e-03
1.924109999999999926e-03
1.706339999999999983e-03
1.318280000000000016e-03
1.111350000000000098e-03
9.437150000000000269e-04
1.022890000000000041e-03
1.445040000000000083e-03
1.815400000000000000e-03
1.890479999999999938e-03
1.391029999999999914e-03
7.183060000000000443e-04
3.621060000000000056e-04
-1.423060000000000060e-05
-4.707159999999999838e-04
-7.462480000000000285e-04
-8.279319999999999735e-04
-7.189559999999999788e-04
-2.857429999999999779e-04
7.948939999999999825e-04
2.028460000000000159e-03
2.241260000000000127e-03
1.775190000000000058e-03
1.528459999999999932e-03
1.032319999999999982e-03
-7.114570000000000562e-05
-1.166160000000000070e-03
-2.233590000000000141e-03
-3.476079999999999882e-03
-3.824179999999999940e-03
-2.979369999999999848e-03
-1.971389999999999948e-03
-1.206309999999999934e-03
-7.192680000000000124e-04
-2.474420000000000070e-04
3.237110000000000183e-04
7.983919999999999819e-04
1.920119999999999987e-03
3.306879999999999889e-03
3.533759999999999939e-03
3.547470000000000050e-03
4.255049999999999805e-03
4.978269999999999917e-03
5.520240000000000043e-03
6.010650000000000194e-03
6.487859999999999808e-03
7.247090000000000302e-03
8.232619999999999522e-03
8.305639999999999551e-03
7.372830000000000356e-03
6.579980000000000030e-03
5.840950000000000135e-03
4.997940000000000195e-03
4.434790000000000086e-03
3.953009999999999857e-03
3.328450000000000158e-03
2.582119999999999815e-03
1.793679999999999971e-03
1.414509999999999899e-03
1.666649999999999989e-03
1.963159999999999818e-03
2.113659999999999844e-03
2.182030000000000167e-03
2.008439999999999791e-03
1.822059999999999912e-03
1.763089999999999926e-03
1.427550000000000086e-03
5.595759999999999970e-04
-3.998149999999999794e-04
-1.109500000000000026e-03
-1.556670000000000015e-03
-1.585339999999999970e-03
-1.393700000000000104e-03
-1.462149999999999951e-03
-1.771479999999999973e-03
-2.286760000000000095e-03
-3.043039999999999894e-03
-3.208040000000000110e-03
-2.464650000000000087e-03
-1.744670000000000032e-03
-1.191620000000000006e-03
-4.353830000000000157e-04
1.784479999999999964e-04
3.663520000000000188e-04
4.226559999999999866e-04
5.350599999999999627e-04
4.697349999999999876e-04
2.272399999999999995e-04
5.542900000000000073e-05
-1.656379999999999886e-04
-7.190410000000000161e-04
-1.411359999999999958e-03
-1.947139999999999982e-03
-2.386380000000000012e-03
-2.701119999999999997e-03
-2.710909999999999969e-03
-2.501259999999999942e-03
-2.327050000000000212e-03
-2.153050000000000103e-03
-1.834179999999999925e-03
-1.670880000000000021e-03
-1.930139999999999894e-03
-2.086070000000000198e-03
-1.797669999999999910e-03
-1.478460000000000017e-03
-1.239740000000000026e-03
-1.026849999999999942e-03
-1.022880000000000100e-03
-1.107530000000000016e-03
-1.130219999999999923e-03
-1.126569999999999915e-03
-1.071459999999999991e-03
-9.009429999999999696e-04
-5.478780000000000152e-04
-2.320950000000000064e-04
-2.173959999999999901e-04
-3.155160000000000061e-04
-3.762319999999999987e-04
-5.473000000000000217e-04
-6.495840000000000338e-04
-4.673389999999999923e-04
-2.858860000000000069e-04
-8.174819999999999770e-06
7.671289999999999663e-04
1.475430000000000014e-03
1.652119999999999977e-03
1.790670000000000065e-03
1.985520000000000167e-03
1.967959999999999935e-03
1.808879999999999906e-03
1.661520000000000098e-03
1.529479999999999945e-03
1.368480000000000044e-03
1.276280000000000079e-03
1.324850000000000029e-03
1.300319999999999991e-03
1.096060000000000046e-03
9.106589999999999694e-04
7.579779999999999721e-04
5.944330000000000057e-04
5.568300000000000203e-04
6.242230000000000304e-04
6.247860000000000046e-04
3.679280000000000050e-04
-9.247189999999999466e-06
-1.655019999999999885e-04
-2.106119999999999954e-04
-2.822559999999999891e-04
-2.778939999999999926e-04
-1.493110000000000075e-04
2.843650000000000125e-05
1.681649999999999866e-04
3.008479999999999900e-04
4.340120000000000046e-04
5.679879999999999565e-04
6.401030000000000478e-04
5.477109999999999878e-04
4.089790000000000157e-04
3.658250000000000152e-04
4.384340000000000242e-04
5.605610000000000020e-04
6.695100000000000053e-04
8.663780000000000049e-04
1.098580000000000043e-03
1.063539999999999972e-03
7.939660000000000077e-04
5.532809999999999768e-04
3.482970000000000163e-04
2.428139999999999964e-04
2.939940000000000045e-04
3.385239999999999864e-04
3.116330000000000163e-04
2.257539999999999937e-04
1.207269999999999979e-04
4.696490000000000159e-05
-2.388029999999999903e-05
-7.092660000000000631e-05
-7.191830000000000564e-05
-7.530470000000000425e-05
-8.673520000000000264e-05
-9.859959999999999699e-05
-1.233379999999999904e-04
-1.467840000000000095e-04
-1.610980000000000083e-04
-1.754489999999999934e-04
-1.854729999999999910e-04
-1.719489999999999897e-04
-1.586840000000000006e-04
-1.834879999999999888e-04
-2.140189999999999985e-04
-2.248050000000000135e-04
-2.243629999999999930e-04
-2.184320000000000120e-04
-2.161390000000000121e-04
-2.153199999999999917e-04
-2.152400000000000060e-04
-2.203879999999999912e-04
-2.271630000000000068e-04
-2.376409999999999970e-04
-2.610399999999999808e-04
-2.895950000000000217e-04
-3.104690000000000119e-04
-3.262450000000000181e-04
-3.372480000000000074e-04
-3.406139999999999884e-04
-3.383929999999999837e-04
-3.293640000000000131e-04
-3.121520000000000024e-04
-2.923669999999999741e-04
-2.732379999999999748e-04
-2.534659999999999886e-04
-2.343350000000000120e-04
-2.166650000000000000e-04
-1.998229999999999874e-04
-1.838920000000000073e-04
-1.688240000000000086e-04
-1.545299999999999994e-04
-1.408220000000000012e-04
-1.273389999999999949e-04
-1.141249999999999958e-04
-1.013420000000000065e-04
-8.909850000000000083e-05
-7.749150000000000168e-05
