-1.258339999999999871e-07
-3.310230000000000069e-06
-2.267890000000000067e-06
-9.329209999999999402e-06
-5.984679999999999933e-06
-9.528629999999999265e-06
-1.469480000000000032e-05
-1.873779999999999871e-05
-1.614229999999999959e-05
-1.725100000000000136e-05
-1.277250000000000011e-05
-1.659449999999999841e-05
3.756589999999999891e-06
-7.240719999999999684e-06
-1.833250000000000108e-05
-6.795579999999999741e-05
-1.085770000000000008e-04
-1.171500000000000015e-04
-1.173540000000000016e-04
-1.203169999999999934e-04
-7.245920000000000583e-05
-5.780769999999999881e-05
-1.604629999999999915e-05
-1.455960000000000075e-06
1.479520000000000024e-05
-2.495299999999999978e-05
-1.433100000000000052e-05
-5.427440000000000335e-05
-7.143270000000000304e-06
-3.659070000000000188e-05
-1.421999999999999870e-04
-1.455709999999999925e-04
-6.903119999999999732e-05
4.284679999999999777e-05
1.107119999999999998e-05
-1.544639999999999902e-04
-2.178840000000000030e-04
-3.643060000000000048e-04
-3.496290000000000097e-04
-2.283289999999999886e-04
-1.246809999999999943e-04
-1.120409999999999934e-04
-1.336889999999999867e-04
-1.115750000000000015e-04
-1.178879999999999934e-04
1.457089999999999969e-05
3.105790000000000091e-04
4.160230000000000113e-04
3.602160000000000084e-04
3.048389999999999997e-04
-4.477609999999999978e-05
-2.453730000000000104e-04
-1.227149999999999931e-04
3.258380000000000065e-04
3.893039999999999847e-04
3.491990000000000155e-04
2.544730000000000147e-04
-1.881270000000000099e-04
-3.615620000000000053e-04
-2.771350000000000224e-04
-2.462699999999999850e-04
-2.302460000000000043e-04
-2.512139999999999838e-04
-2.028610000000000081e-04
-2.443909999999999984e-04
-1.999229999999999898e-04
-8.464780000000000091e-04
-1.249520000000000058e-03
-1.066209999999999944e-03
-5.513119999999999826e-04
2.046489999999999984e-04
1.465209999999999993e-03
2.230779999999999916e-03
2.165960000000000194e-03
1.857850000000000083e-03
9.809870000000000048e-04
2.834760000000000079e-04
-3.613770000000000198e-04
-4.841569999999999793e-04
-6.515629999999999686e-04
-1.209030000000000044e-03
-6.425270000000000504e-04
-2.663710000000000014e-04
-9.454109999999999511e-04
-9.577000000000000226e-04
-7.068989999999999822e-04
3.643319999999999805e-04
7.403880000000000270e-04
5.999630000000000154e-04
5.963080000000000377e-04
8.442680000000000150e-04
1.173369999999999969e-03
1.797580000000000011e-03
2.658450000000000136e-03
1.908619999999999978e-03
2.635229999999999908e-04
-1.373260000000000062e-03
-2.272979999999999966e-03
-2.146340000000000053e-03
-2.213140000000000159e-03
-2.294800000000000052e-03
-1.569550000000000068e-03
-7.407520000000000120e-04
-3.461199999999999997e-05
2.551990000000000074e-04
1.207160000000000091e-03
3.459269999999999966e-03
2.734889999999999804e-03
-3.890319999999999846e-04
-2.454459999999999888e-03
3.486009999999999782e-04
4.414620000000000176e-03
5.384599999999999803e-03
1.967219999999999993e-03
-2.362149999999999927e-03
-6.533289999999999757e-03
-1.022359999999999935e-02
-1.065070000000000079e-02
-8.076559999999999989e-03
-4.528639999999999576e-03
-5.971799999999999982e-04
3.466180000000000129e-03
5.847800000000000220e-03
4.930989999999999679e-03
2.020000000000000094e-03
-2.440959999999999831e-03
-4.699339999999999767e-03
3.531879999999999937e-04
8.876969999999999653e-03
1.209469999999999990e-02
7.726460000000000099e-03
1.809810000000000021e-03
1.030230000000000035e-03
2.076639999999999823e-03
-9.597009999999999786e-04
-3.880719999999999829e-03
-4.887250000000000101e-03
-2.844960000000000110e-03
-8.722340000000000518e-04
6.891020000000000305e-06
3.004349999999999924e-04
2.910230000000000087e-04
4.011980000000000168e-04
-7.108080000000000476e-07
-7.416770000000000480e-04
-6.629399999999999920e-04
-3.161859999999999844e-04
1.283679999999999934e-03
3.928240000000000377e-03
4.907560000000000047e-03
2.659739999999999847e-03
-1.559520000000000003e-03
-7.114650000000000141e-03
-1.021649999999999989e-02
-7.541929999999999641e-03
-8.197849999999999582e-03
-1.029990000000000072e-02
-7.949839999999999685e-03
-3.991390000000000150e-04
6.411990000000000224e-03
3.889730000000000097e-03
5.163239999999999713e-04
6.618369999999999722e-04
4.645640000000000359e-03
7.655519999999999860e-03
4.350309999999999594e-03
2.412940000000000137e-03
7.287970000000000385e-03
9.140419999999999795e-03
5.554680000000000208e-03
2.549019999999999932e-03
-3.653190000000000170e-04
-3.711809999999999849e-03
-5.433290000000000342e-03
-5.713750000000000079e-03
-5.431949999999999626e-03
-4.726469999999999977e-03
-3.867859999999999875e-03
-2.339780000000000072e-03
-7.534360000000000146e-04
7.767720000000000093e-04
2.600840000000000096e-03
5.150830000000000339e-03
6.877839999999999648e-03
5.317829999999999953e-03
1.384699999999999993e-03
4.828359999999999965e-04
2.922090000000000017e-03
7.072079999999999686e-03
7.225770000000000283e-03
2.224009999999999789e-03
-5.507129999999999838e-04
-2.144399999999999865e-04
1.355670000000000009e-03
1.334029999999999938e-03
4.682369999999999827e-04
2.759270000000000096e-05
-1.414829999999999951e-03
-1.688849999999999987e-03
-1.819819999999999988e-03
-1.761069999999999997e-03
-3.123110000000000122e-03
-3.842420000000000037e-03
-2.239549999999999874e-03
-3.128590000000000212e-04
5.766779999999999563e-04
2.089619999999999932e-03
4.382279999999999683e-03
4.997139999999999742e-03
5.333420000000000175e-03
6.700959999999999729e-03
6.133930000000000111e-03
4.477599999999999983e-03
2.061410000000000065e-03
3.819709999999999924e-04
-9.287110000000000330e-04
-2.277949999999999940e-03
-4.570910000000000077e-03
-8.469320000000000667e-03
-1.033159999999999981e-02
-1.053740000000000059e-02
-1.000350000000000024e-02
-9.132639999999999161e-03
-8.106210000000000845e-03
-6.851669999999999809e-03
-4.663089999999999943e-03
-6.728160000000000173e-04
4.639579999999999919e-03
8.993299999999999211e-03
9.725179999999999936e-03
7.393539999999999661e-03
2.255510000000000067e-03
-3.329350000000000018e-03
-7.583450000000000260e-03
-1.031310000000000039e-02
-1.176020000000000017e-02
-1.215259999999999951e-02
-1.120750000000000045e-02
-1.022720000000000053e-02
-7.568769999999999838e-03
-1.514719999999999999e-03
9.097640000000000587e-03
1.609330000000000135e-02
1.673809999999999881e-02
1.540129999999999971e-02
1.357930000000000074e-02
1.112390000000000080e-02
8.544519999999999893e-03
5.971309999999999639e-03
4.413379999999999734e-03
1.102770000000000096e-03
-3.363979999999999922e-03
-4.850669999999999635e-03
-4.324989999999999911e-03
-3.190119999999999848e-03
-5.790069999999999809e-04
1.868209999999999923e-03
1.905250000000000042e-03
-4.305560000000000160e-04
-1.759340000000000079e-03
-9.570489999999999640e-04
1.006270000000000081e-03
2.691110000000000030e-03
3.884149999999999842e-03
3.641549999999999909e-03
2.755379999999999982e-03
7.770099999999999620e-04
-1.268250000000000063e-03
-3.304409999999999813e-03
-2.704980000000000058e-03
-1.098409999999999968e-03
6.299710000000000032e-04
3.109320000000000053e-03
4.605350000000000242e-03
6.769490000000000403e-03
8.396419999999999925e-03
9.080480000000000149e-03
1.030089999999999999e-02
1.049540000000000022e-02
7.946490000000000498e-03
5.510939999999999762e-03
3.020049999999999818e-03
1.381889999999999985e-03
1.388160000000000045e-03
1.839460000000000010e-03
1.689899999999999931e-04
-1.534599999999999896e-03
-2.977660000000000029e-03
-4.941690000000000318e-03
-5.282919999999999977e-03
-5.064210000000000413e-03
-4.900780000000000414e-03
-4.337459999999999580e-03
-3.016839999999999800e-03
-4.020959999999999639e-03
-4.623880000000000351e-03
-4.996900000000000300e-03
-4.814510000000000144e-03
-3.266530000000000128e-03
-1.138860000000000003e-03
-7.015279999999999823e-04
-3.417560000000000259e-04
3.899369999999999768e-04
1.077660000000000033e-03
-7.223250000000000341e-05
-2.424910000000000173e-03
-2.356369999999999992e-03
-1.927339999999999880e-04
1.980800000000000009e-03
4.918890000000000415e-03
8.429429999999999909e-03
9.434440000000000534e-03
8.204110000000000569e-03
4.241870000000000016e-03
-1.623199999999999990e-03
-6.918650000000000147e-03
-1.064189999999999928e-02
-1.179209999999999980e-02
-1.353599999999999942e-02
-1.432620000000000074e-02
-1.426350000000000014e-02
-1.258240000000000053e-02
-8.941720000000000224e-03
-4.407050000000000030e-03
-2.272580000000000119e-04
2.002850000000000030e-03
1.943290000000000078e-03
2.027129999999999817e-03
2.677389999999999978e-03
4.532450000000000367e-03
4.145229999999999748e-03
2.080559999999999962e-03
-4.803480000000000163e-04
-2.579629999999999857e-03
-3.289569999999999907e-03
-4.395780000000000173e-03
-4.290379999999999888e-03
-3.965879999999999753e-03
-2.545659999999999937e-03
-7.795550000000000266e-04
3.460379999999999880e-03
8.493240000000000858e-03
1.177409999999999915e-02
1.141069999999999932e-02
1.037229999999999923e-02
6.700519999999999740e-03
1.329649999999999929e-03
-3.916310000000000104e-03
-7.977629999999999444e-03
-9.392879999999999285e-03
-8.350460000000000521e-03
-6.356640000000000207e-03
-4.516369999999999586e-03
-5.322239999999999784e-03
-6.491339999999999957e-03
-6.247540000000000211e-03
-4.070370000000000238e-03
4.004060000000000149e-04
4.085130000000000185e-03
6.227469999999999707e-03
6.085929999999999812e-03
5.836739999999999984e-03
4.906240000000000080e-03
3.011240000000000097e-03
9.677140000000000524e-04
1.076520000000000054e-04
9.372859999999999569e-05
1.707629999999999912e-04
-7.237180000000000392e-04
-3.349930000000000095e-03
-6.016910000000000314e-03
-7.439929999999999981e-03
-6.923730000000000336e-03
-4.291439999999999665e-03
-2.497249999999999904e-03
-1.015290000000000073e-03
-1.600369999999999994e-04
1.277509999999999930e-03
1.000849999999999960e-03
-1.722180000000000022e-03
-5.160070000000000108e-03
-5.516619999999999857e-03
-3.887729999999999832e-03
-3.474629999999999819e-03
-4.154859999999999803e-03
-6.060170000000000140e-03
-7.995550000000000573e-03
-7.042230000000000018e-03
-4.411739999999999932e-03
-9.880309999999998920e-04
2.604659999999999961e-03
4.872999999999999728e-03
5.045830000000000280e-03
4.751339999999999730e-03
4.696800000000000107e-03
4.458939999999999779e-03
4.295720000000000267e-03
3.092210000000000184e-03
1.526639999999999898e-03
2.981580000000000168e-03
5.771019999999999969e-03
9.162339999999999721e-03
1.167660000000000052e-02
1.066899999999999966e-02
7.325339999999999629e-03
5.831809999999999772e-03
5.761940000000000117e-03
5.185580000000000397e-03
3.319009999999999842e-03
7.182119999999999737e-04
-1.809990000000000036e-03
-4.662310000000000239e-03
-7.731469999999999836e-03
-1.113579999999999952e-02
-1.368399999999999998e-02
-1.462699999999999938e-02
-1.339410000000000080e-02
-9.318989999999999219e-03
-5.451029999999999938e-03
-2.256329999999999968e-03
3.893399999999999688e-05
2.523650000000000112e-03
4.658690000000000053e-03
4.555599999999999927e-03
2.161900000000000020e-03
-6.082280000000000455e-04
-4.201809999999999942e-04
2.512430000000000067e-04
2.680699999999999836e-03
4.295740000000000149e-03
2.995589999999999798e-03
-5.026860000000000182e-04
-2.665719999999999895e-03
-1.366739999999999969e-03
1.084839999999999893e-03
3.800149999999999969e-03
7.163919999999999837e-03
8.787400000000000766e-03
9.558149999999999633e-03
1.104849999999999929e-02
1.220079999999999949e-02
1.046779999999999933e-02
6.500129999999999797e-03
3.342030000000000174e-03
1.656149999999999897e-03
1.175220000000000041e-03
4.008739999999999840e-05
-2.809250000000000115e-03
-5.847820000000000101e-03
-6.489520000000000358e-03
-5.131450000000000074e-03
-4.782780000000000364e-03
-5.313390000000000300e-03
-6.940700000000000168e-03
-7.986949999999999605e-03
-7.623650000000000045e-03
-4.336050000000000147e-03
-2.274050000000000116e-03
-1.372579999999999981e-03
-1.281929999999999919e-03
-1.893560000000000078e-03
-2.003790000000000085e-03
-3.554910000000000101e-03
-2.148399999999999962e-03
-4.775770000000000254e-04
2.065809999999999955e-03
4.197550000000000413e-03
6.341860000000000379e-03
7.657409999999999911e-03
7.228240000000000359e-03
5.510990000000000333e-03
4.783110000000000139e-03
4.341089999999999706e-03
2.710360000000000200e-03
1.916859999999999940e-04
-1.708040000000000079e-03
-3.316449999999999867e-03
-3.722940000000000103e-03
-2.567550000000000041e-03
-1.983980000000000205e-03
-4.400229999999999767e-03
-7.735019999999999570e-03
-6.919520000000000184e-03
-2.980159999999999927e-03
2.154749999999999981e-03
5.753030000000000123e-03
6.653280000000000131e-03
5.958029999999999576e-03
5.676959999999999992e-03
6.387480000000000067e-03
6.915079999999999665e-03
5.404370000000000354e-03
2.705040000000000135e-03
2.321480000000000006e-04
-1.842520000000000052e-03
-2.694730000000000215e-03
-2.367179999999999979e-03
-2.101510000000000010e-03
-4.211950000000000221e-05
1.786959999999999981e-03
1.547629999999999926e-03
-8.034059999999999986e-04
-2.175020000000000165e-03
3.293869999999999958e-04
4.508220000000000283e-03
5.797799999999999655e-03
3.717750000000000134e-03
-5.584269999999999984e-05
-2.345480000000000047e-03
-2.469359999999999871e-03
-2.286090000000000171e-03
-2.633369999999999895e-03
-3.124309999999999934e-03
-1.527429999999999977e-03
1.341790000000000040e-03
4.207579999999999827e-03
4.541469999999999708e-03
2.690510000000000124e-03
1.613569999999999935e-03
3.456210000000000033e-04
1.194289999999999978e-03
2.317070000000000067e-03
3.732660000000000058e-03
4.649640000000000023e-03
5.722829999999999931e-03
6.067829999999999752e-03
5.767650000000000034e-03
5.748409999999999805e-03
6.153610000000000330e-03
5.516720000000000131e-03
3.698750000000000215e-03
1.654380000000000000e-03
2.001510000000000181e-03
6.359459999999999939e-03
1.655049999999999924e-02
2.736649999999999847e-02
3.312949999999999923e-02
3.516360000000000319e-02
3.466469999999999968e-02
3.215380000000000321e-02
3.050030000000000102e-02
3.116350000000000023e-02
3.152510000000000034e-02
3.241949999999999693e-02
3.356300000000000255e-02
3.378779999999999978e-02
2.864919999999999967e-02
1.158250000000000078e-02
-2.283869999999999997e-02
-5.845100000000000295e-02
-8.437450000000000505e-02
-9.267340000000000300e-02
-8.685700000000000365e-02
-7.287639999999999396e-02
-5.409119999999999900e-02
-4.039330000000000004e-02
-3.780229999999999702e-02
-4.111469999999999708e-02
-5.066930000000000045e-02
-5.797220000000000151e-02
-5.493710000000000260e-02
-3.674489999999999701e-02
-8.277889999999999554e-03
1.734619999999999912e-02
3.196090000000000042e-02
3.713500000000000134e-02
4.052139999999999909e-02
4.498039999999999677e-02
5.010459999999999914e-02
5.358700000000000269e-02
5.544690000000000035e-02
5.117610000000000214e-02
3.204950000000000160e-02
-3.609610000000000075e-03
-3.785059999999999814e-02
-4.997270000000000184e-02
-4.791549999999999976e-02
-3.873279999999999779e-02
-2.548049999999999968e-02
-1.752839999999999954e-02
-1.549350000000000033e-02
-1.293839999999999921e-02
-6.369289999999999674e-03
-5.571070000000000449e-04
3.328259999999999986e-03
6.928140000000000166e-03
1.032349999999999934e-02
1.461969999999999936e-02
2.036169999999999994e-02
2.780799999999999939e-02
3.451350000000000251e-02
3.843549999999999744e-02
3.977440000000000142e-02
3.578060000000000268e-02
2.970149999999999874e-02
2.086920000000000094e-02
1.098209999999999985e-02
-1.370920000000000081e-03
-9.671130000000000004e-03
-1.290750000000000057e-02
-1.331489999999999931e-02
-1.207830000000000015e-02
-1.042749999999999927e-02
-1.010630000000000035e-02
-1.254470000000000064e-02
-1.594020000000000159e-02
-1.947880000000000097e-02
-2.470529999999999948e-02
-3.144149999999999723e-02
-3.790290000000000326e-02
-4.062000000000000333e-02
-3.699290000000000217e-02
-2.603899999999999965e-02
-6.485249999999999695e-03
6.983940000000000113e-03
8.176330000000000750e-03
5.336650000000000074e-03
2.686759999999999843e-03
-2.089450000000000075e-03
-1.276749999999999934e-02
-2.839759999999999854e-02
-4.118800000000000239e-02
-4.370820000000000261e-02
-3.815659999999999885e-02
-1.823210000000000108e-02
8.745130000000000264e-03
2.387799999999999992e-02
2.165579999999999936e-02
7.590730000000000394e-03
-1.173240000000000047e-02
-2.194710000000000064e-02
-2.321799999999999906e-02
-1.892910000000000079e-02
-1.330489999999999971e-02
-9.809160000000000795e-03
-9.200859999999999941e-03
-1.210789999999999957e-02
-1.825229999999999908e-02
-2.171129999999999935e-02
-1.781399999999999997e-02
5.741900000000000302e-03
3.892799999999999733e-02
6.541329999999999367e-02
7.525990000000000457e-02
6.605569999999999498e-02
4.726049999999999696e-02
3.257449999999999929e-02
3.085009999999999836e-02
3.678460000000000063e-02
4.256599999999999967e-02
4.052390000000000159e-02
3.214750000000000246e-02
1.914810000000000123e-02
5.970350000000000136e-03
1.165859999999999900e-03
5.824059999999999827e-03
1.957439999999999874e-02
4.277609999999999746e-02
6.238060000000000133e-02
7.574709999999999777e-02
7.735319999999999696e-02
6.627929999999999933e-02
3.992930000000000090e-02
1.081599999999999923e-02
-5.041600000000000248e-03
-1.081559999999999987e-02
-1.333759999999999980e-02
-1.527270000000000016e-02
-1.707190000000000096e-02
-2.053409999999999958e-02
-2.199720000000000147e-02
-2.069249999999999909e-02
-1.305160000000000001e-02
-2.580709999999999948e-03
5.590659999999999900e-03
9.252160000000000592e-03
9.934109999999999469e-03
9.316309999999999522e-03
8.060039999999999219e-03
4.235949999999999611e-03
-3.909389999999999567e-03
-1.935289999999999927e-02
-4.088660000000000211e-02
-6.093649999999999761e-02
-7.916890000000000038e-02
-9.734589999999999910e-02
-1.098760000000000014e-01
-1.081529999999999991e-01
-9.785430000000000517e-02
-7.732840000000000547e-02
-5.652370000000000311e-02
-4.014979999999999938e-02
-1.913110000000000158e-02
8.491230000000000652e-03
3.443319999999999714e-02
5.652530000000000054e-02
6.945149999999999935e-02
6.804350000000000676e-02
5.815259999999999874e-02
4.096140000000000198e-02
2.239319999999999852e-02
5.941880000000000078e-03
-5.422080000000000129e-03
-1.079029999999999920e-02
-1.314099999999999990e-02
-1.598650000000000071e-02
-2.028479999999999867e-02
-3.098599999999999965e-02
-4.221330000000000221e-02
-4.977879999999999805e-02
-4.802499999999999825e-02
-4.032059999999999811e-02
-2.353159999999999974e-02
-5.632100000000000127e-03
1.138589999999999915e-02
2.707959999999999881e-02
3.756120000000000292e-02
4.710679999999999729e-02
5.774209999999999759e-02
6.625860000000000083e-02
7.413390000000000257e-02
7.784570000000000378e-02
7.814609999999999612e-02
7.649880000000000568e-02
7.497959999999999348e-02
7.572769999999999502e-02
7.925580000000000125e-02
8.419319999999999582e-02
8.717129999999999324e-02
8.412730000000000208e-02
7.664229999999999654e-02
6.888779999999999903e-02
6.246750000000000219e-02
5.532290000000000124e-02
4.615999999999999964e-02
3.492390000000000078e-02
2.167039999999999939e-02
2.657590000000000039e-03
-2.119940000000000019e-02
-4.376399999999999735e-02
-5.941029999999999922e-02
-6.707689999999999486e-02
-7.062110000000000609e-02
-7.372420000000000362e-02
-7.928659999999999874e-02
-8.582800000000000151e-02
-8.777509999999999479e-02
-8.664890000000000092e-02
-8.332430000000000392e-02
-8.296030000000000071e-02
-8.560779999999999779e-02
-8.875850000000000406e-02
-8.681780000000000053e-02
-7.192220000000000557e-02
-4.509479999999999739e-02
-1.895540000000000072e-02
-2.822499999999999922e-03
-5.100589999999999898e-04
-6.106369999999999854e-03
-1.827550000000000008e-02
-3.046480000000000021e-02
-3.616339999999999832e-02
-3.349649999999999850e-02
-2.388109999999999886e-02
-6.035360000000000030e-03
7.270809999999999947e-03
9.686560000000000309e-03
4.537539999999999629e-03
-7.089329999999999590e-03
-2.503560000000000160e-02
-3.555669999999999664e-02
-3.244450000000000112e-02
-1.797529999999999961e-02
6.315799999999999886e-03
3.120190000000000116e-02
4.095000000000000029e-02
3.604090000000000071e-02
2.387239999999999848e-02
1.323200000000000071e-02
7.147839999999999923e-03
8.990770000000000359e-03
1.796580000000000052e-02
2.889490000000000114e-02
3.543009999999999909e-02
3.526859999999999717e-02
3.007040000000000060e-02
1.589609999999999981e-02
-2.942189999999999910e-03
-2.142109999999999848e-02
-3.595709999999999879e-02
-4.439379999999999715e-02
-4.961959999999999982e-02
-5.579979999999999662e-02
-6.159139999999999754e-02
-6.730980000000000296e-02
-7.094480000000000230e-02
-7.044870000000000299e-02
-6.640210000000000556e-02
-5.845419999999999783e-02
-4.403800000000000076e-02
-2.864210000000000020e-02
-1.472889999999999963e-02
-2.261930000000000104e-03
9.076479999999999618e-03
2.139459999999999973e-02
3.976450000000000123e-02
6.415160000000000307e-02
9.029420000000000501e-02
1.028320000000000067e-01
1.029719999999999941e-01
1.015559999999999935e-01
9.990849999999999731e-02
1.009749999999999953e-01
1.051819999999999977e-01
1.137760000000000021e-01
1.201890000000000042e-01
1.193140000000000034e-01
1.124939999999999968e-01
9.904880000000000628e-02
7.245759999999999701e-02
4.221960000000000296e-02
2.061759999999999982e-02
7.127269999999999786e-03
-6.548110000000000215e-03
-2.848679999999999962e-02
-6.312779999999999780e-02
-1.017470000000000041e-01
-1.371829999999999994e-01
-1.517090000000000105e-01
-1.501230000000000064e-01
-1.444809999999999983e-01
-1.337079999999999935e-01
-1.210669999999999941e-01
-1.066679999999999989e-01
-9.005770000000000441e-02
-6.876089999999999980e-02
-4.699649999999999661e-02
-3.275659999999999683e-02
-2.448490000000000041e-02
-1.430569999999999932e-02
-7.099030000000000097e-04
1.560010000000000042e-02
2.413440000000000030e-02
2.581210000000000102e-02
2.376309999999999881e-02
2.278689999999999882e-02
2.427259999999999834e-02
3.585259999999999836e-02
5.831549999999999928e-02
9.198030000000000095e-02
1.176750000000000018e-01
1.272379999999999900e-01
1.275580000000000047e-01
1.209199999999999997e-01
1.085180000000000033e-01
9.473810000000000564e-02
8.317430000000000656e-02
7.437130000000000130e-02
7.011589999999999490e-02
6.971280000000000532e-02
6.757699999999999818e-02
5.840449999999999808e-02
3.615589999999999776e-02
9.007519999999999763e-03
-1.178300000000000007e-02
-2.275409999999999933e-02
-2.503330000000000138e-02
-2.526509999999999867e-02
-2.704109999999999847e-02
-3.265579999999999872e-02
-3.837789999999999951e-02
-4.366679999999999867e-02
-4.357319999999999943e-02
-3.788210000000000188e-02
-3.094600000000000128e-02
-2.566550000000000081e-02
-2.120330000000000131e-02
-1.388849999999999980e-02
-2.379070000000000056e-03
5.721020000000000272e-03
7.509850000000000206e-03
4.504750000000000074e-03
-7.064430000000000015e-03
-2.120839999999999878e-02
-3.243929999999999730e-02
-3.497399999999999815e-02
-2.934619999999999937e-02
-2.246420000000000014e-02
-1.810360000000000094e-02
-2.058660000000000004e-02
-3.003559999999999910e-02
-3.945810000000000289e-02
-4.410059999999999675e-02
-4.124119999999999869e-02
-3.409410000000000218e-02
-2.635530000000000164e-02
-2.065339999999999884e-02
-1.974750000000000116e-02
-2.264880000000000018e-02
-2.670379999999999976e-02
-3.133819999999999661e-02
-3.957610000000000294e-02
-4.819280000000000092e-02
-5.414080000000000281e-02
-5.210449999999999804e-02
-4.537130000000000329e-02
-3.047220000000000137e-02
-1.590350000000000097e-02
-8.676919999999999425e-03
-9.709219999999999309e-03
-1.544590000000000025e-02
-1.996579999999999883e-02
-2.047099999999999961e-02
-1.887199999999999989e-02
-1.742159999999999889e-02
-1.710750000000000118e-02
-1.685359999999999983e-02
-1.543139999999999963e-02
-1.056960000000000018e-02
-6.707860000000000385e-03
1.690019999999999977e-03
1.671080000000000135e-02
3.727140000000000314e-02
5.643320000000000281e-02
6.902679999999999927e-02
7.717789999999999373e-02
8.213149999999999618e-02
8.396760000000000335e-02
8.473010000000000264e-02
8.235670000000000490e-02
7.596020000000000549e-02
6.618799999999999684e-02
5.309839999999999699e-02
3.466899999999999843e-02
1.423819999999999947e-02
7.247360000000000217e-04
-4.248299999999999993e-03
-5.118389999999999572e-03
-4.902740000000000049e-03
-5.252780000000000296e-03
-4.784140000000000094e-03
1.043140000000000045e-04
1.152940000000000041e-02
2.822809999999999903e-02
3.657060000000000172e-02
3.882069999999999965e-02
3.660540000000000321e-02
3.134490000000000193e-02
2.295459999999999862e-02
8.113880000000000398e-03
-1.410360000000000086e-02
-3.535449999999999704e-02
-5.573709999999999776e-02
-7.328709999999999392e-02
-8.269569999999999699e-02
-8.244730000000000114e-02
-7.511039999999999384e-02
-5.780670000000000253e-02
-3.861379999999999674e-02
-2.657369999999999871e-02
-2.282100000000000101e-02
-1.897360000000000019e-02
-1.423810000000000006e-02
-2.784739999999999958e-03
9.608169999999999211e-03
2.028719999999999829e-02
2.227989999999999832e-02
1.736680000000000168e-02
8.876149999999999318e-03
1.508229999999999944e-03
-6.667789999999999828e-03
-1.447269999999999980e-02
-2.620520000000000141e-02
-4.014129999999999782e-02
-5.136740000000000056e-02
-5.412050000000000194e-02
-4.969160000000000244e-02
-4.004959999999999770e-02
-2.499120000000000161e-02
-1.029629999999999955e-02
-2.085280000000000120e-03
1.400170000000000060e-03
3.367579999999999792e-03
9.513890000000000541e-03
2.443949999999999942e-02
3.880360000000000059e-02
5.149879999999999736e-02
5.934860000000000135e-02
5.664190000000000197e-02
4.787410000000000276e-02
3.979039999999999661e-02
3.802099999999999924e-02
4.163320000000000215e-02
4.833199999999999996e-02
5.601199999999999929e-02
5.916919999999999819e-02
5.319600000000000023e-02
3.690489999999999743e-02
7.898880000000000484e-03
-2.332889999999999964e-02
-4.523680000000000062e-02
-6.097969999999999779e-02
-6.834930000000000172e-02
-6.854490000000000582e-02
-6.291249999999999620e-02
-4.922950000000000242e-02
-2.549749999999999933e-02
2.910980000000000078e-03
3.144969999999999710e-02
5.338459999999999733e-02
6.640799999999999481e-02
7.110740000000000116e-02
6.737400000000000333e-02
6.110750000000000209e-02
5.972709999999999825e-02
6.085310000000000025e-02
5.913560000000000344e-02
4.798020000000000063e-02
2.095670000000000172e-02
-1.092109999999999956e-02
-3.184599999999999931e-02
-4.834530000000000077e-02
-6.039470000000000255e-02
-6.727130000000000609e-02
-6.404050000000000020e-02
-5.225140000000000340e-02
-3.215099999999999902e-02
-1.722289999999999932e-02
-1.471189999999999998e-02
-1.629339999999999955e-02
-1.898750000000000090e-02
-1.657940000000000108e-02
-9.271389999999999146e-03
6.328659999999999841e-03
2.125789999999999971e-02
3.443779999999999758e-02
4.135649999999999743e-02
4.150729999999999698e-02
3.751179999999999792e-02
2.993389999999999940e-02
1.917810000000000001e-02
8.729960000000000150e-03
-1.236349999999999992e-03
-1.239239999999999960e-02
-2.515459999999999918e-02
-4.016999999999999738e-02
-5.411219999999999919e-02
-6.515369999999999495e-02
-7.263719999999999899e-02
-7.596329999999999749e-02
-7.583520000000000538e-02
-7.128299999999999914e-02
-6.691840000000000288e-02
-5.774900000000000172e-02
-4.418219999999999786e-02
-1.992829999999999949e-02
9.057400000000000173e-03
4.125670000000000032e-02
7.721939999999999360e-02
1.071740000000000054e-01
1.246970000000000023e-01
1.293590000000000018e-01
1.241680000000000006e-01
1.120659999999999989e-01
1.014530000000000015e-01
9.535920000000000507e-02
9.599190000000000500e-02
1.014449999999999935e-01
1.046080000000000065e-01
9.962920000000000109e-02
8.119379999999999653e-02
5.679130000000000289e-02
4.096269999999999772e-02
3.509940000000000282e-02
3.319230000000000097e-02
3.327569999999999834e-02
3.391990000000000283e-02
3.219230000000000008e-02
2.531999999999999876e-02
1.508499999999999945e-02
5.265549999999999755e-05
-3.186309999999999837e-02
-9.927229999999999388e-02
-1.709819999999999951e-01
-2.289609999999999979e-01
-2.698439999999999728e-01
-2.895760000000000001e-01
-2.896810000000000218e-01
-2.806250000000000133e-01
-2.698900000000000188e-01
-2.572260000000000102e-01
-2.438500000000000112e-01
-2.267349999999999921e-01
-1.995969999999999966e-01
-1.560850000000000015e-01
-9.090869999999999507e-02
-2.531500000000000070e-02
2.885959999999999914e-02
6.526110000000000244e-02
7.696580000000000088e-02
7.913900000000000101e-02
7.166549999999999310e-02
5.778629999999999878e-02
3.151999999999999941e-02
7.657229999999999462e-04
-1.561949999999999970e-02
-1.882419999999999927e-02
-1.651640000000000053e-02
-8.404039999999999774e-03
4.824769999999999927e-03
2.022710000000000133e-02
2.853630000000000055e-02
2.976950000000000082e-02
2.521059999999999968e-02
1.444140000000000007e-02
7.756739999999999599e-04
-4.489759999999999758e-03
8.341929999999999137e-03
5.042359999999999898e-02
9.581639999999999602e-02
1.320369999999999877e-01
1.630860000000000087e-01
1.872560000000000058e-01
2.009519999999999917e-01
2.056620000000000115e-01
2.059840000000000004e-01
2.036380000000000134e-01
2.021169999999999911e-01
2.029229999999999923e-01
2.006989999999999885e-01
1.863579999999999959e-01
1.512840000000000018e-01
9.504110000000000336e-02
3.904429999999999706e-02
-9.229390000000000510e-03
-4.902549999999999963e-02
-7.970739999999999770e-02
-1.065559999999999979e-01
-1.313979999999999870e-01
-1.619589999999999919e-01
-1.879309999999999869e-01
-2.014410000000000089e-01
-2.075799999999999867e-01
-2.089660000000000128e-01
-2.057680000000000065e-01
-1.981469999999999898e-01
-1.864959999999999951e-01
-1.706189999999999929e-01
-1.468949999999999978e-01
-1.073149999999999937e-01
-3.024769999999999889e-02
5.708370000000000111e-02
1.104149999999999993e-01
1.458589999999999887e-01
1.728409999999999946e-01
1.870340000000000058e-01
1.951799999999999924e-01
1.994400000000000062e-01
2.040009999999999879e-01
2.049779999999999935e-01
2.016940000000000122e-01
1.935169999999999946e-01
1.804379999999999873e-01
1.648040000000000060e-01
1.467620000000000036e-01
1.288900000000000046e-01
1.035800000000000054e-01
7.922529999999999850e-02
5.761610000000000342e-02
3.344670000000000282e-02
3.428089999999999957e-03
-2.291450000000000084e-02
-4.622720000000000301e-02
-6.821489999999999498e-02
-8.714230000000000587e-02
-1.013379999999999975e-01
-1.090279999999999999e-01
-1.105639999999999956e-01
-1.055060000000000026e-01
-9.875680000000000569e-02
-9.188920000000000421e-02
-8.570389999999999953e-02
-8.215189999999999992e-02
-8.036459999999999437e-02
-7.984529999999999406e-02
-7.895059999999999578e-02
-7.638720000000000232e-02
-7.138750000000000651e-02
-6.329700000000000604e-02
-5.068299999999999889e-02
-3.552190000000000208e-02
-2.209569999999999937e-02
-1.231250000000000053e-02
-2.470330000000000182e-03
1.112089999999999954e-02
2.778889999999999832e-02
4.821009999999999879e-02
7.016110000000000402e-02
8.700410000000000088e-02
9.936040000000000150e-02
1.069439999999999974e-01
1.042929999999999968e-01
9.658350000000000268e-02
8.345719999999999528e-02
6.346250000000000502e-02
3.681269999999999681e-02
9.313470000000000776e-03
-1.544590000000000025e-02
-4.065810000000000257e-02
-6.085410000000000125e-02
-7.313129999999999631e-02
-7.997139999999999804e-02
-7.893229999999999691e-02
-7.266340000000000299e-02
-5.799479999999999913e-02
-3.953580000000000289e-02
-2.623239999999999947e-02
-2.034719999999999931e-02
-1.662299999999999889e-02
-1.536790000000000031e-02
-1.221080000000000082e-02
-7.243720000000000367e-03
3.473229999999999894e-03
1.255840000000000081e-02
1.876049999999999940e-02
2.004010000000000166e-02
1.568500000000000102e-02
8.602490000000000830e-03
1.617149999999999924e-03
-7.463290000000000028e-03
-1.898249999999999937e-02
-2.832140000000000005e-02
-3.346350000000000019e-02
-3.917419999999999930e-02
-4.743290000000000006e-02
-5.982500000000000318e-02
-7.213179999999999592e-02
-8.210399999999999643e-02
-8.312540000000000207e-02
-7.376800000000000024e-02
-5.199150000000000299e-02
-2.567629999999999912e-02
-4.223199999999999871e-03
8.587050000000000585e-03
1.955049999999999844e-02
3.038199999999999928e-02
3.845429999999999682e-02
4.223149999999999821e-02
4.004640000000000283e-02
3.422200000000000242e-02
2.507989999999999872e-02
1.450779999999999952e-02
9.155549999999999713e-04
-1.505719999999999975e-02
-2.905459999999999987e-02
-3.518840000000000162e-02
-3.245730000000000143e-02
-2.371190000000000103e-02
-1.292800000000000026e-02
-3.660399999999999852e-03
5.337210000000000218e-03
1.764529999999999918e-02
3.030079999999999926e-02
4.188050000000000106e-02
4.566970000000000057e-02
4.287640000000000201e-02
3.559869999999999701e-02
2.535750000000000157e-02
1.561829999999999989e-02
1.094780000000000059e-02
9.633239999999999512e-03
7.345609999999999813e-03
-5.212149999999999596e-03
-3.245850000000000124e-02
-6.109660000000000091e-02
-8.438389999999999780e-02
-9.730729999999999935e-02
-9.901240000000000041e-02
-9.216670000000000418e-02
-7.686809999999999476e-02
-5.569869999999999682e-02
-3.543609999999999816e-02
-1.567620000000000124e-02
1.673950000000000004e-03
1.345030000000000010e-02
1.964470000000000105e-02
2.253149999999999945e-02
2.568609999999999990e-02
2.868609999999999910e-02
3.322900000000000159e-02
3.360640000000000155e-02
2.705110000000000153e-02
9.382829999999999990e-03
-1.916100000000000095e-02
-4.948570000000000052e-02
-7.355340000000000489e-02
-8.875089999999999368e-02
-9.880479999999999818e-02
-1.039930000000000021e-01
-1.033980000000000038e-01
-9.982660000000000144e-02
-9.329909999999999592e-02
-7.886289999999999967e-02
-4.988650000000000029e-02
-2.083139999999999818e-03
4.674060000000000020e-02
8.405909999999999771e-02
1.105089999999999961e-01
1.278160000000000129e-01
1.327480000000000049e-01
1.249659999999999938e-01
1.105059999999999931e-01
8.464299999999999602e-02
6.028499999999999831e-02
4.982570000000000054e-02
4.432529999999999804e-02
3.673320000000000057e-02
2.699719999999999898e-02
1.308549999999999991e-02
-1.335760000000000072e-03
-9.818769999999999235e-03
-1.223630000000000030e-02
-1.145009999999999951e-02
-8.946340000000000542e-03
-5.268150000000000090e-03
-5.010550000000000333e-04
2.405239999999999895e-03
3.840370000000000068e-03
5.306929999999999634e-03
4.797009999999999989e-03
6.146539999999999816e-03
1.094730000000000009e-02
1.746160000000000073e-02
2.583229999999999901e-02
3.314509999999999679e-02
3.977159999999999723e-02
4.275759999999999977e-02
4.751210000000000155e-02
5.133159999999999806e-02
5.181349999999999845e-02
5.005040000000000183e-02
4.477590000000000042e-02
3.874459999999999710e-02
3.249130000000000074e-02
2.700059999999999960e-02
2.197220000000000076e-02
1.824560000000000071e-02
1.594989999999999949e-02
1.412710000000000007e-02
1.072159999999999953e-02
3.897690000000000096e-03
-7.642480000000000107e-03
-1.667379999999999904e-02
-2.303229999999999861e-02
-2.686020000000000074e-02
-3.117400000000000032e-02
-3.673320000000000057e-02
-4.602950000000000097e-02
-5.535049999999999693e-02
-6.049129999999999785e-02
-6.095930000000000099e-02
-5.527030000000000137e-02
-4.354600000000000137e-02
-2.611969999999999917e-02
-7.630529999999999952e-03
8.283999999999999697e-03
2.049410000000000120e-02
3.178199999999999775e-02
4.113939999999999958e-02
4.902549999999999963e-02
5.901239999999999958e-02
6.767800000000000205e-02
7.482060000000000100e-02
7.616860000000000297e-02
6.950259999999999772e-02
5.676620000000000277e-02
4.542439999999999672e-02
3.756670000000000148e-02
3.136909999999999699e-02
1.879319999999999949e-02
1.172969999999999959e-03
-1.439050000000000051e-02
-2.619300000000000100e-02
-2.719600000000000142e-02
-2.574459999999999943e-02
-2.396989999999999885e-02
-1.939789999999999917e-02
-9.213439999999999824e-03
3.401130000000000039e-03
1.562400000000000073e-02
2.653660000000000047e-02
3.305899999999999811e-02
3.265089999999999659e-02
2.821239999999999859e-02
2.250720000000000151e-02
1.785880000000000106e-02
1.450300000000000027e-02
1.249180000000000082e-02
1.161069999999999984e-02
1.260810000000000056e-02
1.645860000000000031e-02
2.159279999999999880e-02
2.628969999999999918e-02
3.052150000000000002e-02
3.260040000000000160e-02
3.239270000000000344e-02
2.836740000000000095e-02
2.208879999999999871e-02
1.249759999999999933e-02
-1.164160000000000021e-03
-1.558690000000000075e-02
-2.843990000000000060e-02
-3.932540000000000341e-02
-4.453059999999999657e-02
-4.725139999999999896e-02
-5.005269999999999858e-02
-5.043290000000000273e-02
-4.645470000000000155e-02
-3.937020000000000103e-02
-3.074709999999999943e-02
-2.360570000000000029e-02
-2.038030000000000050e-02
-2.074660000000000046e-02
-2.471119999999999914e-02
-3.168180000000000301e-02
-4.090719999999999773e-02
-5.036709999999999798e-02
-5.804159999999999875e-02
-6.201489999999999780e-02
-6.136529999999999763e-02
-6.053830000000000322e-02
-5.942920000000000147e-02
-5.874279999999999780e-02
-5.847879999999999745e-02
-5.916219999999999812e-02
-5.976850000000000218e-02
-5.975500000000000256e-02
-5.797109999999999763e-02
-5.352450000000000263e-02
-4.227489999999999720e-02
-1.630229999999999874e-02
1.591300000000000006e-02
3.395909999999999901e-02
4.234879999999999894e-02
4.698739999999999861e-02
4.849189999999999751e-02
4.816560000000000286e-02
4.738620000000000332e-02
4.366029999999999911e-02
3.555180000000000146e-02
2.362380000000000035e-02
1.334070000000000047e-02
7.065690000000000338e-03
2.267279999999999990e-03
-2.128090000000000016e-04
-5.943650000000000192e-04
9.409169999999999904e-04
3.261730000000000011e-03
3.879829999999999911e-03
3.300809999999999942e-03
4.942359999999999809e-03
6.872370000000000041e-03
7.629069999999999949e-03
9.287939999999999738e-03
8.706629999999999925e-03
3.564579999999999919e-03
-2.035289999999999929e-03
-4.655170000000000141e-03
-4.660949999999999642e-03
-1.768009999999999981e-03
3.980049999999999734e-03
9.384760000000000671e-03
1.283819999999999927e-02
1.221210000000000004e-02
7.741510000000000058e-03
-7.774630000000000256e-03
-2.828330000000000080e-02
-4.497929999999999984e-02
-5.581379999999999675e-02
-6.211799999999999961e-02
-6.597659999999999636e-02
-6.610489999999999422e-02
-6.234289999999999971e-02
-5.670850000000000196e-02
-4.820130000000000248e-02
-3.848719999999999919e-02
-3.007469999999999935e-02
-2.331949999999999995e-02
-1.704570000000000043e-02
-1.220270000000000035e-02
-7.626400000000000193e-03
-3.636930000000000024e-03
-1.153809999999999905e-03
-5.363749999999999594e-04
-3.941859999999999830e-04
1.764109999999999886e-04
1.096009999999999910e-03
1.193489999999999959e-03
4.117359999999999597e-03
8.888099999999999473e-03
1.793859999999999899e-02
2.798109999999999833e-02
3.394139999999999657e-02
3.442649999999999877e-02
3.216249999999999665e-02
2.744080000000000130e-02
2.320310000000000081e-02
2.379939999999999833e-02
2.933699999999999850e-02
3.665050000000000252e-02
4.343609999999999832e-02
4.783339999999999814e-02
4.872010000000000229e-02
4.727379999999999777e-02
4.138290000000000024e-02
3.504140000000000033e-02
2.898689999999999947e-02
2.738760000000000153e-02
3.032330000000000095e-02
3.380720000000000253e-02
3.614490000000000064e-02
3.586170000000000330e-02
3.299180000000000168e-02
2.962170000000000081e-02
2.675790000000000113e-02
2.443559999999999829e-02
2.486529999999999990e-02
2.500060000000000129e-02
2.958650000000000169e-02
3.366229999999999917e-02
3.511990000000000250e-02
3.598889999999999728e-02
3.637350000000000305e-02
3.350829999999999781e-02
2.891470000000000151e-02
2.171259999999999857e-02
1.341080000000000050e-02
6.826439999999999592e-03
5.464310000000000000e-03
6.461549999999999933e-03
1.168489999999999980e-02
1.875720000000000165e-02
2.225950000000000151e-02
2.080720000000000139e-02
1.744360000000000008e-02
1.276539999999999966e-02
9.258809999999999263e-03
7.381580000000000433e-03
6.538180000000000207e-03
5.056060000000000242e-03
2.062130000000000126e-03
-4.377139999999999850e-03
-1.096029999999999921e-02
-1.652349999999999999e-02
-1.877279999999999921e-02
-2.183349999999999874e-02
-2.436139999999999833e-02
-2.945820000000000036e-02
-3.433019999999999822e-02
-3.617320000000000257e-02
-3.537320000000000048e-02
-3.464829999999999993e-02
-3.641719999999999680e-02
-4.265030000000000210e-02
-5.204949999999999855e-02
-6.103159999999999835e-02
-6.767380000000000617e-02
-6.875779999999999392e-02
-6.893390000000000628e-02
-6.832190000000000485e-02
-6.622759999999999758e-02
-6.288879999999999471e-02
-5.720370000000000316e-02
-5.040889999999999954e-02
-4.308839999999999892e-02
-3.714499999999999746e-02
-3.153410000000000241e-02
-2.750719999999999901e-02
-2.158819999999999836e-02
-1.435589999999999956e-02
-2.776919999999999996e-03
1.179999999999999973e-02
3.253509999999999736e-02
5.191950000000000037e-02
6.295349999999999557e-02
6.594550000000000411e-02
6.225170000000000009e-02
4.954340000000000133e-02
2.711660000000000112e-02
7.944579999999999698e-03
-3.276869999999999870e-03
-8.629239999999999827e-03
-6.501019999999999716e-03
-9.395360000000000386e-04
2.227419999999999921e-03
8.027870000000000101e-04
-5.521120000000000021e-03
-1.473110000000000044e-02
-2.212079999999999949e-02
-2.678070000000000103e-02
-2.740739999999999843e-02
-2.195750000000000132e-02
-1.306120000000000024e-02
-4.465010000000000159e-03
5.916310000000000281e-05
-2.784499999999999852e-05
-6.001349999999999914e-03
-1.480420000000000000e-02
-2.284889999999999838e-02
-3.097170000000000131e-02
-3.720969999999999833e-02
-3.883280000000000065e-02
-3.663919999999999677e-02
-3.412690000000000168e-02
-3.053849999999999967e-02
-2.653569999999999887e-02
-2.414360000000000117e-02
-2.287329999999999919e-02
-2.157459999999999933e-02
-2.066110000000000169e-02
-1.789249999999999868e-02
-1.111400000000000061e-02
4.012010000000000099e-04
1.095740000000000082e-02
2.098070000000000143e-02
2.872500000000000053e-02
3.375820000000000209e-02
3.516219999999999762e-02
3.860630000000000311e-02
4.179979999999999807e-02
4.253189999999999749e-02
4.004549999999999776e-02
3.466349999999999987e-02
2.514740000000000031e-02
1.509620000000000059e-02
8.353589999999999280e-03
5.283419999999999610e-03
5.884359999999999938e-03
1.182539999999999980e-02
1.721119999999999942e-02
2.002289999999999973e-02
1.980619999999999950e-02
1.511690000000000082e-02
1.094149999999999984e-02
7.305919999999999602e-03
5.950180000000000226e-03
5.155129999999999955e-03
2.421299999999999928e-03
-2.680950000000000086e-03
-6.173490000000000227e-03
-6.893490000000000381e-03
-4.470509999999999588e-03
1.250519999999999974e-03
8.285429999999999878e-03
1.377910000000000072e-02
1.897470000000000059e-02
2.046450000000000005e-02
1.976230000000000001e-02
1.840170000000000000e-02
1.513579999999999960e-02
1.312289999999999984e-02
1.181819999999999919e-02
1.141340000000000063e-02
1.334439999999999932e-02
1.696659999999999835e-02
2.125849999999999962e-02
2.098970000000000002e-02
2.020479999999999846e-02
1.793640000000000165e-02
1.280560000000000032e-02
6.236379999999999701e-03
1.814840000000000073e-03
9.059430000000000098e-05
7.847490000000000314e-05
9.751679999999999441e-05
6.234469999999999552e-04
5.157690000000000148e-04
3.504059999999999814e-03
9.512780000000000194e-03
1.833790000000000073e-02
2.492870000000000155e-02
3.035269999999999982e-02
3.457090000000000163e-02
3.680139999999999800e-02
3.671189999999999870e-02
3.565859999999999863e-02
3.203879999999999922e-02
3.017869999999999928e-02
3.049150000000000124e-02
3.145339999999999941e-02
3.202789999999999804e-02
3.176729999999999832e-02
2.975469999999999851e-02
2.553789999999999880e-02
2.136220000000000133e-02
1.547630000000000013e-02
1.076419999999999981e-02
7.678149999999999906e-03
3.657600000000000001e-03
-2.086690000000000040e-04
-7.394490000000000091e-03
-1.873800000000000118e-02
-2.918660000000000004e-02
-3.922579999999999817e-02
-4.892989999999999839e-02
-5.680480000000000251e-02
-5.902659999999999851e-02
-5.679950000000000276e-02
-5.047490000000000310e-02
-4.153020000000000322e-02
-3.263579999999999953e-02
-2.541540000000000118e-02
-1.980969999999999953e-02
-1.587200000000000069e-02
-1.227140000000000002e-02
-6.275320000000000030e-03
2.249290000000000143e-03
1.348169999999999924e-02
2.244319999999999996e-02
2.462119999999999934e-02
1.901550000000000115e-02
1.020809999999999947e-02
3.053909999999999958e-03
-1.340129999999999924e-03
-2.046339999999999791e-03
8.077569999999999846e-04
5.005380000000000246e-03
9.486990000000000700e-03
1.340429999999999920e-02
1.673180000000000153e-02
2.049290000000000139e-02
2.431269999999999959e-02
2.828359999999999902e-02
2.960739999999999900e-02
2.778829999999999842e-02
2.229549999999999935e-02
9.771669999999999662e-03
-4.428529999999999966e-03
-1.631339999999999874e-02
-2.295830000000000093e-02
-2.595269999999999869e-02
-2.596940000000000012e-02
-2.512489999999999862e-02
-2.754459999999999895e-02
-3.265980000000000272e-02
-3.745670000000000249e-02
-3.909560000000000118e-02
-3.799659999999999843e-02
-3.388569999999999777e-02
-2.586240000000000067e-02
-1.643899999999999875e-02
-7.651970000000000126e-03
-2.400180000000000022e-03
-2.324849999999999942e-04
-4.664889999999999987e-04
1.548780000000000035e-04
4.550339999999999940e-03
1.256679999999999950e-02
2.167070000000000107e-02
2.974069999999999839e-02
3.154049999999999909e-02
2.988870000000000068e-02
2.507790000000000019e-02
1.851099999999999968e-02
1.024139999999999946e-02
1.258870000000000041e-03
-5.130230000000000380e-03
-8.917859999999999676e-03
-1.145930000000000039e-02
-1.130929999999999956e-02
-1.000769999999999958e-02
-8.815709999999999172e-03
-8.637550000000000783e-03
-1.132159999999999937e-02
-1.430969999999999985e-02
-1.815009999999999887e-02
-2.179110000000000075e-02
-2.419539999999999885e-02
-2.378109999999999946e-02
-2.482730000000000006e-02
-2.440319999999999989e-02
-2.167989999999999848e-02
-1.830100000000000129e-02
-1.784070000000000100e-02
-1.957570000000000143e-02
-2.247659999999999936e-02
-2.356180000000000080e-02
-2.518439999999999915e-02
-2.596340000000000106e-02
-2.975629999999999942e-02
-3.513560000000000294e-02
-4.030539999999999817e-02
-4.524770000000000181e-02
-5.114400000000000196e-02
-5.485990000000000311e-02
-5.575089999999999907e-02
-5.319429999999999992e-02
-4.653410000000000185e-02
-3.667750000000000177e-02
-2.900020000000000028e-02
-2.409120000000000011e-02
-2.379560000000000008e-02
-2.326320000000000124e-02
-2.079980000000000023e-02
-1.532350000000000032e-02
-5.552389999999999930e-03
5.185089999999999838e-03
1.526040000000000035e-02
2.449840000000000004e-02
2.753229999999999913e-02
2.509640000000000135e-02
2.151549999999999990e-02
1.806409999999999960e-02
1.563530000000000128e-02
1.549249999999999933e-02
1.541370000000000066e-02
1.514970000000000032e-02
1.492899999999999956e-02
1.483489999999999982e-02
1.183569999999999935e-02
7.827320000000000458e-03
3.187549999999999932e-03
9.306779999999999957e-04
-6.579099999999999402e-05
1.473930000000000032e-03
9.249580000000000302e-03
1.776650000000000104e-02
2.521270000000000108e-02
2.758649999999999991e-02
2.212060000000000068e-02
1.070399999999999997e-02
-7.963610000000000144e-05
-1.029090000000000039e-02
-1.555430000000000007e-02
-1.645819999999999922e-02
-1.529819999999999965e-02
-1.196030000000000010e-02
-7.952080000000000259e-03
-4.524399999999999603e-03
-6.060940000000000114e-06
5.612129999999999896e-03
1.543250000000000004e-02
2.518139999999999962e-02
3.170119999999999882e-02
3.569100000000000050e-02
3.626789999999999875e-02
3.410320000000000018e-02
3.212740000000000040e-02
2.797130000000000102e-02
2.553419999999999995e-02
2.350290000000000018e-02
2.218089999999999992e-02
2.221230000000000079e-02
2.331199999999999939e-02
2.247499999999999845e-02
2.110980000000000148e-02
1.619800000000000059e-02
1.071489999999999942e-02
7.714419999999999611e-03
8.595079999999999734e-03
1.241839999999999958e-02
1.784519999999999856e-02
2.282800000000000107e-02
2.709200000000000150e-02
2.993459999999999871e-02
3.102030000000000065e-02
3.060430000000000095e-02
3.035979999999999929e-02
2.968120000000000133e-02
2.872720000000000135e-02
2.730350000000000138e-02
2.417189999999999964e-02
2.221990000000000076e-02
2.021260000000000071e-02
1.615820000000000103e-02
1.192389999999999943e-02
6.799679999999999787e-03
1.346809999999999934e-03
-2.385720000000000028e-03
-2.821769999999999921e-03
-4.207820000000000245e-04
2.763380000000000176e-03
3.146040000000000121e-03
6.896640000000000431e-05
-7.077289999999999970e-03
-1.386309999999999973e-02
-1.776809999999999848e-02
-1.860119999999999829e-02
-1.868929999999999897e-02
-1.741639999999999855e-02
-1.601999999999999952e-02
-1.580830000000000082e-02
-1.607350000000000098e-02
-1.598460000000000159e-02
-1.572389999999999899e-02
-1.746380000000000154e-02
-1.976709999999999925e-02
-2.268430000000000099e-02
-2.364990000000000148e-02
-2.378809999999999952e-02
-2.111429999999999904e-02
-1.558080000000000055e-02
-5.870239999999999660e-03
4.403699999999999976e-03
1.158600000000000081e-02
1.527290000000000071e-02
1.798680000000000070e-02
2.128709999999999977e-02
2.531960000000000113e-02
2.955659999999999885e-02
3.154330000000000328e-02
3.015229999999999994e-02
2.313389999999999891e-02
1.319649999999999990e-02
1.665040000000000010e-03
-6.606169999999999751e-03
-1.172409999999999945e-02
-1.360199999999999951e-02
-1.693889999999999979e-02
-2.318999999999999881e-02
-2.970189999999999983e-02
-3.490340000000000109e-02
-3.874299999999999966e-02
-3.920549999999999730e-02
-3.540560000000000235e-02
-2.947659999999999864e-02
-2.185439999999999952e-02
-1.356010000000000028e-02
-5.688580000000000372e-03
-2.021939999999999849e-03
1.965619999999999954e-03
5.725130000000000149e-03
1.127129999999999972e-02
1.809070000000000122e-02
2.471370000000000164e-02
2.644039999999999932e-02
2.401139999999999872e-02
1.847589999999999996e-02
8.770909999999999818e-03
2.235410000000000066e-04
-4.268809999999999619e-03
-6.475169999999999711e-03
-7.614000000000000108e-03
-9.153480000000000297e-03
-1.039170000000000024e-02
-9.915030000000000024e-03
-9.303189999999999377e-03
-8.721970000000000764e-03
-8.194709999999999148e-03
-7.701409999999999680e-03
-6.436299999999999834e-03
-2.915179999999999855e-03
4.794509999999999874e-04
3.667029999999999942e-03
5.938859999999999799e-03
8.371540000000000231e-03
1.083620000000000069e-02
1.118049999999999947e-02
1.037899999999999934e-02
9.916859999999999564e-03
8.642810000000000770e-03
5.994799999999999782e-03
5.540530000000000108e-03
8.275249999999999620e-03
1.322139999999999947e-02
2.003040000000000029e-02
2.567830000000000112e-02
3.057150000000000145e-02
3.526870000000000005e-02
3.725099999999999939e-02
3.782250000000000195e-02
3.749369999999999786e-02
3.682789999999999675e-02
3.541529999999999678e-02
3.169519999999999976e-02
2.615400000000000016e-02
1.971420000000000117e-02
1.342490000000000003e-02
7.835719999999999144e-03
4.049289999999999660e-03
1.100850000000000006e-03
-1.395479999999999941e-03
-3.881420000000000009e-03
-7.077189999999999696e-03
-1.254360000000000024e-02
-1.910999999999999852e-02
-2.409139999999999893e-02
-2.880740000000000037e-02
-3.295630000000000087e-02
-3.580160000000000287e-02
-3.829430000000000334e-02
-4.063459999999999989e-02
-4.243679999999999675e-02
-4.450989999999999808e-02
-4.376429999999999904e-02
-4.146119999999999667e-02
-3.924090000000000217e-02
-3.454360000000000069e-02
-2.838349999999999901e-02
-2.278049999999999867e-02
-1.622759999999999828e-02
-1.063670000000000067e-02
-7.547449999999999819e-03
-6.798140000000000259e-03
-8.312669999999999434e-03
-8.536250000000000435e-03
-8.024629999999999611e-03
-7.563929999999999959e-03
-4.677279999999999806e-03
-2.168600000000000128e-03
-5.949920000000000252e-04
-1.272530000000000015e-03
-3.053709999999999845e-03
-4.367280000000000294e-03
-7.048060000000000089e-03
-9.352559999999999346e-03
-1.255350000000000042e-02
-1.421150000000000017e-02
-1.360820000000000085e-02
-1.188729999999999995e-02
-9.742570000000000743e-03
-1.069460000000000029e-02
-1.460629999999999915e-02
-2.025669999999999901e-02
-2.447569999999999954e-02
-2.544729999999999909e-02
-2.371499999999999997e-02
-1.903010000000000118e-02
-1.245130000000000021e-02
-7.978739999999999791e-03
-7.291940000000000227e-03
-6.490189999999999848e-03
-5.131700000000000324e-03
-2.173749999999999901e-03
3.313440000000000179e-04
3.874149999999999816e-03
7.577379999999999879e-03
1.069999999999999944e-02
1.218640000000000001e-02
1.209690000000000071e-02
9.979220000000000451e-03
5.614159999999999984e-03
1.235039999999999966e-03
1.855659999999999916e-04
9.531210000000000246e-04
2.350689999999999898e-03
1.704479999999999971e-03
-9.457390000000000197e-04
-4.821050000000000335e-03
-7.516700000000000291e-03
-9.457399999999999488e-03
-8.249990000000000448e-03
-5.850329999999999940e-03
-4.871989999999999654e-03
-5.096670000000000193e-03
-5.781979999999999932e-03
-7.063179999999999632e-03
-8.544650000000000856e-03
-9.854800000000000365e-03
-1.067470000000000051e-02
-8.320789999999999784e-03
-4.349119999999999722e-03
-2.446400000000000050e-03
-3.862809999999999833e-04
1.163860000000000068e-03
2.041509999999999853e-03
3.050160000000000111e-03
6.907889999999999864e-03
1.145469999999999995e-02
1.634410000000000029e-02
1.967709999999999945e-02
1.891889999999999891e-02
1.651280000000000109e-02
1.403790000000000072e-02
1.251030000000000024e-02
1.389059999999999948e-02
1.673020000000000063e-02
1.838539999999999966e-02
1.831570000000000073e-02
1.697900000000000104e-02
1.538619999999999918e-02
1.494380000000000014e-02
1.621809999999999918e-02
1.869559999999999972e-02
2.339070000000000038e-02
2.841729999999999950e-02
3.251049999999999773e-02
3.552840000000000165e-02
3.475700000000000317e-02
3.308250000000000079e-02
2.788850000000000010e-02
1.941870000000000054e-02
7.490909999999999930e-03
-7.143540000000000523e-04
-4.139509999999999891e-03
-4.766929999999999952e-03
-3.361450000000000202e-03
-2.748659999999999992e-03
-2.191569999999999890e-03
-1.395439999999999907e-04
3.309649999999999918e-03
8.419859999999999497e-03
1.451509999999999953e-02
1.875649999999999887e-02
1.968270000000000089e-02
1.805129999999999929e-02
1.278010000000000083e-02
5.129540000000000141e-03
-2.031460000000000123e-03
-7.389869999999999772e-03
-1.083729999999999936e-02
-1.228399999999999978e-02
-1.342939999999999932e-02
-1.378910000000000032e-02
-1.556429999999999966e-02
-1.698039999999999966e-02
-1.879830000000000043e-02
-1.860130000000000117e-02
-1.581940000000000082e-02
-1.330409999999999926e-02
-1.179900000000000046e-02
-1.074280000000000027e-02
-9.826110000000000747e-03
-1.026529999999999977e-02
-1.045970000000000059e-02
-1.107610000000000018e-02
-1.272350000000000043e-02
-1.191940000000000013e-02
-1.042110000000000085e-02
-9.493909999999999502e-03
-8.644159999999999691e-03
-7.591299999999999611e-03
-6.041519999999999876e-03
-4.467740000000000426e-03
-3.908699999999999761e-04
5.647089999999999575e-03
1.239490000000000036e-02
1.590799999999999853e-02
1.866179999999999922e-02
1.947979999999999851e-02
1.876049999999999940e-02
1.827679999999999930e-02
1.799819999999999892e-02
2.002900000000000166e-02
2.362059999999999854e-02
2.791520000000000112e-02
3.317729999999999985e-02
3.691760000000000180e-02
3.846979999999999844e-02
3.684019999999999656e-02
3.319600000000000328e-02
2.807350000000000123e-02
2.433890000000000012e-02
2.260960000000000053e-02
2.152590000000000059e-02
2.139490000000000142e-02
2.165689999999999976e-02
2.185940000000000105e-02
2.208670000000000078e-02
2.060690000000000091e-02
2.189419999999999908e-02
2.399509999999999837e-02
2.622419999999999959e-02
2.818309999999999912e-02
2.896500000000000116e-02
2.658850000000000102e-02
2.082679999999999948e-02
1.401580000000000013e-02
6.668420000000000424e-03
-2.136499999999999944e-03
-8.676879999999999662e-03
-1.524709999999999954e-02
-2.035630000000000078e-02
-2.487199999999999828e-02
-2.735100000000000031e-02
-2.751589999999999939e-02
-2.866869999999999835e-02
-2.836489999999999845e-02
-2.724060000000000023e-02
-2.706750000000000128e-02
-2.813380000000000047e-02
-2.929239999999999969e-02
-3.067819999999999922e-02
-3.221679999999999683e-02
-3.454990000000000144e-02
-3.640070000000000111e-02
-3.822350000000000053e-02
-3.943660000000000221e-02
-4.038730000000000098e-02
-4.081390000000000018e-02
-4.017359999999999681e-02
-3.836830000000000102e-02
-3.597940000000000166e-02
-3.197900000000000048e-02
-2.459420000000000009e-02
-1.552899999999999940e-02
-4.877860000000000355e-03
5.263050000000000020e-03
1.526139999999999962e-02
2.186659999999999993e-02
2.675119999999999928e-02
3.034900000000000098e-02
3.426339999999999941e-02
3.566659999999999969e-02
3.468229999999999924e-02
3.151319999999999816e-02
2.619140000000000010e-02
1.937689999999999899e-02
1.019819999999999928e-02
-8.872059999999999755e-04
-8.582630000000000814e-03
-1.360229999999999946e-02
-1.570039999999999977e-02
-1.374960000000000071e-02
-1.097410000000000052e-02
-6.783889999999999885e-03
-2.333330000000000213e-03
3.352110000000000159e-03
7.716630000000000364e-03
1.058030000000000082e-02
1.259640000000000065e-02
1.272210000000000008e-02
1.257959999999999981e-02
1.062770000000000034e-02
6.387119999999999603e-03
-4.521419999999999953e-04
-8.414039999999999367e-03
-1.495959999999999998e-02
-2.040609999999999993e-02
-2.480600000000000166e-02
-2.806700000000000167e-02
-2.974569999999999992e-02
-3.091910000000000144e-02
-3.013969999999999844e-02
-2.726069999999999882e-02
-2.182219999999999993e-02
-1.183309999999999917e-02
-1.815879999999999968e-03
6.823740000000000014e-03
1.244149999999999943e-02
1.489670000000000057e-02
1.390030000000000085e-02
9.061430000000000526e-03
2.809959999999999802e-03
-4.666540000000000271e-03
-1.130639999999999944e-02
-1.482649999999999940e-02
-1.596739999999999965e-02
-1.682720000000000049e-02
-1.770909999999999845e-02
-1.805500000000000160e-02
-1.722589999999999885e-02
-1.342860000000000061e-02
-8.891480000000000217e-03
-2.920359999999999883e-03
-9.003530000000000040e-04
-1.750440000000000025e-03
-3.079800000000000159e-03
-6.965500000000000337e-03
-9.740330000000000168e-03
-1.105229999999999928e-02
-1.174459999999999914e-02
-1.263120000000000041e-02
-1.371889999999999915e-02
-1.730280000000000012e-02
-2.159880000000000133e-02
-2.408650000000000027e-02
-2.345219999999999944e-02
-2.354780000000000068e-02
-2.296720000000000012e-02
-2.208790000000000059e-02
-2.169540000000000010e-02
-2.131479999999999833e-02
-2.066470000000000112e-02
-1.994009999999999880e-02
-1.799339999999999967e-02
-1.439290000000000014e-02
-8.615019999999999276e-03
-1.438840000000000041e-03
2.807430000000000082e-03
4.781279999999999732e-03
5.435139999999999763e-03
6.124880000000000081e-03
5.406089999999999680e-03
5.841940000000000327e-03
8.880030000000000562e-03
1.173440000000000073e-02
1.551800000000000054e-02
1.969539999999999833e-02
2.245130000000000042e-02
2.264009999999999981e-02
2.209720000000000087e-02
2.139860000000000026e-02
2.191169999999999923e-02
2.348540000000000003e-02
2.658769999999999883e-02
2.837879999999999917e-02
2.922939999999999913e-02
2.829020000000000146e-02
2.601449999999999943e-02
2.327109999999999942e-02
2.176689999999999875e-02
1.961999999999999855e-02
1.578649999999999845e-02
1.135509999999999992e-02
8.981869999999999438e-03
8.864189999999999223e-03
9.010050000000000350e-03
1.243580000000000033e-02
1.580149999999999957e-02
2.067499999999999893e-02
2.437299999999999883e-02
2.534830000000000069e-02
2.579340000000000105e-02
2.277809999999999904e-02
1.878269999999999940e-02
1.542289999999999980e-02
1.376089999999999952e-02
1.112720000000000029e-02
8.639219999999999539e-03
4.264959999999999932e-03
-1.649280000000000039e-04
-4.319159999999999840e-03
-6.127060000000000145e-03
-6.748269999999999789e-03
-8.288830000000000503e-03
-9.899730000000000682e-03
-1.003869999999999936e-02
-1.091489999999999995e-02
-1.344719999999999943e-02
-1.571900000000000033e-02
-1.723320000000000060e-02
-1.644630000000000050e-02
-1.626719999999999902e-02
-1.509609999999999945e-02
-1.385989999999999965e-02
-1.324460000000000047e-02
-1.198160000000000024e-02
-9.777100000000000374e-03
-6.982109999999999705e-03
-5.851010000000000238e-03
-3.018920000000000024e-03
5.836539999999999654e-04
3.767350000000000039e-03
6.963610000000000286e-03
8.646229999999999541e-03
8.206039999999999515e-03
7.986240000000000352e-03
8.272490000000000399e-03
8.336539999999999923e-03
7.146750000000000325e-03
4.147849999999999801e-03
1.149459999999999935e-03
-2.035250000000000167e-03
-3.836019999999999881e-03
-4.361030000000000115e-03
-5.530249999999999576e-03
-6.097199999999999669e-03
-6.679049999999999744e-03
-7.366059999999999795e-03
-5.915690000000000358e-03
-4.369669999999999978e-03
-4.292050000000000379e-03
-5.336910000000000265e-03
-5.609409999999999570e-03
-7.903099999999999709e-03
-9.133880000000000471e-03
-7.399799999999999781e-03
-4.522929999999999659e-03
-2.452859999999999849e-03
5.864110000000000069e-04
3.766929999999999931e-03
7.361620000000000143e-03
1.095669999999999977e-02
1.304239999999999913e-02
1.323019999999999925e-02
9.907219999999999568e-03
5.396630000000000350e-03
1.637629999999999945e-03
-3.290079999999999914e-03
-6.432629999999999945e-03
-7.279560000000000024e-03
-6.908619999999999865e-03
-6.508329999999999671e-03
-6.104209999999999671e-03
-5.509589999999999974e-03
-5.060000000000000261e-03
-4.744599999999999859e-03
-3.799170000000000151e-03
-1.372020000000000054e-03
2.355490000000000014e-03
6.289219999999999880e-03
9.719709999999999461e-03
1.171379999999999991e-02
1.174599999999999950e-02
1.251610000000000049e-02
1.363540000000000064e-02
1.466860000000000039e-02
1.559740000000000085e-02
1.662920000000000023e-02
1.628200000000000133e-02
1.504029999999999950e-02
1.413870000000000057e-02
1.288289999999999921e-02
1.090020000000000051e-02
8.372150000000000078e-03
6.137189999999999833e-03
5.373659999999999722e-03
4.909789999999999814e-03
4.273569999999999973e-03
3.773470000000000123e-03
2.973420000000000056e-03
6.753570000000000460e-05
-4.426270000000000378e-03
-8.661409999999999595e-03
-1.378180000000000030e-02
-1.687970000000000095e-02
-1.837890000000000010e-02
-1.914669999999999914e-02
-1.995399999999999952e-02
-1.993199999999999833e-02
-1.787779999999999925e-02
-1.499409999999999979e-02
-1.198560000000000077e-02
-9.134859999999999855e-03
-8.271580000000000599e-03
-9.692110000000000308e-03
-1.190590000000000051e-02
-1.219690000000000010e-02
-1.326339999999999984e-02
-1.389529999999999932e-02
-1.299250000000000058e-02
-1.123569999999999951e-02
-1.156289999999999922e-02
-1.108849999999999940e-02
-1.041150000000000062e-02
-9.594099999999999503e-03
-7.119399999999999687e-03
-3.634979999999999895e-03
-1.056499999999999930e-03
5.119330000000000061e-04
7.825440000000000347e-04
4.519610000000000185e-04
1.607340000000000098e-06
-1.097459999999999972e-03
-9.515590000000000419e-04
-5.271539999999999473e-04
-2.478560000000000203e-04
5.895689999999999655e-04
2.783589999999999849e-03
4.809009999999999847e-03
7.540719999999999888e-03
1.024010000000000024e-02
1.193789999999999955e-02
1.326910000000000069e-02
1.436250000000000027e-02
1.631519999999999845e-02
1.831580000000000014e-02
1.937969999999999970e-02
1.959320000000000159e-02
1.883630000000000027e-02
1.795479999999999993e-02
1.506389999999999986e-02
9.750929999999999667e-03
4.892119999999999802e-03
6.249060000000000508e-04
-2.906670000000000087e-03
-4.796909999999999716e-03
-6.401249999999999822e-03
-7.589750000000000142e-03
-8.541200000000000528e-03
-8.228990000000000263e-03
-7.633130000000000123e-03
-7.893040000000000472e-03
-8.223350000000000798e-03
-7.489700000000000177e-03
-7.203629999999999929e-03
-7.509619999999999837e-03
-5.459450000000000240e-03
-4.053379999999999657e-03
-1.685440000000000072e-03
2.462230000000000148e-03
6.507770000000000395e-03
7.434610000000000350e-03
8.511819999999999803e-03
8.056660000000000210e-03
6.388310000000000342e-03
4.500610000000000374e-03
2.181900000000000072e-03
1.117670000000000078e-03
1.172159999999999999e-03
2.459869999999999852e-03
4.945040000000000373e-03
7.851389999999999758e-03
9.914229999999999571e-03
1.106569999999999949e-02
1.283529999999999914e-02
1.261709999999999915e-02
1.222640000000000012e-02
1.152249999999999976e-02
1.012120000000000034e-02
9.050700000000000064e-03
6.798809999999999749e-03
4.573329999999999583e-03
2.913059999999999868e-03
2.509250000000000196e-03
2.394049999999999997e-03
2.841359999999999806e-03
2.707699999999999951e-03
1.018500000000000091e-03
-7.132590000000000501e-04
-6.786820000000000049e-04
-3.774720000000000072e-04
1.055240000000000014e-04
7.980819999999999798e-04
1.258849999999999943e-03
1.720509999999999965e-03
4.785550000000000394e-03
7.131219999999999747e-03
8.181380000000000249e-03
8.161639999999999520e-03
7.638019999999999705e-03
6.952319999999999681e-03
5.741630000000000171e-03
3.536019999999999962e-03
2.051470000000000116e-03
1.217659999999999966e-03
2.358919999999999973e-04
-1.483710000000000064e-03
-3.558289999999999977e-03
-4.685370000000000333e-03
-2.685780000000000025e-03
1.433969999999999906e-03
5.246119999999999950e-03
7.975269999999999582e-03
9.853260000000000837e-03
9.552470000000000405e-03
7.485870000000000371e-03
4.823509999999999603e-03
1.577010000000000000e-03
-2.615440000000000126e-03
-7.227879999999999895e-03
-1.268030000000000025e-02
-1.674940000000000109e-02
-1.953159999999999966e-02
-2.225440000000000057e-02
-2.505579999999999960e-02
-2.732909999999999853e-02
-2.961159999999999834e-02
-3.068330000000000016e-02
-2.950380000000000016e-02
-2.833240000000000064e-02
-2.650780000000000150e-02
-2.506709999999999841e-02
-2.292980000000000018e-02
-2.000930000000000070e-02
-1.852579999999999852e-02
-1.573209999999999886e-02
-1.408659999999999947e-02
-1.220860000000000001e-02
-9.993099999999999553e-03
-8.413959999999999842e-03
-7.431440000000000094e-03
-7.038499999999999618e-03
-8.083440000000000764e-03
-1.048999999999999932e-02
-1.177450000000000024e-02
-1.186109999999999942e-02
-1.082909999999999949e-02
-1.176849999999999945e-02
-1.297429999999999937e-02
-1.253280000000000019e-02
-1.116480000000000077e-02
-1.019409999999999934e-02
-8.322200000000000084e-03
-5.328639999999999939e-03
-1.659670000000000025e-03
1.194170000000000040e-03
2.991160000000000086e-03
3.844549999999999964e-03
2.687499999999999785e-03
1.891679999999999967e-03
2.942460000000000041e-03
4.627319999999999871e-03
8.203900000000000081e-03
1.030709999999999960e-02
1.344949999999999965e-02
1.578979999999999967e-02
1.855949999999999961e-02
1.900649999999999909e-02
1.887389999999999901e-02
1.924889999999999934e-02
1.742159999999999889e-02
1.624739999999999865e-02
1.585249999999999854e-02
1.513959999999999959e-02
1.569620000000000043e-02
1.810880000000000128e-02
2.093180000000000041e-02
2.369649999999999881e-02
2.572220000000000062e-02
2.781279999999999863e-02
2.721379999999999980e-02
2.322180000000000077e-02
1.762980000000000103e-02
1.295220000000000052e-02
8.661910000000000096e-03
5.896030000000000021e-03
3.322509999999999873e-03
2.360450000000000048e-03
3.061720000000000088e-04
-1.734829999999999922e-03
-2.212840000000000206e-03
-2.458360000000000146e-03
-2.457669999999999907e-03
-2.844759999999999997e-03
-5.071080000000000379e-03
-6.192859999999999684e-03
-8.118409999999999516e-03
-1.214989999999999994e-02
-1.387210000000000006e-02
-1.354239999999999958e-02
-1.148880000000000040e-02
-7.570129999999999568e-03
-1.323839999999999956e-03
4.650099999999999893e-03
9.467859999999999818e-03
1.131380000000000059e-02
1.249379999999999935e-02
1.268249999999999933e-02
1.186560000000000045e-02
1.144979999999999956e-02
1.033799999999999997e-02
7.687430000000000305e-03
3.925569999999999754e-03
-1.213289999999999898e-03
-4.456429999999999940e-03
-6.798610000000000070e-03
-6.211330000000000150e-03
-3.898990000000000181e-03
-1.855969999999999972e-03
-1.527570000000000013e-03
-2.489920000000000067e-03
-5.508919999999999616e-03
-9.139509999999999995e-03
-1.233099999999999995e-02
-1.388179999999999970e-02
-1.369079999999999950e-02
-1.252190000000000074e-02
-1.097459999999999929e-02
-7.140610000000000360e-03
-4.010249999999999926e-03
1.021959999999999926e-03
7.002000000000000411e-03
1.181210000000000072e-02
1.432169999999999971e-02
1.604020000000000098e-02
1.581750000000000170e-02
1.584440000000000154e-02
1.637150000000000064e-02
1.383239999999999990e-02
1.186940000000000044e-02
9.452429999999999513e-03
6.174569999999999885e-03
4.130639999999999659e-03
2.264879999999999931e-03
2.052630000000000166e-03
3.895769999999999789e-03
5.631539999999999983e-03
7.087079999999999942e-03
7.631190000000000369e-03
8.701520000000000782e-03
9.912729999999999805e-03
9.747070000000000040e-03
1.022870000000000029e-02
1.144869999999999916e-02
1.148680000000000014e-02
1.214190000000000061e-02
1.303149999999999968e-02
1.238779999999999916e-02
9.082939999999999417e-03
5.724950000000000351e-03
2.350689999999999898e-03
-8.201810000000000133e-04
-4.623719999999999566e-03
-6.667239999999999625e-03
-9.752109999999999598e-03
-1.365710000000000014e-02
-1.598839999999999983e-02
-1.758650000000000144e-02
-1.811590000000000075e-02
-1.662320000000000117e-02
-1.281750000000000077e-02
-9.581849999999999395e-03
-4.733189999999999967e-03
-1.384609999999999877e-04
1.482060000000000105e-03
2.032130000000000047e-03
1.970599999999999869e-03
1.546680000000000038e-04
-2.392280000000000101e-03
-4.061310000000000267e-03
-6.335509999999999926e-03
-8.307800000000000601e-03
-1.087570000000000030e-02
-1.328350000000000017e-02
-1.540709999999999996e-02
-1.655620000000000008e-02
-1.606259999999999979e-02
-1.560959999999999952e-02
-1.508649999999999922e-02
-1.456780000000000054e-02
-1.356989999999999932e-02
-1.217790000000000018e-02
-1.083199999999999961e-02
-1.034039999999999959e-02
-9.965780000000000471e-03
-9.486879999999999619e-03
-8.400460000000000219e-03
-7.547739999999999831e-03
-6.534449999999999807e-03
-6.764720000000000108e-03
-8.185809999999999961e-03
-8.679579999999999240e-03
-9.195800000000000501e-03
-9.399160000000000154e-03
-9.742799999999999377e-03
-1.002549999999999969e-02
-9.197969999999999757e-03
-8.146350000000000119e-03
-8.477540000000000422e-03
-8.821270000000000847e-03
-8.210570000000000368e-03
-7.644009999999999694e-03
-7.342709999999999688e-03
-6.872790000000000149e-03
-5.873299999999999702e-03
-6.361590000000000300e-03
-6.489690000000000215e-03
-6.115989999999999968e-03
-5.257959999999999891e-03
-4.980550000000000255e-03
-4.295600000000000113e-03
-4.316630000000000120e-03
-4.234670000000000274e-03
-5.902830000000000403e-03
-7.265190000000000363e-03
-5.887370000000000277e-03
-4.603099999999999727e-03
-2.898770000000000166e-03
-2.143110000000000154e-03
-1.593589999999999980e-03
-1.117589999999999903e-03
-5.279320000000000540e-04
-1.644290000000000074e-04
1.308050000000000055e-03
2.999190000000000102e-03
5.462640000000000377e-03
8.089640000000000372e-03
1.029389999999999993e-02
1.269370000000000047e-02
1.461170000000000004e-02
1.729440000000000144e-02
1.875639999999999946e-02
1.949499999999999844e-02
1.935069999999999846e-02
1.603510000000000005e-02
1.418720000000000050e-02
1.347139999999999969e-02
1.205320000000000003e-02
9.708279999999999688e-03
7.670849999999999891e-03
7.227790000000000430e-03
6.911330000000000251e-03
6.476899999999999845e-03
6.077289999999999949e-03
5.745899999999999966e-03
5.391929999999999640e-03
5.117100000000000294e-03
4.799239999999999756e-03
4.502329999999999700e-03
4.109230000000000174e-03
4.528670000000000265e-03
6.475419999999999961e-03
6.325479999999999645e-03
3.815320000000000083e-03
-6.454669999999999646e-05
-4.440300000000000323e-03
-7.381160000000000325e-03
-8.187699999999999145e-03
-7.560350000000000403e-03
-6.879579999999999723e-03
-6.263849999999999626e-03
-6.699519999999999607e-03
-6.776189999999999644e-03
-6.253640000000000414e-03
-5.042109999999999821e-03
-3.202319999999999819e-03
-3.950250000000000202e-04
1.451510000000000040e-03
2.710129999999999831e-03
2.770589999999999858e-03
2.765769999999999861e-03
1.583800000000000008e-03
1.058689999999999935e-03
1.313230000000000083e-03
1.364989999999999953e-03
1.446360000000000050e-03
1.629849999999999962e-03
1.121760000000000075e-03
-5.312980000000000079e-05
-1.062189999999999966e-03
-9.286459999999999854e-04
-7.950500000000000535e-04
-5.981320000000000256e-04
-1.392149999999999876e-04
3.300989999999999849e-04
1.668280000000000067e-03
2.778999999999999786e-03
2.786460000000000152e-03
2.748140000000000045e-03
2.149009999999999809e-03
2.857880000000000142e-03
3.910089999999999746e-03
5.194050000000000403e-03
6.178399999999999691e-03
6.742869999999999767e-03
7.470759999999999901e-03
7.959199999999999608e-03
7.338149999999999881e-03
5.737250000000000162e-03
4.033860000000000223e-03
3.437009999999999892e-03
1.942769999999999914e-03
3.931520000000000197e-04
-5.129219999999999656e-04
-1.761690000000000001e-03
-1.685029999999999905e-03
-1.464720000000000084e-03
-1.261530000000000073e-03
-1.137589999999999955e-03
-8.299260000000000361e-04
-4.389989999999999756e-04
1.207579999999999982e-03
2.412399999999999874e-03
3.968290000000000185e-03
5.747480000000000123e-03
6.633840000000000223e-03
6.862100000000000317e-03
6.614489999999999779e-03
5.613550000000000137e-03
4.977520000000000035e-03
4.319560000000000066e-03
4.232149999999999627e-03
3.870590000000000142e-03
3.017569999999999801e-03
1.812220000000000020e-03
1.143380000000000020e-04
-1.489719999999999933e-03
-2.763040000000000027e-03
-3.369720000000000094e-03
-3.647409999999999802e-03
-4.210539999999999596e-03
-4.494930000000000279e-03
-4.202509999999999579e-03
-5.067539999999999718e-03
-6.134429999999999744e-03
-6.497000000000000171e-03
-5.992899999999999790e-03
-5.421809999999999997e-03
-4.935000000000000150e-03
-4.355290000000000376e-03
-3.353290000000000090e-03
-2.083709999999999903e-03
-1.198700000000000026e-03
-2.309860000000000006e-04
2.889829999999999808e-04
9.152399999999999989e-04
1.358140000000000085e-03
9.400570000000000020e-04
2.357829999999999887e-04
-2.333290000000000017e-04
-6.821530000000000128e-04
-9.568590000000000081e-04
-8.321000000000000054e-04
-4.559659999999999777e-04
-4.159330000000000037e-05
2.022890000000000007e-04
2.577160000000000106e-04
1.823159999999999939e-04
-5.707139999999999707e-05
-2.504680000000000014e-04
-5.012979999999999563e-04
-3.770320000000000182e-04
-1.442360000000000061e-04
-7.886490000000000787e-06
1.513890000000000103e-04
1.996420000000000106e-04
2.254389999999999942e-04
3.408349999999999986e-04
4.761780000000000071e-04
8.706039999999999742e-04
1.180410000000000010e-03
1.097909999999999902e-03
9.951610000000000490e-04
1.001619999999999941e-03
9.156979999999999460e-04
1.013460000000000099e-03
1.078039999999999944e-03
1.066499999999999957e-03
1.176409999999999912e-03
1.062049999999999930e-03
6.744270000000000126e-04
3.180260000000000075e-04
-8.190059999999999983e-05
-4.927770000000000154e-04
-8.671640000000000207e-04
-1.088739999999999934e-03
-1.123000000000000083e-03
-1.094370000000000108e-03
-1.010419999999999938e-03
-9.299650000000000451e-04
-8.484729999999999790e-04
-7.792990000000000073e-04
-7.055310000000000184e-04
-7.305840000000000511e-04
-7.780680000000000322e-04
-7.304689999999999751e-04
-6.535500000000000293e-04
-5.828679999999999495e-04
-5.519739999999999976e-04
-5.384090000000000013e-04
-4.862430000000000268e-04
-3.979710000000000018e-04
-3.415639999999999844e-04
-3.104769999999999752e-04
-1.987959999999999988e-04
-1.301270000000000096e-04
-8.106539999999999807e-05
-4.921959999999999882e-05
-7.227929999999999761e-05
-1.171000000000000003e-04
-2.033269999999999999e-04
-2.588569999999999782e-04
-3.277490000000000091e-04
-3.532559999999999802e-04
-3.517409999999999786e-04
-3.383810000000000116e-04
-3.287699999999999846e-04
-3.253139999999999960e-04
-3.214849999999999891e-04
-3.180600000000000007e-04
-3.171240000000000083e-04
-3.054779999999999779e-04
-2.818440000000000073e-04
-2.635439999999999961e-04
-2.517509999999999822e-04
-2.406560000000000079e-04
-2.417619999999999936e-04
-2.463979999999999946e-04
-2.525930000000000124e-04
-2.664119999999999965e-04
-2.829800000000000045e-04
-3.020230000000000050e-04
-3.228179999999999982e-04
-3.372769999999999761e-04
-3.438350000000000174e-04
-3.419459999999999817e-04
-3.333829999999999758e-04
-3.207789999999999860e-04
-3.057490000000000164e-04
-2.914929999999999822e-04
-2.765959999999999925e-04
-2.610630000000000177e-04
-2.469160000000000191e-04
-2.318309999999999967e-04
-2.161219999999999884e-04
-1.996950000000000049e-04
-1.828110000000000086e-04
-1.657030000000000091e-04
-1.485349999999999865e-04
-1.307240000000000040e-04
-1.127320000000000042e-04
-9.456419999999999832e-05
-7.631210000000000413e-05
-5.795339999999999980e-05
-3.986149999999999774e-05
-2.200090000000000140e-05
-4.487750000000000358e-06
1.269220000000000022e-05
2.946639999999999963e-05
4.581039999999999765e-05
6.167409999999999960e-05
7.705930000000000266e-05
9.191389999999999424e-05
1.062180000000000052e-04
1.199289999999999964e-04
1.330220000000000014e-04
1.454639999999999883e-04
