-8.805649999999999285e-06
5.304860000000000401e-06
-1.118560000000000011e-05
9.535510000000000131e-08
-2.160990000000000125e-05
2.152709999999999958e-07
-1.927820000000000119e-05
-1.345080000000000003e-05
-2.024400000000000133e-05
-2.801910000000000080e-06
-2.162240000000000155e-05
2.234650000000000026e-05
6.087360000000000108e-06
-4.612949999999999939e-05
-7.525209999999999733e-05
-6.599619999999999673e-05
-1.188430000000000004e-04
-4.328480000000000272e-05
-3.847550000000000118e-05
-8.349519999999999978e-05
-1.816219999999999900e-04
-1.642349999999999886e-04
-1.735510000000000058e-04
-5.580390000000000285e-05
-4.357210000000000250e-05
-4.472639999999999922e-05
-7.518150000000000516e-05
-5.355579999999999976e-05
-8.214800000000000021e-05
-6.375700000000000638e-05
-9.335480000000000275e-05
-6.949990000000000182e-05
-1.081020000000000028e-04
-9.010570000000000027e-05
-9.498890000000000122e-05
1.036900000000000050e-04
-6.008129999999999683e-05
-1.579709999999999958e-04
-1.241170000000000044e-04
-1.204520000000000048e-04
8.334650000000000576e-05
-4.560079999999999884e-05
-2.300500000000000082e-04
-3.182330000000000141e-04
-4.738009999999999856e-04
-1.794090000000000029e-04
-2.030679999999999877e-04
-2.035220000000000074e-04
-2.312220000000000030e-04
-1.743059999999999944e-04
-2.347809999999999871e-04
-1.735499999999999901e-04
-2.103100000000000108e-04
1.874590000000000089e-04
-2.853739999999999887e-05
-5.002309999999999613e-04
-6.759449999999999530e-04
-5.798020000000000300e-04
-1.002969999999999947e-03
-1.012209999999999933e-03
-9.651180000000000522e-04
-9.606120000000000110e-04
-7.810780000000000457e-04
-7.156940000000000632e-05
-5.274200000000000155e-04
-1.035949999999999892e-03
-9.663160000000000499e-04
-9.012389999999999681e-04
-7.166479999999999595e-04
4.691159999999999991e-04
1.168830000000000043e-03
1.171729999999999950e-03
1.181949999999999971e-03
1.880509999999999951e-03
1.267560000000000041e-03
8.743499999999999753e-04
9.390520000000000074e-04
9.154560000000000388e-04
8.200030000000000296e-04
8.306950000000000011e-04
7.617049999999999993e-04
7.639079999999999915e-04
5.636260000000000141e-04
6.212140000000000327e-04
-2.114750000000000039e-04
-2.356059999999999936e-04
-1.690270000000000010e-03
-2.496139999999999991e-03
-2.045280000000000015e-03
-2.970829999999999825e-03
-2.712630000000000163e-03
-1.873609999999999946e-03
-1.901719999999999973e-03
-1.861940000000000079e-03
-1.726410000000000054e-03
-1.631859999999999951e-03
-1.553750000000000010e-03
-1.431079999999999993e-04
2.028009999999999795e-03
3.553680000000000033e-03
3.611459999999999931e-03
3.456540000000000133e-03
2.288849999999999826e-03
-1.818249999999999879e-04
-1.929469999999999970e-03
-2.308950000000000152e-03
-1.360160000000000015e-03
-2.961649999999999808e-04
9.916820000000000235e-04
1.807089999999999912e-03
1.781479999999999999e-03
1.583650000000000032e-03
2.358289999999999866e-03
3.474899999999999951e-03
4.565099999999999887e-03
6.593029999999999724e-03
6.687750000000000118e-03
4.838760000000000110e-03
4.215250000000000247e-03
4.205350000000000060e-03
3.748790000000000108e-03
2.052700000000000184e-03
-2.481419999999999806e-03
-6.494540000000000035e-03
-7.857489999999999961e-03
-8.679080000000000475e-03
-9.922159999999999314e-03
-9.030210000000000320e-03
-7.638709999999999944e-03
-6.964030000000000394e-03
-4.376449999999999611e-03
-2.149550000000000072e-03
-8.997540000000000052e-04
4.008060000000000247e-04
-1.119549999999999972e-03
-1.688089999999999946e-03
-8.400649999999999741e-04
8.657839999999999763e-04
8.350529999999999889e-04
3.647819999999999969e-03
7.339680000000000336e-03
9.057920000000000554e-03
7.471750000000000093e-03
6.765789999999999825e-03
6.627300000000000031e-03
6.215120000000000193e-03
5.814960000000000094e-03
4.952670000000000163e-03
1.824490000000000009e-03
2.467169999999999867e-03
1.836759999999999999e-03
1.234239999999999947e-03
2.446879999999999802e-03
2.112010000000000103e-03
1.599319999999999995e-03
-1.558850000000000079e-03
-4.780859999999999624e-03
-6.037159999999999749e-03
-6.885259999999999818e-03
-6.735249999999999918e-03
-6.054290000000000366e-03
-3.382060000000000101e-03
-1.199219999999999973e-03
1.562029999999999951e-04
1.511860000000000070e-03
3.188630000000000023e-03
5.478620000000000018e-03
5.743749999999999724e-03
5.313479999999999766e-03
5.225350000000000134e-03
4.898010000000000384e-03
4.380570000000000297e-03
1.008720000000000059e-03
-6.019800000000000064e-04
-3.824620000000000255e-04
-5.787089999999999509e-04
-6.205060000000000523e-04
-6.347129999999999656e-04
-2.638709999999999949e-04
1.225760000000000001e-03
2.400150000000000200e-03
3.542089999999999909e-03
3.638269999999999872e-03
3.222440000000000027e-03
1.051880000000000046e-03
-3.493899999999999870e-03
-6.038009999999999905e-03
-5.916629999999999980e-03
-5.778310000000000043e-03
-3.112699999999999929e-03
-4.254570000000000162e-04
1.125600000000000038e-03
3.774570000000000095e-03
3.026399999999999837e-03
1.333409999999999934e-03
1.055759999999999988e-03
2.634259999999999814e-03
3.190979999999999945e-03
2.527939999999999788e-03
6.110549999999999966e-05
-2.646229999999999850e-03
-5.335519999999999846e-03
-6.408239999999999943e-03
-4.538640000000000035e-03
-3.280330000000000138e-03
-5.498550000000000269e-04
3.261909999999999810e-03
4.322499999999999953e-03
6.644549999999999935e-03
8.967050000000000715e-03
9.045420000000000196e-03
6.160340000000000260e-03
3.214299999999999796e-03
1.624840000000000117e-04
-1.453990000000000057e-03
-3.130180000000000202e-03
-3.939830000000000068e-03
-4.679449999999999929e-03
-7.882890000000000036e-03
-7.538160000000000346e-03
-4.223560000000000335e-03
-1.657480000000000021e-03
9.423339999999999668e-04
1.289760000000000038e-03
-9.562719999999999814e-04
-3.175649999999999914e-03
-2.929440000000000169e-03
-2.909510000000000134e-03
1.796420000000000124e-04
1.663680000000000063e-03
2.442629999999999888e-03
4.728800000000000017e-03
2.707830000000000046e-03
1.892709999999999922e-03
4.413089999999999721e-03
1.342719999999999938e-03
-1.376070000000000125e-04
-4.604519999999999750e-05
1.084170000000000023e-04
-2.895270000000000135e-03
-3.788230000000000069e-03
-3.697230000000000134e-03
-3.512519999999999878e-03
-4.319250000000000173e-03
-4.799420000000000422e-03
-4.220090000000000126e-03
-4.302239999999999710e-03
-2.332260000000000062e-03
-1.890509999999999977e-03
-1.569550000000000068e-03
-3.915700000000000257e-03
-6.096019999999999738e-03
-8.661099999999999702e-03
-6.622620000000000069e-03
-2.748889999999999927e-03
7.077579999999999549e-04
3.902969999999999964e-03
5.157789999999999771e-03
6.281349999999999781e-03
7.622760000000000126e-03
9.719669999999999699e-03
9.319700000000000206e-03
8.855369999999999561e-03
5.745860000000000203e-03
1.305809999999999913e-03
-2.862519999999999908e-03
-4.772590000000000166e-03
-6.061689999999999787e-03
-6.523590000000000118e-03
-3.705650000000000003e-03
-1.195410000000000049e-03
-1.239330000000000076e-03
3.242839999999999872e-04
1.087560000000000002e-03
-1.871390000000000119e-04
-1.684289999999999963e-03
-1.589319999999999969e-03
-1.693669999999999985e-03
-1.630010000000000096e-03
-3.033479999999999857e-03
-6.837829999999999603e-03
-9.682440000000000491e-03
-1.017200000000000049e-02
-9.599740000000000703e-03
-7.433849999999999660e-03
-6.770830000000000251e-03
-5.460719999999999637e-03
-3.742450000000000030e-03
-1.553249999999999943e-03
2.506500000000000047e-03
3.877240000000000113e-03
3.035719999999999998e-03
4.431769999999999807e-03
3.994319999999999989e-03
2.383280000000000207e-03
-1.274540000000000005e-03
-1.923189999999999969e-03
-3.732109999999999855e-03
-4.139170000000000176e-03
-1.463729999999999892e-03
1.949919999999999952e-03
5.269399999999999605e-03
7.713939999999999859e-03
1.011090000000000079e-02
1.125190000000000044e-02
7.681890000000000246e-03
4.855309999999999834e-03
3.323570000000000083e-03
3.011549999999999991e-03
4.523710000000000231e-03
4.076169999999999620e-03
5.108549999999999897e-03
3.928300000000000021e-03
6.240230000000000256e-04
-2.246600000000000073e-03
-4.868570000000000016e-03
-5.020379999999999635e-03
-2.353629999999999785e-03
-3.678589999999999811e-03
-5.925930000000000260e-03
-5.842779999999999675e-03
-5.554289999999999922e-03
-6.927589999999999963e-03
-9.204669999999999866e-03
-9.444829999999999545e-03
-8.852030000000000315e-03
-8.549189999999999914e-03
-8.077140000000000014e-03
-7.610750000000000327e-03
-7.075610000000000406e-03
-7.303350000000000120e-03
-7.813840000000000716e-03
-4.039710000000000176e-03
5.809640000000000030e-04
3.102600000000000063e-03
5.916430000000000300e-03
8.503079999999999666e-03
1.100519999999999970e-02
1.197349999999999977e-02
1.146669999999999981e-02
1.070439999999999933e-02
7.659039999999999772e-03
2.648830000000000021e-03
-1.690300000000000049e-03
-4.345439999999999893e-03
-5.791769999999999904e-03
-8.979600000000000776e-03
-1.221419999999999971e-02
-1.246189999999999971e-02
-1.139639999999999924e-02
-1.105940000000000048e-02
-8.695349999999999260e-03
-7.159999999999999698e-03
-4.154480000000000325e-03
-2.064949999999999859e-03
-3.327749999999999979e-04
-6.258779999999999595e-04
-1.367240000000000035e-03
-5.447219999999999797e-04
2.106729999999999801e-03
6.058599999999999923e-03
1.261860000000000065e-02
1.690380000000000008e-02
1.837820000000000079e-02
1.738529999999999937e-02
1.414840000000000021e-02
1.065800000000000081e-02
7.102500000000000306e-03
8.024189999999999622e-04
-3.659579999999999951e-03
-5.120010000000000359e-03
-4.322460000000000191e-03
-1.391180000000000107e-03
-3.982650000000000231e-04
4.775089999999999847e-04
3.474370000000000062e-03
6.455390000000000086e-03
8.476680000000000326e-03
9.720909999999999274e-03
8.220210000000000364e-03
4.276280000000000359e-03
-1.226829999999999934e-03
-5.539790000000000166e-03
-6.752160000000000106e-03
-7.889719999999999372e-03
-7.720580000000000324e-03
-2.160689999999999833e-03
2.266869999999999823e-03
8.884950000000000833e-03
1.462109999999999972e-02
1.623149999999999940e-02
1.541119999999999990e-02
1.295780000000000022e-02
1.331749999999999948e-02
1.532900000000000061e-02
1.675099999999999853e-02
1.519569999999999949e-02
9.221000000000000030e-03
3.095670000000000019e-03
-3.882150000000000011e-03
-9.205770000000000272e-03
-1.259449999999999979e-02
-1.499879999999999963e-02
-1.725499999999999950e-02
-1.688109999999999958e-02
-1.570260000000000059e-02
-1.311599999999999919e-02
-1.012479999999999977e-02
-1.037489999999999940e-02
-1.361640000000000073e-02
-1.555699999999999965e-02
-1.794839999999999977e-02
-2.214769999999999933e-02
-2.062730000000000119e-02
-1.683010000000000062e-02
-1.161090000000000039e-02
-5.715350000000000118e-03
-1.837850000000000030e-03
-1.382820000000000099e-03
-7.839159999999999531e-04
3.728539999999999806e-03
2.011020000000000169e-02
4.114559999999999745e-02
6.247269999999999907e-02
6.730590000000000184e-02
6.125320000000000070e-02
5.388500000000000234e-02
4.405590000000000200e-02
3.516020000000000256e-02
3.119680000000000022e-02
3.031419999999999948e-02
2.673170000000000060e-02
2.176519999999999844e-02
1.602030000000000121e-02
6.210379999999999720e-03
-3.985879999999999805e-03
-1.770630000000000120e-02
-3.125329999999999775e-02
-4.454620000000000107e-02
-5.464610000000000301e-02
-5.789720000000000283e-02
-5.798529999999999657e-02
-5.591809999999999836e-02
-4.979120000000000074e-02
-4.581999999999999962e-02
-4.348429999999999657e-02
-4.207679999999999754e-02
-4.330339999999999884e-02
-4.650479999999999892e-02
-4.746159999999999962e-02
-4.519360000000000044e-02
-3.378509999999999847e-02
-1.603430000000000133e-02
7.032359999999999653e-03
2.304319999999999979e-02
3.472759999999999736e-02
4.809469999999999718e-02
5.567090000000000233e-02
6.278040000000000009e-02
7.099779999999999980e-02
6.753159999999999719e-02
3.870749999999999885e-02
-2.862920000000000048e-02
-8.737899999999999834e-02
-1.240020000000000011e-01
-1.277969999999999939e-01
-1.048380000000000006e-01
-6.829040000000000110e-02
-3.505599999999999689e-02
-2.122960000000000125e-02
-1.673629999999999909e-02
-7.422360000000000242e-03
1.153120000000000013e-02
3.462690000000000212e-02
5.258129999999999749e-02
5.826150000000000079e-02
5.242549999999999988e-02
4.385069999999999940e-02
3.807839999999999836e-02
3.384739999999999971e-02
3.499920000000000114e-02
3.535590000000000260e-02
3.194319999999999798e-02
2.328540000000000124e-02
7.925210000000000241e-03
-9.406559999999999575e-03
-2.015250000000000027e-02
-1.886099999999999929e-02
4.496970000000000307e-03
5.229129999999999889e-02
1.018089999999999967e-01
1.182549999999999990e-01
1.054169999999999968e-01
5.914080000000000031e-02
1.555160000000000093e-03
-4.468609999999999943e-02
-7.400279999999999359e-02
-7.867770000000000319e-02
-6.463409999999999989e-02
-3.472870000000000124e-02
2.568499999999999950e-02
7.968260000000000620e-02
9.921030000000000126e-02
9.889950000000000130e-02
8.731780000000000097e-02
6.552410000000000179e-02
3.319289999999999741e-02
1.898809999999999908e-03
-1.985270000000000090e-02
-2.571029999999999843e-02
-2.505289999999999948e-02
-1.948010000000000019e-02
-1.228210000000000066e-02
-4.211989999999999658e-03
1.844799999999999955e-03
2.503819999999999917e-03
-1.612790000000000014e-03
-1.050449999999999995e-02
-2.250150000000000067e-02
-3.340959999999999763e-02
-4.271219999999999878e-02
-5.250210000000000293e-02
-6.072899999999999826e-02
-6.544429999999999692e-02
-5.681599999999999845e-02
-4.040289999999999854e-02
-2.321140000000000009e-02
-6.979550000000000164e-03
-2.412259999999999838e-03
-4.130039999999999753e-03
-1.470090000000000069e-03
1.159920000000000048e-02
3.012630000000000169e-02
4.094069999999999654e-02
4.188929999999999737e-02
2.800019999999999940e-02
-2.380199999999999851e-03
-4.688939999999999775e-02
-7.804079999999999351e-02
-9.164559999999999373e-02
-9.170240000000000336e-02
-8.256850000000000300e-02
-6.641829999999999956e-02
-4.079359999999999931e-02
-1.509109999999999965e-02
2.986289999999999951e-03
1.224470000000000072e-02
1.506350000000000050e-02
1.748270000000000032e-02
2.293359999999999843e-02
2.918240000000000070e-02
3.680830000000000213e-02
4.130240000000000300e-02
4.106869999999999965e-02
4.285359999999999864e-02
4.770119999999999916e-02
5.385020000000000084e-02
6.246879999999999794e-02
6.918119999999999825e-02
7.285600000000000409e-02
7.488659999999999761e-02
7.487920000000000686e-02
7.140639999999999488e-02
6.347060000000000202e-02
5.549409999999999760e-02
4.548579999999999984e-02
2.875279999999999850e-02
5.259050000000000356e-03
-3.325739999999999946e-02
-7.680639999999999690e-02
-1.103230000000000044e-01
-1.320159999999999945e-01
-1.340159999999999962e-01
-1.208250000000000018e-01
-1.013929999999999970e-01
-7.443650000000000266e-02
-4.296549999999999675e-02
-4.119890000000000184e-03
3.708249999999999741e-02
6.407849999999999657e-02
8.009550000000000003e-02
8.655540000000000456e-02
8.493480000000000474e-02
7.772660000000000680e-02
6.577080000000000426e-02
4.950829999999999814e-02
3.028389999999999901e-02
8.073030000000000136e-03
-9.439060000000000852e-03
-2.018419999999999936e-02
-2.574270000000000030e-02
-2.635420000000000124e-02
-2.157299999999999843e-02
-9.717599999999999849e-03
1.019130000000000036e-02
2.771940000000000168e-02
3.630919999999999981e-02
3.450650000000000245e-02
2.725249999999999895e-02
1.628370000000000165e-02
-2.259429999999999880e-04
-1.885039999999999979e-02
-2.822710000000000150e-02
-2.811500000000000110e-02
-1.714529999999999874e-02
2.488839999999999976e-03
2.273860000000000117e-02
3.663929999999999965e-02
3.922189999999999704e-02
3.556659999999999683e-02
2.617639999999999897e-02
1.484779999999999954e-02
-1.470259999999999926e-03
-1.809979999999999922e-02
-4.183400000000000313e-02
-6.932720000000000549e-02
-9.148000000000000576e-02
-1.009039999999999937e-01
-1.019329999999999958e-01
-1.004710000000000047e-01
-9.839029999999999998e-02
-9.455379999999999341e-02
-9.225590000000000179e-02
-8.846049999999999747e-02
-8.015020000000000477e-02
-6.714480000000000448e-02
-3.768139999999999684e-02
1.125330000000000080e-02
5.355560000000000181e-02
7.694310000000000038e-02
1.009700000000000042e-01
1.218530000000000030e-01
1.227499999999999980e-01
1.107390000000000041e-01
7.723159999999999747e-02
3.083409999999999970e-02
-2.586899999999999963e-02
-7.840640000000000109e-02
-1.102100000000000024e-01
-1.250690000000000135e-01
-1.157949999999999952e-01
-8.773100000000000342e-02
-4.135040000000000243e-02
4.243919999999999984e-03
4.642170000000000324e-02
8.152310000000000112e-02
1.075710000000000000e-01
1.313219999999999943e-01
1.529590000000000116e-01
1.609829999999999872e-01
1.568940000000000057e-01
1.432579999999999965e-01
1.173180000000000056e-01
7.551180000000000392e-02
2.806960000000000011e-02
-1.943440000000000098e-02
-6.238040000000000251e-02
-9.361780000000000102e-02
-1.196229999999999932e-01
-1.402650000000000008e-01
-1.562270000000000048e-01
-1.638060000000000072e-01
-1.576639999999999986e-01
-1.328499999999999959e-01
-7.464379999999999626e-02
-1.358149999999999982e-02
1.026239999999999965e-02
1.527949999999999968e-02
7.348529999999999819e-03
-9.975629999999999220e-03
-2.902360000000000009e-02
-3.649999999999999772e-02
-2.973179999999999920e-02
-1.305579999999999935e-02
3.248580000000000044e-03
1.763959999999999834e-02
2.906109999999999943e-02
3.610180000000000333e-02
4.469940000000000024e-02
5.351720000000000088e-02
5.666870000000000240e-02
4.691909999999999831e-02
2.255029999999999882e-02
-1.523590000000000014e-02
-4.582150000000000112e-02
-5.670270000000000171e-02
-5.894300000000000234e-02
-5.418420000000000181e-02
-3.967620000000000174e-02
-1.309770000000000031e-02
2.837069999999999870e-02
6.221999999999999753e-02
8.348260000000000403e-02
1.041500000000000065e-01
1.150790000000000007e-01
1.184290000000000065e-01
1.154570000000000041e-01
1.008079999999999948e-01
7.315750000000000031e-02
3.635669999999999874e-02
3.211920000000000053e-03
-1.353009999999999977e-02
-2.187110000000000096e-02
-2.399630000000000166e-02
-2.333390000000000117e-02
-1.945869999999999891e-02
-1.493120000000000037e-02
-1.092180000000000061e-02
-1.171250000000000069e-02
-1.801979999999999901e-02
-2.989239999999999953e-02
-4.795510000000000050e-02
-6.949750000000000372e-02
-8.432130000000000181e-02
-8.709540000000000337e-02
-8.100749999999999618e-02
-7.451520000000000366e-02
-7.594130000000000325e-02
-8.672599999999999754e-02
-1.025120000000000059e-01
-1.064879999999999993e-01
-9.595720000000000638e-02
-7.642720000000000069e-02
-4.818719999999999948e-02
-2.476470000000000060e-02
-5.926919999999999585e-03
1.460610000000000033e-02
3.645940000000000292e-02
5.582039999999999919e-02
7.347140000000000615e-02
9.481269999999999976e-02
1.277810000000000057e-01
1.470930000000000015e-01
1.477050000000000030e-01
1.432630000000000015e-01
1.364430000000000087e-01
1.295600000000000085e-01
1.214999999999999969e-01
1.124620000000000064e-01
1.028290000000000037e-01
9.308049999999999657e-02
8.122619999999999840e-02
6.990570000000000117e-02
5.149809999999999804e-02
2.309809999999999988e-02
-9.084359999999999657e-03
-3.108220000000000080e-02
-4.198389999999999761e-02
-5.004129999999999689e-02
-6.216030000000000166e-02
-7.431400000000000505e-02
-8.692519999999999414e-02
-9.264110000000000400e-02
-9.582980000000000664e-02
-1.021040000000000003e-01
-1.141869999999999968e-01
-1.327329999999999899e-01
-1.474040000000000072e-01
-1.462610000000000021e-01
-1.371419999999999861e-01
-1.158420000000000005e-01
-7.927460000000000062e-02
-2.482699999999999838e-02
2.857820000000000152e-02
7.849449999999999483e-02
1.278700000000000114e-01
1.620139999999999914e-01
1.739320000000000033e-01
1.615560000000000052e-01
1.230919999999999931e-01
6.676189999999999902e-02
1.917860000000000051e-02
-1.798160000000000036e-02
-4.099839999999999735e-02
-5.022290000000000088e-02
-5.645270000000000149e-02
-5.564920000000000283e-02
-5.061999999999999833e-02
-3.684540000000000037e-02
-1.336730000000000036e-02
1.416850000000000054e-02
2.851810000000000109e-02
3.367139999999999717e-02
3.218460000000000071e-02
2.589529999999999957e-02
2.015799999999999884e-02
1.828350000000000114e-02
1.696200000000000138e-02
1.681590000000000168e-02
1.468659999999999931e-02
4.269990000000000417e-03
-2.082310000000000064e-02
-5.477499999999999730e-02
-7.399650000000000671e-02
-7.634499999999999620e-02
-7.012519999999999865e-02
-5.945290000000000297e-02
-4.419959999999999861e-02
-2.174250000000000141e-02
8.520359999999999392e-03
3.294099999999999806e-02
4.206599999999999923e-02
4.320820000000000216e-02
4.193270000000000330e-02
4.765989999999999810e-02
5.872680000000000261e-02
7.076599999999999557e-02
7.131229999999999514e-02
5.538379999999999692e-02
2.886899999999999883e-02
1.098810000000000064e-02
9.226269999999999957e-03
1.244679999999999918e-02
1.660549999999999873e-02
1.950270000000000128e-02
1.076659999999999943e-02
-8.017899999999999680e-03
-2.776390000000000108e-02
-3.489470000000000072e-02
-3.137419999999999792e-02
-2.022229999999999861e-02
-5.753630000000000029e-03
6.813379999999999957e-03
1.661090000000000136e-02
1.878060000000000146e-02
5.405949999999999644e-03
-8.478839999999999641e-03
-2.875269999999999909e-02
-4.813819999999999905e-02
-5.804949999999999694e-02
-6.660820000000000629e-02
-7.928920000000000412e-02
-9.564159999999999329e-02
-1.108809999999999935e-01
-1.240710000000000007e-01
-1.348900000000000099e-01
-1.342160000000000020e-01
-1.190829999999999944e-01
-8.775969999999999605e-02
-3.946530000000000177e-02
6.835779999999999634e-03
4.278740000000000321e-02
6.806539999999999813e-02
8.006699999999999928e-02
8.026200000000000001e-02
7.622510000000000396e-02
7.051000000000000323e-02
6.583350000000000313e-02
6.321050000000000280e-02
5.860970000000000069e-02
4.960289999999999838e-02
3.900519999999999682e-02
2.955299999999999941e-02
1.814910000000000134e-02
9.701490000000000113e-03
6.011469999999999661e-03
5.570809999999999824e-03
9.402280000000000706e-03
1.486430000000000043e-02
1.943490000000000148e-02
2.140929999999999916e-02
2.179530000000000009e-02
2.493120000000000058e-02
2.915239999999999845e-02
2.956539999999999863e-02
2.305010000000000045e-02
8.680639999999999884e-03
-7.160240000000000007e-03
-1.717669999999999961e-02
-1.870230000000000156e-02
-1.591390000000000166e-02
-1.516449999999999916e-02
-1.721189999999999873e-02
-2.139560000000000073e-02
-2.504309999999999869e-02
-2.757789999999999894e-02
-3.035500000000000004e-02
-3.728059999999999707e-02
-4.415190000000000087e-02
-5.226340000000000152e-02
-5.645970000000000155e-02
-5.704950000000000299e-02
-5.352749999999999869e-02
-4.296250000000000069e-02
-2.425779999999999950e-02
4.658319999999999649e-03
4.006599999999999745e-02
6.520890000000000020e-02
7.901590000000000003e-02
8.007490000000000441e-02
7.854079999999999395e-02
7.485550000000000537e-02
7.217569999999999542e-02
7.341609999999999803e-02
7.411929999999999907e-02
7.282389999999999697e-02
6.839220000000000022e-02
6.450119999999999465e-02
6.235059999999999908e-02
6.174040000000000084e-02
5.884500000000000147e-02
4.744840000000000169e-02
2.595350000000000087e-02
-5.593599999999999788e-03
-2.376959999999999837e-02
-2.305400000000000157e-02
-1.344009999999999996e-02
6.217969999999999747e-03
3.499100000000000127e-02
5.308419999999999805e-02
6.034359999999999724e-02
6.025660000000000044e-02
5.283229999999999871e-02
4.297730000000000300e-02
3.188169999999999893e-02
2.049749999999999836e-02
9.740179999999999325e-03
-5.047059999999999914e-03
-2.471479999999999858e-02
-4.170129999999999670e-02
-6.025200000000000000e-02
-8.338389999999999691e-02
-9.784400000000000042e-02
-1.029970000000000052e-01
-1.007460000000000022e-01
-9.611930000000000474e-02
-9.159019999999999662e-02
-8.424329999999999319e-02
-6.833380000000000010e-02
-3.641670000000000323e-02
2.174800000000000171e-03
2.793510000000000090e-02
4.387139999999999790e-02
5.417509999999999687e-02
6.568010000000000514e-02
8.564729999999999566e-02
1.021539999999999948e-01
9.898690000000000266e-02
5.677299999999999708e-02
-2.082000000000000170e-02
-1.012389999999999957e-01
-1.787239999999999940e-01
-2.247049999999999881e-01
-2.468470000000000109e-01
-2.442060000000000064e-01
-2.392400000000000082e-01
-2.227810000000000068e-01
-1.634909999999999974e-01
-3.765430000000000166e-02
1.036360000000000059e-01
2.318919999999999870e-01
3.225819999999999799e-01
3.748529999999999918e-01
4.038189999999999835e-01
4.037060000000000093e-01
3.833210000000000228e-01
3.301339999999999830e-01
2.516909999999999981e-01
1.652280000000000137e-01
7.701040000000000663e-02
-9.397020000000000720e-03
-8.346339999999999315e-02
-1.414459999999999884e-01
-1.833490000000000120e-01
-2.143249999999999877e-01
-2.400259999999999894e-01
-2.658260000000000067e-01
-2.930869999999999864e-01
-3.180049999999999821e-01
-3.256549999999999723e-01
-3.134799999999999809e-01
-2.887210000000000054e-01
-2.659810000000000230e-01
-2.451049999999999895e-01
-2.267309999999999881e-01
-2.073679999999999968e-01
-1.885149999999999881e-01
-1.606059999999999988e-01
-1.009039999999999937e-01
7.608519999999999693e-03
7.470079999999999776e-02
1.252520000000000022e-01
1.613719999999999877e-01
1.793349999999999944e-01
1.940409999999999913e-01
2.069729999999999903e-01
2.143660000000000010e-01
2.110410000000000064e-01
2.051310000000000078e-01
1.923920000000000075e-01
1.783589999999999898e-01
1.623249999999999971e-01
1.480349999999999999e-01
1.314670000000000005e-01
1.125000000000000028e-01
8.955150000000000610e-02
6.064880000000000271e-02
2.726080000000000170e-02
-1.410119999999999950e-02
-5.122390000000000276e-02
-9.047829999999999762e-02
-1.293110000000000093e-01
-1.520450000000000135e-01
-1.612379999999999924e-01
-1.491560000000000108e-01
-1.257020000000000082e-01
-9.593179999999999763e-02
-6.572790000000000576e-02
-3.589640000000000192e-02
-1.695509999999999899e-03
3.360210000000000280e-02
6.584410000000000263e-02
9.787780000000000091e-02
1.280370000000000119e-01
1.463649999999999951e-01
1.482690000000000119e-01
1.396229999999999971e-01
1.137669999999999931e-01
7.884539999999999604e-02
4.773809999999999859e-02
2.520930000000000046e-02
-8.952540000000000150e-03
-5.323809999999999654e-02
-8.092520000000000269e-02
-8.455160000000000453e-02
-7.156840000000000424e-02
-3.176919999999999744e-02
1.460449999999999943e-02
5.318690000000000223e-02
8.937549999999999661e-02
1.078100000000000031e-01
1.108179999999999998e-01
1.084330000000000016e-01
1.052680000000000005e-01
1.040589999999999987e-01
9.758169999999999344e-02
8.503650000000000098e-02
6.720410000000000272e-02
5.092549999999999855e-02
3.946759999999999852e-02
3.066599999999999882e-02
1.456020000000000057e-02
-1.128949999999999919e-02
-4.845619999999999788e-02
-8.593649999999999900e-02
-1.208800000000000013e-01
-1.377589999999999926e-01
-1.391449999999999909e-01
-1.366819999999999979e-01
-1.287770000000000026e-01
-1.215809999999999946e-01
-1.159059999999999951e-01
-1.094620000000000037e-01
-9.816070000000000351e-02
-7.882190000000000030e-02
-5.204070000000000223e-02
-3.100709999999999925e-02
-2.215589999999999921e-02
-2.211240000000000080e-02
-2.489080000000000112e-02
-2.525989999999999833e-02
-2.273779999999999898e-02
-2.060669999999999863e-02
-2.184070000000000109e-02
-2.659109999999999946e-02
-3.476719999999999811e-02
-3.992439999999999878e-02
-4.413500000000000062e-02
-4.498379999999999740e-02
-4.364119999999999805e-02
-4.104700000000000015e-02
-3.541079999999999922e-02
-2.664940000000000017e-02
-1.824909999999999900e-03
3.754930000000000073e-02
8.356810000000000627e-02
1.153769999999999935e-01
1.243930000000000036e-01
1.262770000000000004e-01
1.248269999999999935e-01
1.226570000000000021e-01
1.210549999999999959e-01
1.194790000000000019e-01
1.168610000000000065e-01
1.087639999999999996e-01
9.468630000000000102e-02
7.123490000000000377e-02
3.242930000000000118e-02
-8.664969999999999270e-03
-4.682569999999999788e-02
-7.832400000000000473e-02
-9.450509999999999466e-02
-1.021320000000000006e-01
-1.064429999999999960e-01
-1.129519999999999968e-01
-1.230080000000000062e-01
-1.348850000000000049e-01
-1.513710000000000055e-01
-1.715720000000000023e-01
-1.860719999999999874e-01
-1.900699999999999890e-01
-1.794240000000000002e-01
-1.530569999999999986e-01
-1.139399999999999996e-01
-6.892410000000000203e-02
-2.178389999999999840e-02
2.500170000000000170e-02
6.946670000000000622e-02
1.070880000000000026e-01
1.257359999999999867e-01
1.331900000000000028e-01
1.333469999999999933e-01
1.320389999999999897e-01
1.281579999999999941e-01
1.248910000000000020e-01
1.200210000000000027e-01
1.127869999999999984e-01
9.398339999999999472e-02
6.226310000000000178e-02
2.880889999999999840e-02
1.539980000000000038e-03
-1.869430000000000050e-02
-2.655669999999999906e-02
-3.160219999999999696e-02
-3.774360000000000215e-02
-4.737849999999999701e-02
-5.566249999999999670e-02
-6.664680000000000604e-02
-8.222540000000000404e-02
-1.018190000000000067e-01
-1.110030000000000044e-01
-1.240379999999999955e-01
-1.387339999999999962e-01
-1.668949999999999878e-01
-1.892290000000000083e-01
-1.880570000000000019e-01
-1.671970000000000123e-01
-1.451020000000000088e-01
-8.264059999999999462e-02
-4.126420000000000088e-02
2.156439999999999919e-03
4.448909999999999670e-02
7.152859999999999774e-02
1.027430000000000010e-01
1.412869999999999959e-01
1.917049999999999865e-01
2.339229999999999920e-01
2.670890000000000208e-01
2.777990000000000181e-01
2.735810000000000186e-01
2.619159999999999822e-01
2.456669999999999965e-01
2.175090000000000079e-01
1.730480000000000074e-01
1.171689999999999954e-01
6.771639999999999604e-02
2.306510000000000157e-02
-1.190800000000000018e-02
-4.201089999999999686e-02
-6.661899999999999766e-02
-9.229660000000000641e-02
-1.104920000000000069e-01
-1.169410000000000033e-01
-1.115609999999999935e-01
-9.348049999999999415e-02
-6.632230000000000070e-02
-3.841819999999999957e-02
-1.461310000000000039e-02
4.654150000000000127e-03
2.074890000000000068e-02
3.412579999999999780e-02
4.448970000000000008e-02
5.297690000000000038e-02
6.241340000000000082e-02
6.866429999999999756e-02
7.196560000000000457e-02
7.099629999999999830e-02
6.297999999999999432e-02
5.011120000000000158e-02
3.175839999999999913e-02
1.258270000000000048e-02
-3.354939999999999832e-03
-1.307619999999999963e-02
-1.826749999999999902e-02
-2.445090000000000111e-02
-2.978139999999999954e-02
-3.286719999999999919e-02
-3.427850000000000341e-02
-3.397739999999999788e-02
-3.589790000000000342e-02
-4.246019999999999656e-02
-5.176189999999999958e-02
-6.237380000000000008e-02
-6.626990000000000658e-02
-6.409170000000000145e-02
-5.583670000000000300e-02
-4.424759999999999804e-02
-3.443530000000000202e-02
-2.972889999999999908e-02
-3.190550000000000330e-02
-3.938529999999999809e-02
-5.376809999999999923e-02
-6.410540000000000682e-02
-7.034669999999999812e-02
-7.076880000000000670e-02
-6.809400000000000175e-02
-5.516589999999999688e-02
-3.660569999999999796e-02
-1.567930000000000018e-02
-3.689179999999999803e-04
1.078630000000000040e-02
2.513570000000000040e-02
3.277320000000000233e-02
3.194999999999999923e-02
2.610039999999999930e-02
1.412700000000000067e-02
-1.219519999999999979e-03
-1.213359999999999959e-02
-2.325839999999999852e-02
-3.027940000000000145e-02
-3.409979999999999956e-02
-3.683960000000000012e-02
-3.677020000000000288e-02
-3.314910000000000079e-02
-2.486740000000000131e-02
-1.058749999999999969e-02
5.616180000000000130e-03
1.653570000000000040e-02
2.090449999999999947e-02
2.493609999999999924e-02
2.636550000000000005e-02
2.123579999999999912e-02
1.135279999999999970e-02
-1.636359999999999898e-03
-1.404299999999999993e-02
-2.088519999999999960e-02
-2.476379999999999901e-02
-2.712089999999999987e-02
-2.889639999999999917e-02
-2.724940000000000001e-02
-2.252250000000000085e-02
-1.535049999999999956e-02
-9.619710000000000066e-03
-4.120989999999999723e-03
1.472470000000000029e-03
5.412639999999999812e-03
7.787679999999999950e-03
1.111930000000000036e-02
1.575719999999999898e-02
1.796249999999999930e-02
2.428620000000000084e-02
3.372769999999999935e-02
4.238999999999999713e-02
4.954379999999999895e-02
5.120079999999999770e-02
4.460560000000000219e-02
3.576909999999999812e-02
2.674560000000000132e-02
1.779560000000000169e-02
1.338450000000000056e-02
1.122569999999999991e-02
1.196469999999999999e-02
1.306479999999999968e-02
1.639559999999999976e-02
2.318349999999999925e-02
3.114839999999999970e-02
4.347070000000000101e-02
5.944039999999999740e-02
7.340549999999999853e-02
8.200709999999999944e-02
8.094089999999999618e-02
7.243270000000000264e-02
6.012479999999999908e-02
4.536439999999999917e-02
2.735829999999999859e-02
1.021859999999999956e-02
-4.597190000000000130e-03
-1.633719999999999964e-02
-2.578139999999999946e-02
-3.393929999999999864e-02
-3.857979999999999743e-02
-4.215139999999999859e-02
-4.185620000000000313e-02
-3.487420000000000103e-02
-2.145120000000000013e-02
1.945850000000000054e-03
2.560379999999999948e-02
3.554979999999999946e-02
4.099269999999999997e-02
4.167509999999999964e-02
3.905430000000000013e-02
3.570330000000000031e-02
2.939719999999999833e-02
2.013150000000000009e-02
9.644450000000000592e-03
-8.305339999999999598e-04
-8.588059999999999791e-03
-1.555609999999999979e-02
-2.165049999999999961e-02
-2.649200000000000166e-02
-3.092189999999999869e-02
-3.204280000000000322e-02
-3.486310000000000103e-02
-3.666500000000000314e-02
-3.916100000000000136e-02
-4.286809999999999926e-02
-4.591989999999999961e-02
-4.422349999999999892e-02
-3.791409999999999919e-02
-2.652279999999999915e-02
-1.420569999999999992e-02
-3.565270000000000158e-03
6.897559999999999629e-03
1.165120000000000045e-02
1.760660000000000003e-02
2.727430000000000132e-02
3.532459999999999767e-02
4.277240000000000208e-02
4.692930000000000018e-02
4.564540000000000264e-02
4.528250000000000330e-02
4.418140000000000261e-02
4.104630000000000084e-02
3.468360000000000193e-02
2.362200000000000064e-02
4.876430000000000174e-03
-2.098469999999999849e-02
-4.735249999999999876e-02
-6.615840000000000609e-02
-8.103390000000000593e-02
-8.872539999999999594e-02
-8.991040000000000143e-02
-8.497269999999999823e-02
-7.280409999999999660e-02
-5.764609999999999873e-02
-4.111039999999999833e-02
-2.924070000000000141e-02
-1.888750000000000151e-02
-1.018059999999999972e-02
-3.632939999999999867e-03
2.446310000000000151e-03
9.256270000000000470e-03
1.217230000000000048e-02
1.461220000000000054e-02
1.500639999999999960e-02
1.160399999999999973e-02
7.132630000000000046e-03
2.694530000000000102e-03
-9.002259999999999559e-04
-1.373609999999999935e-03
1.912559999999999998e-03
5.899569999999999814e-03
1.208900000000000079e-02
1.911240000000000161e-02
1.882680000000000117e-02
1.486009999999999935e-02
5.381269999999999630e-03
-9.601280000000000231e-03
-2.553599999999999967e-02
-3.552099999999999702e-02
-4.014949999999999769e-02
-4.243679999999999675e-02
-4.208420000000000216e-02
-3.597349999999999853e-02
-2.589349999999999985e-02
-9.788339999999999541e-03
1.137510000000000084e-02
3.066249999999999878e-02
4.000929999999999764e-02
4.563910000000000189e-02
4.996950000000000003e-02
4.912389999999999812e-02
4.516930000000000250e-02
3.604949999999999821e-02
2.291280000000000053e-02
7.755549999999999944e-03
-6.703510000000000198e-03
-1.350819999999999972e-02
-1.748970000000000038e-02
-1.606180000000000108e-02
-9.308439999999999423e-03
1.051719999999999912e-03
1.111280000000000080e-02
1.517330000000000068e-02
1.384290000000000000e-02
7.348610000000000211e-03
-5.935029999999999993e-03
-2.760970000000000091e-02
-4.666769999999999946e-02
-5.634490000000000332e-02
-5.895310000000000134e-02
-5.508949999999999958e-02
-5.035959999999999742e-02
-4.231069999999999970e-02
-3.086219999999999936e-02
-9.406750000000000181e-03
1.195090000000000041e-02
2.753910000000000038e-02
4.056119999999999864e-02
5.303839999999999943e-02
6.036400000000000099e-02
6.255869999999999487e-02
6.232929999999999721e-02
5.782999999999999946e-02
5.214150000000000035e-02
4.674720000000000264e-02
4.147350000000000342e-02
3.304979999999999724e-02
2.342570000000000069e-02
1.306659999999999940e-02
2.400380000000000135e-03
-7.390850000000000024e-03
-1.374940000000000016e-02
-1.502470000000000021e-02
-1.528099999999999944e-02
-1.349140000000000061e-02
-1.247380000000000017e-02
-1.182990000000000083e-02
-1.042870000000000082e-02
-4.723780000000000340e-03
3.213240000000000020e-03
1.005379999999999989e-02
1.612970000000000029e-02
1.904180000000000109e-02
2.100979999999999862e-02
2.135010000000000033e-02
1.882910000000000139e-02
1.751360000000000069e-02
1.235649999999999943e-02
2.355310000000000216e-03
-5.166109999999999799e-03
-1.188439999999999983e-02
-1.585989999999999969e-02
-1.398719999999999998e-02
-7.973110000000000266e-03
9.041570000000000509e-04
1.069029999999999980e-02
1.583549999999999888e-02
1.779029999999999848e-02
1.925920000000000062e-02
1.876850000000000046e-02
1.566789999999999849e-02
1.031119999999999953e-02
5.187699999999999950e-03
-8.093510000000000374e-04
-4.362089999999999891e-03
-7.252439999999999755e-03
-6.201429999999999963e-03
-8.151849999999999548e-04
2.813229999999999897e-03
6.577849999999999669e-03
7.643419999999999728e-03
5.475380000000000177e-03
3.013169999999999911e-03
-6.405550000000000306e-03
-1.697670000000000082e-02
-2.616620000000000057e-02
-3.238139999999999769e-02
-3.246469999999999911e-02
-3.028569999999999873e-02
-2.481770000000000156e-02
-1.781889999999999863e-02
-1.153389999999999971e-02
-4.953599999999999844e-03
2.880039999999999944e-03
1.305160000000000001e-02
2.082459999999999867e-02
2.937580000000000052e-02
3.589849999999999985e-02
3.982200000000000323e-02
4.384550000000000253e-02
4.277620000000000033e-02
3.757830000000000198e-02
2.839650000000000160e-02
1.392580000000000033e-02
-8.460460000000000376e-04
-1.309979999999999999e-02
-2.228779999999999997e-02
-2.666630000000000042e-02
-2.519400000000000112e-02
-1.749380000000000032e-02
-7.139569999999999597e-03
1.313380000000000060e-03
7.907950000000000396e-03
1.130689999999999994e-02
1.299280000000000053e-02
1.421240000000000003e-02
1.395790000000000051e-02
1.489099999999999972e-02
1.390519999999999951e-02
1.091160000000000047e-02
7.984530000000000100e-03
3.875050000000000109e-03
-1.370530000000000012e-03
-9.213880000000000681e-03
-1.657089999999999952e-02
-2.820690000000000003e-02
-3.548069999999999696e-02
-3.897679999999999895e-02
-4.259990000000000304e-02
-5.173749999999999877e-02
-6.048989999999999922e-02
-6.726949999999999597e-02
-7.329529999999999379e-02
-7.737310000000000021e-02
-7.944660000000000610e-02
-8.208799999999999430e-02
-8.208379999999999843e-02
-7.587349999999999650e-02
-6.491819999999999535e-02
-5.070249999999999757e-02
-3.386909999999999921e-02
-1.477359999999999958e-02
3.062440000000000041e-03
2.010649999999999937e-02
4.102589999999999709e-02
5.518630000000000063e-02
6.232270000000000171e-02
6.615890000000000659e-02
6.679350000000000565e-02
6.300719999999999932e-02
5.873479999999999673e-02
4.950190000000000146e-02
3.734289999999999832e-02
2.659680000000000030e-02
1.822719999999999896e-02
1.443060000000000002e-02
1.279349999999999932e-02
1.299340000000000044e-02
1.441100000000000020e-02
1.603869999999999948e-02
1.513450000000000038e-02
1.097039999999999994e-02
4.871519999999999843e-03
-1.056529999999999969e-03
-8.362069999999999226e-03
-1.654519999999999949e-02
-2.208449999999999996e-02
-2.436009999999999912e-02
-2.622189999999999938e-02
-2.790410000000000112e-02
-2.936189999999999981e-02
-2.709699999999999956e-02
-2.303699999999999845e-02
-1.800679999999999989e-02
-9.762750000000000594e-03
-1.950990000000000103e-03
4.955760000000000026e-03
1.117349999999999940e-02
1.424440000000000081e-02
1.836449999999999888e-02
2.296880000000000102e-02
2.707319999999999866e-02
3.084119999999999917e-02
3.406320000000000181e-02
3.353749999999999787e-02
3.133999999999999980e-02
2.770979999999999971e-02
2.075830000000000036e-02
1.209789999999999997e-02
-6.791609999999999574e-04
-1.467199999999999928e-02
-2.763080000000000050e-02
-3.971050000000000274e-02
-5.093659999999999854e-02
-6.050830000000000097e-02
-6.575549999999999451e-02
-6.649449999999999805e-02
-6.598120000000000374e-02
-6.364970000000000350e-02
-5.882099999999999829e-02
-5.398010000000000308e-02
-4.976069999999999799e-02
-4.680639999999999801e-02
-4.294860000000000344e-02
-3.781869999999999676e-02
-3.024819999999999939e-02
-2.252250000000000085e-02
-1.601759999999999989e-02
-7.105840000000000420e-03
3.693119999999999823e-03
1.033470000000000048e-02
1.252890000000000080e-02
1.412180000000000032e-02
1.845959999999999962e-02
2.360960000000000142e-02
2.861270000000000133e-02
3.301880000000000093e-02
3.766219999999999984e-02
3.981719999999999704e-02
3.965019999999999656e-02
3.928559999999999691e-02
3.777239999999999764e-02
3.616380000000000289e-02
3.461580000000000212e-02
3.311940000000000023e-02
3.062940000000000107e-02
2.515049999999999925e-02
1.842179999999999859e-02
9.015739999999999518e-03
-4.837150000000000130e-03
-1.602400000000000005e-02
-2.585760000000000142e-02
-3.386080000000000340e-02
-3.844949999999999757e-02
-3.975709999999999661e-02
-4.018719999999999931e-02
-4.283159999999999745e-02
-4.350869999999999738e-02
-4.064759999999999901e-02
-3.758399999999999935e-02
-3.149810000000000110e-02
-2.038420000000000162e-02
-4.954889999999999989e-03
1.274770000000000070e-02
2.536029999999999882e-02
3.364509999999999723e-02
3.810159999999999936e-02
3.820869999999999822e-02
3.707980000000000304e-02
3.615829999999999739e-02
3.411909999999999943e-02
3.052890000000000117e-02
2.545839999999999909e-02
1.942500000000000129e-02
1.554170000000000031e-02
1.303230000000000013e-02
1.246260000000000076e-02
1.154460000000000035e-02
1.000020000000000076e-02
9.955659999999999857e-03
9.952990000000000101e-03
8.375280000000000571e-03
7.865999999999999728e-03
8.213319999999999649e-03
9.114070000000000157e-03
1.194309999999999990e-02
1.459449999999999983e-02
2.041089999999999918e-02
2.953360000000000013e-02
3.626399999999999763e-02
4.285590000000000233e-02
4.870410000000000017e-02
5.388300000000000034e-02
6.076650000000000107e-02
6.495520000000000460e-02
6.461260000000000614e-02
6.158659999999999829e-02
5.628869999999999707e-02
4.614540000000000308e-02
3.805130000000000318e-02
2.709400000000000003e-02
1.569560000000000052e-02
5.133290000000000422e-03
-3.464730000000000067e-03
-1.496310000000000001e-02
-2.507689999999999919e-02
-2.976209999999999967e-02
-3.215409999999999796e-02
-3.360950000000000049e-02
-3.291630000000000250e-02
-3.071050000000000169e-02
-2.672599999999999976e-02
-2.284270000000000050e-02
-1.775250000000000092e-02
-1.319430000000000082e-02
-1.021350000000000036e-02
-8.203059999999999866e-03
-3.711850000000000045e-03
-5.374800000000000107e-04
4.380450000000000142e-03
1.067979999999999971e-02
1.874330000000000093e-02
2.706599999999999978e-02
3.458870000000000000e-02
4.063970000000000082e-02
4.369859999999999717e-02
4.760840000000000211e-02
4.955600000000000283e-02
4.735110000000000013e-02
4.243969999999999687e-02
3.210280000000000078e-02
1.430730000000000023e-02
-9.085420000000000301e-03
-2.956670000000000131e-02
-4.161419999999999703e-02
-5.058529999999999971e-02
-5.565099999999999908e-02
-5.674980000000000302e-02
-5.580029999999999712e-02
-5.434400000000000341e-02
-4.838640000000000302e-02
-3.981259999999999660e-02
-3.001159999999999939e-02
-1.775900000000000048e-02
-8.289319999999999328e-03
-2.844880000000000152e-03
1.274179999999999974e-03
5.300909999999999823e-03
4.450339999999999678e-03
8.107869999999999877e-04
-1.974930000000000175e-03
-7.407399999999999748e-03
-1.119799999999999962e-02
-1.359059999999999956e-02
-1.521519999999999991e-02
-1.524290000000000020e-02
-1.454890000000000003e-02
-1.406680000000000083e-02
-1.201780000000000036e-02
-9.823739999999999209e-03
-6.474579999999999745e-03
-5.090769999999999670e-03
-7.373049999999999916e-03
-9.687279999999999502e-03
-1.254410000000000074e-02
-1.797419999999999921e-02
-2.494149999999999839e-02
-3.038619999999999863e-02
-3.176980000000000082e-02
-3.263749999999999984e-02
-3.031439999999999829e-02
-2.251879999999999854e-02
-1.370790000000000029e-02
-2.931480000000000197e-03
9.020739999999999315e-03
1.705829999999999846e-02
2.189330000000000095e-02
2.438349999999999893e-02
2.572829999999999909e-02
2.482710000000000125e-02
2.358860000000000123e-02
2.094990000000000047e-02
1.705850000000000075e-02
1.329570000000000057e-02
9.854329999999999687e-03
6.246429999999999864e-03
3.078079999999999965e-03
-1.481810000000000072e-03
-5.397970000000000199e-03
-7.515380000000000324e-03
-7.841580000000000772e-03
-5.913410000000000021e-03
-1.637000000000000000e-03
1.263690000000000039e-03
5.074129999999999613e-03
6.923959999999999837e-03
7.753119999999999630e-03
7.850259999999999530e-03
5.922379999999999658e-03
4.204120000000000426e-03
2.114430000000000042e-03
-1.191250000000000035e-03
-3.247289999999999899e-03
-5.494109999999999966e-03
-9.439819999999999808e-03
-1.203270000000000034e-02
-1.388780000000000049e-02
-1.396249999999999922e-02
-1.323760000000000041e-02
-1.178399999999999934e-02
-8.427779999999999300e-03
-6.816029999999999832e-03
-4.626670000000000262e-03
-9.047039999999999900e-04
4.377279999999999886e-03
9.606059999999999599e-03
1.444980000000000049e-02
1.618170000000000025e-02
1.838050000000000100e-02
1.804379999999999873e-02
1.416229999999999919e-02
1.059240000000000008e-02
5.565060000000000145e-03
-1.930690000000000097e-03
-6.412349999999999821e-03
-9.451330000000000842e-03
-1.295660000000000041e-02
-1.514509999999999988e-02
-1.975820000000000007e-02
-2.133029999999999995e-02
-2.243219999999999936e-02
-1.849999999999999908e-02
-1.332069999999999955e-02
-7.437009999999999975e-03
-1.594630000000000093e-03
1.787139999999999996e-03
2.236160000000000057e-03
2.279919999999999950e-03
1.877399999999999881e-04
-5.158929999999999939e-03
-1.029300000000000007e-02
-1.084569999999999979e-02
-7.611879999999999688e-03
-2.328580000000000125e-04
8.126410000000000577e-03
1.608439999999999870e-02
2.297539999999999999e-02
2.666450000000000070e-02
2.857569999999999902e-02
2.882989999999999858e-02
2.640289999999999998e-02
2.056639999999999857e-02
1.344760000000000053e-02
5.396330000000000397e-03
-2.672359999999999926e-03
-1.241079999999999961e-02
-2.060999999999999985e-02
-2.802390000000000089e-02
-3.315939999999999860e-02
-3.406909999999999800e-02
-2.975960000000000064e-02
-2.291930000000000009e-02
-1.486320000000000002e-02
-1.267539999999999943e-03
1.090619999999999958e-02
1.734650000000000081e-02
2.370179999999999856e-02
2.645310000000000022e-02
2.509979999999999850e-02
2.360860000000000042e-02
2.178590000000000040e-02
1.584980000000000069e-02
9.884709999999999677e-03
5.059629999999999857e-03
-1.090739999999999982e-03
-8.358320000000000680e-03
-1.299510000000000075e-02
-1.783529999999999838e-02
-2.568089999999999956e-02
-3.038849999999999885e-02
-3.332859999999999989e-02
-3.676759999999999751e-02
-3.641230000000000161e-02
-3.484990000000000310e-02
-3.488460000000000172e-02
-3.158339999999999759e-02
-2.836390000000000092e-02
-2.512580000000000022e-02
-2.240790000000000143e-02
-1.760849999999999915e-02
-1.084320000000000075e-02
-4.379889999999999999e-03
1.055550000000000016e-04
5.423700000000000049e-03
1.060119999999999986e-02
1.446249999999999966e-02
1.929809999999999859e-02
2.405159999999999937e-02
2.480829999999999841e-02
2.368330000000000088e-02
2.217600000000000127e-02
1.974149999999999863e-02
1.857839999999999839e-02
1.614569999999999894e-02
1.239490000000000036e-02
9.658409999999999218e-03
8.883759999999999227e-03
8.522830000000000336e-03
8.101719999999999755e-03
9.568200000000000663e-03
1.148279999999999960e-02
1.065009999999999915e-02
7.405740000000000066e-03
5.621440000000000117e-03
3.977610000000000347e-03
2.666809999999999927e-03
2.691869999999999853e-03
3.052829999999999867e-03
6.746710000000000380e-03
9.175970000000000307e-03
1.150939999999999949e-02
1.265819999999999966e-02
1.154690000000000057e-02
1.205829999999999923e-02
1.146220000000000051e-02
9.681520000000000750e-03
9.021170000000000230e-03
8.011590000000000725e-03
5.578790000000000138e-03
5.787490000000000169e-03
6.645149999999999842e-03
6.412540000000000427e-03
8.752309999999999257e-03
1.096770000000000037e-02
1.267509999999999991e-02
1.481689999999999917e-02
1.450689999999999966e-02
1.050079999999999937e-02
4.796739999999999858e-03
-1.230640000000000076e-03
-6.288010000000000127e-03
-1.145449999999999940e-02
-1.804640000000000064e-02
-1.969239999999999879e-02
-2.213690000000000102e-02
-2.221340000000000120e-02
-2.133619999999999961e-02
-1.781639999999999960e-02
-1.459500000000000033e-02
-1.056829999999999922e-02
-6.012850000000000139e-03
-6.756200000000000400e-04
3.809649999999999929e-03
7.431600000000000011e-03
9.201140000000000013e-03
8.292700000000000071e-03
7.445199999999999908e-03
3.177430000000000185e-03
-2.451919999999999794e-03
-1.112999999999999927e-02
-1.861950000000000063e-02
-2.499859999999999929e-02
-2.809160000000000129e-02
-2.829260000000000108e-02
-2.816690000000000166e-02
-2.653559999999999947e-02
-2.334589999999999929e-02
-2.148059999999999900e-02
-1.950659999999999894e-02
-1.545239999999999982e-02
-1.315880000000000001e-02
-1.228429999999999973e-02
-1.184990000000000002e-02
-1.244770000000000078e-02
-1.176299999999999915e-02
-1.052289999999999996e-02
-8.477159999999999210e-03
-5.898060000000000108e-03
-2.334450000000000067e-03
-4.848249999999999804e-04
-2.851670000000000160e-03
-7.263369999999999896e-03
-1.367020000000000041e-02
-1.891599999999999879e-02
-2.497929999999999942e-02
-2.689829999999999999e-02
-2.531749999999999973e-02
-2.036550000000000166e-02
-1.640199999999999991e-02
-1.060239999999999967e-02
-4.366570000000000173e-03
5.837480000000000360e-04
6.710370000000000223e-03
1.280719999999999949e-02
1.646720000000000128e-02
1.582750000000000129e-02
1.211549999999999953e-02
6.165040000000000103e-03
-1.468080000000000079e-03
-6.065319999999999913e-03
-1.041749999999999968e-02
-1.056840000000000036e-02
-5.720270000000000389e-03
8.615229999999999980e-04
9.607869999999999258e-03
2.018179999999999974e-02
2.946980000000000086e-02
3.890419999999999989e-02
4.538149999999999823e-02
5.076750000000000013e-02
5.404939999999999745e-02
5.426550000000000124e-02
5.266470000000000179e-02
5.042769999999999891e-02
4.728079999999999783e-02
4.355189999999999756e-02
4.144790000000000280e-02
3.748989999999999961e-02
3.280940000000000245e-02
2.759150000000000144e-02
2.297099999999999836e-02
1.742929999999999827e-02
8.509120000000000225e-03
5.003770000000000266e-03
9.293969999999999922e-04
-6.304149999999999684e-03
-1.170150000000000010e-02
-1.521220000000000037e-02
-2.008839999999999931e-02
-2.379560000000000008e-02
-2.351419999999999899e-02
-1.993829999999999908e-02
-1.371969999999999960e-02
-7.096220000000000305e-03
-1.524479999999999932e-03
2.622919999999999939e-03
5.744280000000000046e-03
1.144260000000000069e-02
1.396230000000000041e-02
1.646509999999999987e-02
1.825030000000000055e-02
2.076789999999999886e-02
2.205789999999999834e-02
2.610399999999999873e-02
2.776019999999999877e-02
2.911800000000000152e-02
2.994619999999999921e-02
3.180129999999999763e-02
2.887280000000000055e-02
2.397039999999999935e-02
1.698799999999999963e-02
9.698979999999999407e-03
4.288410000000000312e-03
-1.392280000000000080e-03
-5.561710000000000091e-03
-8.680139999999999384e-03
-8.473700000000000676e-03
-5.234840000000000153e-03
-1.423240000000000095e-03
-1.379899999999999985e-04
2.031180000000000051e-03
4.320100000000000329e-03
5.696030000000000364e-03
7.373339999999999929e-03
7.367900000000000144e-03
5.820360000000000117e-03
2.788999999999999813e-03
5.555160000000000393e-04
-2.709449999999999966e-03
-5.283600000000000275e-03
-4.970129999999999687e-03
-4.732100000000000369e-03
-2.146869999999999942e-03
-1.244209999999999934e-03
1.001459999999999997e-04
2.157710000000000183e-03
2.349550000000000163e-03
1.501399999999999957e-03
-8.390539999999999934e-04
-5.687399999999999574e-03
-8.569929999999999909e-03
-1.272859999999999964e-02
-1.440639999999999976e-02
-1.478959999999999997e-02
-1.324250000000000080e-02
-1.299610000000000001e-02
-1.102479999999999953e-02
-8.551289999999999586e-03
-7.764479999999999819e-03
-8.238429999999999712e-03
-5.752560000000000312e-03
-3.388529999999999841e-03
-3.869459999999999913e-03
-7.320400000000000344e-03
-9.653000000000000122e-03
-1.325959999999999986e-02
-1.727940000000000031e-02
-2.073720000000000077e-02
-2.261749999999999872e-02
-2.432049999999999837e-02
-2.395600000000000160e-02
-2.290630000000000097e-02
-2.195750000000000132e-02
-2.106440000000000048e-02
-2.001609999999999848e-02
-1.914019999999999957e-02
-1.818140000000000034e-02
-1.661719999999999864e-02
-1.310760000000000050e-02
-1.115009999999999959e-02
-1.065890000000000067e-02
-9.748460000000000458e-03
-6.974700000000000344e-03
-2.975180000000000012e-03
1.422539999999999916e-03
5.549919999999999853e-03
1.208170000000000077e-02
1.791950000000000140e-02
2.180860000000000090e-02
2.367839999999999875e-02
2.410199999999999843e-02
2.125029999999999974e-02
1.713009999999999880e-02
1.119230000000000051e-02
4.877440000000000248e-03
-2.278089999999999976e-03
-9.427210000000000104e-03
-1.762510000000000118e-02
-2.625270000000000034e-02
-3.160310000000000202e-02
-3.712680000000000147e-02
-4.061519999999999714e-02
-4.246790000000000287e-02
-4.297490000000000337e-02
-4.051840000000000303e-02
-3.761280000000000179e-02
-3.211590000000000278e-02
-2.782940000000000066e-02
-1.971320000000000017e-02
-1.122820000000000068e-02
-1.980720000000000050e-03
7.854379999999999348e-03
1.614550000000000013e-02
2.404660000000000131e-02
3.124690000000000106e-02
3.679759999999999975e-02
4.068879999999999719e-02
4.395079999999999820e-02
4.475549999999999667e-02
4.158970000000000028e-02
3.804269999999999874e-02
3.165790000000000270e-02
1.987830000000000152e-02
5.429080000000000190e-03
-9.248030000000000833e-03
-2.156610000000000124e-02
-3.060109999999999914e-02
-3.726610000000000339e-02
-3.851210000000000050e-02
-3.851220000000000337e-02
-3.575199999999999906e-02
-3.165570000000000189e-02
-2.383419999999999983e-02
-1.266070000000000043e-02
-2.505170000000000140e-03
6.037169999999999689e-03
1.629769999999999830e-02
2.391460000000000113e-02
2.761529999999999888e-02
2.897560000000000066e-02
3.178659999999999819e-02
3.242180000000000062e-02
3.258889999999999704e-02
3.311979999999999785e-02
3.044730000000000006e-02
2.596740000000000159e-02
2.152420000000000028e-02
1.590010000000000034e-02
1.064960000000000039e-02
5.442110000000000003e-03
1.733170000000000023e-03
-2.641689999999999924e-03
-5.517720000000000263e-03
-8.925270000000000772e-03
-1.427259999999999987e-02
-1.668769999999999976e-02
-1.898970000000000172e-02
-2.101480000000000015e-02
-2.434220000000000134e-02
-2.524859999999999952e-02
-2.826050000000000090e-02
-3.106650000000000036e-02
-2.992070000000000146e-02
-2.670559999999999948e-02
-2.255990000000000079e-02
-1.501689999999999969e-02
-4.981389999999999603e-03
5.423759999999999692e-03
1.183090000000000010e-02
1.550729999999999990e-02
2.028709999999999888e-02
2.139889999999999848e-02
2.154690000000000077e-02
2.191270000000000023e-02
2.216090000000000074e-02
2.221280000000000129e-02
2.185640000000000152e-02
1.834310000000000107e-02
1.298490000000000061e-02
7.127210000000000142e-03
1.063389999999999995e-03
-6.541270000000000071e-03
-1.575029999999999833e-02
-2.319730000000000056e-02
-2.809199999999999892e-02
-3.245619999999999755e-02
-3.526660000000000211e-02
-3.619950000000000251e-02
-3.547519999999999840e-02
-3.341800000000000326e-02
-3.106369999999999965e-02
-2.660070000000000143e-02
-2.216960000000000111e-02
-1.510689999999999950e-02
-7.591620000000000312e-03
-9.209949999999999734e-04
6.593629999999999630e-03
1.200000000000000025e-02
1.448029999999999977e-02
1.821990000000000068e-02
1.997300000000000117e-02
2.053639999999999979e-02
2.110839999999999939e-02
2.158360000000000140e-02
2.099869999999999862e-02
1.980370000000000047e-02
1.847769999999999968e-02
1.438170000000000073e-02
1.187260000000000051e-02
9.958989999999999163e-03
7.892609999999999557e-03
4.724859999999999997e-03
3.284179999999999825e-03
1.195740000000000041e-03
-1.085679999999999892e-03
-1.206569999999999908e-03
-1.054999999999999948e-03
-1.123239999999999959e-03
-6.828799999999999671e-04
7.453730000000000208e-04
2.867830000000000032e-03
6.590389999999999790e-03
9.278200000000000336e-03
1.014819999999999958e-02
1.243119999999999989e-02
1.168639999999999957e-02
9.179609999999999506e-03
7.575310000000000030e-03
4.119890000000000184e-03
-1.835120000000000143e-05
-2.456850000000000006e-03
-3.319749999999999784e-03
-5.843830000000000378e-03
-7.372049999999999784e-03
-5.607629999999999733e-03
-2.839219999999999938e-03
-1.728280000000000007e-03
-7.057670000000000480e-04
-1.910969999999999900e-03
-2.089810000000000105e-03
-3.316350000000000027e-03
-4.577320000000000173e-03
-5.875949999999999576e-03
-6.140310000000000386e-03
-5.681030000000000107e-03
-3.104640000000000091e-03
2.559089999999999976e-03
6.339440000000000006e-03
1.011130000000000015e-02
1.383550000000000058e-02
1.633089999999999889e-02
1.688370000000000148e-02
1.666870000000000157e-02
1.424599999999999998e-02
1.135429999999999946e-02
6.230420000000000402e-03
-1.385249999999999980e-03
-6.794470000000000370e-03
-1.132120000000000001e-02
-1.624710000000000043e-02
-1.894300000000000150e-02
-1.865719999999999879e-02
-1.530450000000000040e-02
-1.188149999999999970e-02
-8.398400000000000309e-03
-2.930659999999999862e-03
1.899099999999999920e-03
4.969460000000000197e-03
6.135220000000000257e-03
8.717239999999999364e-03
1.030239999999999975e-02
7.917369999999999963e-03
4.411639999999999659e-03
-5.587480000000000246e-05
-6.650729999999999663e-03
-1.381710000000000056e-02
-1.818070000000000103e-02
-1.978380000000000069e-02
-2.178640000000000090e-02
-2.113189999999999860e-02
-1.935069999999999846e-02
-1.533769999999999925e-02
-1.184310000000000050e-02
-6.720359999999999875e-03
-1.174429999999999962e-03
2.926329999999999990e-03
9.913699999999999249e-03
1.249379999999999935e-02
1.519550000000000067e-02
1.517429999999999994e-02
1.448840000000000024e-02
1.076099999999999973e-02
8.009959999999999997e-03
5.138420000000000314e-03
3.386409999999999854e-04
-3.761299999999999973e-03
-8.845699999999999744e-03
-1.403350000000000083e-02
-1.851670000000000052e-02
-2.030780000000000085e-02
-1.938020000000000020e-02
-1.832200000000000148e-02
-1.580109999999999848e-02
-1.022859999999999915e-02
-3.705050000000000097e-03
2.000280000000000113e-03
7.974929999999999866e-03
1.086660000000000056e-02
1.203369999999999961e-02
1.256069999999999930e-02
1.213629999999999917e-02
1.165270000000000021e-02
1.120750000000000045e-02
1.206370000000000012e-02
1.433270000000000030e-02
1.638130000000000142e-02
1.781800000000000050e-02
1.706219999999999959e-02
1.628610000000000127e-02
1.542740000000000083e-02
1.616940000000000044e-02
1.530980000000000014e-02
1.164749999999999987e-02
8.180800000000000224e-03
4.528299999999999860e-03
-3.666979999999999914e-04
-3.495840000000000058e-03
-6.197140000000000287e-03
-8.650500000000000203e-03
-1.080109999999999924e-02
-1.093200000000000074e-02
-9.721640000000000142e-03
-5.358090000000000248e-03
-2.372229999999999912e-03
-7.198470000000000216e-04
2.682710000000000043e-03
6.297310000000000407e-03
7.609059999999999956e-03
8.345230000000000356e-03
8.122459999999999750e-03
7.462250000000000133e-03
7.239139999999999811e-03
5.130499999999999644e-03
1.754020000000000015e-03
1.225500000000000027e-03
-3.978470000000000010e-04
-3.171499999999999840e-03
-4.844310000000000109e-03
-7.788549999999999987e-03
-8.045580000000000093e-03
-8.817190000000000791e-03
-9.941590000000000149e-03
-1.123599999999999946e-02
-1.375119999999999988e-02
-1.553820000000000028e-02
-1.766500000000000015e-02
-1.801209999999999964e-02
-2.007300000000000056e-02
-2.051029999999999867e-02
-1.897839999999999944e-02
-1.789520000000000000e-02
-1.550810000000000036e-02
-1.162939999999999981e-02
-7.757690000000000245e-03
-1.419480000000000091e-03
6.108729999999999716e-03
1.188950000000000076e-02
1.820739999999999859e-02
2.389789999999999970e-02
2.445229999999999973e-02
2.574049999999999949e-02
2.642989999999999923e-02
2.534080000000000013e-02
2.094570000000000112e-02
1.743770000000000042e-02
1.290570000000000085e-02
9.381679999999999880e-03
7.783710000000000108e-03
4.549120000000000247e-03
2.989770000000000101e-03
2.934350000000000066e-03
2.548610000000000198e-03
2.267789999999999997e-03
1.948819999999999979e-03
1.631749999999999954e-03
-1.887849999999999945e-03
-5.987120000000000289e-03
-1.063889999999999975e-02
-1.490200000000000032e-02
-1.702160000000000131e-02
-2.046620000000000036e-02
-2.299230000000000024e-02
-2.223680000000000101e-02
-2.113169999999999979e-02
-1.789819999999999953e-02
-1.409649999999999966e-02
-1.327109999999999922e-02
-1.163080000000000017e-02
-6.896689999999999592e-03
-2.748040000000000205e-03
-9.370410000000000295e-05
4.711220000000000338e-03
8.439389999999999739e-03
1.093219999999999956e-02
1.239299999999999950e-02
1.340769999999999983e-02
1.417440000000000019e-02
1.521070000000000061e-02
1.525579999999999992e-02
1.441860000000000017e-02
1.373839999999999957e-02
1.315470000000000007e-02
1.252920000000000075e-02
1.181759999999999929e-02
1.112529999999999943e-02
1.052160000000000074e-02
8.786459999999999410e-03
5.473269999999999698e-03
2.384460000000000138e-03
-6.525699999999999947e-04
-3.425269999999999791e-03
-7.142759999999999734e-03
-1.101000000000000069e-02
-1.330660000000000003e-02
-1.511979999999999921e-02
-1.467369999999999959e-02
-1.211440000000000086e-02
-1.021780000000000084e-02
-5.687669999999999705e-03
-2.732640000000000156e-03
1.376910000000000070e-03
6.626019999999999827e-03
9.314019999999999244e-03
1.168920000000000028e-02
1.211379999999999922e-02
9.877500000000000863e-03
7.965619999999999645e-03
6.406189999999999975e-03
3.340440000000000076e-03
5.525919999999999704e-04
5.712760000000000104e-04
-1.646120000000000089e-05
-1.705520000000000083e-03
-3.087420000000000008e-03
-4.148709999999999898e-03
-4.130349999999999647e-03
-4.462490000000000380e-03
-8.430679999999999424e-03
-1.021140000000000068e-02
-1.090930000000000025e-02
-1.174520000000000078e-02
-1.428109999999999970e-02
-1.505030000000000083e-02
-1.382569999999999980e-02
-1.316370000000000040e-02
-1.230310000000000084e-02
-9.852180000000000312e-03
-6.586579999999999865e-03
-5.016089999999999959e-03
-3.069619999999999901e-03
-1.192939999999999973e-03
2.537829999999999925e-04
1.012389999999999948e-03
4.926169999999999681e-03
8.346199999999999800e-03
1.073540000000000084e-02
1.454279999999999982e-02
1.776809999999999848e-02
1.972010000000000082e-02
2.085369999999999932e-02
2.024089999999999917e-02
1.915690000000000101e-02
1.810729999999999978e-02
1.504190000000000041e-02
1.192400000000000057e-02
1.090220000000000078e-02
1.022209999999999959e-02
8.078899999999999970e-03
4.249010000000000113e-03
1.430339999999999997e-04
-2.539529999999999912e-03
-5.347700000000000370e-03
-7.104499999999999704e-03
-9.253960000000000310e-03
-9.830679999999999627e-03
-8.779989999999999670e-03
-5.080320000000000148e-03
-5.025750000000000052e-04
2.255239999999999936e-03
6.405929999999999784e-03
1.032929999999999959e-02
1.333480000000000082e-02
1.279880000000000080e-02
1.195719999999999943e-02
1.124389999999999938e-02
1.020509999999999994e-02
6.877920000000000041e-03
4.549820000000000426e-03
1.525700000000000060e-03
-1.198650000000000106e-03
-1.350889999999999990e-03
-2.061529999999999786e-03
-4.781330000000000302e-03
-6.516090000000000423e-03
-6.340410000000000317e-03
-8.062730000000000591e-03
-1.044149999999999939e-02
-1.043460000000000047e-02
-9.939740000000000728e-03
-9.748889999999999639e-03
-9.454479999999999482e-03
-8.844849999999999587e-03
-6.340939999999999771e-03
-3.867549999999999981e-03
-3.849620000000000212e-03
-1.054550000000000019e-03
1.167000000000000069e-03
7.659760000000000266e-04
5.877649999999999672e-04
5.484910000000000176e-04
3.522700000000000137e-04
-1.030119999999999956e-04
-1.777270000000000065e-03
-2.524769999999999966e-03
-2.404819999999999788e-03
-2.602970000000000023e-03
-2.572940000000000123e-03
-2.647360000000000078e-03
-2.085080000000000006e-03
-6.206469999999999956e-04
-1.960890000000000126e-04
-6.339870000000000271e-04
-4.976040000000000151e-04
-4.626349999999999777e-04
1.350089999999999971e-03
3.263459999999999820e-04
-1.221599999999999986e-03
-4.125499999999999827e-03
-6.238839999999999837e-03
-7.591650000000000134e-03
-8.033709999999999463e-03
-7.740880000000000330e-03
-7.486729999999999600e-03
-7.026260000000000318e-03
-5.041610000000000189e-03
-4.809769999999999671e-03
-6.364719999999999926e-03
-7.330800000000000163e-03
-8.167910000000000448e-03
-8.064949999999999550e-03
-9.326940000000000577e-03
-1.013930000000000040e-02
-1.101189999999999981e-02
-1.062049999999999973e-02
-9.917860000000000564e-03
-7.924399999999999847e-03
-6.224839999999999714e-03
-3.758019999999999937e-03
-4.589800000000000000e-04
1.081300000000000100e-03
1.234660000000000054e-03
1.220329999999999939e-03
1.389599999999999950e-03
1.286980000000000068e-03
1.322840000000000040e-03
1.139849999999999978e-03
-4.120460000000000051e-04
-2.795460000000000046e-03
-4.204979999999999656e-03
-7.034020000000000203e-03
-8.234580000000000025e-03
-1.017640000000000038e-02
-1.070789999999999936e-02
-9.408009999999999637e-03
-6.520319999999999588e-03
-4.106560000000000418e-03
-3.641080000000000098e-03
-1.566190000000000073e-03
1.292560000000000106e-03
3.239409999999999859e-03
6.229769999999999926e-03
8.926319999999999741e-03
1.248310000000000045e-02
1.478939999999999942e-02
1.521999999999999915e-02
1.667830000000000007e-02
1.823100000000000068e-02
1.622830000000000106e-02
1.404930000000000068e-02
1.171170000000000024e-02
8.408409999999999843e-03
4.388869999999999577e-03
-1.264170000000000061e-04
-3.163190000000000186e-03
-6.923939999999999956e-03
-1.183840000000000066e-02
-1.332599999999999930e-02
-1.697399999999999951e-02
-1.996529999999999833e-02
-1.894409999999999844e-02
-1.757689999999999947e-02
-1.500270000000000076e-02
-1.031830000000000074e-02
-6.139569999999999576e-03
-2.766310000000000123e-03
2.527629999999999786e-04
2.189819999999999874e-03
3.565630000000000188e-03
5.276300000000000261e-03
5.727590000000000285e-03
5.768749999999999573e-03
5.714539999999999724e-03
5.463670000000000332e-03
4.151610000000000023e-03
5.134389999999999961e-03
5.768389999999999976e-03
5.463870000000000011e-03
5.560530000000000160e-03
5.537470000000000066e-03
5.025139999999999989e-03
3.361199999999999952e-03
2.238219999999999967e-03
1.001530000000000042e-03
9.946779999999999251e-04
1.245620000000000017e-03
1.349209999999999993e-03
1.649049999999999995e-03
7.996140000000000322e-04
-4.648389999999999857e-04
-2.782549999999999846e-04
2.099190000000000073e-04
3.216320000000000268e-04
1.356929999999999898e-03
3.102680000000000021e-03
3.337329999999999897e-03
4.777299999999999949e-03
5.851989999999999623e-03
6.051360000000000419e-03
7.838450000000000278e-03
7.769640000000000400e-03
8.858559999999999698e-03
8.444019999999999998e-03
8.521529999999999383e-03
7.408950000000000084e-03
6.707710000000000408e-03
5.604829999999999882e-03
3.990080000000000016e-03
4.224320000000000158e-03
6.573749999999999732e-03
1.041130000000000007e-02
1.124969999999999963e-02
1.337849999999999977e-02
1.437860000000000006e-02
1.681710000000000149e-02
1.749950000000000117e-02
1.693909999999999860e-02
1.877119999999999830e-02
1.939230000000000120e-02
1.821180000000000021e-02
1.737119999999999984e-02
1.810470000000000135e-02
1.743870000000000142e-02
1.615389999999999882e-02
1.394920000000000014e-02
1.183039999999999960e-02
1.072210000000000003e-02
8.096489999999999590e-03
6.280260000000000183e-03
1.888970000000000015e-03
-2.771469999999999836e-03
-8.643339999999999357e-03
-1.468060000000000025e-02
-1.737440000000000165e-02
-1.945190000000000113e-02
-2.159969999999999946e-02
-2.216150000000000064e-02
-2.104570000000000052e-02
-1.983230000000000062e-02
-1.654900000000000121e-02
-1.289249999999999945e-02
-9.477380000000000526e-03
-7.590330000000000167e-03
-4.062210000000000126e-03
-3.158000000000000217e-03
-6.666929999999999731e-03
-6.862319999999999878e-03
-7.352990000000000220e-03
-8.432969999999999702e-03
-7.935700000000000393e-03
-7.591640000000000194e-03
-7.169599999999999931e-03
-6.887179999999999691e-03
-5.117380000000000366e-03
-5.224499999999999977e-03
-5.924350000000000102e-03
-4.776660000000000281e-03
-2.818460000000000062e-03
-2.445479999999999876e-03
-2.390530000000000085e-03
-1.843809999999999980e-03
-1.643899999999999897e-04
1.338500000000000063e-03
2.528540000000000128e-03
5.188670000000000261e-03
8.790920000000000678e-03
1.146250000000000047e-02
1.472620000000000005e-02
1.586479999999999835e-02
1.715600000000000111e-02
1.806110000000000007e-02
1.546619999999999939e-02
1.336350000000000038e-02
1.061469999999999948e-02
6.975720000000000358e-03
4.678090000000000200e-03
2.936830000000000083e-03
1.288560000000000009e-03
1.041620000000000046e-03
6.882840000000000529e-04
1.085620000000000031e-03
2.260279999999999928e-03
2.048649999999999950e-03
1.713799999999999915e-03
1.398960000000000091e-03
1.208239999999999965e-03
-9.654250000000000071e-04
-4.129339999999999573e-03
-5.721350000000000047e-03
-8.347830000000000528e-03
-1.061209999999999931e-02
-1.159909999999999934e-02
-1.162119999999999993e-02
-1.019169999999999972e-02
-9.595559999999999506e-03
-9.538190000000000210e-03
-8.926629999999999635e-03
-9.417240000000000333e-03
-1.044149999999999939e-02
-1.150909999999999954e-02
-1.324799999999999936e-02
-1.375179999999999979e-02
-1.282939999999999948e-02
-1.244570000000000051e-02
-1.080039999999999993e-02
-7.706600000000000082e-03
-5.962130000000000381e-03
-5.235590000000000035e-03
-1.660849999999999957e-03
9.759939999999999935e-04
3.622820000000000120e-03
4.979070000000000371e-03
7.261450000000000023e-03
7.606279999999999986e-03
7.082480000000000372e-03
6.515889999999999876e-03
6.308049999999999942e-03
4.469149999999999859e-03
3.088800000000000053e-03
3.185519999999999845e-03
3.961580000000000136e-03
2.197360000000000198e-03
2.770970000000000204e-03
2.566090000000000038e-03
8.792420000000000227e-04
-7.854999999999999569e-04
-1.314910000000000080e-03
-1.254649999999999949e-03
-1.521149999999999976e-03
-1.588219999999999996e-03
-1.652389999999999892e-03
-2.190099999999999946e-03
-3.703730000000000130e-03
-3.906569999999999834e-03
-3.718459999999999821e-03
-3.746980000000000015e-03
-3.924050000000000107e-03
-5.246230000000000164e-03
-5.415230000000000044e-03
-5.981750000000000088e-03
-7.033619999999999976e-03
-6.654189999999999931e-03
-6.400420000000000414e-03
-5.514259999999999995e-03
-3.133079999999999893e-03
-3.957780000000000044e-04
7.560260000000000287e-04
3.383919999999999897e-03
4.625739999999999713e-03
3.944079999999999982e-03
3.782230000000000140e-03
3.402759999999999899e-03
3.049930000000000176e-03
3.325099999999999725e-05
-1.784989999999999971e-03
-3.494049999999999847e-03
-5.046359999999999735e-03
-4.901530000000000296e-03
-4.595329999999999901e-03
-2.900520000000000181e-03
-8.340350000000000064e-04
-4.708739999999999779e-04
-6.027489999999999714e-04
-5.230179999999999855e-04
-6.493140000000000110e-04
-2.085889999999999966e-03
-3.849780000000000129e-03
-4.550949999999999787e-03
-5.397850000000000044e-03
-6.252950000000000175e-03
-6.800660000000000038e-03
-6.432039999999999980e-03
-7.608059999999999823e-03
-8.718570000000000139e-03
-8.180359999999999368e-03
-7.368979999999999801e-03
-6.721669999999999902e-03
-3.752870000000000164e-03
-2.217139999999999823e-03
-1.659820000000000002e-03
6.050559999999999749e-04
1.989859999999999979e-03
3.118479999999999863e-03
4.705909999999999781e-03
4.233340000000000367e-03
4.793379999999999863e-03
4.973810000000000384e-03
4.609809999999999776e-03
3.507150000000000111e-03
2.720370000000000166e-03
2.426499999999999838e-03
1.180709999999999963e-03
1.036639999999999914e-03
1.098749999999999900e-03
1.140570000000000039e-03
1.091430000000000004e-03
1.235870000000000024e-03
1.284430000000000033e-03
1.402830000000000093e-03
1.320329999999999985e-03
1.375509999999999927e-03
6.759889999999999411e-05
-1.082229999999999998e-03
-2.192079999999999897e-03
-3.526290000000000067e-03
-4.893650000000000257e-03
-5.642030000000000135e-03
-5.093219999999999865e-03
-4.374839999999999632e-03
-4.010569999999999760e-03
-2.124040000000000216e-03
6.271090000000000431e-04
2.499350000000000009e-03
4.113399999999999695e-03
5.492799999999999939e-03
5.974029999999999965e-03
7.250300000000000321e-03
7.806859999999999668e-03
7.392720000000000194e-03
7.016050000000000238e-03
6.482550000000000118e-03
4.829649999999999568e-03
3.637839999999999824e-03
2.813330000000000171e-03
1.380759999999999973e-03
9.423040000000000365e-04
8.907340000000000136e-04
-2.404139999999999923e-04
-9.939650000000000828e-04
-7.205819999999999934e-04
-1.228160000000000059e-03
-2.232860000000000140e-03
-2.024600000000000097e-03
-1.580060000000000102e-03
-1.245540000000000059e-03
-9.486069999999999659e-04
-6.284399999999999665e-04
-8.352229999999999550e-04
-8.593419999999999455e-05
5.290439999999999986e-04
6.632580000000000116e-04
1.524570000000000048e-03
2.765899999999999956e-03
3.288399999999999917e-03
4.056689999999999949e-03
5.201479999999999645e-03
6.022040000000000205e-03
7.260720000000000021e-03
7.678919999999999670e-03
7.105730000000000206e-03
6.748600000000000432e-03
6.005719999999999982e-03
5.033010000000000088e-03
4.150670000000000401e-03
2.957650000000000036e-03
1.968619999999999919e-03
1.522909999999999932e-03
9.509009999999999815e-04
7.946459999999999808e-04
8.553719999999999683e-04
8.335940000000000016e-04
8.323630000000000265e-04
6.452089999999999952e-04
2.233279999999999868e-04
1.728009999999999876e-04
2.758090000000000151e-04
-4.707890000000000084e-05
1.447519999999999992e-04
4.394859999999999999e-04
5.076219999999999994e-04
1.160800000000000026e-03
1.416699999999999904e-03
1.947919999999999903e-03
2.309579999999999880e-03
2.701900000000000135e-03
2.783209999999999937e-03
2.720109999999999976e-03
2.438430000000000111e-03
2.076689999999999960e-03
1.530590000000000075e-03
1.060479999999999930e-03
4.624580000000000097e-04
-1.463149999999999916e-06
-4.611789999999999835e-04
-9.319309999999999920e-04
-9.505470000000000455e-04
-1.200139999999999931e-03
-1.320170000000000067e-03
-1.490140000000000041e-03
-1.423720000000000064e-03
-1.346390000000000043e-03
-9.173599999999999853e-04
-7.151899999999999881e-04
-7.441960000000000285e-04
-7.598769999999999483e-04
-6.397440000000000331e-04
-6.555429999999999677e-04
-7.751159999999999561e-04
-8.358009999999999485e-04
-1.086490000000000069e-03
-1.266830000000000039e-03
-1.400580000000000011e-03
-1.431310000000000091e-03
-1.497819999999999967e-03
-1.450930000000000015e-03
-1.301150000000000050e-03
-1.165140000000000056e-03
-9.032139999999999483e-04
-7.535340000000000397e-04
-5.532760000000000065e-04
-3.392080000000000225e-04
-2.185380000000000005e-04
-1.302870000000000081e-04
-9.505009999999999989e-05
-1.098039999999999943e-04
-6.964190000000000148e-05
-2.113430000000000126e-04
-3.428330000000000158e-04
-4.348290000000000206e-04
-5.418379999999999985e-04
-6.242659999999999485e-04
-6.538190000000000364e-04
-6.041939999999999551e-04
-6.099589999999999786e-04
-6.183920000000000519e-04
-5.938840000000000351e-04
-5.797690000000000525e-04
-5.425869999999999738e-04
-5.135279999999999663e-04
-4.845550000000000117e-04
-4.718300000000000142e-04
-4.697290000000000016e-04
-4.667820000000000042e-04
-4.632910000000000066e-04
-4.597380000000000086e-04
-4.536659999999999760e-04
-4.517589999999999822e-04
-4.489440000000000032e-04
-4.375219999999999760e-04
-4.266370000000000015e-04
-4.107979999999999791e-04
-3.924630000000000132e-04
-3.791949999999999770e-04
-3.630540000000000243e-04
-3.459410000000000002e-04
-3.348219999999999734e-04
-3.259690000000000092e-04
-3.137549999999999801e-04
-3.061919999999999985e-04
-2.997960000000000143e-04
-2.914489999999999941e-04
-2.827230000000000238e-04
-2.744360000000000267e-04
-2.637329999999999904e-04
-2.508930000000000253e-04
-2.356830000000000134e-04
-2.210509999999999949e-04
-2.047920000000000003e-04
-1.877229999999999914e-04
-1.699659999999999919e-04
-1.524770000000000107e-04
-1.348529999999999911e-04
-1.179310000000000064e-04
-1.017850000000000021e-04
-8.613970000000000470e-05
-7.094679999999999639e-05
-5.629879999999999704e-05
-4.227690000000000175e-05
-2.878360000000000001e-05
-1.580369999999999914e-05
-3.274010000000000185e-06
8.822060000000000370e-06
2.049220000000000007e-05
3.173590000000000222e-05
4.253209999999999890e-05
5.287730000000000278e-05
6.276419999999999786e-05
7.219030000000000574e-05
8.115400000000000261e-05
