-2.133069999999999931e-03
-2.331080000000000131e-03
1.867109999999999950e-03
-2.444169999999999741e-04
3.765070000000000135e-03
4.171919999999999969e-03
1.113840000000000056e-03
-3.066249999999999965e-03
-3.179599999999999874e-03
-3.020609999999999962e-03
-6.409169999999999624e-03
-1.817260000000000012e-03
-1.966310000000000193e-03
1.962610000000000049e-03
4.489019999999999816e-03
1.568640000000000052e-03
-2.455390000000000003e-03
-3.386769999999999885e-03
-6.165749999999999573e-04
-1.247059999999999922e-03
1.050879999999999913e-03
-8.607239999999999943e-04
-3.013050000000000190e-03
5.782510000000000037e-04
-3.495750000000000159e-03
1.121970000000000085e-02
3.015690000000000124e-03
9.612870000000000139e-04
5.677650000000000231e-03
-6.571650000000000061e-03
-4.568489999999999704e-03
-4.549509999999999882e-04
-1.274130000000000054e-03
-1.665929999999999928e-03
5.952950000000000255e-04
4.191699999999999593e-03
8.375620000000000287e-03
-1.600099999999999916e-03
-5.227329999999999650e-03
-1.322019999999999966e-02
1.247149999999999995e-02
1.053029999999999938e-02
-2.663510000000000010e-03
5.441289999999999669e-03
-1.777359999999999964e-03
-4.588599999999999970e-03
-2.484450000000000026e-03
7.520620000000000430e-03
3.184479999999999950e-03
2.582570000000000178e-03
4.350119999999999855e-03
6.800480000000000457e-04
-7.340320000000000004e-03
-1.067579999999999918e-02
-1.016700000000000069e-02
-1.054959999999999926e-02
-1.958220000000000099e-03
9.516669999999999643e-03
1.342209999999999931e-02
1.571190000000000087e-02
-5.941980000000000325e-05
-1.410289999999999981e-02
-4.297729999999999606e-03
1.626169999999999916e-04
2.766569999999999880e-03
6.402760000000000395e-03
9.374940000000000009e-03
3.885190000000000171e-03
-8.660910000000000830e-03
-1.876509999999999984e-02
-2.154539999999999927e-03
1.691629999999999870e-02
-9.134609999999999605e-03
3.515370000000000300e-02
1.712709999999999927e-02
-2.028249999999999845e-02
3.405870000000000078e-03
-3.684950000000000031e-02
1.700530000000000097e-02
6.171809999999999796e-03
-2.010759999999999978e-02
4.175840000000000107e-02
-9.300869999999999277e-03
-1.185100000000000042e-02
-9.564540000000000281e-04
2.023889999999999977e-03
5.866230000000000055e-02
-3.637420000000000236e-02
9.173789999999999376e-03
4.703609999999999736e-02
-7.078520000000000645e-02
-2.823809999999999862e-02
1.807999999999999885e-02
-3.499180000000000172e-03
-3.442159999999999664e-02
4.283819999999999989e-02
3.019720000000000043e-02
-6.254329999999999612e-02
-8.323579999999999477e-04
-2.817370000000000031e-03
-3.845529999999999782e-02
6.357340000000000386e-03
3.474689999999999723e-02
5.215820000000000178e-02
-6.446999999999999606e-03
-3.452360000000000151e-02
-1.194189999999999922e-03
-2.271120000000000083e-02
3.381409999999999971e-02
3.603039999999999715e-02
-3.285230000000000095e-02
2.884640000000000121e-02
1.125540000000000047e-02
-2.823300000000000115e-02
-2.001290000000000013e-02
-2.078510000000000080e-02
-1.769770000000000024e-02
3.883399999999999960e-03
6.029339999999999700e-02
5.483319999999999861e-02
-9.401349999999999291e-03
-4.813180000000000236e-02
-1.531339999999999958e-02
-8.902830000000000465e-03
-5.762340000000000344e-03
1.238539999999999953e-02
2.937069999999999959e-03
1.001020000000000035e-03
-3.261320000000000191e-02
1.178330000000000002e-03
4.793710000000000332e-02
-3.674440000000000345e-02
-4.338779999999999720e-02
-8.732230000000000113e-04
1.695320000000000160e-02
6.008789999999999965e-02
-1.563389999999999919e-02
-2.532500000000000029e-02
1.215579999999999959e-02
6.134699999999999875e-03
2.995059999999999910e-03
2.169799999999999941e-03
1.560519999999999963e-02
-3.953709999999999863e-02
5.008359999999999462e-04
2.544789999999999899e-02
1.709400000000000155e-02
-3.479449999999999904e-02
-1.144670000000000062e-02
7.363039999999999863e-02
-6.099340000000000317e-02
-5.978580000000000005e-02
4.877370000000000316e-02
2.906419999999999837e-02
2.751579999999999998e-02
2.020939999999999889e-02
1.761860000000000162e-02
-1.721860000000000057e-02
-2.470549999999999830e-02
1.296199999999999956e-02
-6.634290000000000152e-03
-3.048709999999999962e-02
3.624229999999999813e-02
9.022979999999999889e-02
-5.702970000000000261e-02
-1.009039999999999937e-02
4.098500000000000060e-02
-8.251360000000000638e-02
-8.198940000000000394e-02
2.452230000000000121e-03
-1.315589999999999989e-02
-7.788719999999999845e-03
2.392499999999999835e-02
-7.906420000000000375e-04
5.285720000000000002e-02
-5.416490000000000367e-03
-3.578909999999999730e-02
-5.793949999999999795e-02
-9.170259999999999523e-02
-3.242130000000000185e-03
4.183060000000000250e-02
-6.737810000000000327e-03
-7.370269999999999946e-03
4.803810000000000024e-02
1.388880000000000114e-01
9.584330000000000627e-02
-3.618249999999999938e-02
-6.103789999999999910e-02
-5.940089999999999953e-02
-7.093309999999999893e-02
4.179009999999999669e-02
7.244309999999999639e-02
-4.850140000000000007e-02
-1.306970000000000007e-02
4.149610000000000104e-02
1.897549999999999931e-02
-8.781350000000000267e-02
-8.404570000000000096e-02
1.308780000000000013e-02
2.699040000000000120e-02
-1.824469999999999911e-02
-2.307949999999999932e-02
6.614490000000000647e-02
5.576020000000000282e-02
-3.038499999999999882e-02
-2.483109999999999831e-02
-8.332820000000000504e-02
-9.627199999999999647e-02
1.300149999999999917e-02
7.586809999999999388e-02
3.015170000000000003e-02
5.720510000000000178e-02
4.896140000000000214e-02
-5.245729999999999837e-02
-6.126299999999999801e-02
-1.698389999999999969e-02
4.029320000000000124e-02
1.507359999999999950e-02
9.021179999999999477e-02
1.241089999999999971e-01
2.659430000000000127e-02
2.046960000000000012e-03
-3.718130000000000046e-02
-1.313169999999999893e-01
-6.605759999999999410e-02
-4.655220000000000191e-02
-7.149129999999999374e-02
-3.316279999999999922e-02
8.772040000000000393e-02
1.575159999999999894e-01
-5.310819999999999950e-03
-1.145690000000000042e-01
-9.060129999999999573e-02
-9.643680000000000307e-02
-7.140190000000000425e-02
-7.757049999999999709e-03
-8.347689999999999624e-03
1.238920000000000021e-01
2.175020000000000009e-01
1.434130000000000127e-01
9.936920000000000475e-02
2.860669999999999880e-02
-1.633360000000000020e-02
-1.534420000000000055e-02
-2.133780000000000052e-02
1.509040000000000034e-02
4.193059999999999843e-02
1.643669999999999853e-02
5.203410000000000327e-03
8.179709999999999759e-03
8.377539999999999293e-03
-2.526629999999999897e-05
-9.319559999999999303e-03
-3.913930000000000187e-02
-3.884459999999999996e-02
5.261470000000000036e-02
1.696850000000000025e-01
9.053719999999999823e-02
-3.644469999999999654e-02
-1.441989999999999938e-02
-2.012790000000000065e-02
-5.799229999999999663e-02
-1.135079999999999978e-01
-7.222449999999999704e-02
8.402359999999999343e-03
2.756300000000000069e-02
-2.549229999999999899e-02
-4.016299999999999731e-02
4.026600000000000318e-02
3.076869999999999952e-02
-3.142890000000000267e-02
-5.910560000000000119e-02
-5.328560000000000241e-02
-3.026830000000000145e-02
-1.935840000000000130e-02
-1.909119999999999914e-02
3.978080000000000158e-03
-2.904930000000000012e-03
-9.505280000000000673e-02
-5.788610000000000283e-02
-1.049899999999999965e-02
-6.896359999999999817e-03
9.204560000000000519e-02
1.201239999999999947e-01
2.606380000000000155e-02
-4.261079999999999729e-02
-7.067099999999999771e-02
-7.872909999999999631e-02
-2.145510000000000125e-02
3.424679999999999825e-03
-1.250470000000000054e-02
-1.380420000000000084e-02
8.970300000000000495e-03
1.498719999999999913e-02
1.796559999999999997e-03
-2.315880000000000022e-02
-1.392039999999999987e-03
3.395809999999999974e-03
-7.187309999999999532e-02
-8.974829999999999613e-03
-2.016530000000000059e-02
-9.097270000000000356e-02
1.394370000000000028e-03
3.471570000000000211e-02
-2.779300000000000173e-02
-6.221089999999999953e-02
-9.713579999999999437e-03
5.189339999999999925e-02
2.053239999999999926e-02
-4.682030000000000219e-03
2.776520000000000030e-02
1.330169999999999964e-01
9.913959999999999440e-02
-7.461439999999999739e-02
-1.238059999999999994e-01
-4.037199999999999817e-02
5.269479999999999997e-02
1.095720000000000027e-01
9.440149999999999930e-02
1.063589999999999952e-01
1.365250000000000075e-01
8.677479999999999916e-02
-2.576789999999999983e-02
-6.820610000000000561e-02
8.197359999999999369e-02
8.342199999999999616e-02
1.346830000000000076e-02
2.965769999999999865e-02
2.625390000000000015e-02
4.109179999999999777e-02
8.332080000000000042e-02
3.464740000000000181e-02
-1.247179999999999955e-01
-1.885969999999999869e-01
-1.426280000000000048e-01
-9.061080000000000523e-02
2.801520000000000052e-02
-2.439650000000000152e-02
-1.067179999999999934e-01
-4.151520000000000210e-02
3.672789999999999996e-03
4.932489999999999791e-02
1.108780000000000043e-01
1.081560000000000021e-01
1.341499999999999915e-01
2.025409999999999988e-01
1.046750000000000042e-01
3.241130000000000053e-03
-3.793019999999999725e-02
-7.477870000000000350e-02
-1.190729999999999983e-01
-1.851750000000000063e-01
-8.478600000000000025e-02
-2.568519999999999831e-02
1.094730000000000009e-01
2.379560000000000008e-01
6.541600000000000192e-02
-1.671030000000000085e-02
-1.438679999999999994e-02
-8.131819999999999327e-02
-1.561829999999999885e-01
-1.382970000000000033e-01
-2.137599999999999917e-02
4.738830000000000126e-02
9.333140000000000186e-03
-3.311820000000000042e-03
-1.247550000000000048e-02
-2.757360000000000019e-02
-3.179740000000000344e-02
7.425619999999999964e-03
7.399079999999999720e-03
-5.542710000000000171e-03
-4.847660000000000163e-02
-7.592680000000000262e-02
1.268460000000000074e-02
4.361199999999999799e-02
5.566329999999999889e-02
5.796640000000000126e-02
4.897610000000000158e-02
1.346640000000000059e-01
1.119440000000000018e-01
-3.589300000000000129e-02
-9.869650000000000645e-02
-8.799360000000000515e-02
-8.921969999999999901e-02
-7.781720000000000304e-02
-8.167989999999999973e-02
-4.879510000000000097e-02
1.641340000000000160e-02
1.538289999999999935e-01
1.271980000000000055e-01
2.792000000000000037e-02
4.276200000000000140e-02
1.226619999999999933e-01
4.992390000000000196e-03
-1.300810000000000022e-01
-4.878609999999999891e-02
6.072720000000000201e-02
9.201769999999999394e-02
-3.325159999999999921e-02
-2.865749999999999895e-02
-6.399099999999999580e-03
-4.274379999999999846e-02
-1.743329999999999880e-01
-1.655000000000000082e-01
-7.814500000000000612e-02
1.790949999999999834e-02
-2.846179999999999891e-02
-9.467920000000000502e-02
-7.767060000000000110e-03
3.088789999999999938e-02
7.544449999999999767e-02
1.012740000000000029e-01
7.267310000000000436e-02
6.255779999999999674e-02
1.354789999999999883e-01
1.032259999999999983e-01
2.468920000000000142e-02
-1.045179999999999998e-01
-7.721079999999999610e-02
5.399480000000000252e-02
1.103279999999999955e-01
9.644099999999999895e-02
6.467009999999999426e-02
2.561239999999999784e-03
1.013980000000000020e-01
2.362380000000000035e-01
1.350200000000000011e-01
5.682389999999999837e-03
-1.233999999999999958e-01
-1.543029999999999957e-01
-2.055559999999999887e-01
-1.964650000000000007e-01
-2.047180000000000111e-01
-1.609200000000000075e-01
-4.180890000000000301e-02
1.260299999999999962e-02
1.697670000000000082e-02
-7.541789999999999605e-02
-2.269500000000000128e-01
-1.630260000000000042e-01
-4.698139999999999955e-02
-1.164069999999999966e-01
-1.886950000000000016e-01
-1.188059999999999949e-01
-1.174449999999999973e-02
3.013570000000000138e-02
6.249919999999999781e-02
5.809790000000000093e-02
1.425460000000000060e-01
2.137600000000000056e-01
9.797169999999999490e-02
1.488150000000000063e-02
-5.376719999999999763e-03
5.377129999999999931e-03
4.470530000000000337e-02
8.354480000000000239e-02
1.073270000000000057e-01
9.038490000000000413e-02
1.155069999999999986e-01
1.105809999999999987e-01
3.703479999999999966e-02
-2.191299999999999845e-02
-5.946030000000000065e-02
-8.076809999999999545e-02
-5.064339999999999814e-02
-1.456799999999999935e-02
7.324680000000000080e-02
1.528859999999999941e-01
3.027519999999999864e-02
-2.141409999999999841e-03
4.304050000000000237e-02
4.531310000000000199e-02
-4.762630000000000335e-02
-2.778700000000000059e-01
-1.944629999999999970e-01
-1.026519999999999933e-01
-6.101990000000000192e-02
-1.101049999999999902e-03
8.924650000000000638e-02
1.525990000000000124e-01
8.302650000000000308e-02
9.715550000000000574e-02
4.108200000000000046e-02
1.739660000000000165e-02
5.398200000000000220e-02
5.023040000000000144e-02
-8.142150000000000776e-03
-4.549659999999999815e-02
-3.755279999999999729e-02
-1.282909999999999953e-02
5.112089999999999690e-02
8.156579999999999386e-02
2.522200000000000136e-02
-2.121759999999999965e-02
-1.056210000000000065e-01
-7.708399999999999974e-02
3.255990000000000273e-02
1.814119999999999969e-02
-1.027810000000000008e-02
-9.481239999999999503e-04
1.062860000000000055e-01
1.264879999999999893e-01
2.610639999999999836e-02
1.442750000000000022e-03
2.416849999999999901e-03
-2.826990000000000058e-02
-6.952780000000000071e-02
-8.911689999999999889e-02
-8.651390000000000469e-02
-5.815279999999999755e-02
-3.148179999999999729e-02
-1.789629999999999953e-03
6.440020000000000466e-02
7.051509999999999723e-02
3.554750000000000271e-02
3.865849999999999842e-02
4.512730000000000213e-02
3.531080000000000330e-02
3.588199999999999723e-02
9.662099999999999855e-02
7.204510000000000081e-02
1.122450000000000010e-02
1.309420000000000028e-02
8.475649999999999504e-03
-5.054439999999999671e-04
-2.047699999999999868e-02
-3.096470000000000125e-02
-3.508340000000000070e-02
-2.177959999999999965e-02
4.514769999999999894e-02
5.642790000000000306e-02
1.810140000000000013e-02
-7.732669999999999821e-02
-7.830589999999999773e-02
1.043310000000000071e-02
4.952599999999999711e-03
3.327749999999999979e-03
-3.829330000000000234e-02
-6.821199999999999486e-02
-1.353790000000000028e-02
4.998520000000000220e-03
-1.393370000000000025e-02
-5.968779999999999919e-02
-5.867800000000000099e-02
-1.371439999999999985e-02
8.716190000000000179e-04
1.222119999999999977e-02
1.535649999999999949e-03
-1.553709999999999987e-02
-1.296869999999999967e-02
1.795759999999999978e-03
8.800109999999999877e-03
8.379929999999999844e-04
-8.758159999999999210e-03
1.992639999999999949e-03
1.421429999999999916e-02
2.431329999999999950e-02
3.687669999999999837e-02
1.803220000000000170e-02
-6.128569999999999851e-03
-1.472509999999999965e-02
-5.154960000000000531e-04
3.084239999999999898e-02
9.648820000000000660e-03
-4.931060000000000131e-03
1.180789999999999921e-03
2.314019999999999966e-03
-1.314610000000000084e-02
-4.852069999999999994e-02
-7.948489999999999722e-02
-8.637290000000000245e-02
-8.025599999999999401e-02
-8.058440000000000047e-02
-8.552120000000000555e-02
-6.127069999999999739e-02
-2.075319999999999943e-02
3.729299999999999976e-02
8.765240000000000531e-02
6.162299999999999722e-02
3.832519999999999677e-02
4.018769999999999981e-02
4.812029999999999780e-02
5.740540000000000226e-02
3.968590000000000312e-02
1.358409999999999999e-02
1.068750000000000039e-03
-2.285639999999999894e-02
-3.645500000000000129e-02
-2.982910000000000075e-02
-2.906509999999999996e-02
-3.215060000000000140e-02
-2.004320000000000060e-02
-1.053469999999999927e-02
-2.056540000000000104e-02
-3.139779999999999655e-02
-2.956069999999999878e-02
-2.732899999999999913e-02
-1.511239999999999979e-02
1.266630000000000013e-02
3.105279999999999846e-02
2.974009999999999848e-02
2.198299999999999907e-02
1.666470000000000104e-02
6.895160000000000004e-03
-3.215069999999999994e-03
1.307029999999999997e-02
4.313070000000000098e-02
4.640699999999999686e-02
5.089189999999999686e-02
5.939869999999999872e-02
6.208229999999999998e-02
5.076850000000000113e-02
4.300020000000000231e-02
4.326540000000000247e-02
3.858670000000000155e-02
1.970649999999999832e-02
7.528720000000000247e-04
-4.410360000000000322e-03
-3.231219999999999926e-03
-2.673920000000000116e-02
-7.651410000000000156e-02
-7.129480000000000539e-02
-5.696480000000000293e-02
-2.359239999999999948e-02
1.709849999999999912e-02
-3.820699999999999791e-03
-3.396880000000000038e-02
-2.504589999999999941e-02
-9.224619999999999348e-03
-1.333419999999999918e-02
-3.090470000000000023e-02
-3.267130000000000034e-02
4.025240000000000241e-03
1.073379999999999994e-02
-3.461229999999999862e-02
-5.529690000000000299e-02
-5.088229999999999836e-02
-3.501520000000000327e-02
-1.535060000000000070e-02
5.854189999999999568e-03
3.107980000000000118e-02
4.359219999999999762e-02
1.446919999999999977e-02
-4.388500000000000040e-02
-4.859949999999999687e-02
-2.821780000000000121e-02
-8.750060000000000476e-03
-2.022130000000000021e-03
5.352610000000000007e-02
6.190230000000000038e-02
2.255789999999999879e-02
2.104520000000000002e-02
2.116660000000000069e-02
1.761300000000000018e-02
1.238960000000000061e-02
1.791080000000000103e-02
4.986949999999999716e-02
6.104160000000000141e-02
5.601519999999999590e-03
-2.400700000000000056e-02
-1.858670000000000114e-02
4.341810000000000114e-02
6.261350000000000249e-02
3.525900000000000215e-03
-2.984749999999999903e-02
-3.523509999999999837e-02
-3.647849999999999704e-02
-2.185780000000000015e-02
-1.787870000000000084e-02
1.499789999999999977e-02
4.657309999999999922e-02
-3.377289999999999914e-04
-5.107149999999999884e-02
-4.522690000000000043e-02
1.205739999999999937e-02
5.602859999999999785e-02
4.319590000000000235e-02
1.414230000000000001e-02
8.236510000000000706e-03
1.079059999999999915e-02
2.407000000000000112e-02
2.723810000000000120e-02
1.736350000000000046e-02
1.109459999999999960e-02
1.804390000000000160e-02
3.256459999999999910e-02
4.014840000000000075e-02
8.068370000000000056e-03
-2.025899999999999923e-02
-2.260910000000000003e-02
-2.835990000000000039e-02
-4.417290000000000105e-02
-4.992159999999999653e-02
-1.061999999999999923e-02
2.989850000000000146e-02
4.273119999999999696e-02
2.171000000000000013e-02
7.776830000000000201e-03
5.758649999999999880e-02
6.197659999999999975e-02
-6.882550000000000300e-03
-3.622179999999999844e-02
-2.762519999999999906e-02
-1.427849999999999953e-02
-4.518109999999999661e-03
-7.678049999999999632e-03
-1.813410000000000022e-02
-1.908160000000000064e-02
-1.204560000000000006e-02
-2.671820000000000098e-03
5.350819999999999839e-04
-5.845000000000000369e-03
-2.605529999999999999e-02
-3.875220000000000053e-02
-2.383570000000000133e-02
-1.124889999999999918e-02
-1.023499999999999931e-02
-1.331129999999999987e-02
-1.007380000000000081e-02
6.355379999999999883e-03
2.152789999999999912e-02
2.775299999999999989e-02
-1.648749999999999868e-02
-5.489349999999999785e-02
-5.029329999999999912e-02
-3.939050000000000190e-02
-2.883550000000000002e-02
8.523040000000000824e-03
7.027390000000000025e-02
5.305529999999999968e-02
2.413620000000000002e-02
2.563059999999999991e-02
2.317649999999999919e-02
1.821419999999999983e-02
1.551630000000000023e-02
1.967790000000000164e-02
2.597640000000000018e-02
2.615390000000000076e-02
1.739730000000000096e-02
1.099580000000000002e-02
1.420169999999999939e-02
1.319700000000000040e-02
1.111020000000000106e-03
-8.875779999999999781e-03
-1.595660000000000134e-02
-2.060779999999999904e-02
-2.960930000000000159e-02
-3.941859999999999808e-02
-3.944199999999999789e-02
-3.047520000000000090e-02
-2.419810000000000016e-02
-2.763650000000000134e-02
-3.246410000000000268e-02
-2.146129999999999913e-02
-1.991559999999999858e-03
1.391640000000000064e-02
1.394190000000000013e-02
9.522270000000000430e-04
2.542430000000000037e-03
2.667769999999999864e-02
2.492130000000000040e-02
-8.114460000000000423e-03
-2.700589999999999935e-02
-3.966200000000000281e-02
-4.053820000000000340e-02
-2.980669999999999847e-02
-1.853259999999999977e-02
-1.522169999999999947e-02
-1.801029999999999992e-02
-1.372939999999999924e-02
-3.533440000000000105e-03
7.621300000000000123e-03
6.177010000000000139e-03
-2.967039999999999971e-05
-5.243469999999999858e-04
-2.736699999999999897e-03
-5.875219999999999575e-03
-1.132200000000000047e-02
-1.493180000000000028e-02
-8.792350000000000859e-03
7.661290000000000287e-03
2.894460000000000088e-02
3.424869999999999998e-02
2.638240000000000030e-02
2.346530000000000143e-02
2.094899999999999887e-02
1.306640000000000058e-02
4.942140000000000248e-03
2.840960000000000013e-03
8.325519999999999449e-03
1.740459999999999924e-02
1.343369999999999981e-02
-5.746320000000000074e-03
-1.266699999999999944e-02
-5.267899999999999840e-03
-3.282950000000000191e-03
5.675699999999999886e-04
7.321010000000000191e-03
1.901330000000000034e-02
9.957759999999999528e-03
-1.957319999999999893e-02
-2.416630000000000167e-02
9.545490000000000658e-05
3.058630000000000029e-02
3.375550000000000078e-02
1.266499999999999918e-02
-4.164990000000000359e-03
-6.678240000000000218e-03
2.894010000000000029e-04
3.724780000000000018e-03
2.677269999999999824e-03
8.428049999999999431e-03
1.463889999999999983e-02
1.754489999999999869e-02
1.671769999999999853e-02
1.252449999999999918e-02
4.093180000000000082e-03
-2.015579999999999889e-03
-6.297510000000000087e-03
-1.090479999999999922e-02
-1.572020000000000015e-02
-2.067329999999999862e-02
-3.083560000000000120e-02
-5.318780000000000036e-02
-4.323260000000000297e-02
-1.007749999999999965e-02
5.984760000000000080e-02
6.933469999999999911e-02
-4.222580000000000083e-03
-3.749190000000000161e-02
-1.997439999999999979e-02
3.642709999999999958e-03
3.239839999999999907e-03
-7.350780000000000118e-04
-2.972929999999999930e-03
-8.197350000000000816e-03
-2.213149999999999840e-02
-3.384619999999999990e-02
-3.665630000000000277e-02
-3.141039999999999804e-02
-2.120220000000000091e-02
-5.818560000000000398e-03
9.611009999999999692e-03
1.776290000000000160e-02
1.660210000000000158e-02
1.697850000000000054e-02
2.860559999999999839e-02
4.623830000000000301e-02
6.396899999999999809e-02
5.426879999999999898e-02
1.092899999999999948e-02
-7.120839999999999809e-03
-2.868429999999999938e-03
5.480289999999999641e-03
3.619840000000000037e-03
-1.318770000000000012e-02
-2.423940000000000122e-02
-1.431370000000000038e-02
1.986920000000000092e-03
9.220660000000000314e-04
-8.370110000000000050e-03
-1.211759999999999921e-02
-9.466560000000000599e-03
-1.042429999999999919e-02
-1.934210000000000096e-02
-2.850170000000000134e-02
-3.382809999999999984e-02
-2.907490000000000074e-02
-1.620660000000000156e-02
9.054790000000000061e-03
4.799429999999999669e-02
5.271490000000000203e-02
1.832670000000000132e-02
2.903269999999999896e-03
5.808259999999999985e-03
1.062369999999999981e-02
1.521370000000000014e-02
2.353589999999999849e-02
2.691730000000000164e-02
1.477720000000000075e-02
4.799630000000000042e-03
9.449839999999999282e-03
2.149200000000000069e-02
1.811070000000000041e-02
8.161659999999999401e-03
4.684510000000000236e-03
9.251070000000000126e-03
1.270890000000000040e-02
7.168289999999999905e-03
2.669910000000000057e-04
1.739899999999999954e-03
1.785820000000000029e-03
-4.956349999999999992e-03
-5.658080000000000227e-03
2.401980000000000174e-03
4.999950000000000401e-03
8.985560000000000075e-04
2.957629999999999938e-04
3.462890000000000152e-03
3.173239999999999915e-03
-8.321119999999999559e-03
-1.620979999999999990e-02
-1.518360000000000022e-02
-9.436919999999999684e-03
-1.452329999999999940e-03
1.478160000000000064e-03
-3.435160000000000036e-03
-9.026769999999999933e-03
-6.021819999999999777e-03
1.915840000000000034e-03
6.636429999999999586e-03
3.306149999999999888e-03
-2.411819999999999890e-05
-4.718720000000000249e-04
1.819080000000000046e-03
7.758560000000000283e-03
1.261169999999999999e-02
1.022799999999999924e-02
4.100920000000000086e-03
-2.961529999999999978e-03
-8.426660000000000747e-03
-2.981880000000000121e-03
7.032509999999999629e-03
1.697960000000000094e-02
1.926030000000000103e-02
1.182249999999999968e-02
2.712920000000000175e-03
-6.655760000000000148e-03
-1.437100000000000009e-02
-1.375179999999999979e-02
-5.472480000000000053e-03
-2.082989999999999842e-03
-1.047350000000000017e-02
-1.565609999999999918e-02
-1.141999999999999960e-02
-5.921140000000000084e-03
-7.554139999999999987e-03
-1.523369999999999932e-02
-1.484399999999999956e-02
-8.443499999999999617e-03
-8.136449999999999932e-03
-1.602819999999999939e-02
-2.211650000000000074e-02
-2.274280000000000052e-02
-2.129429999999999865e-02
-2.000299999999999995e-02
-1.873210000000000153e-02
-1.462749999999999988e-02
-8.627869999999999290e-03
-4.019489999999999695e-03
-4.721219999999999931e-03
-9.525389999999999899e-03
-1.454480000000000009e-02
-1.516190000000000072e-02
-9.808870000000000783e-03
-7.992229999999999474e-03
-1.326249999999999998e-02
-1.563499999999999959e-02
-8.828549999999999245e-03
9.624609999999999589e-04
1.197649999999999930e-02
1.353299999999999989e-02
7.575210000000000407e-04
-1.365300000000000021e-02
-1.745659999999999920e-02
-8.803880000000000039e-03
-1.328270000000000102e-03
-1.052849999999999923e-03
-1.139970000000000046e-02
-1.590499999999999900e-02
-8.047920000000000074e-03
3.004820000000000060e-03
7.939609999999999723e-03
7.032860000000000153e-03
8.047779999999999170e-03
9.197349999999999970e-03
9.460539999999999922e-03
4.053539999999999574e-03
-5.027489999999999910e-03
-1.138609999999999969e-02
-8.368959999999999941e-03
-1.721590000000000056e-03
2.959969999999999919e-04
9.682039999999999614e-04
5.064550000000000128e-03
8.690679999999999239e-03
9.027300000000000255e-03
6.922049999999999904e-03
5.810280000000000132e-03
7.878859999999999683e-03
7.974770000000000816e-03
4.731199999999999642e-03
7.137400000000000341e-03
1.571360000000000118e-02
2.431530000000000150e-02
2.127259999999999915e-02
5.528970000000000239e-03
-1.037989999999999920e-02
-1.344200000000000082e-02
-7.474930000000000289e-03
-2.818639999999999969e-04
6.045219999999999587e-03
7.242730000000000175e-03
4.651960000000000123e-03
1.367579999999999968e-03
2.496749999999999838e-03
6.152460000000000220e-03
1.127590000000000016e-02
1.464610000000000044e-02
1.538460000000000001e-02
1.575179999999999983e-02
1.207779999999999965e-02
8.810729999999999257e-03
1.358739999999999948e-02
1.920149999999999982e-02
1.591309999999999947e-02
6.892220000000000117e-03
6.310849999999999793e-03
1.376810000000000013e-02
1.821630000000000124e-02
2.314599999999999991e-02
3.242699999999999749e-02
3.368270000000000292e-02
2.335620000000000057e-02
1.205570000000000079e-02
7.032199999999999736e-03
4.954479999999999822e-03
2.688069999999999869e-03
-1.760649999999999889e-04
-3.247260000000000077e-03
-2.960609999999999804e-03
1.462130000000000070e-03
6.038899999999999824e-03
4.445690000000000405e-03
8.012520000000000189e-04
-3.783620000000000125e-03
-1.081750000000000073e-02
-1.562370000000000078e-02
-1.768410000000000121e-02
-1.539620000000000051e-02
-1.516460000000000030e-02
-1.668750000000000094e-02
-1.128350000000000013e-02
-1.755650000000000092e-03
5.170169999999999974e-03
5.729159999999999635e-03
3.965599999999999681e-03
4.524590000000000209e-03
3.564799999999999913e-03
6.160020000000000426e-04
-3.385430000000000036e-03
-7.965210000000000345e-03
-1.157389999999999981e-02
-8.221179999999999807e-03
-7.221099999999999828e-04
6.059560000000000510e-04
-2.925259999999999840e-03
-9.321520000000000023e-04
7.001430000000000327e-03
5.615280000000000271e-03
-4.700979999999999569e-03
-1.281200000000000047e-02
-1.160120000000000075e-02
-1.314040000000000000e-02
-2.001620000000000135e-02
-2.564040000000000069e-02
-2.787830000000000169e-02
-2.489480000000000165e-02
-2.300160000000000052e-02
-2.477640000000000051e-02
-2.432650000000000090e-02
-2.135220000000000173e-02
-2.191519999999999926e-02
-1.906120000000000037e-02
-1.173150000000000061e-02
-2.095510000000000081e-03
6.998830000000000155e-03
1.113289999999999939e-02
6.019680000000000343e-03
-4.688249999999999709e-03
-8.393889999999999338e-03
-4.562740000000000025e-03
-1.783220000000000074e-03
-1.776049999999999938e-03
-1.919850000000000072e-03
-6.295229999999999966e-04
6.424420000000000130e-04
-2.327769999999999839e-03
-8.101970000000000005e-03
-9.913460000000000674e-03
-5.882400000000000302e-03
1.467750000000000088e-03
1.009089999999999987e-02
1.367009999999999927e-02
1.322740000000000027e-02
9.429969999999999325e-03
3.097830000000000202e-03
-3.510730000000000101e-03
-5.969920000000000088e-03
-2.741599999999999853e-03
-2.180570000000000164e-03
-3.852330000000000164e-03
-4.975320000000000090e-03
3.440019999999999905e-04
4.514810000000000177e-03
3.329589999999999893e-03
4.340440000000000097e-03
1.316349999999999985e-02
2.413150000000000017e-02
2.732319999999999888e-02
2.142149999999999957e-02
1.754040000000000113e-02
2.194580000000000142e-02
2.028829999999999870e-02
1.150100000000000081e-02
2.391429999999999945e-03
-2.648360000000000210e-03
-4.225259999999999780e-03
-5.347229999999999692e-03
-5.668509999999999868e-03
-3.933469999999999675e-03
1.835679999999999907e-03
6.998940000000000369e-03
9.028770000000000198e-03
7.012250000000000254e-03
1.046290000000000067e-03
2.071420000000000032e-03
5.518020000000000216e-03
3.044550000000000034e-03
1.286089999999999933e-03
5.416090000000000140e-03
1.116789999999999970e-02
1.401269999999999946e-02
1.280610000000000082e-02
9.685910000000000700e-03
6.191409999999999622e-03
2.672429999999999944e-03
-5.094290000000000314e-05
-3.008919999999999997e-03
-1.106599999999999901e-03
1.569910000000000099e-03
6.185429999999999574e-03
1.197289999999999986e-02
8.613080000000000389e-03
3.653860000000000094e-03
4.804440000000000099e-03
5.320590000000000042e-03
-2.353300000000000118e-04
-6.776569999999999989e-03
-7.078459999999999960e-03
-6.142080000000000282e-03
-9.468280000000000793e-03
-1.631250000000000061e-02
-1.962339999999999918e-02
-1.568610000000000143e-02
-8.718490000000000614e-03
-8.841879999999999878e-03
-1.599609999999999921e-02
-1.827169999999999836e-02
-1.335330000000000024e-02
-5.364609999999999691e-03
-4.209949999999999630e-03
-8.798910000000000065e-03
-1.135090000000000057e-02
-9.037540000000000157e-03
-3.319400000000000128e-03
4.913409999999999566e-04
2.404879999999999865e-03
1.526690000000000035e-03
-9.284319999999999769e-04
-1.691369999999999983e-03
-3.092470000000000158e-04
1.158560000000000102e-03
2.976969999999999790e-04
-4.489210000000000205e-04
-4.221879999999999904e-03
-4.516639999999999718e-03
-7.507749999999999667e-04
-2.927730000000000241e-04
-2.070610000000000072e-03
-1.583030000000000027e-03
-6.425680000000000454e-04
6.967139999999999705e-04
3.529280000000000091e-03
4.804300000000000063e-03
1.699439999999999978e-03
-3.312820000000000174e-03
-3.741200000000000081e-03
-2.272380000000000060e-03
-2.948609999999999946e-03
-3.304570000000000164e-03
-1.038110000000000074e-03
5.316509999999999986e-03
6.082549999999999936e-03
4.083370000000000229e-03
5.382869999999999669e-03
3.367380000000000113e-03
1.254979999999999941e-03
3.671380000000000129e-03
7.290360000000000069e-03
8.028860000000000510e-03
9.306939999999999658e-03
1.334620000000000077e-02
1.801569999999999908e-02
1.592680000000000137e-02
1.093290000000000060e-02
9.959839999999999319e-03
1.271180000000000053e-02
1.372669999999999967e-02
1.103290000000000000e-02
9.817130000000000301e-03
1.048930000000000001e-02
8.644169999999999632e-03
3.553370000000000140e-03
-1.249789999999999972e-03
-3.068430000000000029e-03
-1.633270000000000034e-03
-3.905810000000000011e-03
-7.410510000000000361e-03
-7.646110000000000233e-03
-6.080389999999999753e-03
-5.923290000000000326e-03
-8.680329999999999990e-03
-7.995890000000000289e-03
-6.841230000000000228e-03
-8.983210000000000153e-03
-1.230329999999999965e-02
-1.332020000000000079e-02
-1.067839999999999935e-02
-6.212810000000000034e-03
-5.259090000000000119e-03
-5.014270000000000359e-03
-1.550329999999999937e-03
3.209009999999999987e-03
1.966669999999999790e-03
-2.600869999999999918e-03
-3.515789999999999974e-03
-3.827890000000000025e-03
-4.075729999999999631e-03
-6.194260000000000044e-03
-6.469639999999999593e-03
-7.254000000000000031e-03
-1.041189999999999997e-02
-1.155630000000000025e-02
-1.086370000000000044e-02
-8.551359999999999170e-03
-6.316519999999999947e-03
-8.631899999999999643e-03
-1.123590000000000005e-02
-1.094419999999999941e-02
-7.489449999999999927e-03
-6.115490000000000335e-03
-5.965530000000000138e-03
-2.815750000000000110e-03
-1.380589999999999899e-03
-3.026850000000000200e-03
-6.329600000000000330e-03
-6.907919999999999686e-03
-9.288579999999999406e-03
-1.236489999999999985e-02
-9.675120000000000595e-03
-2.595280000000000156e-03
4.406020000000000075e-03
1.017720000000000083e-02
1.242940000000000017e-02
1.166030000000000018e-02
1.110539999999999965e-02
1.208979999999999951e-02
1.108609999999999977e-02
7.027539999999999655e-03
7.663020000000000422e-03
1.466639999999999958e-02
2.253060000000000132e-02
2.697060000000000082e-02
2.562319999999999875e-02
2.123929999999999915e-02
1.887499999999999942e-02
1.400750000000000085e-02
8.999359999999999651e-03
5.909799999999999776e-03
4.363490000000000250e-03
7.424530000000000365e-03
1.052739999999999926e-02
1.482570000000000068e-02
1.695440000000000141e-02
1.461660000000000043e-02
9.532960000000000045e-03
5.428490000000000225e-03
3.179410000000000135e-03
5.967869999999999902e-04
-3.002780000000000032e-03
-4.940759999999999770e-03
-2.627379999999999906e-03
1.860630000000000053e-03
2.112590000000000127e-03
-1.258489999999999913e-03
-2.548780000000000056e-03
-1.493060000000000047e-03
-2.084640000000000017e-03
-4.123609999999999776e-03
-2.059109999999999847e-03
1.685330000000000075e-03
1.592520000000000047e-03
-1.108629999999999989e-04
4.399590000000000098e-03
7.394330000000000173e-03
2.993040000000000197e-03
-1.873359999999999912e-03
6.093370000000000513e-04
7.965589999999999823e-03
1.076449999999999976e-02
4.931119999999999774e-03
3.543999999999999950e-04
-3.828470000000000294e-05
5.455079999999999955e-05
-5.686540000000000344e-04
-3.786739999999999811e-03
-7.563779999999999983e-03
-9.079490000000000824e-03
-9.939329999999999693e-03
-1.007699999999999915e-02
-8.497019999999999226e-03
-8.137969999999999579e-03
-9.291570000000000731e-03
-9.475159999999999832e-03
-8.583659999999999901e-03
-1.136419999999999965e-02
-1.498820000000000013e-02
-1.649269999999999903e-02
-1.276659999999999948e-02
-6.266149999999999845e-03
-3.590669999999999799e-03
-3.130640000000000072e-03
-5.999879999999999970e-03
-8.013350000000000681e-03
-8.199990000000000751e-03
-9.398480000000000723e-03
-8.612049999999999567e-03
-7.150369999999999643e-03
-3.575259999999999810e-03
1.403380000000000079e-03
2.791609999999999925e-03
4.437899999999999831e-03
4.147220000000000073e-03
3.212110000000000117e-04
-4.304480000000000285e-03
-6.531119999999999634e-03
-4.373809999999999677e-03
-3.386430000000000169e-03
-4.361539999999999688e-03
-1.007770000000000063e-03
5.225470000000000288e-03
5.212220000000000047e-03
-1.649309999999999969e-03
-7.963090000000000793e-03
-6.445320000000000042e-03
-2.992610000000000148e-03
-5.953649999999999567e-03
-1.133619999999999940e-02
-1.154829999999999919e-02
-8.560730000000000769e-03
-6.243280000000000357e-03
-4.813229999999999939e-03
-2.965989999999999946e-03
-4.343430000000000121e-04
1.542430000000000016e-03
8.437429999999999887e-04
-5.893450000000000164e-04
3.431510000000000029e-03
8.891579999999999623e-03
9.754509999999999223e-03
3.962959999999999747e-03
-3.267799999999999958e-03
-6.938770000000000354e-03
-8.078099999999999517e-03
-7.522189999999999779e-03
-6.353250000000000390e-03
-4.703899999999999575e-03
1.654789999999999950e-03
8.226660000000000222e-03
9.820930000000000284e-03
1.047269999999999972e-02
1.101129999999999991e-02
8.900929999999999606e-03
4.909679999999999600e-03
5.558409999999999740e-03
6.516199999999999770e-03
3.478660000000000172e-03
6.236870000000000478e-04
8.113779999999999690e-04
2.039469999999999825e-03
5.676210000000000326e-04
6.818720000000000336e-04
3.610299999999999881e-03
3.884690000000000105e-03
1.657019999999999934e-03
4.727239999999999741e-03
9.883350000000000815e-03
8.828680000000000208e-03
4.546729999999999695e-03
4.975140000000000291e-03
9.328509999999999927e-03
9.042919999999999431e-03
4.879289999999999669e-03
3.605319999999999966e-03
6.704090000000000223e-03
5.501520000000000195e-03
-3.145080000000000185e-04
-2.867559999999999901e-03
-3.473430000000000007e-03
-1.195759999999999922e-03
2.812129999999999925e-04
2.608229999999999793e-04
5.454130000000000176e-04
-1.088619999999999996e-03
-1.052910000000000000e-03
-3.430519999999999837e-03
-6.844450000000000187e-03
-7.168800000000000346e-03
-5.638790000000000295e-03
-2.346219999999999990e-03
-9.998089999999999408e-04
-3.295820000000000086e-03
-3.294790000000000132e-03
-3.641580000000000164e-03
-6.416990000000000020e-03
-7.730739999999999834e-03
-5.281710000000000224e-03
2.131660000000000065e-03
8.179240000000000815e-03
6.017869999999999817e-03
-1.641300000000000051e-03
-3.321230000000000102e-03
1.476859999999999978e-03
3.862650000000000024e-03
-9.303230000000000440e-04
-3.653710000000000117e-03
2.373469999999999920e-03
8.477159999999999210e-03
6.934929999999999740e-03
3.098720000000000120e-03
4.640970000000000338e-03
5.212180000000000285e-03
2.242420000000000123e-05
-4.153450000000000371e-03
-2.988600000000000111e-03
2.871310000000000182e-03
4.377859999999999911e-03
2.523500000000000135e-03
3.050849999999999916e-03
3.728140000000000013e-03
2.960089999999999857e-03
1.802390000000000068e-03
2.071230000000000022e-04
-2.958950000000000122e-03
-4.531780000000000010e-03
-4.911219999999999995e-03
-6.265770000000000367e-03
-7.097059999999999653e-03
-6.551350000000000055e-03
-2.426470000000000016e-03
1.257780000000000009e-03
1.084389999999999963e-03
-3.752250000000000268e-04
-5.771780000000000226e-04
1.869809999999999962e-03
1.551959999999999961e-04
-3.437239999999999827e-03
-6.981730000000000227e-03
-7.827300000000000577e-03
-6.452339999999999985e-03
-4.460269999999999686e-03
-3.229119999999999820e-03
-3.216880000000000087e-03
-5.281520000000000485e-04
2.791950000000000074e-03
3.577359999999999915e-03
4.837069999999999955e-04
-2.481430000000000181e-03
-4.332609999999999977e-04
5.826650000000000058e-04
-6.617290000000000064e-04
-6.706320000000000532e-05
2.487019999999999943e-03
5.456250000000000162e-03
2.019869999999999999e-03
-3.335120000000000012e-03
-3.018920000000000024e-03
-8.538940000000000614e-05
2.753279999999999877e-03
4.730039999999999592e-03
6.579309999999999672e-03
8.472429999999999545e-03
7.533019999999999647e-03
4.371019999999999767e-03
2.716470000000000234e-04
-1.947869999999999983e-03
-1.445000000000000104e-03
-4.657769999999999960e-05
1.125410000000000082e-03
2.291270000000000199e-03
4.625660000000000026e-05
-2.529239999999999874e-03
6.858059999999999590e-04
6.978189999999999567e-03
8.400070000000000800e-03
8.379680000000000462e-03
1.066349999999999937e-02
1.107960000000000021e-02
7.678950000000000359e-03
5.473719999999999627e-03
5.323780000000000179e-03
2.509599999999999852e-03
1.868029999999999908e-03
4.752590000000000113e-03
6.803820000000000354e-03
4.647540000000000351e-03
4.435380000000000052e-03
5.351350000000000377e-03
3.473529999999999847e-03
2.685069999999999905e-03
3.023580000000000213e-04
-7.197819999999999468e-05
2.796270000000000006e-03
4.894410000000000080e-03
4.886249999999999968e-03
1.726289999999999899e-03
-6.747819999999999643e-04
-8.206389999999999605e-04
-1.261280000000000040e-03
-1.798810000000000079e-03
-3.499149999999999917e-03
-5.265790000000000227e-03
-5.516700000000000249e-03
-3.078899999999999866e-03
5.778009999999999657e-04
2.366880000000000026e-03
2.042529999999999867e-03
-2.116710000000000000e-04
-3.506270000000000133e-03
-6.653990000000000252e-03
-7.905519999999999214e-03
-8.465500000000000802e-03
-9.717039999999999705e-03
-1.072990000000000055e-02
-1.117459999999999981e-02
-1.114200000000000086e-02
-1.036879999999999920e-02
-9.739470000000000072e-03
-7.496489999999999751e-03
-4.894459999999999783e-03
-6.011360000000000314e-03
-9.278420000000000764e-03
-1.234449999999999957e-02
-1.354200000000000022e-02
-1.042180000000000016e-02
-8.755159999999999679e-03
-8.215570000000000164e-03
-8.118669999999999706e-03
-8.052369999999999667e-03
-6.566230000000000157e-03
-6.441790000000000189e-03
-7.601529999999999572e-03
-9.168249999999999317e-03
-8.253309999999999813e-03
-6.637620000000000325e-03
-5.296330000000000135e-03
-4.824059999999999807e-03
-2.387279999999999871e-03
-3.718379999999999862e-03
-6.567240000000000230e-03
-7.648440000000000273e-03
-8.141100000000000073e-03
-4.720020000000000118e-03
-2.331179999999999971e-03
-3.181859999999999897e-03
-2.289359999999999833e-03
-6.797990000000000282e-04
-3.411590000000000043e-04
-1.289990000000000028e-04
1.107240000000000004e-03
3.790860000000000063e-03
5.842080000000000363e-03
5.441220000000000084e-03
1.708019999999999981e-03
1.405079999999999957e-03
6.829199999999999464e-04
-9.296999999999999926e-04
-2.139419999999999950e-03
-3.965220000000000203e-03
-4.082520000000000072e-03
-3.945839999999999938e-03
-3.773460000000000182e-03
-2.096579999999999798e-03
2.701489999999999968e-03
8.054449999999999457e-03
9.451849999999999488e-03
8.996930000000000205e-03
1.140000000000000041e-02
1.198759999999999930e-02
9.064249999999999391e-03
7.723970000000000141e-03
9.939409999999999218e-03
1.161730000000000054e-02
1.175909999999999976e-02
1.144900000000000084e-02
1.136129999999999952e-02
1.144489999999999917e-02
9.822100000000000275e-03
1.122970000000000045e-02
1.073299999999999949e-02
1.059930000000000073e-02
1.168560000000000085e-02
1.038210000000000001e-02
9.541590000000000835e-03
1.094000000000000007e-02
1.196200000000000041e-02
9.848600000000000756e-03
8.741900000000000365e-03
1.036680000000000067e-02
1.138669999999999960e-02
9.841449999999999851e-03
9.766989999999999700e-03
1.162140000000000048e-02
1.063399999999999936e-02
6.471359999999999786e-03
3.629639999999999950e-03
1.826280000000000004e-03
-2.208660000000000094e-04
-4.921889999999999729e-04
-1.256170000000000030e-03
-1.370410000000000074e-03
-6.349969999999999920e-04
5.155599999999999766e-04
-1.113379999999999969e-03
-4.657889999999999600e-03
-4.785389999999999609e-03
-3.236010000000000102e-03
2.921639999999999762e-04
1.429460000000000019e-03
2.369899999999999871e-03
3.704049999999999964e-03
2.513710000000000163e-03
3.992469999999999808e-04
-7.094970000000000139e-04
-1.647900000000000103e-03
-1.088940000000000047e-03
-5.197879999999999775e-04
6.568799999999999856e-05
3.839240000000000057e-04
1.752759999999999908e-03
4.039599999999999962e-03
3.845789999999999972e-03
2.231130000000000006e-03
3.278040000000000077e-04
-1.946800000000000050e-03
-4.603910000000000120e-03
-6.822410000000000106e-03
-5.355649999999999994e-03
-2.566979999999999956e-03
-1.575540000000000057e-03
-2.283429999999999922e-03
-4.617190000000000183e-03
-5.648420000000000350e-03
-5.698400000000000167e-03
-4.823250000000000280e-03
-3.149429999999999938e-03
9.377050000000000489e-04
4.137440000000000041e-03
3.822260000000000067e-03
1.868950000000000082e-03
2.133120000000000068e-03
1.569059999999999943e-03
-3.903660000000000094e-04
-2.022369999999999897e-03
-1.920379999999999960e-03
-2.331440000000000162e-03
-5.448569999999999802e-03
-6.791909999999999961e-03
-7.414119999999999738e-03
-7.177479999999999971e-03
-6.915349999999999796e-03
-8.365799999999999625e-03
-1.127990000000000069e-02
-1.271100000000000008e-02
-1.136969999999999995e-02
-9.081860000000000627e-03
-5.985139999999999905e-03
-3.590190000000000048e-03
-5.129380000000000224e-03
-7.025560000000000138e-03
-7.432549999999999574e-03
-8.811589999999999354e-03
-8.910539999999999780e-03
-6.930730000000000397e-03
-4.184890000000000138e-03
-2.018419999999999936e-03
5.091330000000000465e-04
8.875470000000000321e-04
6.876200000000000064e-04
1.041739999999999957e-04
4.591269999999999835e-04
6.376199999999999837e-04
1.418939999999999937e-04
-8.444530000000000005e-04
-1.749200000000000017e-03
-1.048469999999999914e-03
-1.472790000000000080e-03
-1.981779999999999826e-03
-6.455879999999999995e-04
9.568250000000000149e-04
1.284240000000000078e-03
1.123070000000000101e-03
1.855419999999999986e-03
2.248120000000000153e-03
2.366679999999999912e-04
-2.030800000000000140e-03
-2.208289999999999906e-03
-1.575889999999999930e-03
-1.589160000000000052e-03
-1.794189999999999978e-03
-2.005339999999999987e-03
-2.015540000000000127e-03
-3.784229999999999972e-03
-5.509059999999999652e-03
-6.067010000000000285e-03
-6.292439999999999839e-03
-7.352219999999999589e-03
-8.283489999999999256e-03
-8.096839999999999246e-03
-7.804110000000000387e-03
-5.577460000000000230e-03
-2.989719999999999964e-03
-2.281850000000000198e-03
-2.102339999999999851e-03
-2.884690000000000084e-03
-4.722739999999999577e-03
-5.125649999999999824e-03
-5.378609999999999815e-03
-3.465100000000000038e-03
-8.279189999999999586e-05
1.202399999999999953e-03
-9.504929999999999813e-05
-1.745419999999999914e-03
-1.674029999999999963e-03
-4.877759999999999865e-04
-1.343559999999999937e-03
-4.093489999999999976e-03
-3.933360000000000328e-03
-3.491709999999999866e-03
-5.592920000000000356e-03
-5.063549999999999995e-03
-1.871980000000000085e-03
-3.052679999999999782e-04
2.286540000000000100e-03
5.094590000000000403e-03
6.054399999999999712e-03
5.906490000000000351e-03
3.916470000000000021e-03
2.318119999999999903e-03
3.104529999999999876e-03
3.128999999999999837e-03
2.512910000000000144e-03
2.858680000000000162e-03
4.309109999999999677e-03
5.328079999999999795e-03
5.043490000000000299e-03
5.654460000000000042e-03
5.837029999999999996e-03
5.532040000000000221e-03
5.010810000000000090e-03
6.126679999999999800e-03
7.777029999999999881e-03
8.094240000000000809e-03
9.142789999999999598e-03
1.025659999999999940e-02
7.824930000000000774e-03
4.910780000000000006e-03
4.432389999999999594e-03
4.707779999999999951e-03
5.111690000000000331e-03
6.288760000000000010e-03
7.040489999999999943e-03
7.622890000000000221e-03
8.038019999999999887e-03
6.867050000000000411e-03
4.432300000000000129e-03
3.862110000000000196e-03
4.855579999999999966e-03
6.398830000000000316e-03
7.601400000000000344e-03
7.124029999999999946e-03
6.233559999999999969e-03
6.432450000000000147e-03
6.838389999999999747e-03
5.633759999999999810e-03
6.969949999999999930e-03
6.976060000000000073e-03
4.677989999999999926e-03
4.303640000000000070e-03
5.567410000000000067e-03
7.612500000000000343e-03
6.547609999999999715e-03
7.489049999999999700e-03
9.036380000000000107e-03
8.371329999999999744e-03
7.686899999999999983e-03
7.351309999999999789e-03
6.035500000000000066e-03
2.868390000000000176e-03
1.787170000000000035e-03
2.133959999999999850e-03
2.173730000000000020e-03
1.915660000000000019e-03
1.159829999999999932e-03
-3.793649999999999974e-04
1.195499999999999948e-03
1.600429999999999908e-03
9.272189999999999599e-04
1.539210000000000057e-03
1.767679999999999989e-03
1.594259999999999905e-03
-1.162810000000000015e-03
-2.401100000000000196e-03
-1.852350000000000003e-03
-1.646330000000000102e-03
-1.064939999999999897e-03
-1.227130000000000104e-03
-2.320580000000000039e-03
-3.824080000000000101e-03
-4.028089999999999796e-03
-3.847559999999999869e-03
-5.785570000000000296e-03
-6.682170000000000297e-03
-5.243979999999999649e-03
-4.208690000000000174e-03
-5.850900000000000024e-03
-6.885200000000000174e-03
-7.469670000000000303e-03
-9.146559999999999760e-03
-1.092540000000000004e-02
-1.337960000000000017e-02
-1.527479999999999984e-02
-1.423130000000000055e-02
-1.139669999999999919e-02
-9.025260000000000227e-03
-8.414289999999999617e-03
-9.238460000000000422e-03
-1.053179999999999915e-02
-1.248009999999999918e-02
-1.331339999999999954e-02
-1.371020000000000051e-02
-1.440589999999999926e-02
-1.402950000000000030e-02
-1.189259999999999970e-02
-9.234489999999999713e-03
-8.056400000000000020e-03
-6.939520000000000237e-03
-5.405450000000000012e-03
-3.563339999999999910e-03
-1.271420000000000102e-03
-1.288770000000000063e-03
-1.007260000000000056e-03
-1.633560000000000047e-03
-1.601949999999999989e-03
-2.504670000000000073e-03
-3.162579999999999905e-03
-1.738670000000000103e-03
-1.038969999999999954e-03
2.237790000000000135e-04
9.377660000000000336e-04
2.326990000000000135e-03
3.014460000000000056e-03
2.882860000000000110e-03
1.670070000000000061e-03
1.529299999999999930e-03
2.572740000000000010e-03
3.296929999999999999e-03
4.043549999999999922e-03
7.597220000000000015e-03
9.764709999999999362e-03
8.649830000000000713e-03
7.755279999999999813e-03
8.690599999999999714e-03
1.004309999999999925e-02
8.816030000000000741e-03
5.903920000000000001e-03
6.132389999999999716e-03
7.565470000000000354e-03
7.185000000000000414e-03
6.523000000000000152e-03
4.995030000000000130e-03
4.312629999999999589e-03
2.653079999999999935e-03
1.766690000000000014e-03
2.119590000000000189e-03
2.559200000000000190e-03
2.352120000000000079e-03
1.472870000000000039e-03
1.936950000000000000e-03
1.372879999999999934e-03
1.642140000000000049e-03
2.903869999999999802e-03
4.555230000000000390e-03
4.719440000000000093e-03
2.131679999999999946e-03
-2.449309999999999899e-04
-6.876259999999999924e-04
-1.010980000000000082e-03
-6.499159999999999486e-04
8.127489999999999801e-04
4.934740000000000393e-04
-7.081010000000000429e-04
-1.509839999999999923e-03
-2.925609999999999929e-03
-2.135129999999999841e-03
-1.226319999999999927e-03
-1.797540000000000032e-03
-1.147809999999999976e-03
-1.479330000000000055e-03
-2.641119999999999839e-03
-2.998139999999999833e-03
-3.690730000000000139e-03
-3.619349999999999911e-03
-2.900259999999999991e-03
-3.543900000000000002e-03
-3.310330000000000217e-03
-3.449069999999999827e-03
-3.288940000000000179e-03
-1.759979999999999965e-03
-9.052350000000000023e-04
-2.836110000000000193e-03
-3.893859999999999856e-03
-4.315140000000000295e-03
-3.840860000000000194e-03
-3.836790000000000079e-03
-4.146890000000000298e-03
-3.610379999999999839e-03
-2.236460000000000010e-03
-1.082850000000000002e-03
2.237499999999999906e-04
2.632970000000000102e-03
2.781880000000000030e-03
2.063779999999999868e-03
2.100489999999999996e-03
2.216749999999999970e-03
1.274259999999999933e-03
1.224260000000000018e-03
1.229339999999999990e-03
1.240549999999999986e-03
7.213529999999999899e-04
2.395159999999999911e-03
1.922880000000000075e-03
1.284350000000000075e-03
2.853089999999999966e-03
3.598689999999999875e-03
3.133560000000000078e-03
7.549020000000000036e-04
-1.317749999999999911e-03
-1.925690000000000084e-03
-1.523830000000000106e-03
-1.764219999999999992e-04
1.205660000000000108e-03
-3.804540000000000135e-04
-2.621500000000000024e-04
1.165830000000000078e-03
2.112380000000000074e-03
3.400620000000000032e-03
4.351250000000000083e-03
6.312690000000000141e-03
6.178030000000000153e-03
7.638660000000000241e-03
7.979319999999999816e-03
6.712459999999999954e-03
7.928289999999999296e-03
6.750169999999999781e-03
6.908260000000000269e-03
6.231979999999999811e-03
3.384120000000000010e-03
2.184590000000000143e-03
3.023010000000000020e-03
4.769240000000000111e-03
2.927100000000000188e-03
9.686830000000000223e-04
5.555659999999999592e-04
4.147900000000000046e-04
1.036739999999999971e-04
3.525369999999999893e-04
-2.380589999999999920e-04
-1.474320000000000101e-03
-1.620190000000000085e-03
-2.471909999999999906e-03
-3.094120000000000117e-03
-3.140040000000000192e-03
-3.058459999999999825e-03
-1.623330000000000085e-03
-4.031009999999999883e-05
-4.626510000000000365e-06
1.046980000000000089e-03
-2.403939999999999891e-05
-2.740320000000000082e-03
-2.922909999999999918e-03
-3.237090000000000193e-03
-4.211200000000000013e-03
-4.952759999999999628e-03
-5.012960000000000332e-03
-3.544180000000000073e-03
-2.897509999999999843e-03
-5.138470000000000017e-03
-6.054440000000000342e-03
-5.308840000000000434e-03
-4.604040000000000216e-03
-5.328249999999999653e-03
-4.365390000000000242e-03
-2.605909999999999910e-03
-3.255660000000000064e-03
-4.881560000000000066e-03
-4.888720000000000045e-03
-4.424629999999999709e-03
-5.901609999999999842e-03
-6.351449999999999804e-03
-6.710500000000000319e-03
-4.794960000000000021e-03
-4.580779999999999574e-03
-3.810689999999999824e-03
-3.497570000000000193e-03
-2.632629999999999953e-03
-2.023699999999999805e-03
-2.662240000000000179e-03
-2.312400000000000046e-03
-3.303850000000000103e-03
-1.291409999999999997e-03
-1.330189999999999975e-03
-2.609279999999999846e-03
-3.165199999999999958e-03
-3.151960000000000092e-03
-2.394110000000000075e-03
-2.487969999999999939e-03
-1.922909999999999897e-03
2.680380000000000111e-04
2.251920000000000137e-03
9.034649999999999972e-04
1.643970000000000023e-03
3.961390000000000397e-03
6.472620000000000109e-03
7.792480000000000066e-03
4.749800000000000202e-03
1.457219999999999956e-03
-2.049549999999999809e-03
-1.839450000000000069e-03
-2.146050000000000095e-04
-4.808410000000000266e-04
6.544020000000000002e-04
2.432240000000000010e-03
2.996289999999999978e-03
4.045850000000000141e-03
2.856519999999999979e-03
2.111899999999999888e-03
1.785480000000000097e-03
1.846669999999999909e-03
3.462330000000000008e-03
4.199770000000000239e-03
4.521060000000000356e-03
5.196280000000000170e-03
5.886800000000000192e-03
4.924930000000000106e-03
5.947970000000000340e-03
7.482029999999999757e-03
7.615639999999999910e-03
6.878160000000000350e-03
7.370800000000000268e-03
7.825709999999999611e-03
7.162690000000000203e-03
5.383790000000000277e-03
5.041059999999999985e-03
2.452279999999999825e-03
-2.633490000000000090e-05
-2.447829999999999798e-03
-1.492110000000000051e-03
-7.434440000000000059e-04
4.601389999999999799e-04
1.859559999999999902e-03
1.704510000000000009e-03
7.303900000000000323e-04
-1.024029999999999992e-03
-1.345339999999999991e-03
-2.375560000000000085e-03
-1.210729999999999923e-03
-8.058120000000000430e-04
1.186229999999999923e-03
2.169499999999999987e-03
1.977720000000000086e-03
1.127020000000000062e-03
-3.234329999999999779e-04
7.261299999999999612e-04
-1.592460000000000132e-04
-1.095620000000000057e-03
-6.753980000000000140e-04
-1.164539999999999933e-04
-7.050109999999999624e-04
-2.199330000000000208e-03
-5.367430000000000074e-04
-1.145930000000000055e-05
-9.080549999999999516e-04
-8.846120000000000068e-04
7.213230000000000054e-05
9.972559999999999671e-04
1.514380000000000066e-03
1.009460000000000001e-03
9.931280000000000229e-04
1.380710000000000054e-03
1.244019999999999978e-03
3.139160000000000214e-03
2.276219999999999806e-03
2.633209999999999978e-03
3.517530000000000049e-03
1.587679999999999951e-03
-4.931399999999999846e-04
-3.303260000000000137e-03
-3.525630000000000083e-03
-3.780649999999999983e-03
-4.129500000000000358e-03
-3.562399999999999855e-03
-3.334960000000000094e-03
-3.384949999999999851e-03
-5.404570000000000034e-03
-6.206299999999999664e-03
-6.133900000000000290e-03
-6.250190000000000086e-03
-6.369549999999999865e-03
-6.140060000000000136e-03
-4.057240000000000152e-03
-3.205560000000000093e-03
-3.551349999999999993e-03
-3.749249999999999979e-03
-3.780879999999999918e-03
-3.605460000000000002e-03
-3.231130000000000026e-03
-3.948209999999999741e-03
-3.524929999999999904e-03
-3.344399999999999977e-03
-3.563709999999999881e-03
-3.845250000000000144e-03
-3.580069999999999867e-03
-3.783059999999999982e-03
-4.209440000000000057e-03
-3.865710000000000066e-03
-3.528110000000000100e-03
-3.286380000000000204e-03
-3.697460000000000069e-03
-3.874949999999999836e-03
-3.739310000000000030e-03
-4.363559999999999835e-03
-6.332179999999999753e-03
-6.629010000000000284e-03
-6.588229999999999607e-03
-4.755299999999999631e-03
-4.336099999999999850e-03
-3.672089999999999816e-03
-1.716770000000000058e-03
4.272570000000000057e-04
1.461520000000000007e-03
1.007609999999999929e-03
1.565530000000000090e-03
1.160580000000000032e-03
2.128539999999999946e-03
3.665670000000000213e-03
5.647509999999999683e-03
6.912299999999999695e-03
6.369640000000000198e-03
4.043009999999999660e-03
3.928749999999999951e-03
3.826739999999999916e-03
2.111089999999999928e-03
1.547009999999999922e-03
1.622479999999999929e-03
1.798920000000000076e-03
1.203230000000000011e-03
2.781150000000000028e-03
4.091840000000000234e-03
3.623649999999999961e-03
4.779290000000000274e-03
6.558160000000000378e-03
4.991419999999999885e-03
3.064630000000000045e-03
2.431200000000000114e-03
3.635799999999999796e-03
3.416489999999999892e-03
3.469509999999999868e-03
3.526619999999999842e-03
5.291210000000000184e-03
5.608410000000000305e-03
3.838700000000000011e-03
5.026980000000000337e-03
4.548589999999999925e-03
4.129360000000000322e-03
4.781119999999999814e-03
5.432890000000000115e-03
6.234599999999999864e-03
6.181540000000000125e-03
5.362470000000000257e-03
5.271679999999999942e-03
3.967080000000000432e-03
3.392810000000000010e-03
3.552940000000000091e-03
3.633500000000000011e-03
3.719169999999999941e-03
2.153459999999999836e-03
7.907230000000000118e-04
1.414950000000000105e-03
8.641369999999999564e-04
-5.036959999999999832e-04
-7.984889999999999913e-04
-2.956419999999999860e-04
-9.974149999999999770e-04
-2.108210000000000119e-03
-2.103119999999999989e-03
-2.559129999999999738e-04
-1.928600000000000136e-05
3.030209999999999978e-04
8.405490000000000054e-04
1.530059999999999970e-03
7.507640000000000103e-04
1.041449999999999971e-03
1.211779999999999975e-03
4.865460000000000271e-04
7.894739999999999700e-04
-4.896180000000000410e-04
-9.489030000000000186e-05
-8.588820000000000482e-04
-1.405620000000000003e-03
-1.482129999999999906e-03
-2.573540000000000029e-03
-3.263069999999999860e-03
-2.627620000000000216e-03
-3.022369999999999918e-03
-4.322890000000000239e-03
-2.862260000000000151e-03
-1.768830000000000098e-03
-1.802500000000000066e-03
-1.993249999999999796e-03
-2.045280000000000015e-03
-1.735219999999999992e-03
-2.405369999999999991e-03
-2.227900000000000106e-03
-1.820929999999999901e-03
-1.736279999999999985e-03
-1.831149999999999922e-03
-2.157560000000000207e-03
-2.157580000000000088e-03
-3.488690000000000020e-03
-4.695359999999999985e-03
-4.578070000000000056e-03
-4.748419999999999724e-03
-3.743729999999999801e-03
-2.432020000000000015e-03
-1.806770000000000077e-03
-1.849619999999999953e-03
-2.407569999999999936e-03
-2.252539999999999924e-03
-2.228069999999999964e-03
-2.461660000000000063e-03
-2.052659999999999988e-03
-1.711980000000000099e-03
-1.160180000000000022e-03
1.383459999999999965e-05
2.168050000000000088e-04
7.145539999999999487e-04
1.022579999999999930e-03
1.196989999999999990e-03
4.656439999999999755e-04
1.467280000000000060e-03
2.824890000000000040e-03
3.288970000000000001e-03
3.724499999999999946e-03
3.013560000000000197e-03
8.776660000000000364e-04
-1.790630000000000032e-04
-3.657320000000000145e-04
-1.807000000000000012e-03
-1.655030000000000043e-03
-2.640150000000000040e-06
-1.505490000000000116e-04
-8.614980000000000381e-04
-1.426589999999999933e-03
-2.173239999999999894e-03
-2.696510000000000053e-03
-2.944369999999999973e-03
-3.133079999999999893e-03
-3.368710000000000020e-03
-3.188180000000000094e-03
-1.407269999999999962e-03
5.511230000000000425e-04
7.387949999999999899e-04
7.806059999999999865e-04
1.252859999999999955e-03
3.610069999999999946e-03
2.525799999999999920e-03
9.764139999999999929e-04
6.146579999999999687e-05
-2.119020000000000051e-04
2.501499999999999817e-04
-2.935179999999999907e-04
-5.821850000000000375e-04
1.109989999999999935e-03
1.966780000000000004e-03
1.810710000000000097e-03
2.334989999999999895e-03
2.022860000000000023e-03
1.076289999999999929e-03
1.237440000000000024e-03
3.405959999999999977e-03
3.248870000000000056e-03
1.666839999999999945e-03
3.006089999999999891e-03
3.701729999999999864e-03
3.878180000000000169e-03
3.610939999999999983e-03
4.464669999999999576e-03
3.689459999999999875e-03
2.184950000000000173e-03
3.859790000000000096e-03
3.363039999999999866e-03
1.070079999999999946e-03
-1.478909999999999947e-03
-8.607960000000000438e-04
-1.934860000000000052e-03
-2.550950000000000179e-03
-2.566249999999999955e-03
-2.875319999999999786e-03
-1.625820000000000043e-03
1.061300000000000020e-04
2.531680000000000128e-03
2.056360000000000132e-03
1.948540000000000016e-04
1.306649999999999912e-03
1.251560000000000086e-03
4.763589999999999838e-04
-5.334460000000000287e-04
1.713689999999999918e-04
1.018980000000000059e-03
-2.417409999999999882e-04
9.587470000000000551e-05
-1.345389999999999911e-03
-2.930470000000000123e-03
-3.146719999999999986e-03
-2.258299999999999978e-03
-1.421909999999999971e-03
1.264489999999999950e-04
1.359619999999999969e-03
1.393279999999999996e-03
4.314170000000000201e-04
5.038329999999999718e-04
6.976299999999999732e-04
-8.573389999999999581e-05
-4.141770000000000022e-04
-1.499459999999999986e-03
-1.546379999999999977e-03
-2.802010000000000178e-03
-2.388910000000000165e-03
-1.219990000000000007e-03
-1.516820000000000104e-03
1.216090000000000075e-05
1.396579999999999968e-04
-8.984449999999999674e-05
-1.166970000000000030e-03
-1.223069999999999930e-03
-1.444409999999999921e-03
-9.527739999999999820e-04
1.202639999999999992e-04
-1.286179999999999941e-04
-1.072010000000000058e-04
-2.741860000000000044e-03
-4.219839999999999876e-03
-4.576850000000000362e-03
-4.824710000000000283e-03
-6.538310000000000302e-03
-6.911630000000000204e-03
-5.517290000000000215e-03
-5.128670000000000104e-03
-5.488729999999999824e-03
-5.672329999999999733e-03
-4.448340000000000280e-03
-3.540540000000000007e-03
-3.242699999999999836e-03
-3.192720000000000020e-03
-2.553179999999999946e-03
-3.399779999999999816e-03
-3.075420000000000150e-03
-2.465460000000000047e-03
-2.511359999999999808e-03
-2.877540000000000046e-03
-2.757180000000000134e-03
-2.233919999999999916e-03
-2.451179999999999852e-03
-1.508699999999999972e-03
1.834820000000000027e-04
8.097620000000000035e-04
9.872430000000000615e-04
1.900140000000000032e-03
3.080279999999999910e-03
2.885469999999999789e-03
2.243890000000000121e-03
1.071909999999999920e-03
1.407489999999999956e-03
1.883829999999999966e-03
2.865069999999999943e-03
3.327130000000000191e-03
3.620899999999999813e-03
3.668840000000000035e-03
3.621919999999999827e-03
5.376320000000000404e-03
5.057060000000000374e-03
3.906510000000000191e-03
3.627029999999999837e-03
3.596429999999999853e-03
2.557049999999999948e-03
2.569300000000000056e-03
2.898759999999999792e-03
3.793299999999999884e-03
3.434270000000000118e-03
3.549529999999999959e-03
3.447529999999999865e-03
3.258839999999999827e-03
2.693759999999999905e-03
1.153560000000000089e-03
1.681930000000000100e-03
1.776790000000000097e-03
1.892049999999999938e-03
1.005679999999999899e-03
1.167859999999999948e-03
1.510590000000000023e-03
7.649729999999999551e-04
1.017939999999999947e-03
2.188900000000000134e-03
2.819270000000000023e-03
1.709510000000000023e-03
2.437799999999999950e-03
1.825800000000000036e-03
1.672870000000000129e-04
-2.927270000000000046e-04
-1.309660000000000034e-03
-2.206239999999999937e-03
-2.861069999999999846e-03
-1.687039999999999894e-03
-1.237220000000000030e-03
-1.082169999999999920e-03
-3.666530000000000283e-05
1.720799999999999977e-03
3.605769999999999895e-03
5.044990000000000065e-03
5.485639999999999961e-03
3.907710000000000003e-03
3.108029999999999907e-03
2.342020000000000213e-03
3.948499999999999753e-04
-2.049030000000000133e-04
-4.629549999999999746e-04
1.306749999999999969e-03
2.716399999999999891e-03
2.463449999999999841e-03
2.942859999999999834e-03
2.481820000000000033e-03
1.799449999999999964e-03
1.369020000000000089e-03
1.387390000000000064e-03
1.713799999999999915e-03
9.253469999999999751e-04
-5.180339999999999939e-05
-1.874540000000000115e-04
-1.455310000000000024e-03
-2.137679999999999875e-03
-3.215809999999999936e-03
-4.287820000000000346e-03
-4.595850000000000282e-03
-4.571360000000000007e-03
-1.581729999999999942e-03
-3.270840000000000119e-03
-4.333670000000000404e-03
-2.220220000000000179e-03
-1.302210000000000043e-03
-1.455190000000000086e-03
-4.234680000000000215e-03
-5.247530000000000250e-03
-4.892559999999999791e-03
-4.709969999999999955e-03
-4.380499999999999845e-03
-2.451669999999999978e-03
-1.247030000000000100e-03
5.644969999999999589e-04
1.407030000000000086e-03
9.103009999999999704e-04
1.411130000000000023e-03
1.118410000000000020e-03
1.136779999999999995e-03
8.012110000000000239e-04
8.073439999999999870e-04
2.356739999999999963e-03
1.517289999999999915e-03
6.645829999999999490e-04
-1.217299999999999936e-03
-1.989429999999999931e-03
-2.074079999999999847e-03
-3.033880000000000084e-03
-3.066510000000000156e-03
-3.502030000000000160e-03
-2.841059999999999853e-03
-2.733950000000000182e-03
-2.898149999999999945e-03
-2.979739999999999819e-03
-1.764900000000000019e-03
-2.634950000000000053e-03
-3.076590000000000141e-03
6.035839999999999999e-04
1.896960000000000052e-03
3.608549999999999865e-04
1.230930000000000088e-03
3.709549999999999827e-03
3.538200000000000026e-03
1.607359999999999952e-03
2.085759999999999871e-03
3.447469999999999788e-03
9.393090000000000423e-04
-4.866340000000000032e-04
8.414229999999999973e-04
1.156619999999999914e-03
5.864569999999999722e-04
5.619950000000000292e-04
4.855130000000000253e-04
4.916500000000000514e-04
-5.007920000000000123e-04
-2.145010000000000146e-03
-2.105220000000000095e-03
-8.791569999999999854e-04
-3.456779999999999792e-04
-1.962359999999999799e-03
-2.045980000000000194e-03
-3.150219999999999800e-04
-9.535229999999999574e-04
-1.567540000000000079e-03
-4.149240000000000003e-04
3.113360000000000021e-04
2.878959999999999961e-04
9.468360000000000535e-04
2.992980000000000119e-03
3.142939999999999883e-03
3.409179999999999936e-03
3.312299999999999793e-03
3.144019999999999974e-03
1.817019999999999920e-03
-1.214400000000000028e-03
-2.729179999999999779e-04
1.861029999999999900e-04
1.327499999999999904e-03
2.636669999999999812e-04
-2.238709999999999984e-04
8.471509999999999804e-04
2.392539999999999966e-04
-2.523639999999999846e-04
-1.162130000000000002e-05
2.047779999999999913e-03
2.396639999999999795e-03
2.329349999999999997e-03
1.614350000000000073e-03
1.680150000000000100e-04
-1.415000000000000025e-03
-2.825639999999999923e-03
-3.025529999999999799e-03
-2.834769999999999911e-03
-3.118300000000000065e-03
-2.472620000000000026e-03
-1.108859999999999924e-03
-5.570110000000000512e-04
-7.885260000000000056e-04
5.721790000000000253e-04
1.926769999999999958e-03
1.834990000000000102e-03
1.889080000000000013e-03
1.937039999999999899e-03
1.754490000000000043e-03
3.170280000000000147e-03
2.638880000000000132e-03
1.742330000000000051e-03
1.702570000000000038e-03
2.954140000000000064e-03
2.534949999999999790e-03
1.432359999999999927e-03
1.561920000000000062e-03
2.465670000000000101e-03
2.765580000000000122e-03
6.623679999999999846e-04
7.613360000000000440e-04
-2.545550000000000048e-04
-1.715170000000000019e-03
-3.320619999999999822e-03
-3.211449999999999808e-03
-3.058420000000000062e-03
-4.322170000000000178e-03
-5.372739999999999981e-03
-4.512849999999999674e-03
-3.907960000000000253e-03
-3.070509999999999819e-03
-2.085159999999999965e-03
-1.513929999999999920e-03
-9.753389999999999803e-04
-1.249689999999999915e-03
-8.844970000000000393e-04
8.678940000000000222e-04
1.698209999999999911e-03
1.174979999999999948e-03
5.670890000000000045e-04
5.824209999999999587e-04
9.088539999999999553e-04
-9.434340000000000477e-04
-1.829780000000000035e-03
-6.791879999999999489e-04
-7.740149999999999678e-04
-1.280920000000000062e-03
-2.598689999999999746e-04
1.231410000000000057e-03
1.173299999999999951e-03
6.521129999999999548e-04
1.020370000000000044e-03
9.806210000000000968e-04
3.594760000000000121e-04
4.535079999999999954e-05
9.746060000000000400e-04
1.087859999999999955e-03
5.024159999999999954e-04
9.828720000000000859e-04
1.044110000000000003e-03
7.799639999999999612e-04
7.514400000000000289e-04
8.045160000000000202e-04
1.340049999999999965e-03
1.019809999999999901e-03
5.547269999999999762e-04
1.086179999999999958e-03
2.899779999999999806e-03
1.748240000000000080e-03
1.117919999999999895e-03
1.306660000000000070e-03
1.231209999999999943e-03
4.529919999999999889e-04
3.989700000000000104e-04
2.312530000000000141e-03
1.198730000000000065e-03
5.459679999999999742e-04
2.746870000000000214e-04
-4.515130000000000120e-04
-2.612849999999999895e-03
-2.444509999999999999e-03
2.870869999999999976e-04
9.786879999999999104e-04
2.556670000000000036e-03
1.415330000000000017e-03
2.484909999999999897e-04
-5.134080000000000284e-04
-2.672710000000000016e-03
-3.222440000000000027e-03
-1.939240000000000061e-03
-1.334340000000000049e-03
-1.595419999999999955e-03
-1.431149999999999957e-03
-6.242920000000000327e-04
6.017089999999999678e-05
-2.478259999999999816e-04
-3.834420000000000059e-04
-9.107380000000000206e-04
-9.463940000000000330e-04
-6.740099999999999520e-04
-1.109509999999999967e-03
-1.951980000000000078e-03
-9.043960000000000193e-04
-1.719330000000000034e-03
-2.075270000000000153e-03
-3.090120000000000020e-03
-2.122090000000000087e-03
-2.442289999999999956e-04
-2.932900000000000004e-03
-3.166439999999999966e-03
-1.364049999999999898e-03
4.869749999999999920e-05
-4.347350000000000042e-04
2.405519999999999967e-04
6.547190000000000041e-04
-2.673129999999999799e-04
-1.550649999999999934e-04
-2.284560000000000095e-04
-5.027879999999999979e-04
-1.232989999999999997e-04
1.234370000000000042e-03
1.835199999999999939e-03
6.979479999999999929e-04
6.704579999999999698e-04
6.154280000000000037e-04
-7.584620000000000034e-04
-1.795750000000000037e-03
-1.613120000000000005e-03
-8.819849999999999522e-04
-8.131170000000000281e-04
3.887289999999999843e-04
-4.510070000000000138e-04
-3.177189999999999984e-04
5.001730000000000306e-06
-5.392049999999999578e-04
1.130200000000000041e-03
1.156560000000000053e-03
-7.999459999999999470e-04
-5.959449999999999600e-04
1.913509999999999994e-03
2.214189999999999995e-03
1.628289999999999902e-03
1.522750000000000015e-03
2.332879999999999850e-03
1.236740000000000061e-03
-4.053710000000000191e-05
7.302209999999999734e-04
1.474349999999999923e-03
1.279650000000000015e-03
1.848449999999999963e-03
2.963059999999999999e-03
2.679369999999999929e-03
3.033039999999999868e-03
2.878840000000000132e-03
3.536909999999999989e-04
-1.410060000000000089e-03
-1.311660000000000083e-03
9.422039999999999799e-04
4.260380000000000026e-04
-1.087499999999999925e-03
1.335459999999999902e-03
2.612140000000000208e-03
1.302650000000000032e-03
1.583170000000000063e-03
3.923130000000000367e-03
2.256859999999999856e-03
-4.219450000000000132e-04
-6.441510000000000334e-04
1.222549999999999982e-03
4.802149999999999821e-04
-5.754360000000000247e-04
7.169410000000000192e-04
8.300149999999999466e-05
-1.799660000000000018e-03
-3.521729999999999826e-03
-3.916049999999999913e-03
-3.093149999999999806e-03
-1.523590000000000014e-03
-8.727230000000000534e-04
2.579730000000000117e-05
1.161230000000000075e-03
1.568779999999999979e-04
3.209070000000000092e-05
2.535899999999999895e-04
-1.347330000000000099e-03
-8.415319999999999788e-04
2.927690000000000153e-04
-3.902450000000000016e-04
-5.690950000000000392e-04
2.718250000000000072e-04
7.451569999999999808e-04
-2.895139999999999931e-04
4.020499999999999877e-04
1.159700000000000054e-03
9.520449999999999963e-04
1.003259999999999959e-03
6.131329999999999723e-04
6.378830000000000047e-04
-5.233719999999999757e-05
2.372729999999999978e-03
1.476010000000000039e-03
-1.101629999999999927e-03
-1.904869999999999914e-03
-2.318000000000000182e-03
-3.497730000000000110e-03
-4.105789999999999787e-03
-2.832299999999999835e-03
-4.782370000000000089e-04
-9.695339999999999774e-04
-2.240770000000000001e-03
-5.606199999999999958e-05
-7.485939999999999955e-04
-1.767799999999999927e-03
-1.653659999999999939e-03
-1.471279999999999940e-03
-2.689480000000000169e-03
-4.034040000000000022e-03
-1.379730000000000019e-03
2.008520000000000184e-03
1.030010000000000040e-03
-1.239740000000000026e-03
-7.768680000000000301e-05
1.437850000000000066e-03
9.335279999999999837e-04
-4.369239999999999929e-04
6.708899999999999413e-05
1.377240000000000061e-03
1.334200000000000013e-03
7.534020000000000213e-04
1.599989999999999973e-04
1.468290000000000133e-04
3.557429999999999989e-04
-7.283110000000000137e-05
-1.152790000000000108e-03
4.979960000000000072e-04
1.857300000000000097e-03
1.103479999999999999e-03
7.943940000000000246e-04
8.781089999999999642e-04
7.088640000000000219e-04
2.794070000000000169e-04
1.263950000000000013e-03
1.120249999999999935e-03
-1.487550000000000081e-04
4.229899999999999871e-04
1.819429999999999919e-03
2.804339999999999784e-03
2.023329999999999834e-03
2.016169999999999855e-03
2.719179999999999861e-03
2.945310000000000029e-03
2.946760000000000091e-03
1.791529999999999945e-03
1.667249999999999895e-03
1.165019999999999901e-03
1.913449999999999917e-04
-6.701909999999999942e-04
-5.200479999999999513e-04
-5.787839999999999798e-05
-1.165629999999999965e-03
-1.459309999999999904e-03
-1.049299999999999999e-04
2.425410000000000077e-04
-9.314669999999999504e-04
-1.153299999999999898e-03
-2.237300000000000009e-04
-8.372500000000000222e-05
5.226130000000000055e-04
1.295900000000000003e-03
1.433280000000000101e-03
1.027020000000000016e-03
-1.894979999999999939e-04
-3.071610000000000226e-05
3.778389999999999852e-04
1.447719999999999888e-04
-2.969460000000000263e-04
-7.838009999999999178e-06
-1.455750000000000013e-04
-1.291880000000000025e-03
-1.752040000000000064e-03
-1.153940000000000000e-03
-3.497780000000000247e-04
-2.254690000000000058e-04
-3.649719999999999744e-04
-8.032529999999999748e-04
-8.174779999999999547e-04
-5.935050000000000308e-04
2.250379999999999958e-04
5.307719999999999929e-04
2.713510000000000249e-04
-2.458019999999999888e-05
-1.528099999999999955e-04
-2.405329999999999957e-04
-3.658690000000000032e-04
-1.718710000000000084e-04
-2.657870000000000016e-05
1.440660000000000128e-04
-7.294460000000000223e-04
-7.404840000000000207e-04
-1.086849999999999936e-04
-9.375939999999999546e-05
-2.939850000000000254e-04
-2.786530000000000170e-04
-9.209239999999999939e-05
-6.240899999999999963e-04
-7.701140000000000199e-04
-2.759430000000000108e-04
-5.155719999999999487e-04
-8.342749999999999905e-04
-9.265210000000000286e-04
-7.121949999999999939e-04
-6.599000000000000482e-04
-4.425639999999999999e-04
-1.683330000000000026e-05
-2.106079999999999866e-04
2.916360000000000111e-04
-2.825500000000000103e-04
-3.772550000000000057e-04
-2.193220000000000120e-04
-7.225229999999999804e-04
-6.304509999999999715e-04
-2.898810000000000254e-04
3.518969999999999954e-05
-8.934679999999999640e-05
-1.030569999999999994e-04
2.616920000000000010e-04
5.180710000000000480e-04
5.863160000000000290e-04
6.242669999999999643e-04
5.756239999999999491e-04
5.949349999999999951e-04
3.438129999999999962e-04
2.944150000000000196e-04
2.584619999999999997e-05
1.507629999999999997e-05
-1.194279999999999956e-04
-1.374310000000000061e-04
-1.551830000000000082e-04
4.764379999999999944e-05
1.460029999999999911e-04
-2.598090000000000056e-04
-1.758809999999999920e-04
-9.500660000000000615e-05
-3.329200000000000041e-04
-3.059560000000000231e-04
6.860620000000000054e-05
-8.414609999999999722e-06
-2.254190000000000046e-04
1.867980000000000028e-05
1.791080000000000070e-04
1.632919999999999944e-04
1.096879999999999974e-04
1.632059999999999956e-04
1.452020000000000101e-04
-1.568080000000000071e-04
4.707799999999999886e-05
6.134870000000000438e-05
1.603699999999999909e-05
1.397469999999999886e-04
1.484400000000000086e-04
1.929169999999999963e-04
-7.040350000000000449e-05
-5.716320000000000185e-05
1.201949999999999969e-04
4.803760000000000235e-05
9.963580000000000581e-05
1.041960000000000032e-04
2.221520000000000103e-04
1.765709999999999871e-04
8.039269999999999348e-05
4.339010000000000322e-05
1.845089999999999982e-05
-8.791190000000000105e-05
-1.542910000000000039e-04
-1.120129999999999997e-04
-1.641600000000000004e-04
-1.218600000000000022e-04
-6.046179999999999767e-05
1.318789999999999955e-05
-3.123820000000000188e-05
-4.702769999999999699e-05
-8.248960000000000385e-05
-1.219830000000000008e-04
-9.629290000000000093e-05
-8.814279999999999912e-05
-3.715920000000000160e-05
3.105789999999999956e-05
5.516330000000000089e-05
-1.128400000000000072e-05
-1.872700000000000086e-07
9.635560000000000289e-06
-3.084669999999999724e-05
-1.926519999999999979e-05
-1.834840000000000037e-06
9.279310000000000100e-06
3.299489999999999812e-05
6.970760000000000324e-05
6.229899999999999425e-05
4.695190000000000019e-05
4.224729999999999783e-05
3.969670000000000230e-05
1.170650000000000049e-05
-8.327130000000000689e-06
2.275049999999999843e-05
4.305310000000000289e-05
2.671330000000000053e-05
1.641300000000000023e-05
3.184859999999999861e-05
3.857820000000000276e-05
3.656069999999999709e-05
3.125829999999999852e-05
3.396279999999999948e-05
3.420810000000000203e-05
2.900670000000000131e-05
1.903380000000000062e-05
1.015249999999999978e-05
9.483469999999999514e-06
6.705290000000000137e-06
6.403000000000000359e-06
5.394379999999999842e-06
5.790399999999999652e-06
5.993239999999999898e-06
6.620690000000000133e-06
6.832840000000000296e-06
7.575499999999999721e-06
9.393760000000000334e-06
1.139760000000000079e-05
1.362909999999999967e-05
