-3.651120000000000205e-06
2.165299999999999835e-06
-8.529259999999999971e-07
3.209840000000000002e-06
-3.923460000000000379e-06
2.660650000000000098e-06
-2.008090000000000030e-06
3.200549999999999791e-06
-1.834020000000000060e-06
4.330809999999999960e-06
-9.362460000000000312e-07
5.371469999999999751e-06
-2.426690000000000139e-07
5.095219999999999643e-06
-2.613700000000000065e-05
-3.868540000000000065e-05
-4.000119999999999913e-05
-3.814299999999999717e-05
-1.687190000000000019e-05
5.923310000000000044e-05
3.709889999999999813e-05
-4.056320000000000154e-07
1.837440000000000148e-05
-2.506630000000000089e-05
-3.061859999999999853e-05
2.262050000000000136e-05
2.322150000000000120e-05
9.218820000000000278e-06
2.406510000000000105e-05
-5.430339999999999917e-05
-4.647740000000000329e-05
-6.963790000000000626e-05
-1.393009999999999865e-04
-1.199080000000000046e-04
-1.262939999999999939e-04
-1.984449999999999948e-05
5.817489999999999760e-05
-7.112960000000000419e-05
1.916040000000000039e-05
8.541320000000000412e-05
4.706100000000000224e-05
-8.793739999999999597e-05
9.841049999999999570e-06
3.600140000000000263e-04
3.586780000000000241e-04
3.398769999999999851e-04
3.327429999999999819e-04
3.263130000000000045e-04
-2.136080000000000053e-05
-3.471519999999999858e-04
-3.780550000000000251e-04
-3.270929999999999801e-04
-3.689540000000000050e-04
-3.443589999999999737e-04
-2.629600000000000166e-04
8.936849999999999655e-05
-1.024079999999999994e-04
-3.767180000000000073e-04
-3.531949999999999955e-04
-2.945760000000000067e-04
-3.682919999999999900e-04
-3.166800000000000105e-04
-3.461639999999999878e-04
6.732790000000000297e-06
-1.503019999999999985e-04
-3.634999999999999993e-04
-3.146709999999999828e-04
-2.631949999999999763e-04
-2.831089999999999757e-04
1.257449999999999963e-04
-1.064030000000000043e-04
-3.650939999999999980e-04
-2.480749999999999991e-04
-2.575860000000000237e-04
-2.495940000000000094e-04
-2.594839999999999842e-04
-2.190969999999999929e-04
-2.312170000000000056e-04
-1.996559999999999871e-04
-2.103220000000000100e-04
-1.748180000000000057e-04
-1.979969999999999950e-04
-1.812510000000000033e-04
-2.218630000000000135e-04
2.971490000000000242e-04
1.319410000000000027e-03
9.306250000000000286e-04
-3.001419999999999869e-04
-5.484160000000000293e-04
-1.620120000000000067e-03
-1.157239999999999918e-03
-2.877210000000000020e-06
-1.196199999999999965e-04
-1.922670000000000076e-04
-7.242820000000000562e-05
-6.144750000000000418e-05
-5.808730000000000203e-05
-7.060360000000000279e-05
-1.645340000000000073e-05
-6.346310000000000568e-05
1.824039999999999904e-05
-7.014509999999999626e-04
-1.379859999999999897e-03
-2.061910000000000132e-03
-2.031729999999999821e-03
-4.684080000000000188e-04
4.461380000000000033e-04
3.285130000000000038e-04
3.572490000000000214e-04
4.284080000000000223e-04
4.508760000000000111e-04
3.750599999999999767e-04
4.224499999999999957e-04
-3.825400000000000068e-04
1.651939999999999976e-05
6.390159999999999547e-04
4.150380000000000063e-04
4.642019999999999849e-04
4.653840000000000017e-04
3.260229999999999921e-04
-6.986720000000000083e-04
-1.520709999999999987e-03
-1.710699999999999894e-03
-6.774030000000000329e-04
-6.456320000000000418e-04
-6.298500000000000496e-04
-1.031430000000000064e-03
-1.509190000000000097e-03
2.050139999999999992e-04
1.338070000000000015e-03
-9.632519999999999722e-05
-7.975470000000000129e-04
-1.860670000000000032e-03
-1.145090000000000083e-03
4.925679999999999908e-05
1.080639999999999899e-03
1.705719999999999979e-03
1.581240000000000033e-03
1.596149999999999956e-03
1.582990000000000048e-03
1.537060000000000032e-03
1.503620000000000000e-03
1.393900000000000000e-03
1.990959999999999952e-03
2.431219999999999996e-03
1.223169999999999986e-03
2.375550000000000144e-03
3.173590000000000005e-03
3.269600000000000110e-03
3.845959999999999830e-03
2.565340000000000155e-03
2.254570000000000012e-03
1.114610000000000036e-03
-9.880410000000000494e-05
-1.324450000000000020e-03
-1.734269999999999996e-03
-3.377920000000000076e-04
5.480090000000000178e-04
4.820539999999999894e-04
-5.895119999999999896e-05
-1.924539999999999975e-03
-3.555319999999999835e-03
-8.018269999999999651e-04
1.232940000000000078e-03
7.051580000000000001e-04
7.814329999999999974e-04
1.342199999999999990e-04
-1.173999999999999913e-03
-1.140549999999999941e-03
-6.543239999999999647e-04
7.878619999999999591e-04
1.217240000000000075e-03
9.160369999999999711e-04
9.956570000000000524e-04
-4.793989999999999818e-04
-1.253669999999999915e-03
-9.191759999999999558e-04
-9.614820000000000484e-04
1.225459999999999885e-04
1.372549999999999942e-03
1.153060000000000022e-03
1.158750000000000058e-03
1.108400000000000054e-03
1.187799999999999924e-03
-1.536130000000000080e-04
-1.145240000000000060e-03
-4.892530000000000403e-04
5.344679999999999657e-04
-1.427639999999999985e-03
-4.048069999999999967e-03
-5.985520000000000250e-03
-6.187609999999999638e-03
-4.177489999999999849e-03
-3.490270000000000178e-03
-3.480560000000000164e-03
-1.806059999999999957e-03
9.703300000000000423e-04
3.143050000000000097e-03
3.395190000000000187e-03
3.952500000000000284e-03
5.386649999999999772e-03
5.125389999999999634e-03
6.185010000000000334e-03
6.991309999999999712e-03
8.053080000000000654e-03
6.978609999999999675e-03
3.933400000000000091e-03
1.245140000000000049e-03
-8.929469999999999465e-04
-1.431739999999999922e-03
-3.856859999999999932e-04
7.678049999999999849e-04
6.646609999999999845e-04
-9.455110000000000077e-04
-1.434670000000000086e-03
-1.862340000000000089e-03
-3.220230000000000141e-03
-3.190489999999999819e-03
-2.833580000000000040e-03
-3.102740000000000099e-03
-4.950859999999999636e-03
-6.700079999999999751e-03
-3.951610000000000365e-03
1.380719999999999994e-03
5.724800000000000375e-03
6.538699999999999721e-03
5.318500000000000311e-03
2.980149999999999987e-03
3.172820000000000024e-04
-6.057470000000000129e-04
-4.699829999999999893e-04
-2.072479999999999808e-03
-6.541929999999999620e-03
-4.648560000000000365e-03
2.200820000000000033e-03
2.397659999999999809e-03
-2.199829999999999841e-03
-1.761999999999999894e-03
4.520659999999999913e-04
2.114379999999999905e-04
-1.216430000000000007e-04
3.614310000000000027e-04
1.815149999999999967e-03
2.155189999999999970e-03
7.638719999999999668e-04
-1.520410000000000034e-03
-1.782750000000000046e-03
1.460389999999999995e-03
2.801870000000000142e-03
3.645610000000000083e-03
2.598730000000000050e-03
-1.964400000000000098e-04
-2.249699999999999877e-03
-2.683510000000000062e-03
-1.659600000000000007e-03
5.207029999999999645e-04
2.968199999999999832e-03
3.640570000000000091e-03
2.622999999999999898e-03
-1.229690000000000080e-03
-2.257910000000000125e-03
6.046009999999999666e-04
2.917869999999999926e-03
4.411619999999999778e-03
3.127979999999999823e-03
2.516480000000000192e-03
1.685850000000000022e-03
-5.583230000000000007e-04
-2.063650000000000206e-03
-3.500560000000000217e-03
-4.797659999999999599e-03
-5.716940000000000216e-03
-5.334619999999999987e-03
-6.413689999999999669e-03
-6.262430000000000253e-03
-4.674649999999999812e-03
-3.494730000000000145e-03
-2.383090000000000035e-03
-1.614079999999999942e-03
-1.950559999999999837e-05
2.752660000000000089e-03
4.328199999999999929e-03
4.384500000000000376e-03
2.922290000000000131e-03
1.781339999999999963e-03
2.164979999999999997e-04
9.248109999999999450e-06
1.687329999999999906e-03
7.483120000000000006e-04
-7.874649999999999966e-04
-4.692580000000000123e-04
-5.140210000000000308e-04
7.956399999999999920e-05
1.387290000000000008e-03
1.589539999999999963e-03
-1.761889999999999897e-04
-1.198239999999999939e-03
-2.500290000000000065e-03
-2.781979999999999870e-03
-2.559780000000000215e-03
-2.493599999999999896e-03
-2.332139999999999908e-03
-2.372850000000000133e-03
-3.987150000000000069e-03
-3.143019999999999842e-03
-1.465479999999999908e-03
1.165969999999999897e-03
4.550379999999999703e-03
7.259070000000000279e-03
1.018250000000000058e-02
8.971170000000000533e-03
5.663529999999999953e-03
3.168820000000000144e-03
2.695050000000000050e-03
4.006080000000000405e-03
4.593139999999999896e-03
6.614749999999999970e-03
7.372580000000000106e-03
6.222459999999999970e-03
2.324790000000000190e-03
-9.889980000000000472e-04
-3.383039999999999919e-03
-4.617620000000000231e-03
-4.466150000000000328e-03
-4.361460000000000163e-03
-4.353899999999999958e-03
-4.159780000000000075e-03
-5.049679999999999967e-03
-5.992990000000000123e-03
-5.082709999999999832e-03
-1.970210000000000017e-03
-9.257620000000000042e-04
-2.356350000000000111e-03
-4.456350000000000415e-03
-6.571190000000000191e-03
-4.417520000000000301e-03
-7.646449999999999948e-04
5.112510000000000015e-04
1.363080000000000021e-03
1.620869999999999950e-03
1.350719999999999915e-03
1.025689999999999892e-03
-1.514989999999999913e-03
-2.170730000000000055e-03
-8.218639999999999496e-04
-6.550609999999999680e-04
5.796739999999999662e-04
1.255510000000000046e-03
8.158840000000000103e-04
9.181519999999999872e-04
8.083250000000000374e-04
2.197399999999999961e-03
3.033140000000000142e-03
4.082230000000000060e-03
4.045580000000000009e-03
2.563010000000000115e-03
-2.419189999999999991e-04
-2.451449999999999983e-03
-3.020269999999999812e-03
-1.138939999999999961e-03
1.337990000000000056e-03
1.191690000000000024e-03
2.798880000000000009e-04
-2.472439999999999794e-03
-4.305409999999999966e-03
-4.012270000000000073e-03
-4.168319999999999664e-03
-3.627399999999999809e-03
-2.753579999999999830e-03
-2.628979999999999945e-03
-3.265960000000000044e-03
-5.510039999999999903e-03
-6.521749999999999770e-03
-5.989590000000000365e-03
-4.891419999999999622e-03
-1.858410000000000010e-03
6.269830000000000108e-04
2.935779999999999813e-03
2.675289999999999873e-03
9.027560000000000012e-04
7.880479999999999603e-04
2.591580000000000012e-03
2.355279999999999960e-03
1.803340000000000064e-03
-1.198810000000000023e-03
-4.707120000000000401e-03
-4.632990000000000025e-03
-1.784430000000000044e-03
7.572069999999999756e-04
2.451159999999999971e-03
1.922410000000000048e-03
2.742329999999999746e-04
-1.581409999999999890e-04
1.345770000000000093e-04
-1.271519999999999942e-03
-2.027020000000000037e-03
2.184160000000000108e-05
2.227119999999999968e-03
1.834249999999999943e-03
1.798600000000000025e-03
4.762780000000000095e-04
8.644030000000000246e-04
-5.924570000000000097e-04
-2.577499999999999930e-03
-3.416259999999999956e-03
-4.392100000000000344e-03
-4.123810000000000323e-03
-4.325459999999999722e-03
-5.559510000000000146e-03
-6.537979999999999660e-03
-7.070110000000000110e-03
-6.616150000000000329e-03
-4.674840000000000419e-03
-3.888270000000000094e-03
-3.633200000000000058e-03
-5.160449999999999586e-03
-7.111750000000000016e-03
-3.547810000000000200e-03
-1.598280000000000100e-03
-1.386899999999999938e-03
-4.347700000000000132e-04
-1.364060000000000055e-03
-1.252730000000000076e-03
-3.295020000000000175e-04
2.739479999999999867e-03
4.855390000000000227e-03
9.083799999999999514e-03
1.520759999999999994e-02
2.156599999999999837e-02
2.394599999999999854e-02
2.549770000000000161e-02
2.728759999999999866e-02
2.811079999999999829e-02
2.849710000000000090e-02
2.666349999999999970e-02
2.545019999999999921e-02
2.477000000000000035e-02
2.246099999999999833e-02
1.945910000000000001e-02
1.662730000000000111e-02
1.403689999999999972e-02
1.096820000000000087e-02
6.240510000000000328e-03
5.330499999999999735e-04
-7.886529999999999235e-03
-1.939159999999999842e-02
-2.883120000000000127e-02
-3.157189999999999996e-02
-3.059680000000000039e-02
-2.931570000000000009e-02
-2.995420000000000027e-02
-3.043840000000000087e-02
-2.985689999999999872e-02
-3.019049999999999859e-02
-3.151360000000000272e-02
-3.186739999999999712e-02
-3.417919999999999986e-02
-3.467970000000000080e-02
-3.245309999999999861e-02
-2.504359999999999919e-02
-1.165530000000000038e-02
4.183990000000000278e-03
1.153470000000000016e-02
1.321050000000000002e-02
1.304340000000000013e-02
1.526669999999999937e-02
2.222000000000000017e-02
3.578830000000000205e-02
4.419759999999999661e-02
4.417460000000000137e-02
3.965350000000000125e-02
2.971029999999999852e-02
1.277990000000000029e-02
4.636709999999999617e-03
4.322259999999999644e-03
7.578839999999999882e-03
9.515610000000000734e-03
7.136309999999999876e-03
5.531209999999999946e-03
6.206780000000000283e-03
8.383029999999999649e-03
5.614570000000000151e-03
-1.072090000000000022e-02
-2.915950000000000139e-02
-3.413569999999999799e-02
-3.012010000000000035e-02
-2.399280000000000163e-02
-1.642880000000000035e-02
-1.447649999999999978e-02
-1.507159999999999923e-02
-1.572209999999999927e-02
-1.674259999999999984e-02
-1.420339999999999971e-02
-1.066929999999999962e-02
-1.289410000000000035e-02
-1.339510000000000006e-02
-7.448810000000000153e-03
-1.693839999999999896e-04
2.815440000000000217e-03
1.211049999999999974e-03
-2.775629999999999851e-03
-6.864109999999999656e-03
-8.011819999999999359e-03
-3.380139999999999794e-03
4.317960000000000027e-03
9.519379999999999162e-03
4.404380000000000274e-03
-1.208049999999999922e-02
-2.403009999999999868e-02
-2.314489999999999950e-02
-1.256990000000000017e-02
1.388750000000000010e-03
7.826369999999999161e-03
1.102299999999999981e-02
1.159959999999999984e-02
1.020910000000000047e-02
4.480950000000000037e-03
-5.520449999999999663e-03
-1.692619999999999889e-02
-2.119880000000000028e-02
-1.965149999999999883e-02
-1.086329999999999935e-02
8.363819999999999241e-03
2.235260000000000025e-02
2.426429999999999906e-02
2.321120000000000128e-02
2.309869999999999979e-02
2.475010000000000057e-02
2.455989999999999909e-02
1.263719999999999948e-02
-3.687489999999999865e-03
-1.199640000000000081e-02
-7.268720000000000216e-03
6.765550000000000383e-03
2.887019999999999864e-02
3.979189999999999811e-02
3.673610000000000070e-02
3.274309999999999721e-02
2.944849999999999898e-02
2.861810000000000048e-02
2.951060000000000141e-02
2.912599999999999911e-02
2.749419999999999989e-02
2.049250000000000030e-02
8.961749999999999231e-03
-1.140289999999999967e-03
-5.843700000000000283e-03
-5.473679999999999865e-03
-2.244090000000000125e-04
8.407990000000000602e-03
1.292210000000000060e-02
1.541730000000000010e-02
1.196080000000000060e-02
4.202090000000000339e-03
-1.134270000000000070e-02
-2.900830000000000075e-02
-3.886259999999999715e-02
-4.001590000000000008e-02
-3.282829999999999776e-02
-2.030919999999999948e-02
-1.021810000000000079e-02
-7.677999999999999929e-03
-9.181570000000000009e-03
-7.776210000000000414e-03
-4.726469999999999760e-04
1.683010000000000062e-02
2.595209999999999878e-02
1.884140000000000120e-02
-7.041030000000000205e-03
-3.537939999999999835e-02
-5.644079999999999930e-02
-6.525190000000000157e-02
-6.662260000000000404e-02
-6.376539999999999986e-02
-5.530870000000000231e-02
-4.675429999999999864e-02
-3.963289999999999869e-02
-3.418500000000000011e-02
-2.669010000000000132e-02
-1.661009999999999917e-02
-5.775330000000000394e-03
1.748699999999999951e-03
7.239579999999999800e-03
1.315389999999999962e-02
2.051640000000000061e-02
2.995000000000000093e-02
3.784350000000000214e-02
4.403540000000000232e-02
4.637990000000000168e-02
4.501129999999999715e-02
4.161310000000000009e-02
3.555959999999999677e-02
2.637719999999999995e-02
1.958910000000000165e-02
1.856369999999999895e-02
2.162609999999999880e-02
2.473039999999999961e-02
2.112810000000000035e-02
7.758469999999999733e-04
-1.475910000000000069e-02
-1.486750000000000051e-02
-4.873159999999999645e-03
7.546609999999999603e-03
1.220899999999999937e-02
1.013280000000000083e-02
4.629860000000000399e-03
1.413530000000000082e-03
2.614439999999999993e-03
8.106489999999999183e-03
1.473179999999999976e-02
1.904099999999999890e-02
2.241309999999999830e-02
2.458969999999999906e-02
2.623980000000000062e-02
2.976140000000000035e-02
3.275789999999999952e-02
3.577190000000000231e-02
3.741180000000000200e-02
3.539319999999999966e-02
2.766079999999999928e-02
1.392790000000000000e-02
7.078860000000000187e-04
-1.767939999999999963e-03
-6.191750000000000205e-04
3.637229999999999869e-04
1.902309999999999938e-03
3.050929999999999875e-03
9.730290000000000380e-04
-3.790120000000000121e-03
-1.068530000000000001e-02
-1.795729999999999896e-02
-2.057550000000000004e-02
-1.504559999999999925e-02
-9.396969999999999282e-03
-8.487490000000000312e-03
-1.521630000000000031e-02
-1.916090000000000154e-02
-1.787149999999999850e-02
-1.209320000000000013e-02
-3.048840000000000144e-03
3.927479999999999687e-03
8.104460000000000830e-03
1.000720000000000082e-02
6.074610000000000253e-03
-4.481469999999999768e-04
-8.750630000000000561e-03
-1.326379999999999920e-02
-1.001879999999999958e-02
-3.771249999999999863e-03
-1.387280000000000040e-05
-6.955190000000000200e-04
-2.081920000000000125e-03
9.669190000000000033e-04
8.490879999999999261e-03
2.020419999999999855e-02
2.749530000000000030e-02
3.066810000000000022e-02
3.087689999999999879e-02
2.315729999999999872e-02
-1.634880000000000014e-03
-2.496289999999999967e-02
-3.064609999999999904e-02
-2.884760000000000102e-02
-2.588160000000000113e-02
-2.763089999999999991e-02
-3.474080000000000223e-02
-4.267050000000000010e-02
-4.541939999999999866e-02
-4.367850000000000205e-02
-3.980329999999999979e-02
-3.337299999999999989e-02
-3.155759999999999815e-02
-3.563970000000000332e-02
-3.501640000000000308e-02
-3.078600000000000086e-02
-2.353399999999999936e-02
-1.571320000000000008e-02
-7.945280000000000745e-03
3.569119999999999845e-03
1.079869999999999962e-02
1.498769999999999963e-02
1.659499999999999864e-02
1.568040000000000059e-02
1.316750000000000038e-02
1.259539999999999965e-02
1.320290000000000005e-02
1.335809999999999949e-02
9.403709999999999153e-03
-9.848229999999999051e-04
-1.090009999999999937e-02
-1.710269999999999846e-02
-2.208289999999999906e-02
-2.860969999999999833e-02
-3.143809999999999660e-02
-3.145060000000000217e-02
-3.106280000000000152e-02
-3.448199999999999876e-02
-3.864150000000000224e-02
-3.778460000000000152e-02
-2.519630000000000133e-02
-1.618470000000000108e-03
1.156860000000000006e-02
1.007060000000000073e-02
5.709050000000000236e-03
2.192439999999999927e-03
7.007440000000000196e-03
1.420060000000000072e-02
1.854849999999999902e-02
2.244729999999999989e-02
2.666839999999999836e-02
2.740489999999999940e-02
2.691030000000000158e-02
2.357300000000000020e-02
1.574549999999999908e-02
4.574759999999999764e-03
-7.183900000000000008e-03
-2.509979999999999850e-02
-4.353080000000000144e-02
-5.321569999999999773e-02
-5.713610000000000216e-02
-5.846939999999999776e-02
-5.436169999999999891e-02
-4.191299999999999887e-02
-1.615410000000000110e-02
1.084090000000000054e-02
3.028969999999999926e-02
5.051320000000000116e-02
6.457549999999999402e-02
6.813439999999999774e-02
6.689929999999999488e-02
6.230639999999999790e-02
5.772220000000000129e-02
5.997319999999999734e-02
6.124530000000000252e-02
5.685140000000000332e-02
3.837469999999999770e-02
6.113140000000000414e-03
-2.424590000000000078e-02
-2.710210000000000050e-02
1.002660000000000053e-04
2.212120000000000059e-02
1.786199999999999941e-02
-4.957470000000000279e-03
-3.174749999999999794e-02
-3.991299999999999709e-02
-3.647840000000000110e-02
-3.053439999999999974e-02
-2.440010000000000095e-02
-1.763390000000000096e-02
-1.139809999999999955e-02
-5.312749999999999764e-03
8.966290000000000512e-05
6.946189999999999656e-03
1.976419999999999913e-02
4.259870000000000323e-02
5.651450000000000223e-02
5.722689999999999722e-02
4.490879999999999872e-02
2.656369999999999912e-02
2.131500000000000061e-02
2.045349999999999946e-02
1.514740000000000010e-02
5.319370000000000348e-03
-7.441879999999999676e-03
-1.813160000000000119e-02
-2.715220000000000133e-02
-3.212210000000000065e-02
-2.846030000000000088e-02
-2.259140000000000106e-02
-2.207490000000000147e-02
-2.949780000000000110e-02
-4.605669999999999903e-02
-5.120609999999999745e-02
-3.461059999999999831e-02
-1.393390000000000054e-05
1.910020000000000120e-02
1.726190000000000016e-02
8.356610000000000427e-03
-1.178879999999999989e-03
-2.623550000000000101e-03
-2.383849999999999858e-03
5.405089999999999981e-04
8.218750000000000361e-03
2.109079999999999983e-02
3.100549999999999834e-02
2.930069999999999897e-02
1.494299999999999969e-02
-8.205000000000000487e-03
-2.084770000000000026e-02
-1.999389999999999848e-02
-1.831829999999999917e-02
-1.556510000000000012e-02
-1.344000000000000056e-02
-1.621879999999999850e-02
-2.185329999999999911e-02
-2.405869999999999884e-02
-1.762319999999999859e-02
-2.622000000000000199e-03
9.168789999999999579e-03
1.498419999999999960e-02
2.086649999999999963e-02
2.597539999999999918e-02
2.738250000000000059e-02
2.313619999999999913e-02
1.728050000000000072e-02
1.641569999999999835e-02
1.707770000000000121e-02
1.544300000000000013e-02
8.099250000000000546e-03
7.167869999999999797e-04
-2.349280000000000031e-03
-5.372909999999999622e-04
-3.311020000000000022e-03
-1.234000000000000027e-02
-1.808879999999999863e-02
-1.550230000000000011e-02
-3.297889999999999936e-03
6.401809999999999966e-03
3.304010000000000020e-03
-1.185040000000000052e-02
-1.958680000000000143e-02
-9.881300000000000847e-03
2.696739999999999901e-02
5.687380000000000213e-02
5.695009999999999656e-02
4.840280000000000277e-02
3.971399999999999930e-02
3.294169999999999737e-02
2.594300000000000078e-02
1.512789999999999968e-02
-2.503650000000000059e-03
-1.596770000000000134e-02
-1.803460000000000132e-02
-1.356330000000000036e-02
-8.245119999999999880e-03
-7.767600000000000372e-03
-1.528769999999999955e-02
-2.686780000000000071e-02
-3.880900000000000322e-02
-3.453350000000000170e-02
-1.383129999999999950e-02
7.405400000000000350e-04
6.950969999999999892e-03
2.110390000000000182e-03
-6.280380000000000337e-03
-1.666489999999999985e-02
-2.171160000000000104e-02
-1.943490000000000148e-02
-1.099830000000000078e-02
2.048949999999999903e-03
1.066899999999999966e-02
8.884170000000000261e-03
-1.074920000000000042e-02
-3.120650000000000160e-02
-3.182900000000000312e-02
-1.725799999999999904e-02
6.704769999999999654e-03
2.581110000000000002e-02
2.923469999999999888e-02
2.552319999999999936e-02
1.884200000000000111e-02
1.393319999999999975e-02
1.363989999999999994e-02
1.528610000000000038e-02
1.474400000000000016e-02
1.214200000000000002e-02
8.055379999999999138e-03
3.061359999999999949e-03
-2.446559999999999967e-03
-1.637870000000000038e-03
8.436469999999999733e-03
1.626949999999999924e-02
1.044379999999999961e-02
3.571500000000000022e-03
-7.096100000000000151e-03
-2.001920000000000088e-02
-2.633349999999999927e-02
-2.505620000000000069e-02
-2.079980000000000023e-02
-1.965000000000000080e-02
-2.148430000000000131e-02
-2.486429999999999890e-02
-2.404349999999999890e-02
-1.832450000000000051e-02
-6.921159999999999986e-03
2.505799999999999868e-03
5.191789999999999947e-03
3.742399999999999893e-03
-3.013950000000000049e-03
-7.774829999999999935e-03
-5.745120000000000261e-03
3.693989999999999860e-03
9.484410000000000410e-03
8.347790000000000765e-03
2.217059999999999864e-03
-4.258589999999999598e-03
-6.459669999999999822e-03
-5.598170000000000403e-03
-6.152730000000000352e-03
-8.664899999999999686e-03
-9.461070000000000244e-03
-7.080330000000000130e-03
4.981840000000000400e-03
2.185370000000000021e-02
2.972359999999999933e-02
2.771519999999999886e-02
2.692800000000000055e-02
3.184309999999999918e-02
4.044509999999999772e-02
4.766429999999999972e-02
4.737510000000000332e-02
4.047180000000000222e-02
2.031960000000000016e-02
-1.082400000000000029e-02
-2.840039999999999926e-02
-3.605669999999999709e-02
-4.189699999999999674e-02
-4.325749999999999734e-02
-4.228090000000000320e-02
-3.998770000000000102e-02
-3.960319999999999813e-02
-3.847520000000000107e-02
-3.132209999999999855e-02
-2.139769999999999867e-02
-1.670200000000000157e-02
-1.598739999999999883e-02
-1.556369999999999976e-02
-1.329570000000000057e-02
-9.842230000000000423e-03
-6.597940000000000055e-03
-4.777049999999999808e-04
8.554380000000000317e-03
1.360809999999999971e-02
1.436390000000000063e-02
9.805499999999999980e-03
3.701460000000000167e-03
2.491820000000000059e-03
6.039469999999999908e-03
5.782250000000000063e-03
-8.446089999999999631e-04
-1.007860000000000006e-02
-1.583220000000000113e-02
-1.246680000000000010e-02
-6.508929999999999577e-03
-4.036030000000000346e-03
-3.477179999999999854e-03
-1.019659999999999924e-03
7.401839999999999808e-03
2.506349999999999897e-02
4.248140000000000249e-02
5.146830000000000155e-02
5.409789999999999738e-02
5.252980000000000149e-02
4.938560000000000172e-02
4.330040000000000278e-02
3.672160000000000007e-02
3.070830000000000087e-02
2.626130000000000131e-02
2.390159999999999854e-02
2.856310000000000099e-02
4.044740000000000141e-02
5.022829999999999656e-02
5.075129999999999919e-02
4.146070000000000311e-02
2.499849999999999989e-02
1.028820000000000082e-02
8.680959999999999718e-03
1.732300000000000159e-02
2.867770000000000041e-02
3.165260000000000296e-02
2.571230000000000043e-02
1.567290000000000003e-02
4.896730000000000180e-03
-3.783749999999999787e-03
-9.988129999999999578e-03
-1.258549999999999947e-02
-1.777480000000000032e-02
-2.917020000000000030e-02
-4.667700000000000321e-02
-6.121630000000000127e-02
-6.461219999999999464e-02
-5.869390000000000024e-02
-5.193810000000000093e-02
-5.013929999999999776e-02
-6.054230000000000028e-02
-7.814540000000000375e-02
-8.433119999999999505e-02
-7.934019999999999961e-02
-7.811650000000000538e-02
-8.487809999999999799e-02
-9.729939999999999423e-02
-1.030959999999999932e-01
-1.012929999999999942e-01
-9.481130000000000113e-02
-8.406850000000000434e-02
-7.023959999999999926e-02
-6.329400000000000304e-02
-6.787070000000000602e-02
-7.348090000000000177e-02
-6.898619999999999752e-02
-3.795369999999999994e-02
2.822600000000000109e-02
7.367390000000000050e-02
8.817329999999999612e-02
1.022480000000000055e-01
1.342780000000000085e-01
1.595469999999999944e-01
1.636070000000000024e-01
1.534290000000000098e-01
1.294599999999999917e-01
5.940410000000000135e-02
1.826560000000000076e-03
-1.113090000000000086e-02
-1.659750000000000114e-02
-1.584210000000000132e-02
-1.497240000000000029e-02
-2.057729999999999976e-02
-4.043809999999999766e-02
-6.319339999999999680e-02
-6.602669999999999373e-02
-5.723280000000000034e-02
-3.590200000000000335e-02
-5.662010000000000307e-03
1.966549999999999895e-02
3.704650000000000304e-02
4.727119999999999933e-02
5.927770000000000261e-02
6.943839999999999735e-02
7.719760000000000510e-02
7.993110000000000492e-02
7.411289999999999545e-02
5.806970000000000187e-02
4.165139999999999815e-02
3.306900000000000117e-02
2.868220000000000144e-02
2.051980000000000123e-02
1.090400000000000050e-02
2.355419999999999996e-03
1.381110000000000063e-03
3.679679999999999843e-03
1.253769999999999971e-03
-4.791250000000000370e-03
-1.108179999999999929e-02
-1.576200000000000170e-02
-1.830959999999999879e-02
-2.603120000000000087e-02
-3.808360000000000217e-02
-4.717629999999999740e-02
-4.448409999999999864e-02
-2.226830000000000129e-02
1.239159999999999914e-02
3.305509999999999698e-02
4.004390000000000033e-02
4.509309999999999707e-02
4.981270000000000142e-02
5.489070000000000060e-02
5.681200000000000139e-02
5.053060000000000190e-02
3.892210000000000114e-02
1.873019999999999893e-02
1.693510000000000067e-03
-3.963500000000000009e-03
1.853159999999999964e-03
1.565460000000000115e-02
2.606419999999999917e-02
2.374650000000000025e-02
1.367689999999999965e-03
-2.642749999999999960e-02
-3.134630000000000055e-02
-2.138069999999999901e-02
-7.338319999999999739e-03
2.115300000000000025e-04
-1.008399999999999921e-02
-4.694559999999999705e-02
-8.812069999999999625e-02
-1.030540000000000067e-01
-1.055330000000000018e-01
-1.032720000000000027e-01
-9.373309999999999975e-02
-8.085240000000000482e-02
-7.061589999999999534e-02
-6.364190000000000125e-02
-5.345640000000000114e-02
-2.466869999999999827e-02
7.562990000000000337e-03
2.135899999999999951e-02
2.952259999999999954e-02
3.190609999999999974e-02
2.844810000000000047e-02
2.330880000000000105e-02
1.453579999999999976e-02
-3.802009999999999873e-04
-6.906990000000000005e-03
-1.205539999999999954e-03
8.613390000000000282e-03
2.201979999999999910e-02
3.187679999999999680e-02
4.495380000000000209e-02
5.406249999999999944e-02
5.106480000000000047e-02
3.038839999999999944e-02
-4.371429999999999934e-03
-1.825639999999999902e-02
-1.259569999999999960e-02
-8.683530000000000068e-03
-7.803000000000000040e-03
-9.646480000000000679e-03
-1.060870000000000042e-02
-6.126119999999999656e-03
-1.819749999999999970e-03
-3.192860000000000056e-03
-1.109399999999999969e-02
-2.001609999999999848e-02
-2.077249999999999930e-02
-1.893519999999999925e-02
-1.655320000000000055e-02
-1.566959999999999881e-02
-1.344479999999999981e-02
-1.161659999999999950e-02
-1.409529999999999984e-02
-3.192579999999999724e-02
-5.490189999999999654e-02
-6.284620000000000484e-02
-5.873769999999999686e-02
-5.072249999999999676e-02
-3.969489999999999824e-02
-3.248329999999999967e-02
-3.377940000000000109e-02
-3.703479999999999966e-02
-3.653089999999999810e-02
-3.193959999999999855e-02
-2.470409999999999967e-02
-1.964079999999999993e-02
-1.369590000000000043e-02
-2.009280000000000007e-03
2.733489999999999878e-02
5.835669999999999746e-02
7.675909999999999678e-02
8.267810000000000437e-02
8.295089999999999408e-02
8.745650000000000646e-02
1.006090000000000040e-01
1.190400000000000069e-01
1.281509999999999871e-01
1.232759999999999967e-01
1.094139999999999974e-01
8.572249999999999315e-02
5.588499999999999718e-02
3.622670000000000057e-02
3.089959999999999929e-02
3.496819999999999790e-02
4.525769999999999793e-02
5.218280000000000141e-02
5.099909999999999860e-02
4.282740000000000158e-02
3.005139999999999895e-02
1.332000000000000024e-02
-6.500500000000000202e-03
-3.064959999999999907e-02
-5.179099999999999676e-02
-6.135700000000000182e-02
-6.690609999999999613e-02
-6.762440000000000118e-02
-6.490519999999999623e-02
-5.397629999999999789e-02
-4.931610000000000160e-02
-5.052729999999999722e-02
-6.583459999999999313e-02
-8.771909999999999430e-02
-9.073559999999999959e-02
-8.142050000000000676e-02
-6.690809999999999813e-02
-5.069839999999999763e-02
-4.175029999999999714e-02
-3.833620000000000083e-02
-3.521189999999999737e-02
-2.920330000000000148e-02
-2.046009999999999843e-02
-2.384240000000000144e-03
2.026829999999999951e-02
3.338370000000000226e-02
3.469909999999999661e-02
3.288540000000000213e-02
3.067970000000000072e-02
3.096959999999999991e-02
3.434720000000000134e-02
4.319590000000000235e-02
5.041299999999999948e-02
5.391979999999999690e-02
5.306210000000000093e-02
4.850390000000000257e-02
3.979520000000000279e-02
2.325980000000000061e-02
3.547010000000000180e-03
-3.539150000000000022e-03
-1.627919999999999931e-03
1.141520000000000035e-02
2.395419999999999841e-02
2.441279999999999839e-02
1.503769999999999933e-02
2.777030000000000210e-03
-9.823220000000000562e-03
-2.145589999999999997e-02
-2.960640000000000147e-02
-3.584740000000000149e-02
-3.480079999999999979e-02
-2.947649999999999923e-02
-2.613700000000000051e-02
-2.773710000000000064e-02
-3.931740000000000235e-02
-5.394499999999999990e-02
-5.951599999999999946e-02
-5.567020000000000302e-02
-4.797730000000000050e-02
-4.047110000000000291e-02
-3.274259999999999671e-02
-2.630990000000000065e-02
-2.172839999999999841e-02
-1.735659999999999981e-02
-1.277529999999999985e-02
-3.970099999999999844e-03
1.800710000000000158e-02
4.613609999999999933e-02
6.018430000000000307e-02
6.275940000000000685e-02
6.252679999999999350e-02
5.934409999999999685e-02
5.352300000000000113e-02
4.932910000000000073e-02
4.859560000000000268e-02
4.950079999999999758e-02
4.631450000000000150e-02
3.818889999999999785e-02
1.806309999999999860e-02
-8.879440000000000596e-03
-3.269099999999999784e-02
-4.804959999999999787e-02
-5.127190000000000220e-02
-4.787530000000000258e-02
-4.075539999999999718e-02
-3.407860000000000056e-02
-3.398419999999999913e-02
-4.101350000000000134e-02
-4.817239999999999717e-02
-5.095639999999999892e-02
-4.021240000000000231e-02
-1.373959999999999938e-02
6.238849999999999778e-03
1.304849999999999934e-02
1.478280000000000045e-02
1.276550000000000080e-02
1.026670000000000013e-02
8.379809999999999690e-03
1.064930000000000043e-02
1.726199999999999957e-02
2.647319999999999882e-02
3.779280000000000139e-02
4.729909999999999670e-02
5.211690000000000073e-02
5.657210000000000016e-02
5.536279999999999674e-02
4.671399999999999858e-02
2.623460000000000028e-02
3.329040000000000124e-03
-1.356420000000000022e-02
-2.054370000000000154e-02
-1.896549999999999972e-02
-1.343920000000000010e-02
-1.144880000000000030e-02
-1.269260000000000006e-02
-1.807469999999999910e-02
-2.566469999999999863e-02
-2.975890000000000132e-02
-2.698909999999999851e-02
-1.787069999999999978e-02
-6.599370000000000236e-03
-6.938099999999999996e-04
3.033989999999999864e-03
6.145860000000000385e-03
1.083789999999999927e-02
1.941410000000000011e-02
2.860299999999999995e-02
3.576180000000000331e-02
4.118879999999999764e-02
4.467440000000000300e-02
4.681210000000000232e-02
4.694589999999999874e-02
4.460000000000000075e-02
3.817550000000000110e-02
3.001619999999999983e-02
1.567150000000000140e-02
-5.053260000000000390e-03
-2.068880000000000025e-02
-2.901990000000000125e-02
-3.420440000000000286e-02
-4.095610000000000223e-02
-4.740760000000000113e-02
-5.280309999999999865e-02
-5.785119999999999846e-02
-6.406199999999999395e-02
-7.435509999999999342e-02
-7.851940000000000308e-02
-7.730190000000000672e-02
-7.026150000000000451e-02
-6.072820000000000301e-02
-5.282350000000000240e-02
-4.303869999999999918e-02
-2.316379999999999828e-02
6.239399999999999981e-03
2.858540000000000039e-02
3.222160000000000302e-02
3.464060000000000056e-02
2.937019999999999909e-02
2.053620000000000098e-02
1.827399999999999858e-02
1.909939999999999902e-02
1.955190000000000053e-02
1.715610000000000052e-02
1.212200000000000083e-02
5.591859999999999713e-03
1.616290000000000044e-03
1.856809999999999971e-03
6.119920000000000047e-03
8.228670000000000428e-03
1.055299999999999988e-02
1.870139999999999997e-02
2.851870000000000099e-02
3.443480000000000152e-02
3.420259999999999967e-02
2.423960000000000004e-02
9.691170000000000687e-03
4.476840000000000160e-03
2.752360000000000136e-03
7.371910000000000371e-06
-2.396660000000000110e-03
-3.254969999999999825e-03
1.677030000000000035e-04
9.885490000000000249e-03
2.014969999999999956e-02
2.943640000000000145e-02
3.606159999999999921e-02
3.513999999999999763e-02
2.922949999999999854e-02
2.101309999999999983e-02
1.561760000000000058e-02
1.953150000000000025e-02
2.974299999999999861e-02
4.319660000000000166e-02
4.733919999999999795e-02
3.992819999999999703e-02
2.235140000000000043e-02
8.702210000000000154e-03
3.997610000000000399e-03
2.214490000000000002e-04
-1.904279999999999948e-03
-7.605800000000000234e-03
-1.934999999999999915e-02
-3.018830000000000124e-02
-3.464269999999999849e-02
-3.056740000000000151e-02
-1.822290000000000021e-02
-4.718090000000000088e-04
2.058319999999999941e-02
3.591960000000000292e-02
4.235040000000000332e-02
4.399940000000000101e-02
4.252790000000000042e-02
3.963590000000000169e-02
3.521509999999999918e-02
3.223220000000000252e-02
3.053760000000000155e-02
3.061289999999999845e-02
2.747190000000000049e-02
2.304159999999999889e-02
1.268320000000000038e-02
-9.011270000000000478e-04
-1.845669999999999950e-02
-3.428760000000000141e-02
-4.538849999999999829e-02
-5.730819999999999664e-02
-6.598089999999999511e-02
-7.075389999999999457e-02
-7.230430000000000190e-02
-7.399269999999999459e-02
-7.783450000000000091e-02
-7.996730000000000504e-02
-7.699159999999999338e-02
-6.452149999999999552e-02
-4.167470000000000202e-02
-2.306969999999999854e-02
-1.598940000000000083e-02
-1.139339999999999971e-02
-3.842920000000000103e-03
7.699560000000000258e-03
2.105129999999999849e-02
2.819639999999999994e-02
3.056249999999999939e-02
3.372499999999999803e-02
3.939750000000000196e-02
4.839430000000000121e-02
6.018199999999999938e-02
6.826649999999999385e-02
6.884790000000000354e-02
6.290809999999999458e-02
5.305220000000000075e-02
4.338920000000000277e-02
3.382109999999999977e-02
2.423960000000000004e-02
1.828810000000000158e-02
1.248840000000000020e-02
9.344289999999999888e-03
5.128330000000000388e-03
2.264770000000000151e-03
4.017909999999999754e-04
-5.431880000000000042e-03
-1.003959999999999922e-02
-1.082020000000000030e-02
-5.942310000000000127e-03
1.052159999999999901e-03
5.716070000000000179e-03
5.935759999999999995e-03
7.080640000000000024e-03
1.097979999999999963e-02
1.155229999999999972e-02
7.448790000000000272e-03
-2.825160000000000171e-04
-6.327550000000000362e-03
-9.363029999999999617e-03
-1.128679999999999961e-02
-1.788870000000000043e-02
-3.215599999999999709e-02
-4.647239999999999704e-02
-5.937569999999999654e-02
-7.197939999999999894e-02
-8.260190000000000587e-02
-8.431410000000000293e-02
-7.774100000000000454e-02
-6.597619999999999874e-02
-5.550739999999999841e-02
-5.183340000000000169e-02
-5.172890000000000127e-02
-5.569799999999999751e-02
-5.766179999999999917e-02
-5.668000000000000121e-02
-5.405610000000000276e-02
-5.029170000000000168e-02
-4.221520000000000133e-02
-3.136239999999999861e-02
-1.902480000000000143e-02
-1.291899999999999993e-02
-1.235280000000000059e-02
-1.475779999999999974e-02
-2.251500000000000029e-02
-3.524929999999999730e-02
-4.463040000000000063e-02
-4.993170000000000247e-02
-4.964899999999999869e-02
-4.815060000000000173e-02
-4.480340000000000017e-02
-3.460819999999999869e-02
-1.837779999999999969e-02
5.505979999999999729e-03
2.794589999999999921e-02
4.513509999999999744e-02
5.509150000000000158e-02
6.050400000000000222e-02
6.344450000000000089e-02
6.274319999999999897e-02
6.102400000000000185e-02
5.674810000000000271e-02
5.274190000000000128e-02
5.069610000000000088e-02
4.655739999999999879e-02
3.977470000000000311e-02
3.013570000000000138e-02
2.117899999999999991e-02
1.775679999999999967e-02
2.188669999999999852e-02
2.735800000000000037e-02
3.230840000000000101e-02
3.471749999999999836e-02
3.324200000000000071e-02
3.173999999999999738e-02
3.052159999999999943e-02
3.199040000000000217e-02
3.866809999999999692e-02
4.438600000000000184e-02
4.764240000000000141e-02
4.691250000000000281e-02
4.200569999999999998e-02
3.815430000000000210e-02
3.777019999999999683e-02
3.789010000000000294e-02
3.590430000000000010e-02
2.954330000000000150e-02
1.830189999999999942e-02
6.712870000000000122e-03
-2.363150000000000060e-03
-7.793210000000000068e-03
-1.603459999999999955e-02
-2.369289999999999938e-02
-2.612810000000000132e-02
-2.739199999999999968e-02
-2.813299999999999829e-02
-2.687530000000000127e-02
-2.403330000000000050e-02
-2.079239999999999908e-02
-1.969450000000000020e-02
-2.051259999999999889e-02
-2.551840000000000011e-02
-2.880150000000000071e-02
-2.922999999999999904e-02
-2.771900000000000058e-02
-2.468539999999999970e-02
-2.503129999999999938e-02
-2.751810000000000020e-02
-2.848140000000000047e-02
-3.013489999999999919e-02
-2.909130000000000049e-02
-2.614129999999999926e-02
-1.974369999999999944e-02
-1.054030000000000071e-02
-1.164969999999999981e-03
5.408470000000000291e-03
9.937190000000000259e-03
1.693860000000000157e-02
2.368759999999999963e-02
2.580450000000000105e-02
2.484060000000000087e-02
2.440749999999999864e-02
2.558240000000000167e-02
2.783659999999999954e-02
2.949020000000000113e-02
2.862599999999999867e-02
2.921690000000000051e-02
3.248000000000000193e-02
3.435250000000000109e-02
3.433440000000000103e-02
3.139920000000000211e-02
2.437490000000000143e-02
1.386850000000000062e-02
2.531890000000000182e-03
-5.650750000000000391e-03
-1.007189999999999995e-02
-1.079970000000000062e-02
-1.015150000000000080e-02
-8.026319999999999982e-03
-4.391860000000000035e-03
-9.685440000000000021e-04
-7.614899999999999751e-04
-5.231910000000000206e-03
-1.305869999999999947e-02
-2.055790000000000048e-02
-2.488929999999999962e-02
-2.586669999999999942e-02
-2.477060000000000026e-02
-2.324849999999999833e-02
-2.005370000000000069e-02
-1.739090000000000080e-02
-1.660879999999999995e-02
-1.419049999999999999e-02
-9.959279999999999175e-03
-3.137379999999999943e-03
6.335789999999999998e-03
1.370670000000000048e-02
1.360869999999999962e-02
8.634670000000000539e-03
-1.020759999999999897e-03
-9.344170000000000600e-03
-1.593649999999999928e-02
-2.134350000000000136e-02
-2.272860000000000158e-02
-2.377759999999999943e-02
-2.667239999999999889e-02
-3.431510000000000116e-02
-4.019720000000000237e-02
-3.948329999999999895e-02
-3.659339999999999815e-02
-3.208049999999999791e-02
-2.643600000000000116e-02
-2.396780000000000091e-02
-2.354480000000000114e-02
-2.347190000000000040e-02
-2.044570000000000068e-02
-1.396099999999999945e-02
-5.067150000000000300e-03
3.455399999999999965e-03
1.606950000000000045e-02
2.814329999999999957e-02
3.709509999999999891e-02
5.012710000000000082e-02
5.885750000000000010e-02
6.174040000000000084e-02
5.867100000000000093e-02
5.123520000000000157e-02
4.448919999999999958e-02
4.192259999999999737e-02
3.734040000000000276e-02
2.991900000000000115e-02
2.307800000000000129e-02
1.607990000000000114e-02
5.726329999999999962e-03
-7.512729999999999582e-03
-2.537309999999999913e-02
-3.964519999999999850e-02
-4.525420000000000137e-02
-4.284609999999999808e-02
-3.419230000000000186e-02
-2.470570000000000058e-02
-1.957679999999999837e-02
-1.593659999999999868e-02
-1.136430000000000079e-02
-5.780129999999999643e-03
8.414930000000000153e-04
8.377880000000000743e-03
1.426889999999999929e-02
1.698399999999999910e-02
1.820099999999999843e-02
1.775590000000000154e-02
1.698509999999999950e-02
1.632240000000000080e-02
1.720129999999999923e-02
1.869159999999999919e-02
1.780930000000000013e-02
1.850049999999999958e-02
2.133710000000000120e-02
2.244289999999999827e-02
2.165790000000000076e-02
1.976599999999999885e-02
1.646359999999999837e-02
1.277129999999999932e-02
9.592530000000000154e-03
9.852879999999999625e-03
1.358179999999999978e-02
1.878859999999999905e-02
2.421449999999999991e-02
2.392299999999999982e-02
2.198450000000000057e-02
2.055500000000000035e-02
1.906040000000000165e-02
1.724039999999999948e-02
1.574669999999999889e-02
1.424399999999999972e-02
1.428169999999999960e-02
1.394710000000000047e-02
1.258399999999999970e-02
5.078690000000000287e-03
-9.399199999999999916e-03
-2.372760000000000147e-02
-3.004830000000000001e-02
-3.575389999999999818e-02
-4.105659999999999865e-02
-4.192590000000000205e-02
-4.107229999999999909e-02
-3.918540000000000217e-02
-3.784690000000000276e-02
-3.733820000000000194e-02
-3.573710000000000081e-02
-3.351980000000000237e-02
-3.168519999999999670e-02
-2.635679999999999967e-02
-1.980480000000000088e-02
-1.286879999999999968e-02
-7.728490000000000186e-03
-7.192370000000000013e-03
-8.328129999999999561e-03
-9.770330000000000681e-03
-1.003159999999999989e-02
-1.062910000000000070e-02
-7.937960000000000849e-03
-2.164779999999999829e-03
8.644129999999999652e-04
4.628559999999999879e-04
-5.120060000000000063e-03
-1.428469999999999913e-02
-2.048859999999999917e-02
-1.869919999999999916e-02
-1.320679999999999944e-02
-5.014079999999999752e-03
6.180539999999999992e-03
1.427390000000000082e-02
1.727570000000000147e-02
1.642300000000000010e-02
1.336999999999999994e-02
9.670740000000000586e-03
9.944289999999999727e-03
1.241319999999999923e-02
1.397450000000000081e-02
1.541960000000000032e-02
1.516319999999999994e-02
1.291010000000000074e-02
7.384260000000000129e-03
5.936879999999999848e-04
-9.486579999999999666e-03
-1.556049999999999968e-02
-1.532279999999999927e-02
-1.041790000000000077e-02
-3.672250000000000167e-03
-3.332509999999999899e-03
-8.794720000000000662e-03
-2.123740000000000003e-02
-3.291360000000000119e-02
-4.039949999999999791e-02
-4.219429999999999709e-02
-3.837560000000000276e-02
-3.048850000000000171e-02
-1.861039999999999917e-02
-4.012700000000000121e-03
1.185070000000000047e-02
2.030850000000000016e-02
2.201209999999999972e-02
1.943759999999999932e-02
1.520320000000000005e-02
1.353870000000000073e-02
1.487190000000000040e-02
1.694659999999999916e-02
1.868979999999999947e-02
1.761810000000000112e-02
1.582489999999999938e-02
1.294069999999999943e-02
1.077670000000000017e-02
1.053639999999999959e-02
8.221149999999999985e-03
6.153320000000000317e-03
6.281130000000000220e-03
5.203740000000000102e-03
2.534359999999999825e-03
4.721449999999999866e-04
-1.653860000000000052e-03
-1.702060000000000031e-03
5.067179999999999823e-05
2.083269999999999914e-03
7.206910000000000399e-03
1.351139999999999980e-02
1.523629999999999950e-02
1.568999999999999909e-02
1.937600000000000086e-02
2.526319999999999955e-02
3.008560000000000054e-02
3.413780000000000286e-02
3.638399999999999967e-02
3.798730000000000162e-02
3.872300000000000048e-02
4.006810000000000233e-02
4.222999999999999671e-02
4.375570000000000154e-02
4.598089999999999816e-02
4.508539999999999770e-02
3.994000000000000328e-02
3.040270000000000125e-02
1.857550000000000173e-02
6.932699999999999974e-03
-1.541899999999999911e-03
-6.992889999999999870e-03
-1.061250000000000041e-02
-1.268799999999999963e-02
-1.294479999999999936e-02
-1.274680000000000084e-02
-1.539459999999999960e-02
-2.032569999999999863e-02
-2.439389999999999961e-02
-2.788329999999999975e-02
-2.756839999999999985e-02
-2.405099999999999946e-02
-1.919320000000000054e-02
-1.403899999999999940e-02
-1.297620000000000023e-02
-1.503099999999999922e-02
-1.676290000000000072e-02
-1.704220000000000040e-02
-1.436310000000000017e-02
-9.105409999999999546e-03
-1.589839999999999916e-03
4.657559999999999825e-03
9.144130000000000313e-03
1.184830000000000085e-02
1.340809999999999919e-02
1.432220000000000021e-02
1.416579999999999923e-02
1.601949999999999902e-02
1.977599999999999844e-02
1.982249999999999984e-02
1.716149999999999967e-02
1.079510000000000018e-02
4.031240000000000170e-03
6.476319999999999820e-04
-8.429839999999999643e-04
-4.786839999999999997e-04
-1.906069999999999943e-03
-4.779049999999999965e-03
-7.465170000000000139e-03
-1.041730000000000086e-02
-1.376469999999999951e-02
-1.731359999999999844e-02
-2.463989999999999930e-02
-3.329340000000000077e-02
-4.023059999999999831e-02
-4.414089999999999681e-02
-4.170329999999999870e-02
-3.697149999999999742e-02
-3.290130000000000138e-02
-3.074400000000000049e-02
-3.392440000000000039e-02
-3.806829999999999936e-02
-3.858160000000000062e-02
-3.767199999999999716e-02
-3.346640000000000031e-02
-3.004679999999999851e-02
-2.664669999999999886e-02
-2.250119999999999898e-02
-2.065950000000000078e-02
-2.172050000000000022e-02
-2.129899999999999849e-02
-2.061779999999999863e-02
-1.708969999999999934e-02
-1.209829999999999933e-02
-8.593230000000000313e-03
-5.879200000000000224e-03
-5.766710000000000412e-03
-7.118799999999999781e-03
-4.866129999999999761e-03
1.339469999999999940e-03
9.677939999999999460e-03
1.769789999999999905e-02
2.088080000000000144e-02
2.256319999999999854e-02
2.267020000000000146e-02
2.202640000000000153e-02
2.181390000000000065e-02
2.679600000000000037e-02
3.432469999999999966e-02
3.784370000000000095e-02
3.687719999999999887e-02
3.497279999999999833e-02
3.345619999999999844e-02
3.155240000000000128e-02
2.830219999999999958e-02
2.433820000000000081e-02
2.279219999999999857e-02
2.134410000000000127e-02
2.209090000000000012e-02
2.437140000000000140e-02
2.672820000000000057e-02
2.675080000000000166e-02
2.217560000000000017e-02
1.818809999999999871e-02
1.246159999999999976e-02
9.399100000000000510e-03
1.069469999999999969e-02
1.148680000000000014e-02
8.882829999999999546e-03
1.917290000000000097e-03
-5.844170000000000094e-03
-1.171050000000000042e-02
-1.548129999999999992e-02
-1.600450000000000136e-02
-1.526160000000000017e-02
-1.513759999999999932e-02
-1.308630000000000036e-02
-9.522900000000000809e-03
-5.925770000000000343e-03
-5.365729999999999979e-03
-7.676569999999999748e-03
-1.238900000000000071e-02
-1.519880000000000016e-02
-1.645869999999999972e-02
-1.571699999999999833e-02
-1.184400000000000036e-02
-7.603630000000000111e-03
-6.462700000000000042e-03
-7.451649999999999767e-03
-1.301229999999999921e-02
-2.114809999999999954e-02
-2.636049999999999852e-02
-2.601349999999999843e-02
-2.443570000000000117e-02
-2.395169999999999938e-02
-2.385030000000000136e-02
-2.272209999999999855e-02
-2.092300000000000063e-02
-2.273290000000000033e-02
-2.628559999999999924e-02
-2.845829999999999887e-02
-2.671149999999999913e-02
-2.481759999999999869e-02
-2.063270000000000035e-02
-1.714169999999999930e-02
-1.579610000000000042e-02
-1.494350000000000019e-02
-1.461950000000000055e-02
-1.441120000000000075e-02
-1.409979999999999914e-02
-1.412670000000000071e-02
-1.484199999999999929e-02
-1.193379999999999962e-02
-6.555110000000000277e-03
-2.905679999999999895e-03
-1.204259999999999966e-03
1.509770000000000014e-04
3.458440000000000125e-03
5.869929999999999766e-03
8.631839999999999999e-03
1.425309999999999945e-02
2.114629999999999982e-02
2.682779999999999887e-02
2.764569999999999875e-02
2.899909999999999988e-02
3.229710000000000220e-02
3.493059999999999915e-02
3.758539999999999798e-02
4.178130000000000038e-02
4.640369999999999912e-02
4.798960000000000031e-02
4.770579999999999959e-02
4.443480000000000346e-02
4.000970000000000221e-02
3.630590000000000206e-02
3.143270000000000092e-02
2.953199999999999922e-02
2.811570000000000041e-02
2.774400000000000130e-02
2.738499999999999962e-02
2.500979999999999870e-02
2.081879999999999842e-02
1.804559999999999845e-02
1.459560000000000024e-02
1.195719999999999943e-02
6.595769999999999932e-03
7.268990000000000347e-04
-4.577129999999999567e-03
-8.043109999999999149e-03
-9.953899999999999901e-03
-1.175320000000000011e-02
-1.901569999999999996e-02
-2.730449999999999891e-02
-3.172110000000000207e-02
-3.137920000000000292e-02
-2.964160000000000059e-02
-2.844570000000000085e-02
-2.597139999999999865e-02
-2.062780000000000169e-02
-1.449059999999999931e-02
-1.024910000000000057e-02
-5.833020000000000392e-03
-2.271819999999999916e-03
-8.021019999999999582e-04
2.013360000000000063e-03
7.110420000000000108e-03
1.028880000000000072e-02
1.419809999999999996e-02
1.660899999999999876e-02
1.670750000000000013e-02
1.698749999999999913e-02
1.760460000000000150e-02
1.937929999999999861e-02
1.853300000000000086e-02
1.624979999999999827e-02
1.230780000000000068e-02
9.271230000000000096e-03
5.458320000000000012e-03
4.212249999999999849e-03
2.749280000000000213e-03
2.215749999999999838e-03
4.261209999999999651e-03
5.951689999999999932e-03
5.370920000000000381e-03
4.739690000000000396e-03
3.115339999999999863e-03
2.613240000000000181e-03
3.111870000000000087e-03
1.428610000000000079e-03
-2.193960000000000007e-03
-3.094850000000000118e-03
-2.963620000000000143e-03
-5.049340000000000252e-03
-5.591709999999999736e-03
-3.589109999999999957e-03
-2.782239999999999843e-04
1.624739999999999952e-03
2.360829999999999960e-03
2.694119999999999935e-03
1.979030000000000112e-03
1.902229999999999980e-03
3.515369999999999866e-03
5.476289999999999977e-03
6.718560000000000157e-03
6.383019999999999666e-03
5.191489999999999994e-03
4.476149999999999921e-03
3.387960000000000190e-03
2.425259999999999829e-03
-1.302030000000000028e-03
-4.094590000000000382e-03
-7.897780000000000078e-03
-1.114970000000000024e-02
-1.462040000000000041e-02
-1.974340000000000123e-02
-2.403910000000000075e-02
-2.629789999999999905e-02
-2.670389999999999917e-02
-2.822289999999999868e-02
-2.926749999999999838e-02
-2.437109999999999971e-02
-1.622180000000000150e-02
-8.493650000000000158e-03
-2.809970000000000176e-03
-2.765409999999999830e-03
-8.598909999999999540e-03
-1.702789999999999859e-02
-2.235209999999999975e-02
-2.461510000000000087e-02
-2.397430000000000047e-02
-2.291380000000000153e-02
-2.198440000000000116e-02
-2.087989999999999985e-02
-1.922619999999999885e-02
-1.586829999999999838e-02
-1.369860000000000001e-02
-1.149889999999999940e-02
-6.481540000000000044e-03
-1.381829999999999907e-03
5.831420000000000353e-04
4.482210000000000035e-04
6.168499999999999504e-04
8.575059999999999584e-04
2.784319999999999851e-03
4.562749999999999966e-03
4.356139999999999665e-03
3.936399999999999622e-03
3.858299999999999837e-03
3.552280000000000108e-03
2.876109999999999865e-03
3.098949999999999730e-04
-1.348409999999999973e-03
-1.194479999999999934e-03
-1.098470000000000045e-03
-1.658140000000000005e-03
-3.602000000000000167e-03
-5.326380000000000350e-03
-2.571799999999999954e-03
1.432990000000000088e-03
6.684970000000000148e-03
1.212809999999999930e-02
1.472110000000000085e-02
1.409430000000000058e-02
1.315189999999999935e-02
1.256020000000000053e-02
1.160180000000000065e-02
1.079950000000000007e-02
9.912680000000000102e-03
1.039649999999999949e-02
1.193780000000000015e-02
1.156959999999999933e-02
7.826839999999999839e-03
3.305900000000000071e-03
-7.693689999999999991e-04
-3.402950000000000072e-03
-4.948600000000000047e-03
-7.327769999999999943e-03
-6.999670000000000371e-03
-5.168410000000000018e-03
-3.962290000000000256e-03
-3.122230000000000144e-03
-3.139320000000000131e-03
-3.180720000000000162e-03
-3.097690000000000166e-03
-3.211809999999999839e-03
-3.322449999999999796e-03
-6.021529999999999765e-03
-8.209650000000000628e-03
-1.031100000000000072e-02
-1.083719999999999996e-02
-9.894850000000000173e-03
-1.132520000000000054e-02
-1.314489999999999929e-02
-1.516990000000000005e-02
-1.559420000000000077e-02
-1.618730000000000169e-02
-1.490640000000000021e-02
-1.309779999999999972e-02
-1.040480000000000051e-02
-1.012979999999999957e-02
-1.063000000000000056e-02
-1.225410000000000041e-02
-1.200389999999999964e-02
-9.887530000000000277e-03
-7.569890000000000126e-03
-6.784649999999999709e-03
-5.898429999999999646e-03
-7.656849999999999767e-03
-8.848490000000000522e-03
-7.695289999999999596e-03
-6.319889999999999883e-03
-2.649359999999999910e-03
1.897870000000000069e-03
3.320749999999999917e-03
2.839219999999999938e-03
4.061599999999999737e-04
-1.481609999999999958e-03
-3.254459999999999818e-03
-5.469540000000000166e-03
-8.001070000000000751e-03
-9.878140000000000531e-03
-1.212120000000000038e-02
-1.149069999999999953e-02
-9.925309999999999688e-03
-8.942250000000000545e-03
-7.229039999999999945e-03
-2.427760000000000161e-03
4.671070000000000257e-03
1.026520000000000037e-02
1.433180000000000044e-02
1.621150000000000022e-02
1.621140000000000081e-02
1.809780000000000069e-02
2.041099999999999859e-02
2.230700000000000044e-02
2.264060000000000031e-02
2.198260000000000144e-02
2.135259999999999936e-02
2.024379999999999930e-02
1.706289999999999890e-02
1.523240000000000011e-02
1.236680000000000071e-02
9.475880000000000761e-03
7.483159999999999985e-03
7.868929999999999675e-03
1.064389999999999954e-02
1.379069999999999949e-02
1.720640000000000017e-02
1.745520000000000058e-02
1.444059999999999962e-02
1.155579999999999975e-02
9.003729999999999720e-03
7.783520000000000369e-03
7.644759999999999577e-03
7.614120000000000263e-03
5.764749999999999909e-03
2.095969999999999951e-03
-2.697530000000000067e-03
-6.535860000000000107e-03
-7.470509999999999651e-03
-7.268369999999999692e-03
-5.503029999999999901e-03
-2.625929999999999844e-03
1.932590000000000089e-03
5.499310000000000309e-03
7.518020000000000258e-03
7.930609999999999396e-03
5.936860000000000401e-03
1.027710000000000038e-03
-3.858780000000000023e-03
-7.140350000000000169e-03
-8.347270000000000384e-03
-1.018020000000000036e-02
-9.552679999999999158e-03
-8.167030000000000470e-03
-7.868730000000000863e-03
-1.075500000000000067e-02
-1.483300000000000070e-02
-1.702969999999999831e-02
-1.782049999999999954e-02
-1.709420000000000037e-02
-1.463279999999999963e-02
-9.422830000000000095e-03
-4.408460000000000330e-03
2.248060000000000021e-04
2.165429999999999872e-03
2.744100000000000185e-03
4.082090000000000024e-03
6.919790000000000316e-03
1.085370000000000085e-02
1.595239999999999853e-02
2.078549999999999842e-02
2.470110000000000014e-02
2.497699999999999920e-02
2.399499999999999897e-02
2.358630000000000101e-02
2.301780000000000145e-02
2.387879999999999864e-02
2.632980000000000043e-02
2.837080000000000157e-02
2.855279999999999971e-02
2.717409999999999964e-02
2.473979999999999929e-02
2.088469999999999910e-02
1.868620000000000003e-02
1.945559999999999998e-02
1.946430000000000035e-02
1.975290000000000032e-02
1.830949999999999939e-02
1.826219999999999927e-02
1.847909999999999831e-02
2.072629999999999958e-02
2.321120000000000128e-02
2.241840000000000152e-02
1.781709999999999891e-02
1.575319999999999845e-02
1.527979999999999963e-02
1.398770000000000048e-02
1.307050000000000052e-02
1.340930000000000073e-02
1.328750000000000070e-02
1.097539999999999974e-02
8.908710000000000240e-03
5.521990000000000058e-03
2.986389999999999791e-03
2.829819999999999818e-03
4.283669999999999839e-03
5.999159999999999909e-03
7.626230000000000335e-03
7.787750000000000401e-03
6.680199999999999853e-03
5.981239999999999647e-03
3.651750000000000048e-03
3.760579999999999831e-05
-5.413980000000000094e-04
5.375710000000000341e-04
1.988540000000000012e-03
1.316569999999999980e-03
1.459519999999999958e-03
1.095410000000000003e-03
-8.472500000000000213e-04
-1.329529999999999991e-03
7.893290000000000451e-05
1.286959999999999970e-03
1.337880000000000059e-03
2.751099999999999813e-03
2.977619999999999833e-03
8.548299999999999996e-04
-2.641090000000000017e-03
-7.356109999999999906e-03
-1.482050000000000034e-02
-2.007060000000000094e-02
-2.100569999999999868e-02
-2.072430000000000105e-02
-1.994020000000000167e-02
-1.750420000000000101e-02
-1.569080000000000127e-02
-1.724799999999999944e-02
-1.771000000000000005e-02
-1.667899999999999938e-02
-1.485670000000000046e-02
-1.487360000000000071e-02
-1.347910000000000080e-02
-1.391399999999999929e-02
-1.456709999999999949e-02
-1.550610000000000009e-02
-1.889419999999999988e-02
-2.126300000000000065e-02
-2.177259999999999959e-02
-2.387239999999999848e-02
-2.461580000000000018e-02
-2.310399999999999954e-02
-2.461390000000000106e-02
-2.608859999999999998e-02
-2.649220000000000047e-02
-2.754059999999999842e-02
-2.670509999999999898e-02
-2.538899999999999837e-02
-2.312049999999999869e-02
-1.930870000000000156e-02
-1.474280000000000035e-02
-1.306299999999999996e-02
-1.209370000000000063e-02
-8.767119999999999774e-03
-7.199320000000000372e-03
-7.170809999999999684e-03
-7.147680000000000006e-03
-8.871550000000000616e-03
-1.013949999999999921e-02
-9.590519999999999948e-03
-7.569339999999999923e-03
-5.090220000000000335e-03
-3.316019999999999818e-03
-4.515310000000000244e-04
1.220949999999999943e-03
2.057259999999999991e-03
3.301019999999999996e-03
4.142120000000000003e-03
5.913739999999999795e-03
7.331189999999999582e-03
6.693789999999999810e-03
7.515879999999999957e-03
8.159420000000000561e-03
9.786950000000000857e-03
1.395869999999999923e-02
1.609259999999999857e-02
1.481099999999999951e-02
1.364199999999999961e-02
1.300390000000000053e-02
1.050019999999999946e-02
6.625409999999999980e-03
5.645200000000000391e-03
4.992960000000000280e-03
1.255089999999999938e-03
-5.287580000000000491e-04
-9.492749999999999669e-04
-3.962410000000000411e-03
-2.987730000000000073e-03
-9.918150000000000577e-04
-1.705799999999999938e-03
-2.066810000000000088e-03
-2.196739999999999977e-03
-2.386769999999999864e-03
-2.715110000000000180e-03
-3.450780000000000080e-03
-6.678739999999999850e-03
-7.398939999999999684e-03
-7.892820000000000044e-03
-9.298239999999999283e-03
-9.169250000000000317e-03
-1.041090000000000071e-02
-1.066399999999999987e-02
-1.020290000000000086e-02
-9.910729999999999540e-03
-9.688630000000000159e-03
-9.331920000000000492e-03
-9.020840000000000455e-03
-9.332299999999999970e-03
-1.152489999999999938e-02
-1.235699999999999993e-02
-1.296980000000000008e-02
-1.286280000000000062e-02
-1.013310000000000079e-02
-7.001860000000000375e-03
-4.374099999999999690e-03
-1.713530000000000001e-03
-8.113589999999999951e-04
-5.642019999999999761e-04
1.740259999999999984e-03
3.169720000000000003e-03
1.555919999999999916e-03
-9.345920000000000399e-04
-2.208930000000000008e-03
-4.813269999999999701e-03
-7.171489999999999983e-03
-9.092750000000000138e-03
-8.819379999999999928e-03
-8.024830000000000158e-03
-8.416639999999999538e-03
-8.425449999999999259e-03
-6.845000000000000390e-03
-4.875690000000000232e-03
-3.560960000000000167e-03
-1.776210000000000072e-03
-7.776750000000000242e-04
-2.536300000000000013e-03
-4.929580000000000246e-03
-7.062900000000000428e-03
-1.100699999999999942e-02
-1.234619999999999988e-02
-1.393409999999999961e-02
-1.375069999999999938e-02
-1.113749999999999983e-02
-9.485000000000000375e-03
-8.595079999999999734e-03
-8.396400000000000044e-03
-8.654709999999999487e-03
-8.032299999999999163e-03
-5.668689999999999667e-03
-3.901260000000000144e-03
-1.732739999999999975e-03
-6.074799999999999775e-04
-1.039559999999999920e-03
-2.871079999999999813e-03
-3.081389999999999824e-03
-2.134860000000000143e-03
-1.603430000000000090e-03
5.408900000000000340e-04
4.988160000000000163e-03
6.506269999999999762e-03
8.066129999999999481e-03
1.103389999999999926e-02
1.300270000000000072e-02
1.284539999999999987e-02
1.375129999999999929e-02
1.644560000000000119e-02
1.977560000000000082e-02
2.000029999999999863e-02
1.898330000000000156e-02
1.867610000000000103e-02
1.803060000000000079e-02
1.743940000000000073e-02
1.672289999999999888e-02
1.626029999999999837e-02
1.556510000000000012e-02
1.623809999999999837e-02
1.662680000000000061e-02
1.413440000000000009e-02
1.090799999999999929e-02
7.276730000000000351e-03
4.398449999999999929e-03
4.431479999999999794e-03
4.425229999999999615e-03
4.256890000000000153e-03
4.804110000000000325e-03
7.195710000000000127e-03
8.306559999999999291e-03
7.793590000000000413e-03
6.179010000000000405e-03
6.030449999999999700e-03
7.527410000000000004e-03
7.365039999999999781e-03
6.963389999999999858e-03
6.892330000000000331e-03
6.263760000000000161e-03
5.088900000000000368e-03
6.136850000000000117e-03
6.181299999999999815e-03
7.173859999999999786e-03
7.798310000000000138e-03
7.766860000000000430e-03
9.069400000000000031e-03
8.889920000000000808e-03
8.402810000000000140e-03
9.571599999999999553e-03
1.177289999999999934e-02
1.346370000000000032e-02
1.511939999999999985e-02
1.672360000000000166e-02
1.832800000000000054e-02
1.926169999999999966e-02
1.823220000000000049e-02
1.443949999999999921e-02
1.220410000000000071e-02
8.832909999999999373e-03
6.243460000000000155e-03
4.937529999999999870e-03
1.445579999999999912e-03
-1.457890000000000097e-03
-3.818049999999999916e-03
-3.971709999999999824e-03
-3.886750000000000014e-03
-4.130459999999999861e-03
-4.078550000000000231e-03
-4.102230000000000112e-03
-4.061180000000000172e-03
-4.092590000000000117e-03
-4.387020000000000156e-03
-6.501449999999999764e-03
-8.159049999999999289e-03
-7.821579999999999852e-03
-8.940880000000000008e-03
-9.741049999999999362e-03
-8.566529999999999284e-03
-6.112270000000000376e-03
-3.359130000000000102e-03
-2.291790000000000146e-03
-2.290659999999999918e-03
-2.248159999999999915e-03
-2.703010000000000048e-03
-4.372230000000000387e-03
-4.346199999999999716e-03
-5.411850000000000167e-03
-6.155489999999999573e-03
-6.162879999999999921e-03
-8.314419999999999450e-03
-9.551389999999999880e-03
-1.149629999999999923e-02
-1.555269999999999916e-02
-1.686469999999999983e-02
-1.832019999999999829e-02
-2.003570000000000004e-02
-2.105239999999999889e-02
-2.245619999999999908e-02
-2.259589999999999863e-02
-2.110669999999999907e-02
-1.878739999999999924e-02
-1.624779999999999974e-02
-1.377639999999999941e-02
-1.324350000000000006e-02
-1.446069999999999994e-02
-1.363950000000000058e-02
-1.204369999999999920e-02
-1.215010000000000048e-02
-1.221999999999999996e-02
-1.065639999999999990e-02
-7.068229999999999999e-03
-2.077690000000000092e-03
1.297570000000000060e-03
3.080049999999999975e-03
3.630079999999999939e-03
5.894990000000000126e-03
8.360160000000000161e-03
8.579969999999999264e-03
8.566119999999999984e-03
8.790120000000000225e-03
8.812350000000000044e-03
9.161159999999999790e-03
1.145619999999999972e-02
1.297659999999999959e-02
1.265780000000000030e-02
1.238030000000000033e-02
1.223630000000000030e-02
1.253559999999999917e-02
1.467360000000000018e-02
1.574630000000000127e-02
1.629720000000000127e-02
1.673909999999999981e-02
1.606080000000000008e-02
1.549969999999999994e-02
1.579710000000000142e-02
1.771669999999999842e-02
1.918850000000000069e-02
1.910529999999999867e-02
1.849390000000000062e-02
1.938959999999999989e-02
1.736940000000000012e-02
1.538169999999999989e-02
1.455500000000000023e-02
1.419690000000000014e-02
1.163080000000000017e-02
8.410259999999999264e-03
7.442780000000000402e-03
1.175119999999999984e-02
1.237949999999999988e-02
1.176390000000000075e-02
1.241489999999999955e-02
1.387320000000000046e-02
1.421230000000000063e-02
1.294269999999999969e-02
1.215439999999999923e-02
1.066040000000000043e-02
7.454760000000000379e-03
5.211379999999999832e-03
3.424539999999999789e-03
3.358300000000000152e-04
-8.446740000000000108e-04
-3.289260000000000014e-03
-4.979520000000000300e-03
-6.230920000000000035e-03
-7.236040000000000007e-03
-8.724140000000000020e-03
-9.100389999999999868e-03
-8.687759999999999233e-03
-8.585360000000000213e-03
-8.393229999999999788e-03
-7.937249999999999861e-03
-5.700180000000000004e-03
-3.807080000000000013e-03
-3.883830000000000008e-03
-3.945180000000000388e-03
-3.928540000000000330e-03
-4.250639999999999974e-03
-6.367539999999999659e-03
-8.029410000000000713e-03
-7.827340000000000339e-03
-7.654310000000000107e-03
-9.140360000000000151e-03
-8.930179999999999368e-03
-7.063299999999999787e-03
-5.739440000000000167e-03
-4.507979999999999973e-03
-3.029739999999999951e-03
-2.139519999999999790e-03
-2.633869999999999961e-03
-1.698139999999999893e-03
-6.058479999999999768e-04
6.000520000000000072e-04
1.376810000000000013e-03
3.041159999999999784e-03
5.174510000000000220e-03
7.053330000000000016e-03
8.870970000000000591e-03
1.055550000000000065e-02
1.209389999999999944e-02
1.303239999999999954e-02
1.206849999999999937e-02
1.094050000000000057e-02
9.932619999999999644e-03
8.635479999999999198e-03
6.405899999999999962e-03
6.573840000000000065e-03
6.108849999999999870e-03
6.086979999999999648e-03
7.670999999999999867e-03
7.200980000000000054e-03
5.912790000000000233e-03
5.039110000000000290e-03
3.147399999999999851e-03
-2.101059999999999972e-04
-1.750940000000000092e-03
-2.209039999999999788e-03
-3.532040000000000179e-03
-6.446030000000000162e-03
-8.150130000000000222e-03
-8.186970000000000011e-03
-8.630250000000000768e-03
-8.924909999999999441e-03
-9.212780000000000274e-03
-9.323339999999999406e-03
-1.226619999999999967e-02
-1.752159999999999829e-02
-2.118089999999999903e-02
-2.179829999999999962e-02
-2.329080000000000039e-02
-2.429059999999999900e-02
-2.355979999999999880e-02
-2.610370000000000051e-02
-2.832230000000000164e-02
-2.930599999999999872e-02
-3.051589999999999858e-02
-3.019600000000000062e-02
-2.699150000000000160e-02
-2.359009999999999926e-02
-2.152930000000000121e-02
-1.906259999999999899e-02
-1.673459999999999878e-02
-1.357090000000000032e-02
-1.200599999999999931e-02
-1.165500000000000043e-02
-1.079130000000000020e-02
-1.127940000000000019e-02
-1.179930000000000041e-02
-1.268719999999999917e-02
-1.411860000000000025e-02
-1.366530000000000002e-02
-1.170180000000000005e-02
-9.696069999999999342e-03
-9.086900000000000185e-03
-8.409919999999999549e-03
-7.141770000000000410e-03
-4.941130000000000175e-03
-4.290079999999999935e-03
-2.716479999999999850e-03
-1.212140000000000006e-03
-1.403619999999999955e-03
-2.513000000000000043e-03
-2.336130000000000064e-03
-1.638109999999999913e-03
-1.338409999999999947e-03
5.444220000000000266e-04
1.603320000000000092e-03
8.826479999999999829e-04
-1.163250000000000004e-03
-3.184750000000000081e-03
-3.446569999999999929e-03
-2.809129999999999960e-03
-2.291539999999999896e-03
-1.882020000000000090e-03
-1.927449999999999986e-04
1.302140000000000025e-03
1.622200000000000074e-03
1.918940000000000055e-03
3.083629999999999965e-03
4.716060000000000217e-03
6.155429999999999929e-03
8.754639999999999297e-03
1.123880000000000018e-02
1.310120000000000035e-02
1.280109999999999928e-02
1.367140000000000022e-02
1.455719999999999931e-02
1.542860000000000065e-02
1.490430000000000053e-02
1.285659999999999928e-02
1.133039999999999915e-02
9.914090000000000402e-03
9.630190000000000278e-03
9.351850000000000093e-03
9.015910000000000243e-03
8.666699999999999404e-03
7.412799999999999771e-03
4.791459999999999990e-03
3.801380000000000037e-03
2.320319999999999848e-03
3.328549999999999998e-03
8.322549999999999740e-03
1.177079999999999967e-02
1.338459999999999997e-02
1.525699999999999973e-02
1.443859999999999935e-02
1.298140000000000058e-02
1.262659999999999998e-02
9.598109999999999975e-03
6.334620000000000008e-03
4.363070000000000143e-03
3.125419999999999848e-03
1.718939999999999965e-03
2.558579999999999752e-04
-4.277020000000000192e-04
1.206070000000000059e-03
2.476840000000000118e-03
3.541250000000000127e-03
4.777980000000000248e-03
5.595779999999999851e-03
5.085010000000000051e-03
3.326620000000000184e-03
2.838429999999999859e-03
2.917649999999999931e-03
2.685149999999999863e-03
2.576419999999999839e-03
2.455199999999999830e-03
2.437009999999999871e-03
2.244879999999999879e-03
2.230830000000000053e-03
8.470310000000000426e-04
-3.495910000000000076e-04
-1.515920000000000028e-03
-2.032040000000000148e-03
-7.794689999999999735e-04
3.953760000000000174e-04
3.428819999999999741e-04
3.304639999999999856e-04
4.637110000000000060e-04
5.875989999999999555e-04
6.564119999999999894e-04
1.808399999999999938e-03
2.678199999999999938e-03
2.789439999999999802e-03
4.354039999999999994e-03
4.423329999999999623e-03
4.044579999999999877e-03
3.911519999999999928e-03
3.385959999999999925e-03
1.564960000000000006e-03
1.119769999999999967e-03
1.245430000000000061e-03
1.070379999999999899e-03
9.560260000000000112e-04
9.323789999999999986e-04
8.682159999999999964e-04
9.194360000000000380e-04
-2.818319999999999810e-04
-1.394920000000000014e-03
-1.172580000000000107e-03
-6.932820000000000345e-04
1.666310000000000057e-03
2.939900000000000065e-03
3.893359999999999790e-03
4.638029999999999584e-03
4.265579999999999719e-03
3.449620000000000030e-03
8.398999999999999782e-04
-6.044079999999999635e-04
-5.228760000000000265e-04
-4.983400000000000026e-04
-7.915980000000000195e-04
1.825929999999999914e-04
1.479620000000000067e-03
2.557699999999999991e-03
3.138820000000000065e-03
2.758529999999999923e-03
2.523560000000000213e-03
2.354230000000000125e-03
2.105650000000000143e-03
1.756629999999999910e-03
-1.230819999999999983e-04
-2.341440000000000188e-03
-3.208920000000000088e-03
-5.545610000000000296e-03
-7.943759999999999363e-03
-9.817080000000000597e-03
-9.904639999999999278e-03
-9.089009999999999798e-03
-8.732770000000000810e-03
-7.178930000000000033e-03
-4.212920000000000206e-03
-1.476490000000000007e-03
5.007920000000000123e-04
7.645139999999999922e-04
6.984670000000000331e-04
-4.324530000000000149e-04
-3.071470000000000190e-03
-5.400030000000000108e-03
-6.864320000000000144e-03
-6.574339999999999698e-03
-6.160969999999999988e-03
-5.840839999999999921e-03
-5.450990000000000175e-03
-5.009060000000000075e-03
-4.649089999999999820e-03
-4.263059999999999940e-03
-3.923649999999999881e-03
-3.563590000000000160e-03
-3.217620000000000029e-03
-3.492040000000000075e-03
-5.539439999999999642e-03
-6.399469999999999985e-03
-5.811270000000000324e-03
-7.122540000000000121e-03
-8.896499999999999894e-03
-8.227430000000000854e-03
-8.324530000000000124e-03
-8.929090000000000638e-03
-8.073500000000000815e-03
-7.242079999999999698e-03
-6.571839999999999800e-03
-5.905920000000000267e-03
-5.157209999999999746e-03
-4.385720000000000070e-03
-2.308789999999999801e-03
-1.109259999999999934e-03
-9.335559999999999909e-04
5.378380000000000096e-04
3.380199999999999871e-03
6.127279999999999706e-03
8.042320000000000371e-03
9.091570000000000207e-03
1.030849999999999995e-02
1.046030000000000050e-02
1.007240000000000045e-02
1.147570000000000014e-02
1.207030000000000082e-02
1.444939999999999940e-02
1.788580000000000031e-02
1.836300000000000085e-02
1.737340000000000065e-02
1.826329999999999967e-02
1.790500000000000078e-02
1.681370000000000087e-02
1.591899999999999912e-02
1.641540000000000013e-02
1.641799999999999857e-02
1.525909999999999940e-02
1.437719999999999970e-02
1.355050000000000004e-02
1.267949999999999980e-02
1.179670000000000024e-02
1.098619999999999979e-02
1.019579999999999965e-02
8.731030000000000735e-03
5.581440000000000012e-03
3.722810000000000008e-03
1.900259999999999970e-03
-8.255880000000000380e-04
-5.579769999999999739e-04
6.363060000000000027e-04
2.674339999999999877e-04
-1.532989999999999917e-03
-2.339739999999999875e-03
-2.310480000000000173e-03
-2.473969999999999815e-03
-2.698379999999999789e-03
-2.751809999999999933e-03
-2.880380000000000093e-03
-2.949559999999999942e-03
-3.070859999999999909e-03
-3.942890000000000110e-03
-6.533630000000000340e-03
-7.599210000000000340e-03
-1.061679999999999915e-02
-1.302150000000000009e-02
-1.160319999999999928e-02
-9.875089999999999563e-03
-9.634389999999999621e-03
-9.384589999999999946e-03
-8.803689999999999433e-03
-8.493119999999999836e-03
-8.126420000000000518e-03
-8.884059999999999180e-03
-1.092070000000000020e-02
-1.118420000000000004e-02
-1.036510000000000035e-02
-9.960280000000000175e-03
-1.045659999999999992e-02
-1.232360000000000053e-02
-1.231580000000000001e-02
-1.190530000000000060e-02
-1.282310000000000047e-02
-1.246440000000000048e-02
-1.132999999999999979e-02
-1.064790000000000007e-02
-8.313990000000000269e-03
-7.106450000000000267e-03
-6.632489999999999566e-03
-6.103199999999999598e-03
-4.209649999999999677e-03
-2.580190000000000001e-03
-1.024750000000000053e-03
4.515690000000000264e-04
1.765220000000000070e-03
3.280340000000000079e-03
4.305319999999999633e-03
4.156629999999999700e-03
4.597010000000000332e-03
6.072329999999999915e-03
6.087060000000000040e-03
5.802879999999999844e-03
7.053430000000000290e-03
7.581690000000000304e-03
6.858310000000000274e-03
7.662340000000000123e-03
8.590920000000000153e-03
9.591910000000000366e-03
9.859470000000000386e-03
9.345880000000000853e-03
8.047810000000000727e-03
6.203229999999999682e-03
4.689660000000000009e-03
3.228969999999999844e-03
1.284299999999999938e-03
-1.140450000000000101e-03
-9.215649999999999493e-04
-3.171479999999999959e-03
-3.816210000000000001e-03
-2.507489999999999806e-03
-2.462960000000000149e-03
-2.511180000000000009e-03
-2.202309999999999858e-03
-3.262489999999999835e-03
-4.099030000000000035e-03
-3.658509999999999800e-03
-3.399800000000000131e-03
-3.275720000000000194e-03
-3.027170000000000034e-03
-4.050729999999999782e-03
-4.637829999999999904e-03
-4.037619999999999577e-03
-3.832749999999999786e-03
-3.515819999999999796e-03
-3.296879999999999863e-03
-2.972160000000000166e-03
-2.507259999999999871e-03
-5.167439999999999707e-04
-1.020789999999999935e-03
-2.338170000000000092e-03
-3.304779999999999784e-03
-3.476969999999999800e-03
-1.523609999999999895e-03
-2.963120000000000185e-04
2.117400000000000185e-03
3.464500000000000132e-03
4.650640000000000156e-03
5.364960000000000215e-03
5.002440000000000359e-03
5.634990000000000311e-03
7.807729999999999705e-03
8.707289999999999475e-03
9.796680000000000318e-03
1.162790000000000004e-02
1.121349999999999951e-02
1.045309999999999989e-02
9.860129999999999936e-03
7.955389999999999684e-03
6.590430000000000420e-03
5.880550000000000013e-03
3.904719999999999979e-03
3.490839999999999829e-03
3.142840000000000043e-03
1.133319999999999944e-03
-1.533150000000000051e-03
-1.476799999999999901e-03
-1.607310000000000032e-03
-3.694910000000000035e-04
5.362980000000000481e-04
1.943810000000000026e-03
2.122010000000000129e-03
1.907309999999999952e-03
1.595250000000000097e-03
2.848610000000000118e-03
3.640019999999999888e-03
4.634840000000000314e-03
4.534490000000000395e-03
5.028709999999999604e-03
5.813200000000000138e-03
5.247280000000000000e-03
4.618279999999999781e-03
4.256369999999999772e-03
3.707559999999999936e-03
3.283949999999999890e-03
2.748829999999999850e-03
2.168020000000000103e-03
2.243910000000000002e-04
-4.508609999999999918e-04
-6.243099999999999908e-04
-8.866090000000000082e-04
-1.096399999999999979e-03
-1.409860000000000084e-04
-1.421270000000000085e-03
-2.146630000000000066e-03
-2.141099999999999948e-03
-2.441379999999999939e-03
-4.079730000000000162e-03
-5.338889999999999782e-03
-6.673580000000000137e-03
-7.016279999999999739e-03
-6.669579999999999606e-03
-8.176100000000000381e-03
-1.026859999999999926e-02
-1.150149999999999957e-02
-1.372209999999999923e-02
-1.365899999999999927e-02
-1.277269999999999968e-02
-1.247529999999999993e-02
-1.186899999999999934e-02
-1.138579999999999974e-02
-1.076700000000000053e-02
-1.145159999999999928e-02
-1.322740000000000027e-02
-1.326229999999999944e-02
-1.227740000000000081e-02
-1.177010000000000035e-02
-1.110919999999999963e-02
-1.046330000000000003e-02
-9.752550000000000455e-03
-9.215060000000000612e-03
-7.956929999999999212e-03
-5.060249999999999644e-03
-3.282419999999999869e-03
-3.214980000000000095e-03
-2.818939999999999814e-03
-2.430320000000000136e-03
-2.762010000000000073e-03
-4.969549999999999662e-03
-5.703569999999999821e-03
-4.992779999999999614e-03
-4.243580000000000269e-03
-1.741549999999999912e-03
1.117160000000000071e-03
3.658209999999999847e-03
4.799509999999999887e-03
6.110090000000000313e-03
6.776220000000000333e-03
6.298100000000000052e-03
6.269460000000000137e-03
6.054460000000000224e-03
7.586260000000000052e-03
9.395610000000000420e-03
9.425239999999999660e-03
8.652480000000000587e-03
9.675299999999999526e-03
1.031299999999999925e-02
1.138240000000000085e-02
1.286739999999999932e-02
1.256780000000000050e-02
1.156560000000000053e-02
1.105530000000000054e-02
9.019420000000000215e-03
7.310320000000000359e-03
5.393239999999999666e-03
4.761409999999999774e-03
4.454139999999999662e-03
3.886870000000000169e-03
2.116970000000000136e-03
7.572149999999999931e-04
-5.995170000000000403e-04
-9.713389999999999915e-04
-2.189519999999999921e-03
-4.807719999999999702e-03
-5.142459999999999740e-03
-4.827660000000000111e-03
-4.377210000000000302e-03
-3.483260000000000176e-03
-2.400160000000000141e-03
-1.876410000000000014e-03
-2.842480000000000202e-04
7.526440000000000398e-05
-1.255750000000000030e-04
-1.376100000000000055e-04
-9.232949999999999751e-05
-1.734120000000000127e-04
-9.570790000000000569e-05
-3.310559999999999827e-04
8.063919999999999595e-04
1.940710000000000005e-03
2.817860000000000156e-03
1.177110000000000092e-03
-9.573300000000000516e-04
-9.033959999999999950e-04
-8.467729999999999918e-04
-1.037010000000000102e-03
-9.975319999999999760e-04
-1.575540000000000057e-03
-2.872570000000000071e-03
-3.997790000000000198e-03
-4.867840000000000014e-03
-4.592200000000000275e-03
-4.353740000000000041e-03
-4.219520000000000041e-03
-3.973899999999999828e-03
-4.986960000000000351e-03
-7.076759999999999648e-03
-7.211709999999999648e-03
-6.583760000000000133e-03
-6.288329999999999961e-03
-5.924330000000000221e-03
-5.486930000000000106e-03
-5.056729999999999732e-03
-4.712209999999999663e-03
-4.277509999999999993e-03
-3.975479999999999986e-03
-2.347409999999999861e-03
-9.714759999999999802e-04
-1.023129999999999916e-03
-7.193119999999999462e-04
-5.844580000000000478e-04
6.815229999999999596e-04
1.860090000000000007e-03
1.805900000000000040e-03
1.802959999999999936e-03
2.016469999999999808e-03
2.165189999999999997e-03
2.181010000000000153e-03
2.206060000000000139e-03
2.179990000000000139e-03
2.776020000000000137e-03
4.136940000000000409e-03
4.183809999999999613e-03
2.752060000000000183e-03
1.869259999999999975e-03
2.181100000000000053e-03
1.986059999999999996e-03
2.934439999999999965e-03
4.160699999999999815e-03
5.363240000000000021e-03
6.035699999999999746e-03
5.532709999999999712e-03
6.361130000000000430e-03
6.392329999999999887e-03
4.817730000000000103e-03
4.748460000000000354e-03
4.172350000000000017e-03
2.656180000000000173e-03
1.269090000000000062e-03
1.361309999999999907e-03
2.376500000000000140e-03
2.246070000000000184e-03
1.984099999999999926e-03
2.151169999999999992e-03
9.672110000000000473e-04
-2.231009999999999905e-04
-2.903169999999999853e-05
6.032049999999999955e-05
1.525800000000000028e-05
6.935009999999999862e-05
1.472520000000000057e-04
2.068809999999999866e-04
2.931240000000000213e-04
4.422690000000000171e-04
-2.404220000000000098e-04
-1.529360000000000008e-03
-1.384060000000000108e-03
-9.047449999999999850e-04
5.413469999999999654e-04
1.063609999999999989e-03
8.455459999999999712e-04
9.980239999999999164e-04
-4.081439999999999873e-04
-2.583059999999999870e-03
-2.856169999999999889e-03
-2.337650000000000144e-03
-3.192780000000000097e-03
-4.042020000000000335e-03
-2.167740000000000031e-03
-1.107970000000000005e-03
-1.303260000000000095e-03
-9.650239999999999816e-04
-7.717810000000000295e-04
-5.328530000000000159e-04
-2.060359999999999904e-04
2.142559999999999951e-03
4.013949999999999636e-03
3.953449999999999846e-03
3.750879999999999839e-03
3.852690000000000194e-03
3.716099999999999959e-03
3.700419999999999838e-03
3.548200000000000052e-03
3.494150000000000120e-03
3.359560000000000150e-03
2.984010000000000048e-03
1.407489999999999956e-03
3.119919999999999768e-04
-7.935420000000000538e-04
-7.636970000000000303e-04
-5.772999999999999920e-04
-5.277049999999999493e-04
-4.079320000000000103e-04
-2.599400000000000083e-04
-1.549549999999999962e-04
-2.371450000000000139e-05
1.284240000000000023e-04
2.761850000000000264e-04
3.404300000000000186e-04
-4.753289999999999751e-04
-2.755640000000000173e-03
-1.950029999999999949e-03
-8.329900000000000325e-04
-3.781030000000000220e-04
1.221639999999999966e-03
1.504289999999999924e-03
1.411300000000000098e-03
1.607769999999999902e-03
1.677990000000000080e-03
1.687930000000000029e-03
1.681509999999999993e-03
1.721689999999999896e-03
1.900870000000000034e-03
3.383789999999999801e-03
4.038739999999999865e-03
2.748239999999999884e-03
1.406300000000000085e-03
1.605099999999999930e-04
-2.028620000000000076e-03
-2.018999999999999961e-03
6.767679999999999551e-05
1.354550000000000101e-04
1.234789999999999933e-03
2.554680000000000145e-03
3.882660000000000017e-03
4.956290000000000348e-03
5.971449999999999675e-03
6.064749999999999829e-03
5.620749999999999878e-03
7.031929999999999605e-03
7.702330000000000287e-03
8.620569999999999275e-03
8.302389999999999770e-03
7.677790000000000309e-03
4.512140000000000421e-03
3.104889999999999907e-03
4.183059999999999730e-03
3.425259999999999850e-03
4.198150000000000319e-03
2.755360000000000101e-03
1.416619999999999945e-03
1.493619999999999974e-03
1.412980000000000095e-03
1.130410000000000095e-03
2.228009999999999886e-03
4.650310000000000381e-03
6.670370000000000119e-03
8.526960000000000095e-03
1.051120000000000006e-02
1.113120000000000082e-02
1.145129999999999933e-02
1.160220000000000001e-02
1.091699999999999962e-02
1.174359999999999987e-02
1.092360000000000032e-02
9.877759999999999319e-03
7.617669999999999997e-03
5.644559999999999855e-03
3.554460000000000171e-03
2.552399999999999808e-03
2.128670000000000041e-03
1.533969999999999952e-03
9.679899999999999529e-04
4.646480000000000141e-04
1.127860000000000006e-04
-2.090670000000000202e-03
-7.424329999999999818e-03
-9.597059999999999272e-03
-1.054659999999999972e-02
-1.185839999999999984e-02
-1.289350000000000045e-02
-1.274119999999999940e-02
-1.230249999999999920e-02
-1.389800000000000063e-02
-1.567740000000000106e-02
-1.539040000000000026e-02
-1.457800000000000068e-02
-1.410720000000000030e-02
-1.347270000000000065e-02
-1.128690000000000075e-02
-8.662130000000000524e-03
-8.175109999999999322e-03
-8.030449999999999741e-03
-7.654349999999999869e-03
-7.389790000000000247e-03
-7.191280000000000415e-03
-7.003269999999999808e-03
-6.719529999999999600e-03
-6.543919999999999945e-03
-4.954649999999999679e-03
-3.992070000000000340e-03
-3.653350000000000087e-03
-2.061270000000000029e-03
-1.693819999999999961e-03
-1.813539999999999987e-03
-4.800499999999999863e-04
5.937860000000000100e-04
1.638769999999999897e-03
1.788190000000000049e-03
1.289100000000000055e-03
1.227000000000000009e-03
1.455370000000000101e-03
4.325189999999999590e-03
4.622199999999999920e-03
3.786380000000000214e-03
3.458060000000000214e-03
1.666420000000000054e-03
-1.019490000000000066e-03
-1.508009999999999949e-03
-2.298479999999999881e-03
-4.978449999999999716e-03
-6.067079999999999869e-03
-5.600690000000000182e-03
-6.011999999999999983e-03
-8.143040000000000694e-03
-9.505809999999999954e-03
-8.909190000000000859e-03
-1.000179999999999993e-02
-1.077679999999999957e-02
-1.159609999999999981e-02
-1.135790000000000063e-02
-1.066499999999999913e-02
-1.019270000000000072e-02
-9.635259999999999658e-03
-9.067880000000000384e-03
-8.431050000000000696e-03
-7.954889999999999184e-03
-7.497619999999999979e-03
-8.391350000000000545e-03
-8.593780000000000516e-03
-8.328570000000000417e-03
-9.338350000000000470e-03
-8.789720000000000866e-03
-8.047449999999999395e-03
-7.688880000000000367e-03
-8.641319999999999210e-03
-8.178579999999999531e-03
-7.399519999999999709e-03
-5.591780000000000188e-03
-3.957849999999999736e-03
-1.683620000000000038e-03
8.421820000000000217e-04
1.330039999999999998e-03
3.581799999999999893e-04
-1.722360000000000037e-03
-1.979690000000000095e-03
-1.425400000000000061e-03
-3.477709999999999742e-04
1.242349999999999921e-03
2.759849999999999890e-03
3.954359999999999646e-03
3.889010000000000036e-03
4.176739999999999967e-03
4.126109999999999674e-03
5.500810000000000075e-03
6.691980000000000151e-03
8.007250000000000478e-03
8.443799999999999570e-03
8.405720000000000205e-03
6.212869999999999678e-03
3.684039999999999971e-03
4.032499999999999626e-03
3.847940000000000214e-03
2.339369999999999904e-03
2.063880000000000142e-03
3.543839999999999924e-03
4.654929999999999832e-03
4.539510000000000073e-03
4.524519999999999757e-03
5.308349999999999874e-03
6.771300000000000062e-03
6.778400000000000397e-03
8.006040000000000725e-03
8.771060000000000662e-03
8.293860000000000121e-03
8.139409999999999701e-03
7.929659999999999834e-03
7.762279999999999874e-03
7.407020000000000270e-03
7.725000000000000096e-03
8.859119999999999842e-03
9.753629999999999245e-03
9.280719999999999248e-03
6.626739999999999887e-03
5.567439999999999889e-03
5.295109999999999574e-03
2.573810000000000160e-03
1.184579999999999965e-03
8.489989999999999668e-05
-6.689050000000000204e-04
-5.099500000000000083e-04
-2.182720000000000135e-04
-8.183059999999999813e-04
-1.831680000000000027e-03
-1.454140000000000033e-03
-1.186610000000000052e-03
-4.512019999999999941e-04
1.163750000000000071e-03
1.470469999999999980e-03
1.424050000000000055e-03
1.637760000000000040e-03
2.143799999999999959e-03
3.769150000000000191e-03
3.952360000000000248e-03
3.815010000000000189e-03
3.906689999999999989e-03
3.868470000000000155e-03
4.232020000000000400e-03
5.731840000000000199e-03
4.657350000000000205e-03
3.183329999999999840e-03
3.434019999999999868e-03
2.980200000000000123e-03
1.401660000000000102e-03
1.146190000000000056e-03
1.464969999999999901e-03
1.347770000000000088e-03
1.134669999999999949e-03
-3.505630000000000248e-04
-5.399649999999999979e-04
-2.203050000000000125e-04
1.094649999999999963e-03
3.607359999999999994e-03
4.450169999999999820e-03
5.576789999999999872e-03
5.674959999999999727e-03
6.400000000000000307e-03
7.289200000000000020e-03
6.639210000000000424e-03
6.892970000000000000e-03
7.948570000000000288e-03
7.829090000000000354e-03
5.818480000000000006e-03
4.594520000000000375e-03
4.401590000000000363e-03
4.131710000000000244e-03
3.634650000000000120e-03
3.414149999999999911e-03
1.726340000000000036e-03
-6.068739999999999768e-04
-1.548780000000000035e-03
-3.413849999999999957e-03
-4.976750000000000271e-03
-4.563700000000000395e-03
-4.237089999999999780e-03
-2.752660000000000089e-03
-1.626690000000000080e-03
-3.172510000000000022e-04
-1.658549999999999901e-04
-3.066260000000000014e-04
-2.341789999999999952e-04
-3.608120000000000142e-04
3.156300000000000121e-04
1.599689999999999966e-03
1.440309999999999984e-03
1.149920000000000022e-03
1.111760000000000049e-03
8.868650000000000274e-04
1.460099999999999983e-03
2.504109999999999930e-03
2.178729999999999816e-03
1.937069999999999938e-03
1.711559999999999991e-03
1.562639999999999906e-03
3.065270000000000147e-04
-1.021830000000000047e-03
-1.046449999999999984e-03
-1.153270000000000076e-03
-7.778029999999999796e-04
-2.248349999999999980e-04
-1.568069999999999967e-03
-6.357189999999999759e-04
-9.696769999999999522e-04
-2.053950000000000133e-03
-1.787280000000000032e-03
-2.738829999999999824e-03
-3.756460000000000094e-03
-3.687160000000000090e-03
-3.821189999999999917e-03
-5.267339999999999696e-03
-5.340110000000000343e-03
-5.016689999999999865e-03
-4.966289999999999941e-03
-6.040590000000000195e-03
-6.403179999999999636e-03
-5.791329999999999915e-03
-5.624500000000000159e-03
-4.309799999999999916e-03
-3.169540000000000204e-03
-1.567950000000000029e-03
1.182580000000000051e-04
8.269430000000000140e-04
1.711159999999999981e-03
1.593210000000000069e-03
1.318790000000000023e-03
1.459439999999999999e-03
2.533080000000000054e-03
2.355900000000000181e-03
1.875780000000000069e-03
5.489509999999999963e-04
-2.480669999999999815e-04
-2.139350000000000041e-04
-4.115710000000000071e-04
-6.045570000000000327e-04
-8.208970000000000112e-04
-2.016200000000000110e-03
-2.687950000000000148e-03
-2.418290000000000023e-03
-2.590739999999999797e-03
-2.524730000000000203e-03
-3.644189999999999843e-03
-4.093219999999999845e-03
-4.290689999999999782e-03
-5.177560000000000322e-03
-5.160429999999999705e-03
-4.759450000000000139e-03
-4.472890000000000199e-03
-3.128839999999999920e-03
-2.643679999999999815e-03
-3.294050000000000190e-03
-4.096909999999999615e-03
-2.791849999999999801e-03
-1.820060000000000081e-03
-9.477269999999999878e-04
-6.339419999999999691e-04
-7.178420000000000026e-04
-6.139960000000000079e-04
-6.630619999999999613e-04
-6.997009999999999471e-04
-3.082510000000000003e-04
6.918560000000000248e-04
5.738250000000000295e-04
3.221489999999999814e-04
-6.604399999999999854e-04
-1.422180000000000102e-03
-2.298310000000000023e-03
-2.364129999999999877e-03
-2.129240000000000126e-03
-1.163909999999999988e-03
-6.357690000000000043e-04
-8.272110000000000053e-04
-7.176990000000000279e-04
-7.462459999999999970e-04
-6.669560000000000159e-04
-9.518740000000000144e-04
-1.780010000000000056e-03
-2.091009999999999917e-03
-1.673889999999999927e-03
-2.477430000000000083e-03
-2.109939999999999819e-03
-2.413799999999999800e-03
-2.192400000000000165e-03
-1.160379999999999918e-03
-9.724669999999999712e-04
-9.451610000000000263e-04
1.131520000000000036e-04
7.839620000000000269e-04
1.517279999999999974e-03
9.808740000000000687e-04
1.353190000000000100e-04
2.478590000000000133e-04
2.233199999999999964e-04
2.089860000000000079e-04
-3.347339999999999973e-04
-1.005210000000000088e-03
-8.484779999999999493e-04
-7.225110000000000083e-04
-6.943529999999999841e-04
-6.416139999999999864e-04
-5.218290000000000211e-04
-4.428559999999999897e-04
3.099029999999999905e-04
9.073640000000000221e-04
1.569770000000000063e-03
1.701129999999999916e-03
1.493809999999999930e-03
1.472860000000000098e-03
1.344020000000000024e-03
1.278320000000000107e-03
1.141700000000000050e-03
1.100099999999999906e-03
9.750470000000000447e-04
9.318980000000000145e-04
9.748499999999999787e-04
1.676980000000000007e-03
1.272789999999999989e-03
4.799580000000000014e-04
4.796739999999999750e-04
3.572679999999999953e-04
-3.553419999999999734e-04
-8.413729999999999690e-04
-1.286580000000000059e-03
-1.229239999999999933e-03
-1.072599999999999942e-03
-1.026479999999999971e-03
-8.708859999999999692e-04
-1.118850000000000009e-03
-1.502440000000000069e-03
-1.309519999999999998e-03
-1.110380000000000004e-03
-1.008680000000000080e-03
-8.411129999999999952e-04
-1.045670000000000063e-03
-1.329480000000000071e-03
-6.591980000000000539e-04
-6.055550000000000255e-04
-2.799979999999999982e-04
3.940470000000000170e-04
7.865570000000000114e-04
1.323139999999999993e-03
1.563410000000000103e-03
1.666960000000000100e-03
2.063989999999999922e-03
2.111510000000000036e-03
1.905549999999999996e-03
2.327080000000000034e-03
2.376860000000000171e-03
2.346539999999999824e-03
2.563670000000000098e-03
2.463309999999999805e-03
2.203539999999999926e-03
2.476659999999999886e-03
2.420049999999999979e-03
2.163909999999999792e-03
1.931290000000000003e-03
2.095800000000000093e-03
2.083579999999999807e-03
1.333629999999999928e-03
6.426910000000000305e-04
5.707859999999999930e-04
4.766199999999999734e-04
3.506329999999999885e-04
-6.614280000000000647e-05
-3.216620000000000113e-04
-6.328380000000000420e-04
-6.577860000000000477e-04
-8.293999999999999940e-04
-1.004560000000000045e-03
-8.864959999999999637e-04
-9.330879999999999947e-04
-1.148769999999999913e-03
-1.066529999999999995e-03
-9.260409999999999519e-04
-8.352080000000000441e-04
-7.462979999999999484e-04
-5.456470000000000157e-04
-2.409830000000000067e-04
-1.853830000000000105e-04
-1.634670000000000123e-04
-1.062740000000000060e-04
-7.148629999999999351e-05
-3.765080000000000212e-05
-1.153170000000000006e-05
2.290180000000000153e-05
7.867339999999999793e-05
2.979130000000000189e-04
3.515780000000000142e-04
3.184029999999999803e-04
3.221140000000000266e-04
3.205859999999999830e-04
3.081749999999999962e-04
3.038009999999999734e-04
2.908520000000000267e-04
2.900390000000000195e-04
1.598860000000000071e-04
6.468679999999999873e-05
-2.029419999999999960e-05
-2.990189999999999911e-05
3.062099999999999702e-05
4.962810000000000008e-05
7.610369999999999440e-05
-7.649079999999999616e-06
-6.196350000000000398e-06
5.035089999999999932e-05
8.621149999999999950e-05
1.181799999999999967e-04
1.533200000000000025e-04
1.839110000000000083e-04
2.100640000000000135e-04
2.339239999999999917e-04
2.544080000000000213e-04
2.748079999999999750e-04
3.052120000000000180e-04
3.822569999999999961e-04
3.981529999999999943e-04
3.834469999999999762e-04
3.839070000000000091e-04
3.764549999999999863e-04
3.696600000000000081e-04
3.589810000000000245e-04
3.518160000000000211e-04
3.403060000000000178e-04
3.322679999999999839e-04
3.115460000000000017e-04
2.664720000000000196e-04
2.493800000000000010e-04
2.540870000000000086e-04
2.167260000000000117e-04
1.950280000000000037e-04
2.065000000000000049e-04
2.233530000000000010e-04
1.933249999999999964e-04
2.049959999999999868e-04
2.185090000000000047e-04
2.078639999999999871e-04
2.167240000000000073e-04
2.072400000000000013e-04
1.881709999999999980e-04
1.733720000000000064e-04
1.576059999999999950e-04
1.432539999999999942e-04
1.270859999999999958e-04
1.195199999999999941e-04
1.135949999999999991e-04
9.649859999999999796e-05
7.966389999999999463e-05
6.509430000000000457e-05
5.025799999999999891e-05
3.636750000000000036e-05
2.302769999999999977e-05
1.108089999999999923e-05
-2.582230000000000008e-06
-1.590200000000000123e-05
-2.434109999999999976e-05
-3.603909999999999856e-05
-4.433820000000000182e-05
-5.069889999999999667e-05
-5.766370000000000154e-05
-6.350999999999999332e-05
-6.920930000000000159e-05
-7.427389999999999372e-05
-7.924070000000000180e-05
-8.345710000000000433e-05
-8.750579999999999828e-05
-9.089770000000000217e-05
-9.407490000000000286e-05
-9.664849999999999461e-05
-9.898540000000000268e-05
-1.007699999999999991e-04
-1.023019999999999973e-04
-1.033269999999999951e-04
-1.040920000000000056e-04
-1.043930000000000015e-04
-1.044320000000000057e-04
-1.040459999999999996e-04
-1.034029999999999991e-04
-1.023699999999999973e-04
-1.010889999999999939e-04
-9.945139999999999449e-05
-9.758340000000000492e-05
-9.535120000000000282e-05
-9.289930000000000008e-05
-9.020809999999999441e-05
-8.732590000000000361e-05
-8.420550000000000550e-05
-8.086300000000000150e-05
-7.729040000000000118e-05
-7.352499999999999823e-05
-6.956429999999999396e-05
-6.543680000000000341e-05
-6.114749999999999689e-05
-5.671719999999999968e-05
-5.215519999999999830e-05
-4.747699999999999962e-05
-4.269350000000000044e-05
-3.781760000000000194e-05
