3.559120000000000069e-06
1.858369999999999963e-05
7.537000000000000005e-06
2.768029999999999991e-05
1.106290000000000042e-05
6.933569999999999584e-06
-3.990519999999999869e-05
-3.483999999999999847e-05
-2.437700000000000056e-05
5.762169999999999754e-05
9.979710000000000035e-05
1.162560000000000064e-04
2.088820000000000103e-05
-2.035909999999999960e-05
-6.795700000000000005e-05
-9.549840000000000032e-05
-1.374349999999999877e-04
-6.060580000000000172e-05
6.577359999999999652e-05
1.214859999999999953e-04
2.084780000000000053e-05
-4.286799999999999682e-05
-1.221469999999999945e-04
-1.887339999999999992e-04
-1.710980000000000075e-04
7.208860000000000636e-05
4.903890000000000375e-04
7.130609999999999683e-04
3.889070000000000222e-04
6.540859999999999578e-05
-1.472590000000000075e-04
-3.744239999999999916e-05
2.018570000000000021e-04
8.675030000000000187e-05
1.680859999999999895e-04
4.299959999999999807e-04
4.533690000000000159e-04
3.179370000000000156e-04
3.274570000000000193e-04
3.703719999999999972e-04
-2.153000000000000020e-04
-7.498389999999999743e-04
-5.649869999999999762e-04
6.978660000000000367e-06
-1.955679999999999951e-04
-3.082749999999999987e-04
3.669170000000000244e-04
8.173460000000000447e-04
-2.958859999999999789e-04
-2.112559999999999872e-03
-2.908410000000000162e-03
-1.838840000000000006e-03
-3.761650000000000144e-05
6.034389999999999936e-04
-1.466700000000000035e-04
-4.209949999999999901e-05
1.849079999999999908e-03
3.518509999999999867e-03
1.539800000000000023e-03
-1.321710000000000029e-03
-2.133770000000000111e-03
-1.949889999999999913e-03
-1.946459999999999900e-03
-1.118100000000000018e-04
2.415880000000000024e-03
3.558589999999999930e-03
2.426470000000000016e-03
1.597969999999999989e-03
1.943760000000000106e-03
4.645660000000000241e-04
-2.859870000000000034e-03
-3.230119999999999953e-03
1.886330000000000081e-04
3.333650000000000068e-03
4.390790000000000318e-03
1.734700000000000044e-03
-1.581919999999999897e-03
-4.704550000000000051e-03
-5.318400000000000037e-03
-1.412599999999999967e-03
3.134309999999999961e-03
2.993860000000000098e-03
-1.205099999999999965e-03
-1.107130000000000006e-03
1.590049999999999970e-03
-1.378770000000000082e-03
-7.165880000000000340e-03
-5.097629999999999696e-03
3.382019999999999905e-03
6.796830000000000233e-03
3.801350000000000215e-03
3.183930000000000180e-03
3.198579999999999913e-03
-1.783129999999999958e-03
-1.257669999999999969e-02
-1.118360000000000014e-02
1.205570000000000047e-04
1.015089999999999916e-02
1.426859999999999934e-02
1.400369999999999913e-02
1.093820000000000035e-02
1.987270000000000182e-03
-1.467399999999999954e-02
-2.372130000000000072e-02
-1.017649999999999978e-02
1.298249999999999925e-03
1.602219999999999903e-03
3.879790000000000148e-03
1.349859999999999949e-02
1.591110000000000094e-02
5.123110000000000164e-03
-8.383629999999999555e-03
-1.235669999999999998e-02
-1.174670000000000054e-02
-8.818080000000000709e-03
-1.665189999999999986e-03
8.954739999999999228e-03
9.572030000000000469e-03
2.777640000000000057e-03
-2.041160000000000196e-03
-4.688860000000000423e-03
-6.948420000000000291e-03
-6.736329999999999575e-03
-3.303780000000000085e-03
-5.956719999999999984e-04
7.099839999999999623e-03
1.469160000000000084e-02
1.259809999999999923e-02
4.582049999999999838e-03
-2.871260000000000045e-03
-5.322200000000000021e-03
8.708400000000000038e-04
1.041530000000000060e-02
1.569359999999999852e-02
1.159330000000000083e-02
1.379760000000000058e-03
-1.058500000000000066e-02
-1.485799999999999968e-02
-1.155229999999999972e-02
-5.561840000000000186e-03
-1.008929999999999896e-03
1.564290000000000081e-03
2.731139999999999957e-03
5.783339999999999662e-03
-9.463560000000000581e-05
-8.133369999999999142e-03
-4.480519999999999989e-03
2.063730000000000165e-03
1.637470000000000028e-03
-4.122819999999999805e-04
-7.529699999999999414e-05
-1.706379999999999963e-03
-2.472110000000000019e-03
-4.895059999999999689e-03
-6.158330000000000054e-03
-1.371400000000000050e-03
8.516259999999999455e-03
1.453059999999999942e-02
6.252859999999999842e-03
-4.603160000000000238e-03
-5.928100000000000383e-03
-5.724540000000000184e-04
1.567180000000000049e-03
-6.105509999999999757e-04
1.424930000000000033e-03
3.461169999999999958e-03
2.646100000000000188e-03
9.110980000000000511e-04
-5.226949999999999956e-04
-4.185999999999999617e-03
-6.060409999999999582e-03
8.706700000000000376e-04
5.393620000000000012e-03
1.556770000000000072e-03
7.713820000000000355e-04
-1.292670000000000104e-03
-1.179069999999999944e-02
-1.721589999999999926e-02
-2.867109999999999971e-03
6.516440000000000080e-03
6.772839999999999590e-03
1.029410000000000047e-02
1.745350000000000026e-02
1.349219999999999933e-02
-7.189260000000000268e-03
-2.688439999999999927e-02
-2.015029999999999946e-02
4.566259999999999937e-03
2.150339999999999890e-02
1.433079999999999944e-02
2.097780000000000044e-03
1.215219999999999929e-03
1.595370000000000035e-03
-5.513090000000000004e-03
-1.096279999999999998e-02
-1.858590000000000025e-03
6.581960000000000414e-03
3.337360000000000153e-03
-1.167279999999999924e-03
-2.739670000000000148e-04
-3.618409999999999856e-03
-1.046330000000000003e-02
-9.183129999999999418e-03
5.131909999999999944e-03
1.642829999999999985e-02
1.018119999999999963e-02
-6.873169999999999627e-03
-9.309760000000000257e-03
-4.171479999999999980e-03
-2.865219999999999920e-03
-3.496759999999999799e-03
-1.718960000000000063e-03
-3.087059999999999978e-03
-8.600349999999999662e-03
-1.179569999999999924e-02
-6.343800000000000133e-03
8.345709999999999891e-04
3.404569999999999992e-03
8.878580000000000499e-04
-2.348269999999999958e-03
-1.851409999999999948e-03
4.117449999999999929e-03
3.227980000000000085e-03
-4.450199999999999642e-03
-3.562309999999999956e-03
1.002579999999999964e-02
1.293000000000000052e-02
6.759760000000000074e-04
-1.526650000000000056e-02
-1.663090000000000054e-02
-3.703609999999999975e-03
5.371130000000000002e-03
6.596209999999999921e-03
4.439919999999999978e-03
2.194900000000000063e-03
-7.406929999999999504e-04
-3.640459999999999877e-03
-5.909069999999999774e-03
-6.748180000000000324e-03
-5.826470000000000260e-03
8.230820000000000454e-04
1.131949999999999970e-02
1.355540000000000044e-02
1.167020000000000036e-02
4.799320000000000148e-03
-1.095080000000000012e-02
-1.691190000000000054e-02
-9.930680000000000757e-03
2.556619999999999900e-03
1.427579999999999995e-02
1.952570000000000000e-02
1.844650000000000109e-02
9.547909999999999731e-03
4.222929999999999739e-03
3.196210000000000218e-04
-6.082180000000000399e-03
-6.913970000000000185e-03
-4.667469999999999952e-03
-8.786860000000000503e-03
-1.567659999999999887e-02
-1.542890000000000060e-02
-6.469810000000000318e-03
7.885009999999999589e-03
2.635840000000000058e-02
2.917890000000000067e-02
6.084439999999999987e-03
-2.408619999999999858e-02
-2.020020000000000149e-02
4.718339999999999687e-03
1.493730000000000058e-02
-2.046829999999999917e-03
-2.756739999999999885e-02
-2.658479999999999871e-02
1.020370000000000044e-03
2.693689999999999973e-02
3.077430000000000096e-02
2.140049999999999938e-02
1.427469999999999954e-02
1.274559999999999929e-02
1.348970000000000030e-02
1.192889999999999923e-02
1.335990000000000007e-03
-1.963049999999999864e-02
-3.752810000000000173e-02
-4.065989999999999882e-02
-2.785489999999999841e-02
-1.888420000000000029e-02
-1.460790000000000005e-02
-7.878440000000000009e-04
1.883220000000000033e-02
2.797770000000000118e-02
2.499720000000000067e-02
2.169520000000000129e-02
1.634949999999999945e-02
4.805689999999999615e-03
-3.044160000000000182e-03
3.135409999999999933e-03
2.294449999999999962e-02
3.219190000000000246e-02
8.988080000000000722e-03
-2.116610000000000019e-02
-4.918999999999999762e-02
-4.451619999999999883e-02
-5.682780000000000123e-03
2.959809999999999872e-02
3.596669999999999728e-02
1.468440000000000023e-02
-1.490419999999999939e-02
-3.132820000000000049e-02
-1.833740000000000023e-02
9.433739999999999487e-03
3.349680000000000019e-02
3.537010000000000154e-02
1.829590000000000036e-02
-1.076309999999999940e-02
-2.653490000000000015e-02
-2.361359999999999848e-02
2.247889999999999784e-03
3.392669999999999714e-02
2.539800000000000044e-02
-8.638780000000000417e-03
-3.101189999999999850e-02
-3.348969999999999725e-02
-2.608689999999999967e-02
-2.268600000000000130e-02
-2.800110000000000099e-02
-3.989199999999999691e-02
-4.476800000000000224e-02
-3.454220000000000207e-02
1.028770000000000032e-03
2.657440000000000149e-02
1.097960000000000082e-02
-3.053669999999999995e-02
-5.590149999999999980e-02
-4.485220000000000179e-02
-1.510470000000000042e-02
1.149140000000000057e-02
3.307569999999999955e-02
4.053550000000000209e-02
3.096279999999999866e-02
4.179559999999999807e-04
-1.779410000000000019e-02
-1.207809999999999960e-02
1.850349999999999911e-02
5.186869999999999675e-02
4.980880000000000030e-02
2.715669999999999890e-02
8.359220000000000539e-03
-1.069269999999999986e-03
-7.192800000000000062e-03
-7.210900000000000122e-03
1.233600000000000061e-03
9.164179999999999202e-03
7.763459999999999805e-03
1.099249999999999967e-03
-1.203979999999999981e-02
-3.224029999999999951e-02
-5.256229999999999930e-02
-5.874059999999999698e-02
-3.744139999999999968e-02
1.520939999999999966e-02
5.558110000000000134e-02
7.052730000000000110e-02
7.481279999999999875e-02
5.335689999999999877e-02
2.757809999999999862e-03
-4.468420000000000031e-02
-5.551190000000000291e-02
-4.552280000000000215e-02
-2.477089999999999848e-02
-7.965530000000000180e-03
-6.770329999999999534e-04
-3.128410000000000088e-04
-5.285510000000000208e-03
-7.789250000000000167e-03
-8.259089999999999964e-04
7.168009999999999833e-03
7.062449999999999631e-03
-1.135129999999999993e-02
-3.390950000000000214e-02
-3.490059999999999690e-02
-1.283330000000000061e-02
1.049130000000000028e-02
1.613480000000000122e-02
1.607499999999999901e-02
1.834310000000000107e-02
1.875080000000000149e-02
1.403319999999999915e-02
1.544489999999999925e-02
2.451590000000000019e-02
4.489640000000000297e-02
6.543690000000000617e-02
7.550170000000000492e-02
7.644660000000000344e-02
7.022040000000000226e-02
5.179679999999999701e-02
3.263370000000000160e-02
1.497479999999999992e-02
-1.352939999999999959e-03
-2.970729999999999899e-02
-5.086920000000000330e-02
-4.815139999999999698e-02
-2.106960000000000083e-02
5.431740000000000006e-03
1.563660000000000050e-02
1.825389999999999999e-02
1.682070000000000093e-02
8.644350000000000298e-03
6.268040000000000113e-04
3.594739999999999806e-04
8.570380000000000706e-03
1.751820000000000113e-02
1.383820000000000015e-02
-9.660490000000000743e-03
-3.883419999999999928e-02
-4.747429999999999706e-02
-3.983169999999999766e-02
-2.975039999999999976e-02
-1.800670000000000048e-02
-1.545390000000000002e-03
2.025669999999999901e-02
2.980410000000000004e-02
2.284510000000000013e-02
6.942280000000000326e-03
-2.168959999999999985e-02
-5.050740000000000091e-02
-5.352599999999999719e-02
-4.069579999999999725e-02
-3.808770000000000211e-02
-5.192100000000000187e-02
-5.871529999999999805e-02
-3.120600000000000110e-02
1.418209999999999957e-02
5.143790000000000168e-02
7.352400000000000602e-02
7.635649999999999382e-02
6.562039999999999540e-02
5.165270000000000278e-02
3.986270000000000091e-02
2.282819999999999988e-02
-4.831410000000000392e-03
-2.993180000000000146e-02
-3.697600000000000192e-02
-2.855819999999999886e-02
1.464269999999999992e-04
2.758019999999999916e-02
3.143520000000000342e-02
1.557180000000000022e-02
-1.019049999999999991e-02
-3.738489999999999869e-02
-6.003880000000000328e-02
-7.238089999999999802e-02
-7.655720000000000580e-02
-7.459060000000000690e-02
-6.698819999999999775e-02
-5.542119999999999685e-02
-1.614559999999999954e-02
3.686140000000000250e-02
8.266790000000000249e-02
8.722470000000000223e-02
4.295439999999999675e-02
-5.513960000000000042e-03
-2.293819999999999887e-02
-3.172209999999999960e-03
3.323689999999999978e-02
5.400409999999999933e-02
5.004879999999999746e-02
3.338739999999999764e-02
1.236559999999999916e-02
-3.002059999999999972e-03
-8.070410000000000084e-03
-3.369019999999999914e-03
6.172740000000000345e-03
9.041389999999999844e-03
-4.512819999999999852e-03
-3.367839999999999723e-02
-6.659900000000000542e-02
-7.668650000000000466e-02
-5.534139999999999893e-02
-2.231539999999999913e-02
-1.588029999999999997e-02
-2.476470000000000060e-02
-2.381540000000000046e-02
-6.373629999999999921e-03
3.843849999999999784e-03
-7.612540000000000105e-03
-2.107770000000000130e-02
-2.375299999999999981e-02
-1.679409999999999931e-02
-1.218349999999999989e-03
1.103110000000000028e-02
1.723569999999999963e-02
1.752280000000000157e-02
9.611619999999999539e-03
5.761120000000000433e-04
4.716449999999999636e-03
3.048990000000000034e-02
6.635370000000000157e-02
8.082590000000000607e-02
6.869039999999999868e-02
3.193220000000000086e-02
-2.492650000000000074e-02
-6.493359999999999410e-02
-7.204950000000000243e-02
-6.050380000000000341e-02
-2.861700000000000008e-02
-2.955010000000000102e-03
3.085720000000000129e-03
9.771479999999999489e-04
-7.391570000000000518e-04
-1.126929999999999946e-03
-3.831579999999999795e-03
-7.570200000000000019e-03
-1.218310000000000009e-03
2.113659999999999844e-02
6.135380000000000000e-02
9.111360000000000292e-02
9.388509999999999911e-02
7.853159999999999308e-02
4.550139999999999740e-02
-6.648729999999999614e-04
-4.389640000000000208e-02
-6.942379999999999385e-02
-7.396590000000000109e-02
-5.171599999999999808e-02
-1.509860000000000022e-02
1.549380000000000028e-02
2.572179999999999953e-02
1.720570000000000085e-02
5.009740000000000373e-03
-5.793470000000000217e-04
-1.824390000000000061e-04
-1.779130000000000078e-03
-6.427930000000000102e-03
-1.458229999999999943e-02
-1.776629999999999876e-02
5.460510000000000017e-03
5.135979999999999712e-02
7.600419999999999399e-02
7.622020000000000184e-02
6.872789999999999455e-02
5.554529999999999884e-02
3.621440000000000076e-02
1.544189999999999972e-02
3.064680000000000182e-03
2.951259999999999821e-03
6.914499999999999640e-03
1.584209999999999958e-03
-2.065410000000000162e-02
-5.202219999999999761e-02
-7.312000000000000444e-02
-8.103499999999999592e-02
-8.510750000000000259e-02
-8.192170000000000007e-02
-6.405429999999999457e-02
-1.948410000000000072e-02
8.250530000000000710e-03
1.337789999999999986e-02
8.139840000000000617e-03
2.325479999999999995e-03
8.340469999999999785e-04
1.335379999999999944e-03
-4.264900000000000288e-03
-1.088700000000000084e-02
-8.731249999999999428e-03
8.077790000000000057e-04
7.362310000000000382e-03
5.845340000000000084e-03
6.796029999999999779e-03
7.348010000000000305e-03
3.060320000000000054e-03
-7.057980000000000156e-03
-1.402970000000000085e-02
-7.918579999999999716e-03
1.680649999999999852e-02
3.442139999999999783e-02
2.146479999999999916e-02
1.643920000000000103e-03
-5.988740000000000209e-03
-7.910220000000000792e-03
-1.112390000000000080e-02
-1.637469999999999898e-02
-1.829340000000000133e-02
-2.054519999999999957e-02
-2.580100000000000102e-02
-2.843319999999999875e-02
-1.734039999999999887e-02
1.630270000000000070e-03
4.000499999999999716e-03
-9.665500000000000480e-03
-2.843599999999999947e-02
-3.809080000000000105e-02
-3.903929999999999900e-02
-3.966220000000000162e-02
-4.186730000000000312e-02
-3.914369999999999655e-02
-2.116559999999999969e-02
3.152240000000000163e-03
1.103980000000000065e-02
1.115610000000000039e-02
1.734859999999999874e-02
4.018929999999999725e-02
6.415110000000000257e-02
6.760330000000000505e-02
5.252960000000000268e-02
3.505260000000000320e-02
3.099359999999999962e-02
3.458109999999999656e-02
3.825549999999999784e-02
3.652860000000000135e-02
2.942969999999999961e-02
1.901040000000000021e-02
9.602420000000000400e-03
5.339909999999999796e-03
1.366870000000000064e-02
2.851920000000000149e-02
2.940620000000000039e-02
1.413340000000000082e-02
-2.071949999999999920e-03
-4.951969999999999983e-03
-1.383260000000000088e-03
-3.816840000000000163e-03
-2.037129999999999844e-02
-3.418650000000000161e-02
-2.853730000000000155e-02
-2.457570000000000067e-03
1.467719999999999962e-02
3.984869999999999732e-03
-2.580179999999999974e-02
-4.410929999999999712e-02
-4.219710000000000127e-02
-2.376850000000000143e-02
1.421140000000000077e-02
3.735970000000000263e-02
3.936289999999999928e-02
3.675799999999999901e-02
3.461909999999999987e-02
3.031410000000000007e-02
1.859830000000000164e-02
-2.981670000000000067e-03
-2.982970000000000066e-02
-5.391869999999999996e-02
-6.135970000000000313e-02
-5.762289999999999773e-02
-3.694979999999999792e-02
-6.272469999999999608e-03
1.278860000000000066e-02
1.809240000000000154e-02
-2.405039999999999999e-04
-1.984160000000000090e-02
-2.195870000000000113e-02
-1.897280000000000147e-02
-1.218750000000000042e-02
-5.945800000000000217e-03
-8.213160000000000599e-03
-1.318809999999999948e-02
-1.346600000000000054e-02
-5.725990000000000246e-03
5.809380000000000273e-03
4.348290000000000315e-03
-1.202849999999999926e-02
-2.319610000000000075e-02
-1.485339999999999924e-02
2.325460000000000114e-03
8.597729999999999609e-03
4.540569999999999849e-03
-4.253749999999999719e-03
-1.308480000000000060e-02
-1.540889999999999968e-02
-7.019300000000000235e-04
2.375029999999999850e-02
3.383549999999999752e-02
2.312379999999999991e-02
1.017529999999999997e-02
5.633110000000000200e-03
3.023360000000000110e-03
-2.963529999999999810e-03
-1.335509999999999996e-02
-2.144640000000000088e-02
-1.590340000000000156e-02
4.038650000000000399e-03
2.617910000000000029e-02
3.619139999999999857e-02
3.147740000000000260e-02
2.236899999999999999e-02
1.720350000000000004e-02
1.571169999999999858e-02
1.761789999999999884e-02
2.052570000000000089e-02
1.659949999999999967e-02
-2.470449999999999903e-03
-2.860870000000000080e-02
-3.659740000000000215e-02
-3.442189999999999833e-02
-3.275460000000000177e-02
-2.644579999999999848e-02
-6.474109999999999934e-03
3.202039999999999748e-02
5.383620000000000072e-02
4.640009999999999968e-02
1.955379999999999965e-02
-1.227439999999999955e-02
-3.168010000000000270e-02
-4.372940000000000160e-02
-5.149179999999999729e-02
-4.823800000000000310e-02
-2.985279999999999878e-02
-8.261640000000000650e-03
6.205790000000000091e-04
1.212739999999999912e-03
4.553040000000000385e-03
1.476410000000000049e-02
3.702239999999999698e-02
5.305479999999999918e-02
5.574409999999999782e-02
5.167089999999999878e-02
4.286269999999999664e-02
2.466749999999999846e-02
-3.490189999999999786e-03
-2.642639999999999920e-02
-3.048520000000000049e-02
-1.534139999999999983e-02
-8.249569999999999690e-04
2.446339999999999973e-03
1.611390000000000088e-03
3.275629999999999861e-03
4.964620000000000317e-03
4.432949999999999738e-03
4.598060000000000168e-03
6.599400000000000058e-03
8.664740000000000636e-03
4.270480000000000109e-03
-5.980809999999999599e-03
-1.423579999999999984e-02
-1.378300000000000011e-02
-7.763039999999999698e-03
-5.520780000000000088e-04
3.666560000000000132e-03
7.032779999999999761e-03
7.357459999999999695e-03
-2.308569999999999806e-03
-1.466210000000000083e-02
-7.718400000000000261e-03
1.902710000000000165e-02
4.348780000000000007e-02
5.291610000000000064e-02
5.285410000000000108e-02
4.466280000000000250e-02
2.705130000000000035e-02
1.327150000000000031e-02
1.270729999999999950e-02
1.384769999999999925e-02
1.090499999999999976e-02
4.554060000000000399e-03
2.149750000000000185e-03
8.417650000000000479e-03
3.031069999999999945e-02
4.780750000000000277e-02
4.962249999999999994e-02
4.432559999999999972e-02
3.081249999999999961e-02
5.231279999999999611e-03
-2.192169999999999883e-02
-2.948299999999999879e-02
-7.394959999999999901e-03
1.651729999999999865e-02
1.678170000000000009e-02
-4.124960000000000432e-03
-2.311950000000000116e-02
-2.716970000000000149e-02
-1.816090000000000065e-02
2.758859999999999806e-04
2.105980000000000005e-02
3.187500000000000056e-02
2.412069999999999839e-02
4.276689999999999658e-03
-5.776439999999999873e-03
-5.968760000000000038e-03
-4.984480000000000334e-03
-8.873499999999999444e-03
-1.671910000000000063e-02
-2.907699999999999868e-02
-3.659130000000000021e-02
-3.558800000000000158e-02
-2.997069999999999942e-02
-2.142640000000000169e-02
-8.411449999999999136e-03
6.788749999999999646e-03
1.519189999999999950e-02
1.756910000000000069e-02
1.595420000000000171e-02
1.935419999999999849e-02
3.507269999999999832e-02
5.641190000000000093e-02
6.263730000000000686e-02
5.145910000000000067e-02
2.145959999999999882e-02
-2.393609999999999835e-02
-7.303379999999999594e-02
-1.066280000000000006e-01
-1.123239999999999933e-01
-1.084070000000000034e-01
-1.058660000000000018e-01
-9.968059999999999421e-02
-8.522140000000000271e-02
-5.286409999999999720e-02
-2.913059999999999955e-02
-2.870549999999999838e-02
-4.079959999999999837e-02
-5.651910000000000267e-02
-6.460739999999999539e-02
-6.554740000000000566e-02
-6.321060000000000567e-02
-6.018319999999999920e-02
-5.819549999999999723e-02
-6.088099999999999762e-02
-6.056929999999999953e-02
-4.908499999999999669e-02
-2.750170000000000045e-02
-1.481760000000000022e-02
-1.332400000000000077e-02
-1.224699999999999921e-02
-1.459879999999999988e-03
2.085769999999999985e-02
3.675939999999999763e-02
4.185500000000000331e-02
4.525980000000000281e-02
4.939720000000000222e-02
4.890429999999999777e-02
3.629820000000000269e-02
2.074010000000000090e-02
1.602860000000000049e-02
2.132910000000000014e-02
2.979899999999999910e-02
4.667240000000000277e-02
6.955669999999999908e-02
8.606220000000000536e-02
8.757979999999999932e-02
7.697850000000000525e-02
6.036199999999999899e-02
4.247800000000000187e-02
2.257030000000000147e-02
8.202390000000000375e-03
4.853620000000000330e-03
8.793399999999999828e-03
1.629289999999999905e-02
2.393790000000000154e-02
2.764480000000000062e-02
2.440020000000000036e-02
1.649219999999999853e-02
1.014190000000000057e-02
1.041730000000000086e-02
1.179679999999999965e-02
6.546040000000000365e-03
-1.177229999999999943e-02
-3.508370000000000238e-02
-3.969879999999999937e-02
-3.020429999999999990e-02
-1.826770000000000130e-02
-3.650449999999999962e-03
1.231480000000000075e-02
2.567790000000000003e-02
3.047510000000000149e-02
3.084869999999999973e-02
2.978540000000000007e-02
2.735129999999999853e-02
2.285370000000000110e-02
1.650019999999999959e-02
1.363870000000000013e-02
2.154230000000000034e-02
4.165390000000000065e-02
6.071739999999999776e-02
5.840929999999999733e-02
4.396300000000000208e-02
2.647499999999999853e-02
1.595929999999999918e-02
1.106910000000000012e-02
2.067059999999999904e-03
-1.180930000000000001e-02
-2.575879999999999836e-02
-3.176810000000000050e-02
-2.146680000000000116e-02
-5.499160000000000333e-03
3.299649999999999892e-03
-2.453850000000000042e-03
-1.462980000000000010e-02
-2.161710000000000020e-02
-2.528040000000000148e-02
-2.811019999999999838e-02
-3.107340000000000102e-02
-3.109630000000000033e-02
-2.981500000000000122e-02
-2.931129999999999847e-02
-3.183450000000000168e-02
-3.731229999999999963e-02
-4.103070000000000328e-02
-3.533859999999999779e-02
-2.145259999999999875e-02
-1.433219999999999980e-02
-1.346209999999999941e-02
-1.443930000000000040e-02
-1.502880000000000014e-02
-1.479609999999999953e-02
-1.036849999999999924e-02
-2.730489999999999805e-04
1.106350000000000042e-02
1.908009999999999914e-02
2.154659999999999909e-02
1.667839999999999948e-02
3.091009999999999938e-03
-1.670320000000000138e-02
-2.995039999999999855e-02
-3.427109999999999879e-02
-3.241800000000000237e-02
-2.816619999999999888e-02
-2.255400000000000113e-02
-1.507900000000000039e-02
-7.340059999999999814e-03
-1.665309999999999924e-03
4.454839999999999842e-03
1.422499999999999980e-02
2.833609999999999948e-02
3.810090000000000005e-02
4.148319999999999785e-02
4.132820000000000243e-02
4.059159999999999852e-02
4.263519999999999810e-02
4.917749999999999899e-02
5.600890000000000035e-02
5.526389999999999775e-02
4.313140000000000029e-02
1.932920000000000124e-02
-5.080509999999999887e-03
-2.596609999999999890e-02
-3.096559999999999938e-02
-1.562610000000000041e-02
6.543779999999999909e-03
2.279959999999999973e-02
2.395459999999999950e-02
1.593119999999999953e-02
-4.726979999999999930e-05
-2.085539999999999963e-02
-3.976949999999999930e-02
-4.477110000000000117e-02
-3.126219999999999694e-02
-2.113869999999999985e-02
-1.878310000000000049e-02
-1.871659999999999990e-02
-1.828969999999999901e-02
-2.204280000000000128e-02
-2.757329999999999851e-02
-3.287289999999999657e-02
-3.575210000000000193e-02
-3.265370000000000078e-02
-1.694500000000000173e-02
7.909970000000000542e-03
3.079350000000000143e-02
3.723760000000000264e-02
3.102540000000000159e-02
1.464810000000000070e-02
-5.935310000000000065e-03
-2.226840000000000069e-02
-2.411330000000000071e-02
-1.196619999999999975e-02
3.019249999999999799e-03
9.094420000000000628e-03
8.378520000000000412e-04
-1.782359999999999847e-02
-3.667859999999999870e-02
-5.328080000000000316e-02
-5.944239999999999940e-02
-6.134250000000000119e-02
-6.195040000000000269e-02
-5.277470000000000078e-02
-3.110570000000000002e-02
-7.716220000000000197e-03
1.318289999999999913e-02
2.382350000000000093e-02
1.769949999999999996e-02
6.639889999999999855e-03
-3.820959999999999981e-03
-8.098700000000000343e-03
-1.926430000000000026e-03
6.599559999999999975e-03
4.713669999999999666e-03
-4.383380000000000089e-03
-1.205460000000000038e-02
-1.285670000000000042e-02
-6.995160000000000267e-03
8.653279999999999306e-03
2.766079999999999928e-02
3.787000000000000088e-02
4.249390000000000112e-02
4.515090000000000076e-02
4.321930000000000216e-02
3.560649999999999926e-02
2.405809999999999893e-02
1.231840000000000018e-02
4.400819999999999732e-03
-1.884150000000000017e-03
-7.447660000000000044e-03
-1.392140000000000044e-02
-2.447620000000000004e-02
-3.734139999999999682e-02
-4.242789999999999756e-02
-3.973610000000000336e-02
-3.540879999999999722e-02
-3.098679999999999837e-02
-2.597340000000000065e-02
-1.602080000000000171e-02
-5.363579999999999737e-03
5.299589999999999856e-03
1.557859999999999974e-02
2.489989999999999912e-02
2.698359999999999995e-02
1.721839999999999829e-02
1.758559999999999941e-03
-4.078939999999999649e-03
1.453269999999999996e-03
8.854870000000000796e-03
1.221960000000000060e-02
1.266910000000000085e-02
1.331139999999999927e-02
1.176740000000000078e-02
8.554710000000000092e-03
6.823000000000000072e-03
6.431199999999999764e-03
1.059470000000000030e-02
1.946669999999999998e-02
2.258109999999999978e-02
1.771980000000000083e-02
1.107630000000000073e-02
9.811449999999999338e-03
1.183629999999999925e-02
1.010830000000000062e-02
2.751650000000000016e-03
-3.790969999999999843e-03
-5.254810000000000383e-03
-7.271679999999999984e-03
-1.126420000000000025e-02
-7.807289999999999716e-03
4.709429999999999693e-03
1.213550000000000045e-02
1.208809999999999919e-02
1.137250000000000066e-02
1.260460000000000053e-02
1.681590000000000168e-02
1.846839999999999940e-02
1.377190000000000011e-02
6.077299999999999890e-03
1.534369999999999961e-03
2.631559999999999802e-03
4.877359999999999855e-03
6.940749999999999871e-03
6.655699999999999637e-03
4.638950000000000191e-03
4.169739999999999905e-03
5.281189999999999843e-03
8.885240000000000846e-03
1.297850000000000045e-02
1.360809999999999971e-02
9.283170000000000310e-03
9.924759999999999485e-04
-4.640169999999999885e-03
-7.157469999999999978e-03
-7.684419999999999966e-03
-6.574090000000000315e-03
-2.920589999999999818e-03
4.149510000000000351e-03
1.118790000000000062e-02
1.634870000000000073e-02
1.765809999999999949e-02
1.645869999999999972e-02
1.572979999999999864e-02
1.637689999999999979e-02
1.569490000000000121e-02
1.252550000000000018e-02
7.501850000000000011e-03
-2.498239999999999988e-04
-1.276129999999999973e-02
-2.553439999999999876e-02
-3.232920000000000238e-02
-3.475790000000000129e-02
-3.320010000000000322e-02
-2.457909999999999956e-02
-8.102150000000000671e-03
1.290670000000000012e-02
2.778150000000000064e-02
2.717610000000000164e-02
2.262619999999999909e-02
2.179849999999999843e-02
2.016099999999999837e-02
1.720899999999999860e-02
1.186169999999999933e-02
5.128749999999999629e-03
1.141000000000000087e-03
3.902080000000000045e-03
8.268380000000000521e-03
7.341890000000000222e-03
2.353440000000000046e-03
-5.954439999999999863e-04
-1.323769999999999938e-03
-4.715930000000000122e-03
-8.169799999999999632e-03
-4.930789999999999999e-03
5.763339999999999609e-03
1.775869999999999879e-02
2.281299999999999994e-02
2.275699999999999945e-02
2.051599999999999951e-02
2.059599999999999972e-02
2.318599999999999828e-02
2.542159999999999906e-02
1.979310000000000097e-02
8.780150000000000454e-03
-3.076269999999999873e-03
-1.240609999999999977e-02
-1.681200000000000055e-02
-1.602620000000000086e-02
-1.277790000000000002e-02
-1.003180000000000044e-02
-9.034000000000000363e-03
-1.052780000000000035e-02
-1.158889999999999920e-02
-1.178429999999999929e-02
-1.129679999999999920e-02
-1.141409999999999994e-02
-9.819299999999999556e-03
-8.229339999999999919e-03
-6.485229999999999814e-03
-5.714249999999999712e-03
-3.419680000000000029e-03
-2.999990000000000122e-04
7.579800000000000036e-04
-1.424979999999999953e-03
-5.030609999999999596e-03
-7.787869999999999689e-03
-9.498029999999999320e-03
-9.935120000000000409e-03
-1.044959999999999986e-02
-1.667909999999999879e-02
-2.455960000000000087e-02
-2.765170000000000128e-02
-2.392709999999999976e-02
-1.631900000000000017e-02
-8.934400000000000328e-03
-3.827019999999999988e-03
2.278469999999999888e-04
3.118469999999999923e-03
3.075819999999999943e-03
9.017689999999999647e-04
-1.293899999999999955e-03
-1.576750000000000027e-03
-2.887939999999999865e-03
-3.738019999999999884e-03
-1.434369999999999916e-03
4.058280000000000047e-03
1.098030000000000013e-02
1.474710000000000083e-02
1.516329999999999935e-02
1.483319999999999951e-02
1.128679999999999961e-02
6.717070000000000332e-03
4.611650000000000124e-03
7.579429999999999848e-03
9.981550000000000492e-03
8.215379999999999558e-03
4.330650000000000124e-03
3.862959999999999918e-03
7.153620000000000291e-03
9.639669999999999489e-03
6.155950000000000311e-03
-1.315940000000000035e-03
-7.537069999999999881e-03
-9.649939999999999213e-03
-1.131290000000000073e-02
-1.190979999999999990e-02
-1.050380000000000064e-02
-6.686110000000000317e-03
-4.063599999999999678e-03
-4.877910000000000058e-03
-7.495479999999999678e-03
-1.040149999999999929e-02
-1.327069999999999986e-02
-1.499009999999999926e-02
-1.505970000000000052e-02
-1.106470000000000023e-02
7.613189999999999931e-04
1.338070000000000058e-02
1.811089999999999922e-02
1.686810000000000045e-02
1.394860000000000023e-02
8.630449999999999580e-03
9.328109999999999701e-04
-6.048959999999999927e-03
-9.555299999999999211e-03
-1.119230000000000051e-02
-1.510290000000000070e-02
-2.266539999999999874e-02
-2.768899999999999834e-02
-2.785160000000000066e-02
-2.309539999999999857e-02
-1.031669999999999983e-02
5.611839999999999884e-03
2.078899999999999845e-02
2.815990000000000160e-02
2.695679999999999951e-02
2.158329999999999971e-02
1.804829999999999976e-02
1.648180000000000131e-02
1.203139999999999939e-02
2.687059999999999796e-03
-8.848399999999999321e-03
-1.760909999999999906e-02
-2.469560000000000158e-02
-2.821090000000000056e-02
-2.805650000000000158e-02
-2.590999999999999900e-02
-2.359220000000000067e-02
-1.913370000000000001e-02
-1.234949999999999937e-02
-5.228100000000000282e-03
-3.464870000000000103e-03
-5.825679999999999747e-03
-7.640250000000000340e-03
-3.898529999999999877e-03
8.248490000000000032e-04
4.988140000000000282e-03
9.105109999999999593e-03
1.344210000000000023e-02
1.609319999999999848e-02
1.657070000000000071e-02
1.759909999999999947e-02
1.810619999999999938e-02
1.497189999999999979e-02
7.291689999999999977e-03
-1.046639999999999940e-03
-7.325400000000000141e-03
-7.621900000000000029e-03
-2.538050000000000028e-03
6.038230000000000333e-03
9.635619999999999255e-03
5.130879999999999989e-03
-1.666539999999999992e-03
-4.510150000000000096e-03
-2.738350000000000072e-03
-6.991910000000000486e-04
5.687469999999999809e-04
2.373239999999999985e-03
3.790669999999999890e-03
4.125619999999999982e-03
1.360819999999999998e-03
-4.252060000000000214e-03
-6.925470000000000410e-03
-5.469960000000000273e-03
-3.867970000000000089e-03
-3.940149999999999902e-03
-3.627689999999999821e-03
-1.508889999999999927e-03
1.170849999999999972e-03
3.230910000000000032e-03
4.552119999999999778e-03
2.427509999999999911e-03
-3.136630000000000060e-03
-1.077129999999999928e-02
-1.388909999999999971e-02
-9.603820000000000759e-03
-1.994539999999999941e-03
4.306739999999999874e-03
5.782100000000000087e-03
5.212579999999999644e-03
2.976540000000000175e-03
1.552729999999999996e-03
-1.662559999999999993e-03
-6.140660000000000042e-03
-8.358529999999999432e-03
-5.800079999999999993e-03
-2.677639999999999795e-03
-3.160379999999999960e-03
-5.881270000000000074e-03
-5.992339999999999646e-03
-9.079879999999999809e-04
2.483759999999999787e-03
1.518770000000000016e-03
-2.704160000000000157e-03
-7.452679999999999721e-03
-8.264159999999999562e-03
-6.411710000000000152e-03
-3.500919999999999813e-03
-9.441210000000000227e-04
1.331170000000000010e-03
3.455549999999999941e-03
1.371229999999999975e-03
-2.786160000000000199e-03
-4.831109999999999571e-03
-4.381099999999999751e-03
-1.212629999999999915e-03
1.579729999999999893e-03
4.470049999999999718e-03
5.022979999999999806e-03
2.502240000000000193e-03
6.868249999999999572e-04
-1.052949999999999980e-03
-3.096769999999999991e-03
-4.330829999999999923e-03
-4.037989999999999982e-03
-2.042219999999999973e-03
2.168150000000000199e-03
4.120210000000000018e-03
1.826160000000000066e-03
-3.531160000000000201e-03
-6.681870000000000344e-03
-7.816790000000000543e-03
-5.329210000000000023e-03
-1.160449999999999936e-03
-5.522949999999999561e-04
-2.456110000000000064e-03
-2.024220000000000186e-03
5.795229999999999739e-04
2.129040000000000012e-03
2.822579999999999881e-03
4.043100000000000101e-04
-3.601710000000000154e-03
-6.250809999999999873e-03
-5.303509999999999995e-03
-2.128230000000000052e-03
1.418259999999999963e-03
3.475569999999999875e-03
5.024169999999999678e-03
3.989870000000000395e-03
3.465750000000000081e-03
3.646420000000000043e-03
3.562529999999999950e-03
3.546989999999999865e-03
4.088060000000000131e-03
3.663909999999999823e-03
1.838800000000000026e-03
-1.266049999999999901e-03
-4.571650000000000019e-03
-5.829439999999999969e-03
-6.113209999999999998e-03
-8.417859999999999232e-03
-9.990590000000000581e-03
-9.520219999999999377e-03
-6.306680000000000272e-03
-4.179480000000000174e-03
-4.226429999999999770e-03
-6.474849999999999876e-03
-9.711289999999999159e-03
-1.181319999999999940e-02
-1.326680000000000047e-02
-1.404329999999999988e-02
-1.206959999999999977e-02
-7.775230000000000162e-03
-1.619140000000000032e-03
2.063549999999999933e-03
1.676170000000000047e-03
-2.911099999999999799e-03
-7.462189999999999622e-03
-6.865089999999999908e-03
-2.225239999999999857e-03
3.495079999999999801e-03
5.315689999999999651e-03
4.930839999999999702e-03
4.825379999999999774e-03
5.784909999999999879e-03
7.525590000000000404e-03
7.871950000000000822e-03
7.659000000000000009e-03
9.236849999999999575e-03
1.393149999999999944e-02
1.882079999999999864e-02
1.920470000000000163e-02
1.854750000000000149e-02
1.764280000000000015e-02
1.681010000000000143e-02
1.722030000000000088e-02
1.633609999999999923e-02
1.286950000000000073e-02
8.903400000000000550e-03
5.601240000000000385e-03
4.430850000000000066e-03
6.211959999999999878e-03
8.970109999999999889e-03
1.017380000000000020e-02
9.881479999999999778e-03
8.774880000000000527e-03
8.365350000000000563e-03
8.127759999999999499e-03
5.965220000000000244e-03
3.603739999999999808e-03
3.085849999999999791e-03
3.200240000000000029e-03
3.346850000000000172e-03
6.974349999999999820e-03
1.416869999999999935e-02
1.912689999999999876e-02
1.749710000000000154e-02
1.194940000000000065e-02
5.259409999999999953e-03
1.300899999999999962e-04
-1.688089999999999892e-04
1.473020000000000015e-03
1.379840000000000016e-03
1.170660000000000017e-03
2.037269999999999880e-03
4.490860000000000164e-03
6.018189999999999651e-03
3.958979999999999964e-03
5.053420000000000145e-05
-3.032140000000000009e-03
-3.751309999999999888e-03
-2.738110000000000196e-03
9.112039999999999853e-04
5.669330000000000203e-03
8.318020000000000622e-03
7.985849999999999199e-03
4.308860000000000294e-03
-7.103909999999999956e-04
-5.199450000000000426e-03
-8.432520000000000640e-03
-7.917719999999999619e-03
-7.463530000000000338e-03
-9.317660000000000178e-03
-1.082759999999999972e-02
-1.256449999999999928e-02
-1.418980000000000068e-02
-1.605730000000000005e-02
-1.555310000000000026e-02
-1.245600000000000006e-02
-7.814329999999999540e-03
-3.262619999999999930e-03
8.702910000000000333e-04
1.925370000000000033e-03
5.840279999999999994e-04
-1.958459999999999975e-03
-2.446620000000000045e-03
-2.247030000000000067e-04
-1.019399999999999950e-03
-4.651190000000000359e-03
-9.803499999999999714e-03
-1.376679999999999918e-02
-1.396610000000000039e-02
-1.232660000000000006e-02
-8.455719999999999903e-03
-4.429830000000000052e-03
-1.485360000000000022e-04
5.634570000000000203e-03
1.148659999999999959e-02
1.388110000000000038e-02
1.303020000000000046e-02
8.936059999999999143e-03
6.091039999999999822e-03
5.996740000000000403e-03
7.743739999999999825e-03
1.026140000000000038e-02
1.127500000000000030e-02
8.090250000000000219e-03
9.646080000000000453e-04
-6.784880000000000078e-03
-1.111559999999999979e-02
-1.343699999999999929e-02
-1.381669999999999947e-02
-1.309669999999999931e-02
-1.175400000000000056e-02
-9.085650000000000670e-03
-6.057039999999999647e-03
-2.160179999999999826e-03
3.588640000000000254e-05
2.554100000000000229e-04
2.495430000000000196e-04
4.304639999999999769e-04
9.859520000000000090e-04
4.597930000000000073e-03
9.643699999999999842e-03
1.025490000000000082e-02
9.550760000000000152e-03
7.890470000000000123e-03
6.876990000000000360e-03
7.207189999999999604e-03
6.562250000000000374e-03
5.435459999999999597e-03
4.139590000000000283e-03
4.136560000000000063e-03
2.491150000000000135e-03
6.295610000000000529e-05
-9.355599999999999940e-04
-5.298699999999999938e-04
-6.394210000000000432e-04
1.103489999999999940e-03
2.388139999999999968e-03
5.386430000000000211e-03
9.196170000000000039e-03
1.253370000000000005e-02
1.166939999999999991e-02
8.760169999999999416e-03
6.148459999999999689e-03
3.876409999999999838e-03
1.362039999999999909e-03
-2.659490000000000031e-03
-7.331569999999999927e-03
-7.307010000000000068e-03
-4.240419999999999953e-03
-2.497169999999999945e-03
-2.080260000000000008e-03
-5.913259999999999827e-04
1.783279999999999935e-03
4.765319999999999973e-03
7.169870000000000063e-03
9.592160000000000616e-03
1.052260000000000001e-02
9.524710000000000468e-03
4.350439999999999689e-03
-2.089150000000000122e-03
-4.899960000000000079e-03
-5.481950000000000191e-03
-4.598940000000000146e-03
-4.468449999999999679e-03
-5.842570000000000055e-03
-6.912360000000000206e-03
-6.116919999999999649e-03
-4.054959999999999815e-03
-3.648039999999999963e-03
-4.575069999999999658e-03
-5.010859999999999793e-03
-2.999420000000000038e-03
2.256170000000000050e-03
8.870120000000000435e-03
1.358089999999999992e-02
1.535860000000000003e-02
1.308690000000000027e-02
8.101350000000000218e-03
2.789770000000000010e-03
1.227320000000000060e-03
1.120590000000000084e-03
1.899269999999999995e-03
2.324000000000000111e-03
2.323770000000000176e-03
2.003120000000000161e-03
9.661370000000000504e-04
6.525090000000000100e-04
1.401349999999999991e-03
2.680179999999999889e-03
4.667260000000000332e-03
6.630450000000000406e-03
9.587510000000000476e-03
1.141119999999999982e-02
1.004170000000000063e-02
6.533549999999999948e-03
3.311750000000000024e-03
2.625170000000000021e-03
5.746839999999999588e-03
8.353940000000000671e-03
7.694920000000000058e-03
4.701709999999999570e-03
-1.857820000000000044e-04
-4.637859999999999726e-03
-5.779760000000000106e-03
-3.975440000000000224e-03
-1.379070000000000035e-03
-1.494859999999999982e-03
-9.980379999999999200e-04
1.244810000000000057e-03
2.085699999999999794e-03
1.113810000000000017e-03
-1.311710000000000003e-03
-2.141890000000000027e-03
9.570400000000000391e-04
3.279090000000000130e-03
3.148419999999999865e-03
7.189530000000000400e-04
-3.159200000000000029e-03
-5.825369999999999854e-03
-6.436370000000000285e-03
-5.471170000000000026e-03
-5.194830000000000107e-03
-6.998729999999999882e-03
-9.441440000000000596e-03
-1.058289999999999925e-02
-9.772130000000000399e-03
-6.603770000000000126e-03
-3.782150000000000182e-03
-1.673320000000000059e-03
-3.894969999999999878e-04
7.176130000000000020e-05
8.080599999999999849e-05
-1.272620000000000023e-04
-8.715819999999999774e-04
-2.184399999999999970e-03
-4.472450000000000210e-03
-3.611200000000000174e-03
-4.374889999999999985e-04
3.013080000000000012e-03
5.160350000000000180e-03
4.568140000000000048e-03
3.198460000000000192e-03
6.169759999999999828e-04
-2.335949999999999832e-03
-5.479519999999999877e-03
-8.370370000000000241e-03
-9.213990000000000027e-03
-7.080190000000000095e-03
-6.464720000000000188e-03
-6.070739999999999817e-03
-6.102009999999999726e-03
-6.381079999999999912e-03
-9.200450000000000642e-03
-1.081550000000000046e-02
-1.010020000000000015e-02
-8.200390000000000110e-03
-2.592849999999999842e-03
1.915169999999999893e-03
3.027320000000000011e-03
2.989509999999999910e-03
2.313560000000000096e-03
3.455370000000000143e-03
5.213520000000000133e-03
4.604490000000000145e-03
2.335100000000000110e-03
-2.122960000000000125e-03
-6.148340000000000402e-03
-7.383869999999999843e-03
-7.269450000000000217e-03
-5.874589999999999847e-03
-5.332779999999999639e-03
-5.420119999999999626e-03
-5.236130000000000298e-03
-4.933719999999999946e-03
-3.304490000000000205e-03
-1.589499999999999984e-03
-2.429029999999999991e-03
-4.199699999999999787e-03
-4.582959999999999638e-03
-5.121910000000000351e-03
-5.614530000000000388e-03
-4.932299999999999705e-03
-4.369409999999999787e-03
-4.332169999999999771e-03
-4.174540000000000022e-03
-4.559050000000000255e-03
-5.213510000000000193e-03
-4.449189999999999569e-03
-3.531349999999999940e-03
-3.099049999999999895e-03
-2.750250000000000090e-03
-3.390139999999999820e-03
-3.452779999999999912e-03
-3.858410000000000051e-03
-3.918930000000000156e-03
-3.342760000000000176e-03
-3.149530000000000211e-03
-4.841360000000000281e-03
-6.869840000000000321e-03
-7.281690000000000385e-03
-7.366860000000000248e-03
-8.145650000000000807e-03
-9.413680000000000658e-03
-1.119050000000000079e-02
-1.207030000000000082e-02
-1.169979999999999978e-02
-8.970540000000000805e-03
-5.371940000000000395e-03
-2.484880000000000075e-03
-7.895340000000000474e-04
-6.005770000000000336e-04
-5.345779999999999629e-04
-7.472060000000000420e-04
-2.031919999999999994e-03
-3.766929999999999931e-03
-5.829410000000000147e-03
-7.704970000000000221e-03
-8.394070000000000004e-03
-7.216389999999999610e-03
-5.053890000000000118e-03
-9.417050000000000377e-04
1.576160000000000061e-03
1.422700000000000050e-03
-1.549749999999999912e-03
-4.149940000000000399e-03
-3.473910000000000192e-03
-1.059489999999999954e-03
1.276100000000000064e-03
5.648790000000000104e-04
-1.458499999999999944e-03
-2.015780000000000002e-03
-1.824539999999999929e-03
-6.056600000000000254e-05
1.694439999999999965e-03
2.522969999999999813e-03
3.445349999999999802e-03
2.346630000000000157e-03
6.201330000000000340e-04
-2.637480000000000206e-03
-5.762490000000000320e-03
-7.560820000000000214e-03
-7.747320000000000248e-03
-6.870850000000000395e-03
-4.466239999999999793e-03
-1.266699999999999944e-03
9.930839999999999806e-04
-2.235029999999999843e-05
-4.620479999999999726e-03
-8.326770000000000699e-03
-9.495770000000000599e-03
-9.468030000000000543e-03
-1.009969999999999965e-02
-1.172950000000000034e-02
-1.275680000000000043e-02
-1.143470000000000077e-02
-9.895350000000000673e-03
-7.820930000000000243e-03
-3.693319999999999936e-03
-4.226939999999999886e-04
1.162070000000000073e-03
2.129359999999999847e-03
3.564789999999999973e-03
3.851949999999999819e-03
3.025610000000000192e-03
2.437910000000000164e-03
1.984810000000000046e-03
1.926680000000000059e-03
2.215200000000000068e-03
5.046759999999999961e-03
8.162630000000000580e-03
6.989050000000000124e-03
2.774309999999999884e-03
-1.352789999999999982e-03
-2.796780000000000013e-03
-2.480219999999999994e-03
-1.449320000000000035e-03
4.447520000000000271e-04
2.305919999999999932e-03
2.523580000000000094e-03
2.119620000000000011e-03
-6.120719999999999633e-04
-2.898239999999999844e-03
-2.823840000000000204e-03
-2.036560000000000193e-03
-1.806010000000000037e-03
-1.540820000000000037e-03
-4.905209999999999475e-04
1.292390000000000032e-03
3.434369999999999958e-03
5.735289999999999659e-03
7.186210000000000167e-03
7.225180000000000317e-03
5.948270000000000293e-03
3.616279999999999929e-03
2.343739999999999973e-03
1.763790000000000106e-03
2.723619999999999947e-03
3.573349999999999877e-03
3.553090000000000068e-03
3.136869999999999936e-03
3.362560000000000115e-03
3.666909999999999788e-03
3.480979999999999838e-03
4.326349999999999640e-03
5.721760000000000214e-03
7.584519999999999977e-03
9.040599999999999331e-03
8.878050000000000178e-03
7.607850000000000203e-03
7.137919999999999855e-03
8.158969999999999764e-03
9.863699999999999551e-03
1.139249999999999985e-02
1.166090000000000008e-02
9.666179999999999911e-03
8.660630000000000758e-03
7.674209999999999886e-03
7.687109999999999603e-03
7.184079999999999806e-03
6.560759999999999682e-03
5.076129999999999878e-03
3.544729999999999843e-03
2.608889999999999994e-03
2.532169999999999820e-03
1.764450000000000090e-03
-3.001670000000000011e-04
-1.985799999999999805e-03
-2.115689999999999932e-03
-1.036740000000000004e-05
2.241579999999999961e-03
3.300099999999999822e-03
3.234830000000000171e-03
2.229780000000000217e-03
2.681709999999999910e-03
4.307710000000000185e-03
5.956590000000000322e-03
6.137179999999999892e-03
5.498059999999999926e-03
4.087040000000000117e-03
1.923400000000000023e-03
5.734579999999999973e-04
6.678279999999999763e-04
-1.568370000000000029e-05
6.425460000000000243e-04
1.860539999999999937e-03
3.063810000000000144e-03
4.181439999999999810e-03
6.019670000000000402e-03
6.757729999999999987e-03
7.346669999999999590e-03
7.105150000000000181e-03
6.870659999999999788e-03
7.863610000000000044e-03
9.328509999999999927e-03
1.232190000000000021e-02
1.410649999999999925e-02
1.405730000000000000e-02
1.198749999999999989e-02
1.031609999999999992e-02
8.591259999999999869e-03
7.463219999999999577e-03
6.023940000000000197e-03
4.649750000000000237e-03
2.249829999999999972e-03
2.007689999999999909e-03
4.064260000000000095e-03
5.779140000000000318e-03
6.293990000000000175e-03
5.057520000000000245e-03
4.379489999999999772e-03
4.281100000000000357e-03
4.065789999999999682e-03
2.477200000000000148e-03
2.768320000000000221e-04
-1.354640000000000054e-03
8.985900000000000007e-04
5.013970000000000406e-03
8.523090000000000527e-03
8.547479999999999661e-03
7.474680000000000039e-03
4.230480000000000004e-03
1.777759999999999974e-03
-5.324499999999999589e-04
1.751900000000000083e-04
2.487120000000000216e-03
5.210420000000000329e-03
7.179770000000000249e-03
6.604279999999999699e-03
6.499869999999999606e-03
6.337609999999999598e-03
6.629089999999999809e-03
4.697500000000000286e-03
1.938730000000000054e-03
1.155669999999999918e-03
1.060930000000000076e-03
1.094759999999999961e-03
1.181119999999999913e-03
6.752699999999999501e-04
-3.387670000000000042e-05
1.917099999999999924e-04
5.681910000000000086e-04
8.736349999999999932e-04
2.617589999999999934e-03
5.607550000000000208e-03
8.640679999999999542e-03
1.123170000000000071e-02
1.095329999999999915e-02
8.205840000000000703e-03
4.636509999999999937e-03
2.320510000000000021e-03
1.207269999999999979e-04
-8.637579999999999520e-04
-1.607579999999999947e-03
-2.849650000000000013e-03
-2.119289999999999802e-03
-7.795290000000000509e-04
2.526309999999999873e-05
3.015569999999999861e-04
-8.710659999999999844e-04
-2.027150000000000132e-03
-3.352840000000000160e-03
-4.294410000000000241e-03
-4.544089999999999761e-03
-4.675140000000000372e-03
-6.177170000000000057e-03
-7.150700000000000285e-03
-6.763700000000000094e-03
-6.810270000000000212e-03
-6.270300000000000352e-03
-3.737939999999999926e-03
3.542989999999999768e-04
3.431159999999999939e-03
7.286179999999999740e-03
8.818660000000000734e-03
8.598059999999999384e-03
7.605899999999999640e-03
5.811639999999999862e-03
2.318310000000000076e-03
7.026169999999999985e-04
-2.470739999999999915e-03
-4.861560000000000013e-03
-3.883390000000000019e-03
-3.408860000000000102e-03
-3.578560000000000161e-03
-4.569219999999999705e-03
-7.122780000000000430e-03
-8.852250000000000743e-03
-8.352009999999999990e-03
-6.927560000000000141e-03
-3.900460000000000125e-03
-2.844479999999999925e-03
-6.152350000000000006e-04
1.546089999999999964e-03
4.029660000000000013e-03
3.797730000000000029e-03
1.338430000000000045e-03
-2.350700000000000109e-04
-1.988890000000000102e-03
-2.287910000000000204e-03
-1.652079999999999998e-03
-1.642250000000000047e-03
-3.441899999999999907e-03
-4.177349999999999813e-03
-4.856560000000000217e-03
-4.254599999999999875e-03
-3.271229999999999971e-03
-3.690269999999999835e-03
-4.034410000000000426e-03
-4.821029999999999587e-03
-5.818959999999999758e-03
-6.150039999999999847e-03
-5.481469999999999572e-03
-4.743820000000000155e-03
-6.829049999999999704e-03
-8.883320000000000105e-03
-9.173340000000000313e-03
-9.216500000000000734e-03
-8.306459999999999885e-03
-7.787729999999999653e-03
-7.365889999999999938e-03
-6.771029999999999931e-03
-5.941909999999999900e-03
-4.806190000000000115e-03
-3.121529999999999964e-03
-2.093499999999999875e-03
-1.063900000000000002e-03
-1.496479999999999902e-03
-2.193669999999999995e-03
-2.567359999999999868e-03
-2.443630000000000021e-03
-2.236530000000000028e-03
-1.846549999999999971e-03
-9.251539999999999720e-04
3.452610000000000271e-04
2.767429999999999760e-04
-6.194259999999999610e-04
-1.893829999999999993e-03
-3.553849999999999891e-03
-4.113509999999999910e-03
-5.684640000000000352e-03
-5.802970000000000177e-03
-3.881279999999999973e-03
-2.353669999999999981e-03
-1.547259999999999955e-03
4.084749999999999948e-04
2.800470000000000216e-03
3.108660000000000069e-03
2.732689999999999859e-03
1.112719999999999985e-03
-1.171670000000000090e-03
-2.267200000000000031e-03
-2.883469999999999957e-03
-4.335750000000000194e-03
-3.556249999999999949e-03
-2.244079999999999860e-03
-2.198680000000000165e-03
-1.807369999999999984e-03
1.157409999999999993e-03
3.386730000000000122e-03
6.679570000000000125e-03
5.644899999999999571e-03
2.075430000000000070e-03
4.918529999999999951e-04
-4.428909999999999987e-04
-1.357649999999999959e-03
-3.070310000000000140e-03
-4.249890000000000091e-03
-6.151600000000000124e-03
-7.045540000000000309e-03
-4.658119999999999969e-03
-2.537100000000000032e-03
-1.893699999999999897e-03
-8.395850000000000058e-04
-4.236509999999999864e-04
-1.403820000000000068e-03
-1.937380000000000048e-03
-1.834539999999999955e-03
-6.380179999999999619e-04
8.927279999999999677e-04
3.458439999999999908e-04
-6.021300000000000101e-05
-3.491289999999999975e-04
-1.484070000000000094e-03
-2.747579999999999901e-03
-2.700689999999999948e-03
-2.645970000000000093e-03
-6.785919999999999973e-04
2.068959999999999896e-03
2.551690000000000121e-03
2.233399999999999969e-03
5.235879999999999614e-04
-2.445259999999999882e-03
-3.190810000000000087e-03
-3.952330000000000426e-03
-5.222629999999999807e-03
-3.389290000000000098e-03
-2.001010000000000115e-03
-5.617509999999999821e-04
-1.105129999999999958e-03
-2.488639999999999863e-03
-2.621819999999999967e-03
-2.827109999999999866e-03
-3.053569999999999809e-03
-3.037049999999999906e-03
-5.491889999999999489e-04
2.048560000000000051e-03
2.614679999999999869e-03
6.629119999999999848e-04
-1.708730000000000101e-03
-1.456950000000000042e-03
6.665850000000000291e-04
2.737450000000000213e-03
3.208470000000000159e-03
4.952540000000000067e-03
4.973769999999999754e-03
3.719309999999999977e-03
2.872369999999999958e-03
3.219669999999999997e-03
4.617590000000000409e-03
4.969000000000000326e-03
4.123889999999999847e-03
2.597920000000000090e-03
1.524750000000000064e-03
4.088970000000000256e-04
-1.972470000000000039e-03
-3.918350000000000131e-03
-4.446519999999999813e-03
-5.936320000000000138e-03
-7.844220000000000706e-03
-8.100559999999999705e-03
-5.715650000000000071e-03
-3.433579999999999879e-03
-2.078759999999999809e-03
2.631420000000000091e-04
1.577849999999999999e-03
1.588479999999999970e-03
1.668449999999999924e-03
1.518480000000000003e-03
1.338250000000000030e-03
6.084179999999999742e-05
4.759380000000000229e-04
1.009340000000000064e-03
8.821130000000000160e-04
1.078299999999999918e-03
9.509190000000000481e-04
1.440890000000000009e-03
2.055340000000000118e-03
4.303040000000000163e-03
3.799260000000000050e-03
1.666219999999999941e-03
8.247400000000000217e-04
-6.720930000000000177e-04
-1.994929999999999794e-03
-8.354750000000000197e-04
5.202030000000000065e-05
-1.365659999999999932e-04
1.370139999999999997e-04
1.715390000000000122e-04
5.726960000000000340e-04
5.640680000000000346e-04
1.549449999999999959e-03
2.779869999999999824e-03
4.308730000000000199e-03
3.269740000000000146e-03
1.714379999999999940e-03
1.081960000000000083e-03
3.264369999999999945e-03
4.764899999999999865e-03
4.732669999999999585e-03
2.585420000000000166e-03
-9.099400000000000327e-04
-4.398469999999999810e-03
-5.928509999999999683e-03
-5.611739999999999610e-03
-3.516200000000000141e-03
-3.973870000000000223e-04
-1.278189999999999904e-04
-3.117770000000000068e-04
-4.788729999999999940e-04
-3.443059999999999957e-03
-5.043309999999999634e-03
-4.569619999999999932e-03
-4.569310000000000038e-03
-3.729640000000000212e-03
-2.212050000000000127e-03
-6.851739999999999827e-04
7.179210000000000539e-04
1.746170000000000014e-03
2.851199999999999915e-03
3.907569999999999967e-03
3.731560000000000085e-03
4.039059999999999699e-03
3.893769999999999957e-03
3.698640000000000001e-03
1.234360000000000101e-03
-1.327190000000000010e-03
-4.371960000000000256e-03
-5.222090000000000412e-03
-5.015900000000000220e-03
-4.885760000000000276e-03
-5.319260000000000134e-03
-5.191420000000000409e-03
-6.518620000000000143e-03
-7.168859999999999989e-03
-6.769520000000000225e-03
-6.083500000000000366e-03
-5.674570000000000308e-03
-5.948610000000000009e-03
-6.210450000000000172e-03
-4.991169999999999635e-03
-3.286550000000000062e-03
-8.614669999999999836e-04
2.079419999999999793e-03
4.718980000000000223e-03
4.838539999999999681e-03
2.114959999999999930e-03
7.552169999999999760e-04
-1.252260000000000048e-03
-2.861849999999999984e-03
-2.834220000000000142e-03
-3.212179999999999810e-03
-2.995160000000000183e-03
-2.015480000000000049e-03
-1.141609999999999934e-03
1.163669999999999895e-03
1.656439999999999909e-03
1.597440000000000101e-03
8.410219999999999719e-04
1.964939999999999927e-04
3.310510000000000124e-04
2.271169999999999873e-03
3.869229999999999978e-03
5.326779999999999710e-03
4.810830000000000314e-03
2.818869999999999796e-03
1.218389999999999968e-03
1.122340000000000100e-03
1.172800000000000101e-03
-2.498699999999999980e-05
-2.113110000000000075e-03
-2.581539999999999790e-03
-2.618080000000000060e-03
-1.898210000000000001e-03
-1.974080000000000019e-03
-2.465290000000000190e-03
-2.373839999999999891e-03
-2.232930000000000158e-03
-1.872790000000000045e-03
-1.256870000000000047e-04
1.366040000000000006e-03
1.525579999999999905e-03
1.241979999999999950e-03
1.853720000000000107e-03
1.947780000000000084e-03
1.711040000000000044e-03
1.447029999999999974e-03
1.672469999999999903e-03
1.362810000000000106e-03
1.189270000000000084e-03
1.143879999999999897e-03
1.199879999999999957e-03
1.410489999999999921e-03
3.866379999999999990e-03
5.803580000000000023e-03
5.665640000000000433e-03
4.438530000000000426e-03
1.473549999999999903e-03
2.609129999999999869e-04
9.663739999999999873e-04
1.860080000000000067e-03
4.208570000000000019e-03
4.780600000000000301e-03
4.979810000000000313e-03
2.980340000000000159e-03
8.188209999999999586e-04
-2.066849999999999851e-03
-4.682350000000000054e-03
-4.623829999999999781e-03
-1.406689999999999937e-03
3.104660000000000189e-04
1.397349999999999894e-04
-1.667620000000000083e-03
-3.351929999999999927e-03
-4.088330000000000262e-03
-4.375249999999999799e-03
-4.268890000000000011e-03
-4.164870000000000204e-03
-3.714470000000000098e-03
-3.347409999999999882e-03
-4.281550000000000286e-03
-3.998279999999999890e-03
-3.135820000000000100e-03
-3.522859999999999945e-04
1.404789999999999945e-03
1.106290000000000008e-03
8.000169999999999807e-04
1.037050000000000081e-03
1.352789999999999982e-03
1.074480000000000053e-03
1.223350000000000002e-03
1.050270000000000066e-03
1.251099999999999999e-03
1.517020000000000000e-03
4.453999999999999626e-03
5.937500000000000069e-03
4.494139999999999767e-03
1.171420000000000057e-03
8.294819999999999841e-04
-8.616390000000000355e-05
-9.791059999999999867e-04
3.338489999999999947e-04
7.146910000000000459e-04
7.610089999999999910e-04
1.463930000000000006e-03
3.540569999999999828e-03
4.245230000000000010e-03
4.914830000000000240e-03
5.022470000000000233e-03
4.623719999999999566e-03
4.198969999999999786e-03
3.807329999999999829e-03
2.596960000000000154e-03
1.386410000000000029e-03
8.583420000000000025e-04
-9.266260000000000284e-05
-1.010169999999999905e-03
-2.206150000000000038e-03
-2.656649999999999984e-03
-2.884589999999999810e-03
-3.068280000000000052e-03
-3.158549999999999986e-03
-1.871489999999999959e-03
1.184560000000000056e-04
1.974730000000000116e-04
3.170490000000000200e-04
8.374640000000000035e-04
2.047470000000000019e-03
4.331810000000000174e-03
4.529400000000000266e-03
2.424359999999999970e-03
7.070229999999999560e-05
-3.036529999999999741e-04
1.436979999999999920e-05
-2.344400000000000119e-04
2.344430000000000212e-03
4.863939999999999757e-03
5.555540000000000304e-03
4.156159999999999889e-03
8.356210000000000417e-04
-7.050819999999999961e-04
-3.519840000000000100e-04
2.375760000000000035e-04
1.504970000000000006e-03
3.762750000000000252e-04
-5.993640000000000165e-04
-7.968190000000000429e-04
-2.446859999999999920e-03
-4.231509999999999959e-03
-4.509479999999999739e-03
-5.270940000000000000e-03
-5.330389999999999955e-03
-5.800460000000000338e-03
-5.558999999999999705e-03
-2.321240000000000022e-03
2.451800000000000073e-03
5.244219999999999958e-03
5.939179999999999633e-03
5.808210000000000282e-03
5.764290000000000039e-03
4.658429999999999863e-03
3.967449999999999970e-03
2.556169999999999970e-03
1.677890000000000024e-03
7.999699999999999997e-04
2.573790000000000171e-04
-1.535610000000000024e-04
-4.512779999999999846e-05
-4.790589999999999953e-04
-7.673209999999999536e-04
-9.269610000000000176e-04
-8.916220000000000092e-04
-1.512590000000000072e-03
-1.726090000000000003e-03
-7.765470000000000445e-04
-8.580699999999999482e-04
-8.515210000000000487e-04
-8.849010000000000035e-04
-7.873259999999999764e-04
-7.622069999999999887e-04
4.756860000000000125e-04
2.407639999999999954e-03
2.594330000000000160e-03
1.409029999999999918e-03
1.793230000000000041e-04
-7.001779999999999766e-04
-1.666790000000000025e-03
-3.728599999999999883e-03
-4.038929999999999604e-03
-2.722969999999999904e-03
-7.147209999999999761e-04
-8.318050000000000227e-04
-1.159669999999999961e-04
4.943369999999999665e-04
1.536890000000000120e-04
-7.893509999999999849e-04
-7.930090000000000099e-04
-7.727020000000000026e-04
-6.724500000000000009e-04
-7.764690000000000090e-04
-2.609129999999999869e-04
7.005540000000000421e-04
1.458630000000000039e-03
6.454349999999999758e-04
2.500770000000000250e-04
1.957139999999999900e-04
5.644779999999999850e-04
4.807219999999999961e-04
4.476999999999999860e-04
-3.755060000000000060e-04
-9.290089999999999546e-04
-2.112450000000000092e-03
-3.149340000000000039e-03
-3.078730000000000008e-03
-2.939189999999999945e-03
-3.408870000000000042e-03
-4.366880000000000067e-03
-5.053979999999999584e-03
-4.877819999999999726e-03
-3.847960000000000096e-03
-3.592709999999999827e-03
-3.568249999999999807e-03
-3.675470000000000126e-03
-4.047799999999999836e-03
-4.442879999999999746e-03
-5.753430000000000349e-03
-6.755520000000000101e-03
-6.752010000000000130e-03
-6.167999999999999872e-03
-6.102070000000000237e-03
-5.311100000000000022e-03
-4.504690000000000430e-03
-4.457659999999999574e-03
-4.308760000000000021e-03
-4.173460000000000364e-03
-4.003160000000000399e-03
-4.575309999999999967e-03
-5.422869999999999774e-03
-5.945569999999999848e-03
-5.389429999999999742e-03
-4.385469999999999820e-03
-3.705640000000000062e-03
-2.444979999999999810e-03
-1.649800000000000095e-03
-8.287700000000000492e-04
-8.621440000000000180e-04
-6.576909999999999614e-04
-6.105919999999999707e-04
-9.333559999999999860e-04
-1.017939999999999947e-03
-1.748949999999999984e-03
-2.368540000000000142e-03
-2.371709999999999964e-03
-1.968409999999999865e-03
-1.655699999999999967e-03
-9.522289999999999661e-04
-7.085519999999999883e-04
-3.215429999999999807e-04
-1.182619999999999895e-03
-2.196850000000000191e-03
-2.429310000000000063e-03
-2.518030000000000095e-03
-2.364419999999999890e-03
-2.309900000000000148e-03
-2.083440000000000205e-03
-1.032949999999999927e-03
7.291710000000000292e-04
1.689079999999999922e-03
2.694030000000000036e-03
2.954490000000000154e-03
3.849200000000000104e-03
4.534650000000000312e-03
5.113499999999999990e-03
5.276529999999999762e-03
4.765740000000000080e-03
4.303109999999999748e-03
4.097280000000000019e-03
3.464870000000000103e-03
2.554920000000000021e-03
2.075340000000000171e-03
1.567299999999999987e-03
1.411579999999999953e-03
1.994239999999999988e-03
2.106279999999999871e-03
1.535120000000000061e-03
1.144810000000000012e-03
1.250540000000000072e-03
1.517679999999999984e-03
1.772860000000000017e-03
1.334120000000000054e-03
1.814999999999999990e-03
2.742140000000000116e-03
5.019209999999999644e-03
6.438519999999999660e-03
6.757439999999999974e-03
5.819740000000000330e-03
4.560439999999999806e-03
2.550919999999999924e-03
1.946070000000000048e-03
2.047039999999999971e-03
2.013360000000000063e-03
1.722970000000000100e-03
7.085210000000000423e-04
-7.673660000000000116e-04
-5.439550000000000461e-04
-2.565360000000000253e-04
-3.364919999999999760e-04
-3.413310000000000020e-04
-2.976979999999999947e-04
-1.009370000000000102e-03
-1.164139999999999923e-03
-2.136149999999999854e-03
-3.098850000000000215e-03
-3.416240000000000075e-03
-2.190199999999999786e-03
-1.126859999999999928e-03
9.820919999999999477e-05
4.401869999999999785e-04
7.132539999999999714e-04
8.350739999999999942e-04
9.558019999999999537e-04
1.659639999999999987e-03
1.759759999999999970e-03
1.126789999999999910e-03
5.087810000000000336e-04
5.660189999999999623e-04
1.136480000000000042e-03
1.819290000000000100e-03
1.250299999999999979e-03
5.314649999999999539e-04
6.010530000000000473e-04
6.853509999999999507e-04
6.692929999999999496e-04
6.764190000000000437e-04
7.606330000000000339e-04
6.127739999999999576e-04
1.179069999999999944e-03
1.885200000000000070e-03
2.638909999999999954e-03
3.436939999999999874e-03
5.181009999999999782e-03
5.668969999999999738e-03
5.270529999999999833e-03
5.379440000000000090e-03
5.202339999999999742e-03
5.520480000000000352e-03
5.234410000000000104e-03
4.826500000000000061e-03
5.345169999999999783e-03
5.191829999999999709e-03
4.463329999999999728e-03
4.515860000000000013e-03
4.380059999999999856e-03
4.503489999999999750e-03
4.531740000000000247e-03
4.126079999999999852e-03
3.874190000000000012e-03
4.142700000000000028e-03
4.510390000000000406e-03
4.883730000000000189e-03
4.758260000000000267e-03
4.703449999999999645e-03
4.343689999999999878e-03
3.365649999999999979e-03
3.076000000000000175e-03
3.137200000000000145e-03
3.015569999999999969e-03
2.588860000000000119e-03
2.601029999999999835e-03
2.963509999999999929e-03
2.622070000000000217e-03
3.071190000000000118e-03
2.607729999999999944e-03
2.487919999999999802e-03
2.337870000000000139e-03
2.851579999999999827e-03
3.494650000000000187e-03
3.907790000000000395e-03
3.366490000000000194e-03
2.885040000000000174e-03
2.081560000000000094e-03
1.405299999999999952e-03
3.477880000000000251e-04
-5.475919999999999573e-04
-1.644740000000000004e-03
-6.099669999999999962e-04
1.171469999999999977e-03
1.630949999999999935e-03
1.809019999999999942e-03
1.896209999999999953e-03
1.801499999999999933e-03
1.809819999999999962e-03
1.687039999999999894e-03
1.718590000000000092e-03
1.574709999999999999e-03
1.598049999999999948e-03
1.101580000000000007e-03
1.447090000000000052e-03
1.406799999999999934e-03
1.777759999999999974e-03
2.308569999999999806e-03
1.922520000000000045e-03
1.183669999999999948e-03
9.604080000000000516e-04
-1.509179999999999940e-03
-2.930579999999999904e-03
-1.557709999999999911e-03
1.053160000000000034e-03
7.865549999999999799e-04
1.025529999999999975e-03
-6.440690000000000434e-04
-2.009299999999999888e-03
-1.987350000000000141e-03
-1.832110000000000075e-03
-6.992390000000000454e-04
-5.265860000000000029e-04
-4.714920000000000049e-04
-3.141390000000000089e-04
4.501849999999999732e-04
3.045869999999999893e-04
6.779130000000000399e-04
1.047909999999999987e-03
1.072180000000000051e-03
9.154630000000000406e-04
1.005290000000000046e-03
8.427639999999999697e-04
9.291119999999999501e-04
-4.583519999999999782e-04
-2.183159999999999962e-03
-3.466120000000000052e-03
-3.860849999999999872e-03
-4.072759999999999922e-03
-4.242189999999999850e-03
-4.211610000000000180e-03
-3.495240000000000152e-03
-3.250100000000000124e-03
-3.377460000000000098e-03
-2.909249999999999944e-03
-1.533129999999999953e-03
1.212229999999999905e-03
1.775560000000000029e-03
1.535399999999999916e-03
1.567320000000000085e-03
1.569550000000000068e-03
8.125990000000000036e-04
9.808720000000000373e-04
6.727099999999999747e-04
9.593489999999999657e-04
6.793059999999999637e-04
-1.439780000000000096e-04
7.112210000000000537e-04
1.191699999999999964e-03
1.037659999999999928e-03
8.979930000000000334e-04
-4.172530000000000249e-04
-2.173679999999999883e-03
-2.222229999999999952e-03
-2.220580000000000210e-03
-2.010309999999999962e-03
-2.189190000000000146e-03
-1.206220000000000035e-03
-1.744029999999999929e-03
-2.067190000000000000e-03
-2.671900000000000056e-03
-1.962139999999999804e-03
1.343399999999999911e-04
1.692920000000000102e-03
1.713279999999999968e-03
1.823259999999999941e-03
1.177770000000000076e-03
1.198019999999999944e-03
1.742389999999999911e-03
1.768150000000000017e-03
2.137109999999999791e-03
4.209649999999999677e-03
4.580550000000000073e-03
3.431549999999999791e-03
1.530069999999999911e-03
1.329490000000000012e-03
-4.220429999999999841e-04
-2.945619999999999922e-03
-3.480689999999999826e-03
-3.304580000000000104e-03
-2.174230000000000086e-03
6.412940000000000437e-04
1.651810000000000084e-03
1.509759999999999965e-03
2.159980000000000146e-03
1.460350000000000016e-03
1.245840000000000012e-03
1.233219999999999933e-03
1.273360000000000073e-03
9.698040000000000002e-04
-4.304740000000000259e-04
-3.122520000000000157e-03
-3.732409999999999808e-03
-3.352219999999999939e-03
-3.534359999999999846e-03
-3.131699999999999848e-03
-2.347590000000000093e-03
-1.827180000000000080e-03
-1.904590000000000059e-03
-1.967130000000000094e-03
-2.077530000000000175e-03
-1.486359999999999938e-03
-2.028170000000000146e-03
-1.565570000000000069e-03
3.019319999999999816e-04
1.846329999999999976e-03
1.797650000000000029e-03
1.697380000000000069e-03
1.645650000000000021e-03
1.429829999999999990e-03
5.179100000000000066e-04
-1.331070000000000115e-04
8.158539999999999716e-04
1.498350000000000072e-03
1.456019999999999927e-03
1.489489999999999998e-03
1.318720000000000005e-03
1.427169999999999958e-03
-9.432509999999999853e-04
-3.377289999999999806e-03
-3.386399999999999914e-03
-3.074780000000000048e-03
-3.571840000000000171e-03
-3.205659999999999933e-03
-2.901739999999999875e-03
-2.628020000000000009e-03
-1.787160000000000094e-03
-1.293799999999999898e-03
-5.424839999999999784e-04
9.095970000000000531e-04
1.464650000000000066e-03
1.768639999999999926e-03
1.809660000000000045e-03
1.214950000000000014e-03
8.516630000000000077e-04
2.148809999999999913e-04
-7.552109999999999899e-04
-2.018920000000000003e-03
-2.758660000000000018e-03
-2.787019999999999862e-03
-2.756639999999999872e-03
-3.299620000000000070e-03
-3.284079999999999985e-03
-3.708980000000000176e-03
-3.525809999999999882e-03
-2.415860000000000143e-03
-2.239070000000000123e-03
-1.902019999999999926e-03
-1.330790000000000098e-03
-1.980790000000000068e-03
-2.134769999999999810e-03
-1.501439999999999936e-03
-6.731950000000000217e-04
-6.845860000000000486e-04
-7.041999999999999866e-04
-6.714470000000000377e-04
-6.148310000000000363e-04
-6.248539999999999910e-04
-4.689660000000000226e-04
-8.669440000000000262e-04
-7.829550000000000008e-04
-8.855609999999999871e-04
-1.122380000000000079e-03
-7.657900000000000254e-04
-6.293269999999999463e-04
-1.152679999999999894e-03
-1.362649999999999972e-03
-1.060689999999999984e-03
-1.323579999999999982e-03
-1.256530000000000060e-03
-1.968430000000000180e-03
-2.602370000000000117e-03
-1.964519999999999982e-03
-2.894600000000000211e-03
-4.378570000000000031e-03
-5.085209999999999730e-03
-5.824270000000000315e-03
-5.897809999999999858e-03
-5.256570000000000339e-03
-4.438909999999999904e-03
-3.832369999999999874e-03
-2.323529999999999866e-03
-5.528539999999999757e-04
1.964260000000000062e-04
7.659229999999999511e-05
-3.434380000000000142e-05
-7.210669999999999862e-05
5.762229999999999886e-05
-1.367139999999999924e-04
3.860989999999999908e-04
3.222529999999999926e-04
8.595029999999999597e-05
-3.483609999999999940e-04
-1.237629999999999980e-03
-2.163439999999999981e-03
-2.264490000000000079e-03
-1.935029999999999910e-03
-1.076970000000000011e-03
-3.612689999999999999e-04
5.030440000000000172e-04
4.592660000000000037e-04
7.903489999999999778e-04
8.665949999999999522e-04
1.411179999999999943e-03
9.017479999999999593e-04
3.837099999999999973e-04
5.645560000000000205e-04
4.705929999999999987e-04
5.499640000000000084e-04
5.025550000000000156e-04
6.003410000000000040e-04
2.324899999999999916e-04
-1.172709999999999958e-04
-6.462220000000000616e-05
-1.688009999999999988e-04
-4.315650000000000193e-04
6.010199999999999614e-04
8.341299999999999843e-04
7.814280000000000271e-04
5.388769999999999975e-04
2.301220000000000088e-03
5.201489999999999586e-03
5.115980000000000007e-03
4.683310000000000424e-03
4.738370000000000429e-03
2.310940000000000043e-03
4.978439999999999721e-05
-1.467259999999999962e-03
-4.098430000000000129e-03
-1.023800000000000057e-03
1.627729999999999976e-03
4.108780000000000245e-03
4.470410000000000182e-03
3.928270000000000199e-03
1.911179999999999954e-03
-9.726930000000000060e-05
-5.770050000000000092e-04
-1.156719999999999970e-03
-2.423910000000000040e-03
-3.096250000000000044e-03
-8.349419999999999759e-04
7.770680000000000079e-04
2.994000000000000133e-03
3.948929999999999801e-03
3.488629999999999943e-03
1.600800000000000096e-03
-3.376210000000000257e-04
-8.591780000000000467e-04
-2.113639999999999963e-03
-2.441850000000000184e-03
-1.006729999999999951e-03
-3.243000000000000223e-04
-4.855850000000000205e-04
-2.093119999999999909e-04
6.086149999999999590e-04
8.351930000000000248e-04
5.695509999999999549e-04
4.757809999999999904e-04
1.133019999999999991e-03
5.787830000000000318e-04
1.139419999999999929e-03
1.604060000000000034e-03
1.976930000000000007e-03
2.040319999999999981e-03
2.112039999999999924e-03
1.130069999999999946e-03
-7.146989999999999550e-04
-1.152739999999999971e-03
-1.482390000000000096e-03
-2.687290000000000165e-03
-2.941819999999999938e-03
-1.941220000000000011e-03
-9.714139999999999798e-04
-1.046660000000000038e-03
-1.766109999999999989e-03
-1.829410000000000064e-03
-1.288929999999999980e-03
-9.768369999999999310e-04
-5.482059999999999754e-04
-5.364970000000000372e-04
-3.295169999999999827e-04
-7.717870000000000156e-04
-8.381499999999999628e-04
-1.374989999999999980e-03
-2.611009999999999980e-03
-3.752450000000000056e-03
-4.005419999999999987e-03
-3.758239999999999931e-03
-3.682729999999999945e-03
-3.542009999999999950e-03
-3.404599999999999814e-03
-3.237509999999999867e-03
-3.104260000000000179e-03
-2.865490000000000051e-03
-2.526710000000000154e-03
-1.965789999999999812e-03
-2.167430000000000138e-03
-2.499599999999999825e-03
-2.466310000000000204e-03
-2.830389999999999903e-03
-3.136869999999999936e-03
-2.597599999999999822e-03
-2.208649999999999936e-03
-1.541330000000000044e-03
-1.184369999999999911e-03
-1.153579999999999970e-03
-4.750900000000000067e-04
8.949829999999999656e-05
2.456989999999999934e-04
-5.781270000000000029e-04
-8.976449999999999750e-04
-9.667130000000000124e-04
-8.443219999999999979e-04
-6.137809999999999837e-04
-1.764369999999999914e-04
1.853290000000000005e-05
-1.732740000000000083e-04
-6.886839999999999542e-04
-1.382449999999999912e-03
-1.787959999999999897e-03
-1.878820000000000013e-03
-1.685690000000000105e-03
-1.559749999999999939e-03
-1.355160000000000002e-03
-1.216999999999999983e-03
-1.031060000000000093e-03
-9.346709999999999827e-04
-3.717880000000000121e-04
6.770199999999999656e-05
5.564349999999999808e-04
1.016409999999999926e-03
9.996250000000000795e-04
6.679070000000000276e-04
3.263599999999999856e-04
6.687690000000000475e-04
9.976480000000000677e-04
1.131559999999999988e-03
1.376250000000000086e-03
1.422279999999999942e-03
1.134330000000000017e-03
1.027729999999999920e-03
8.291610000000000256e-04
7.704310000000000238e-04
1.123300000000000036e-03
1.342419999999999985e-03
1.356900000000000077e-03
1.365289999999999906e-03
1.670980000000000078e-03
1.883700000000000088e-03
2.124500000000000086e-03
2.169760000000000178e-03
2.078519999999999934e-03
2.106429999999999848e-03
2.025129999999999986e-03
1.846090000000000101e-03
1.508620000000000013e-03
1.381150000000000043e-03
1.461859999999999939e-03
1.553920000000000084e-03
1.407620000000000052e-03
1.237169999999999893e-03
1.044640000000000108e-03
9.710100000000000155e-04
1.004190000000000074e-03
1.020370000000000044e-03
1.033300000000000017e-03
1.032209999999999985e-03
9.404959999999999752e-04
1.011979999999999998e-03
1.131279999999999916e-03
1.117240000000000030e-03
1.051429999999999899e-03
1.031540000000000061e-03
1.114219999999999967e-03
1.149810000000000025e-03
1.144540000000000097e-03
1.133249999999999926e-03
1.139639999999999924e-03
1.121720000000000095e-03
1.124400000000000009e-03
1.096189999999999925e-03
1.129800000000000032e-03
1.116859999999999901e-03
1.128890000000000015e-03
1.178130000000000106e-03
1.255789999999999901e-03
1.241920000000000090e-03
1.181289999999999988e-03
1.175389999999999898e-03
1.234730000000000072e-03
1.170059999999999894e-03
1.094340000000000070e-03
9.701389999999999623e-04
8.485590000000000320e-04
7.363110000000000184e-04
6.867600000000000180e-04
6.694869999999999684e-04
7.114110000000000095e-04
7.817920000000000121e-04
8.671809999999999631e-04
8.530690000000000278e-04
7.808970000000000147e-04
6.882740000000000039e-04
5.556270000000000523e-04
4.654370000000000230e-04
4.253269999999999751e-04
4.031099999999999809e-04
3.705529999999999740e-04
3.753510000000000050e-04
3.864049999999999842e-04
3.749620000000000058e-04
3.323530000000000212e-04
2.985369999999999777e-04
2.621480000000000251e-04
2.294560000000000067e-04
1.949590000000000014e-04
1.611390000000000034e-04
1.290840000000000130e-04
1.215400000000000052e-04
7.896569999999999512e-05
4.739549999999999709e-05
2.631889999999999970e-05
2.053499999999999905e-06
-2.083309999999999879e-05
-4.353309999999999829e-05
-5.727180000000000281e-05
-6.717309999999999557e-05
-7.384059999999999908e-05
-8.329409999999999928e-05
-1.026709999999999933e-04
-1.239540000000000130e-04
-1.468829999999999962e-04
-1.735130000000000038e-04
-1.934630000000000009e-04
-2.104870000000000059e-04
-2.245439999999999969e-04
-2.322369999999999925e-04
-2.405619999999999916e-04
-2.467580000000000251e-04
-2.551899999999999741e-04
-2.593009999999999760e-04
-2.636170000000000071e-04
-2.675350000000000059e-04
-2.696709999999999732e-04
-2.697810000000000247e-04
-2.693120000000000127e-04
-2.670850000000000220e-04
-2.645939999999999946e-04
-2.615410000000000087e-04
-2.579680000000000211e-04
-2.539330000000000233e-04
-2.496779999999999768e-04
-2.449509999999999795e-04
-2.399299999999999881e-04
-2.342079999999999911e-04
-2.284350000000000042e-04
-2.219739999999999994e-04
-2.152719999999999948e-04
-2.081479999999999865e-04
-2.007339999999999927e-04
-1.928640000000000020e-04
-1.846580000000000064e-04
-1.759900000000000006e-04
-1.670029999999999865e-04
-1.576179999999999942e-04
-1.479370000000000034e-04
-1.379189999999999919e-04
-1.276299999999999961e-04
-1.170559999999999987e-04
-1.062399999999999993e-04
-9.518759999999999645e-05
-8.392369999999999745e-05
-7.246300000000000061e-05
