2.930389999999999840e-04
2.727000000000000149e-04
2.815629999999999739e-04
2.609019999999999764e-04
2.687550000000000247e-04
2.479490000000000209e-04
2.559540000000000231e-04
2.354520000000000083e-04
2.435109999999999933e-04
2.239259999999999970e-04
2.316949999999999967e-04
2.124989999999999995e-04
2.228710000000000012e-04
2.264509999999999906e-04
2.426209999999999934e-04
2.570459999999999781e-04
3.179510000000000192e-04
2.842340000000000166e-04
3.188430000000000235e-04
4.481180000000000081e-04
5.372019999999999703e-04
5.751540000000000298e-04
6.739979999999999799e-04
6.359649999999999461e-04
6.482700000000000528e-04
6.095420000000000265e-04
6.731390000000000073e-04
6.692999999999999514e-04
8.248759999999999946e-04
8.665399999999999535e-04
8.292230000000000260e-04
7.092669999999999704e-04
8.018889999999999655e-04
7.279199999999999560e-04
7.610889999999999496e-04
7.726220000000000440e-04
6.532929999999999944e-04
3.515920000000000178e-04
-1.132169999999999970e-04
-3.054120000000000229e-04
-2.410790000000000003e-04
-6.657259999999999480e-04
-5.534939999999999695e-04
-5.006560000000000394e-04
-1.366069999999999882e-04
-3.076059999999999819e-04
-2.805069999999999894e-04
3.178429999999999992e-04
1.305909999999999970e-03
1.580760000000000064e-03
8.217920000000000086e-04
6.502860000000000281e-04
4.966050000000000065e-04
7.286919999999999682e-04
1.304009999999999978e-03
1.859170000000000050e-03
2.546169999999999944e-03
3.235220000000000023e-03
3.951399999999999878e-03
4.129589999999999823e-03
4.465120000000000373e-03
4.148279999999999849e-03
4.095829999999999957e-03
3.409199999999999817e-03
2.199200000000000113e-03
1.096289999999999982e-03
1.013019999999999893e-03
1.645390000000000047e-03
2.035719999999999977e-03
2.451940000000000109e-03
3.204429999999999865e-03
4.375590000000000382e-03
4.053580000000000204e-03
2.006920000000000145e-03
8.635830000000000155e-04
2.920980000000000213e-04
-2.913440000000000214e-04
-9.071879999999999614e-04
-2.134249999999999862e-03
-3.317339999999999785e-03
-3.555179999999999799e-03
-4.077469999999999706e-03
-2.570049999999999939e-03
4.525059999999999803e-04
3.444229999999999948e-03
4.430120000000000065e-03
4.109070000000000257e-03
2.955800000000000181e-03
3.291029999999999910e-03
3.517880000000000139e-03
3.240760000000000082e-03
4.537679999999999665e-03
5.122289999999999829e-03
6.602799999999999815e-03
5.626810000000000318e-03
5.639619999999999703e-03
6.063769999999999577e-03
6.338919999999999624e-03
4.969789999999999972e-03
3.139489999999999989e-03
3.314339999999999821e-03
1.390820000000000077e-03
2.886300000000000063e-04
-2.759189999999999907e-03
-4.424349999999999637e-03
-7.883050000000000820e-03
-1.196660000000000085e-02
-1.397149999999999954e-02
-1.375999999999999966e-02
-9.824690000000000506e-03
-3.939279999999999865e-03
-2.841979999999999919e-04
4.843630000000000244e-04
-1.225020000000000059e-03
-2.439479999999999947e-03
-4.286350000000000403e-03
-4.089589999999999718e-03
-7.140230000000000448e-04
3.658160000000000144e-03
9.624350000000000266e-03
1.603409999999999905e-02
1.955180000000000112e-02
1.794170000000000140e-02
1.517139999999999982e-02
1.155849999999999933e-02
9.784279999999999367e-03
1.100409999999999930e-02
1.502659999999999933e-02
1.957870000000000096e-02
2.012950000000000156e-02
1.642189999999999969e-02
1.116830000000000080e-02
5.444609999999999901e-03
1.425719999999999895e-03
-1.918039999999999979e-03
-5.405079999999999607e-03
-1.154130000000000086e-02
-1.697459999999999941e-02
-1.885430000000000092e-02
-1.865199999999999844e-02
-1.768480000000000052e-02
-1.972669999999999979e-02
-2.218660000000000077e-02
-2.538589999999999944e-02
-2.716390000000000124e-02
-2.594880000000000103e-02
-2.306180000000000035e-02
-1.772850000000000120e-02
-1.135489999999999937e-02
-5.521919999999999606e-03
5.281319999999999504e-04
5.834510000000000217e-03
9.240679999999999381e-03
1.275109999999999959e-02
2.020900000000000127e-02
2.870479999999999907e-02
3.510150000000000076e-02
3.658320000000000322e-02
3.441029999999999783e-02
3.114240000000000064e-02
2.780789999999999998e-02
2.842160000000000172e-02
3.097460000000000144e-02
3.141950000000000298e-02
3.022189999999999946e-02
2.763260000000000022e-02
2.622120000000000006e-02
2.501000000000000098e-02
2.342170000000000016e-02
2.161880000000000052e-02
2.025650000000000020e-02
1.661280000000000048e-02
8.958010000000000625e-03
-4.749509999999999865e-04
-8.973770000000000704e-03
-1.805570000000000092e-02
-2.270840000000000011e-02
-2.404119999999999868e-02
-2.133699999999999833e-02
-1.886770000000000114e-02
-1.876080000000000109e-02
-2.196359999999999979e-02
-2.653990000000000168e-02
-3.193669999999999842e-02
-3.520689999999999931e-02
-3.605830000000000146e-02
-3.465239999999999987e-02
-3.163490000000000052e-02
-3.208930000000000116e-02
-3.861110000000000236e-02
-4.727180000000000271e-02
-5.246060000000000306e-02
-4.830899999999999778e-02
-3.543879999999999947e-02
-1.393160000000000058e-02
4.572050000000000246e-03
1.706200000000000078e-02
2.959020000000000053e-02
4.322469999999999785e-02
5.661220000000000141e-02
6.328680000000000416e-02
6.445990000000000053e-02
6.242659999999999876e-02
5.668720000000000009e-02
4.760260000000000186e-02
3.535909999999999748e-02
2.297050000000000133e-02
1.492259999999999941e-02
1.133050000000000029e-02
1.278080000000000015e-02
1.385860000000000043e-02
6.683240000000000014e-03
-7.594049999999999759e-03
-1.918459999999999957e-02
-2.517420000000000074e-02
-2.688830000000000039e-02
-2.547179999999999930e-02
-2.410750000000000046e-02
-2.649610000000000160e-02
-3.049520000000000008e-02
-3.146619999999999973e-02
-2.864509999999999973e-02
-2.341450000000000128e-02
-1.573379999999999918e-02
-8.127320000000000377e-03
-3.922730000000000140e-03
-4.768620000000000324e-03
-1.065299999999999928e-02
-1.778350000000000070e-02
-2.122220000000000009e-02
-1.668649999999999994e-02
-3.120649999999999986e-03
2.200380000000000044e-02
4.383429999999999965e-02
5.421639999999999793e-02
5.814210000000000211e-02
5.784480000000000177e-02
5.370710000000000067e-02
4.814489999999999742e-02
4.101860000000000228e-02
3.048999999999999974e-02
1.568790000000000115e-02
1.405910000000000016e-03
-1.042940000000000013e-02
-1.822789999999999827e-02
-2.120930000000000037e-02
-2.465610000000000024e-02
-3.127749999999999975e-02
-4.112699999999999689e-02
-5.043000000000000260e-02
-5.411930000000000213e-02
-4.905380000000000157e-02
-3.881529999999999703e-02
-2.714199999999999946e-02
-1.920130000000000101e-02
-1.471450000000000015e-02
-8.443729999999999986e-03
1.885860000000000054e-03
1.858330000000000051e-02
3.770380000000000259e-02
5.207819999999999810e-02
5.771160000000000179e-02
5.368200000000000055e-02
4.377790000000000153e-02
3.769270000000000259e-02
3.825359999999999872e-02
4.217900000000000121e-02
4.692349999999999993e-02
4.791469999999999757e-02
4.593420000000000142e-02
4.203300000000000092e-02
3.936699999999999922e-02
4.027170000000000055e-02
4.218519999999999909e-02
4.236589999999999800e-02
3.288390000000000063e-02
1.096850000000000082e-02
-1.361820000000000044e-02
-2.832689999999999861e-02
-3.422080000000000261e-02
-3.405890000000000306e-02
-2.984929999999999875e-02
-2.518969999999999890e-02
-2.058199999999999960e-02
-1.869799999999999934e-02
-2.030190000000000120e-02
-2.296810000000000171e-02
-2.719310000000000130e-02
-2.796639999999999890e-02
-2.431470000000000159e-02
-2.006640000000000160e-02
-1.763980000000000062e-02
-1.796800000000000133e-02
-1.836199999999999985e-02
-1.978289999999999910e-02
-2.067209999999999881e-02
-1.969250000000000167e-02
-1.797980000000000064e-02
-1.697620000000000032e-02
-1.707089999999999996e-02
-1.920130000000000101e-02
-2.518280000000000171e-02
-3.129849999999999993e-02
-3.579589999999999855e-02
-3.387590000000000046e-02
-2.435060000000000002e-02
-4.930290000000000367e-03
2.175349999999999853e-02
4.607990000000000003e-02
5.850530000000000314e-02
6.358339999999999825e-02
6.329849999999999366e-02
5.957960000000000339e-02
5.848609999999999920e-02
5.785130000000000133e-02
5.452490000000000114e-02
4.647310000000000330e-02
3.285439999999999888e-02
1.836830000000000060e-02
4.937089999999999881e-03
-6.016180000000000312e-03
-1.753680000000000169e-02
-2.946889999999999926e-02
-3.879119999999999790e-02
-4.440279999999999921e-02
-4.651439999999999741e-02
-4.926559999999999967e-02
-4.977609999999999674e-02
-4.909720000000000056e-02
-4.575660000000000144e-02
-3.899439999999999851e-02
-2.561899999999999941e-02
-9.821919999999999609e-03
9.013520000000000559e-03
2.914359999999999867e-02
4.954059999999999714e-02
6.639589999999999381e-02
7.629980000000000095e-02
8.173850000000000560e-02
8.307739999999999569e-02
8.270109999999999961e-02
7.985520000000000118e-02
7.411520000000000608e-02
6.371659999999999824e-02
4.756529999999999786e-02
3.077449999999999977e-02
1.543439999999999916e-02
-7.248890000000000455e-04
-1.359549999999999995e-02
-2.278950000000000073e-02
-3.004189999999999985e-02
-3.594170000000000004e-02
-4.047429999999999778e-02
-4.226570000000000327e-02
-4.408240000000000075e-02
-4.581280000000000074e-02
-4.757270000000000248e-02
-4.887840000000000240e-02
-5.155239999999999823e-02
-5.512249999999999789e-02
-6.063169999999999671e-02
-6.460349999999999426e-02
-6.527429999999999344e-02
-6.244000000000000244e-02
-5.778350000000000153e-02
-5.211779999999999885e-02
-4.901010000000000089e-02
-4.815389999999999948e-02
-5.020650000000000113e-02
-5.414469999999999700e-02
-5.972679999999999656e-02
-6.598539999999999961e-02
-7.354629999999999501e-02
-8.264349999999999474e-02
-9.472500000000000364e-02
-1.093049999999999994e-01
-1.273990000000000122e-01
-1.457660000000000067e-01
-1.644180000000000086e-01
-1.834699999999999942e-01
-1.998550000000000049e-01
-2.082589999999999997e-01
-2.121979999999999977e-01
-2.131699999999999984e-01
-2.093810000000000116e-01
-1.993419999999999914e-01
-1.811689999999999967e-01
-1.550670000000000104e-01
-1.285080000000000111e-01
-1.016409999999999952e-01
-7.480290000000000550e-02
-4.825959999999999972e-02
-2.906270000000000034e-02
-1.992970000000000158e-02
-1.751760000000000123e-02
-1.948820000000000066e-02
-3.204110000000000291e-02
-5.336149999999999921e-02
-7.123949999999999727e-02
-7.671680000000000166e-02
-7.276979999999999560e-02
-6.523529999999999607e-02
-5.637350000000000000e-02
-5.008719999999999839e-02
-4.623420000000000307e-02
-4.473560000000000036e-02
-4.519870000000000138e-02
-4.774989999999999790e-02
-5.009799999999999670e-02
-4.733919999999999795e-02
-3.863040000000000224e-02
-2.389590000000000117e-02
-6.474800000000000173e-03
7.910220000000000792e-03
1.589950000000000044e-02
1.895650000000000113e-02
1.934529999999999930e-02
1.864419999999999966e-02
1.821410000000000043e-02
2.020989999999999939e-02
2.411550000000000152e-02
3.251799999999999830e-02
4.138929999999999693e-02
4.954329999999999845e-02
5.311749999999999805e-02
4.917049999999999893e-02
3.657559999999999978e-02
1.918889999999999832e-02
-7.592290000000000453e-05
-1.888770000000000032e-02
-3.569399999999999656e-02
-5.187810000000000338e-02
-6.934170000000000611e-02
-8.627819999999999934e-02
-1.019710000000000061e-01
-1.149260000000000004e-01
-1.230740000000000028e-01
-1.291650000000000020e-01
-1.321589999999999987e-01
-1.324960000000000027e-01
-1.311229999999999896e-01
-1.277739999999999987e-01
-1.226040000000000046e-01
-1.170149999999999940e-01
-1.121000000000000052e-01
-1.080559999999999993e-01
-1.061119999999999980e-01
-1.086840000000000028e-01
-1.142230000000000051e-01
-1.198380000000000001e-01
-1.194640000000000007e-01
-1.097149999999999931e-01
-9.659700000000000231e-02
-7.783400000000000041e-02
-5.529710000000000181e-02
-3.227329999999999782e-02
-1.158089999999999987e-02
1.605780000000000011e-03
6.862749999999999927e-03
7.305100000000000135e-03
2.310809999999999947e-03
-1.086729999999999988e-02
-3.299710000000000143e-02
-6.153290000000000148e-02
-8.548550000000000593e-02
-9.919730000000000214e-02
-1.124760000000000065e-01
-1.255249999999999977e-01
-1.347879999999999912e-01
-1.430690000000000017e-01
-1.487890000000000046e-01
-1.516969999999999985e-01
-1.525640000000000052e-01
-1.536700000000000010e-01
-1.542090000000000127e-01
-1.542570000000000052e-01
-1.557429999999999926e-01
-1.563140000000000085e-01
-1.562449999999999950e-01
-1.537769999999999970e-01
-1.490049999999999986e-01
-1.373669999999999891e-01
-1.174290000000000056e-01
-8.347680000000000378e-02
-4.485080000000000316e-02
-6.438250000000000396e-03
3.821789999999999909e-02
8.264109999999999512e-02
1.204009999999999941e-01
1.490400000000000058e-01
1.673900000000000110e-01
1.768510000000000082e-01
1.794290000000000052e-01
1.794699999999999906e-01
1.789620000000000100e-01
1.778679999999999983e-01
1.789860000000000062e-01
1.833089999999999997e-01
1.941110000000000058e-01
2.116480000000000028e-01
2.317909999999999970e-01
2.555049999999999821e-01
2.801640000000000241e-01
3.054509999999999725e-01
3.314440000000000164e-01
3.521219999999999906e-01
3.695439999999999836e-01
3.830359999999999876e-01
3.966459999999999986e-01
4.110820000000000030e-01
4.233810000000000073e-01
4.349629999999999885e-01
4.457180000000000031e-01
4.511560000000000015e-01
4.539099999999999802e-01
4.549300000000000010e-01
4.541149999999999909e-01
4.506140000000000145e-01
4.447710000000000274e-01
4.373830000000000218e-01
4.300809999999999911e-01
4.205840000000000134e-01
4.110829999999999762e-01
3.997470000000000190e-01
3.875290000000000123e-01
3.736709999999999754e-01
3.576529999999999987e-01
3.410790000000000211e-01
3.249609999999999999e-01
3.066059999999999897e-01
2.903649999999999842e-01
2.775179999999999869e-01
2.656419999999999892e-01
2.559239999999999848e-01
2.444780000000000009e-01
2.312200000000000089e-01
2.181049999999999933e-01
2.054749999999999910e-01
1.954990000000000061e-01
1.888549999999999951e-01
1.831170000000000020e-01
1.781550000000000078e-01
1.711529999999999996e-01
1.628199999999999925e-01
1.524469999999999992e-01
1.385270000000000112e-01
1.237980000000000053e-01
1.090939999999999965e-01
9.721219999999999861e-02
9.026969999999999439e-02
8.578249999999999764e-02
8.257409999999999750e-02
7.942309999999999648e-02
7.750500000000000445e-02
7.494299999999999573e-02
7.162880000000000635e-02
6.877310000000000367e-02
6.403880000000000683e-02
5.909829999999999944e-02
5.541100000000000192e-02
5.078529999999999850e-02
4.527319999999999955e-02
3.700529999999999792e-02
2.824940000000000090e-02
1.931909999999999877e-02
9.777569999999999317e-03
-1.024240000000000046e-03
-1.126890000000000010e-02
-2.267769999999999855e-02
-3.319239999999999691e-02
-4.228819999999999801e-02
-5.199340000000000211e-02
-5.704610000000000236e-02
-6.274040000000000172e-02
-6.848930000000000295e-02
-7.605249999999999511e-02
-8.552999999999999492e-02
-9.570170000000000066e-02
-1.057619999999999949e-01
-1.181429999999999980e-01
-1.276039999999999952e-01
-1.315719999999999945e-01
-1.396350000000000091e-01
-1.478679999999999994e-01
-1.516740000000000033e-01
-1.561520000000000130e-01
-1.616700000000000081e-01
-1.684489999999999876e-01
-1.760879999999999945e-01
-1.850739999999999885e-01
-1.943159999999999887e-01
-2.056469999999999965e-01
-2.163539999999999908e-01
-2.238880000000000037e-01
-2.293749999999999956e-01
-2.308489999999999986e-01
-2.291140000000000121e-01
-2.270159999999999956e-01
-2.251100000000000045e-01
-2.230640000000000123e-01
-2.202689999999999926e-01
-2.186369999999999980e-01
-2.169810000000000072e-01
-2.160410000000000108e-01
-2.157110000000000138e-01
-2.149619999999999864e-01
-2.141949999999999965e-01
-2.108790000000000109e-01
-2.091699999999999948e-01
-2.049940000000000095e-01
-2.011550000000000005e-01
-1.982470000000000065e-01
-1.958620000000000083e-01
-1.922329999999999872e-01
-1.883360000000000034e-01
-1.858130000000000059e-01
-1.810599999999999987e-01
-1.673030000000000073e-01
-1.523829999999999907e-01
-1.347540000000000127e-01
-1.171940000000000065e-01
-8.518739999999999646e-02
-4.526759999999999812e-02
-1.323949999999999953e-02
3.798179999999999959e-03
9.039810000000000553e-03
7.959809999999999455e-03
3.477919999999999796e-03
-1.472309999999999895e-03
-5.590310000000000244e-03
-8.620320000000000760e-03
-8.370429999999999884e-03
-5.656620000000000224e-03
-2.475180000000000002e-03
-1.089780000000000046e-03
1.179890000000000062e-03
3.448080000000000069e-03
5.302829999999999697e-03
7.461259999999999941e-03
1.051780000000000076e-02
1.315750000000000079e-02
1.467940000000000043e-02
1.596430000000000071e-02
1.695750000000000035e-02
1.732879999999999837e-02
1.696500000000000091e-02
1.690530000000000158e-02
1.670819999999999944e-02
1.654539999999999830e-02
1.689279999999999948e-02
1.758919999999999928e-02
1.807049999999999976e-02
1.943370000000000167e-02
2.130369999999999833e-02
2.308539999999999898e-02
2.384609999999999855e-02
2.451429999999999929e-02
2.287930000000000172e-02
2.094769999999999965e-02
1.940930000000000086e-02
1.915160000000000126e-02
1.895519999999999844e-02
2.036019999999999844e-02
2.297920000000000171e-02
2.309960000000000138e-02
2.193130000000000079e-02
1.823160000000000058e-02
1.322830000000000013e-02
4.003989999999999806e-03
-8.500219999999999304e-03
-1.995749999999999955e-02
-3.189589999999999786e-02
-4.309099999999999736e-02
-5.284309999999999702e-02
-6.024619999999999975e-02
-6.533519999999999606e-02
-7.015609999999999902e-02
-7.433929999999999705e-02
-7.411779999999999757e-02
-7.149160000000000237e-02
-6.822839999999999461e-02
-6.298700000000000132e-02
-5.691890000000000144e-02
-5.407839999999999869e-02
-5.240639999999999882e-02
-5.255819999999999936e-02
-5.378179999999999766e-02
-5.516970000000000207e-02
-5.582179999999999781e-02
-5.361640000000000156e-02
-5.015719999999999901e-02
-4.725349999999999689e-02
-4.338310000000000083e-02
-4.060119999999999701e-02
-3.686489999999999906e-02
-3.188889999999999780e-02
-2.747499999999999942e-02
-2.456099999999999950e-02
-2.094980000000000106e-02
-1.712549999999999836e-02
-1.217389999999999965e-02
-6.274909999999999863e-03
-4.403119999999999951e-05
3.980670000000000389e-03
8.161740000000000661e-03
1.301700000000000079e-02
1.653800000000000062e-02
1.809629999999999919e-02
1.949060000000000029e-02
2.188529999999999989e-02
2.264909999999999840e-02
2.462330000000000074e-02
2.849310000000000037e-02
3.222280000000000283e-02
3.675570000000000226e-02
4.100800000000000278e-02
4.447559999999999708e-02
4.544229999999999797e-02
4.407549999999999663e-02
4.197630000000000111e-02
3.981590000000000129e-02
3.797400000000000081e-02
3.616430000000000339e-02
3.674170000000000214e-02
3.791379999999999750e-02
3.877189999999999803e-02
4.112180000000000002e-02
4.250349999999999961e-02
4.153169999999999779e-02
4.076060000000000100e-02
3.935489999999999822e-02
3.802080000000000043e-02
3.777459999999999846e-02
3.839580000000000076e-02
3.968540000000000262e-02
4.203029999999999961e-02
4.480379999999999779e-02
4.569899999999999657e-02
4.499349999999999877e-02
4.305670000000000330e-02
3.875610000000000166e-02
3.208799999999999847e-02
2.322600000000000012e-02
1.431230000000000002e-02
7.223890000000000172e-03
3.627689999999999821e-03
2.254850000000000083e-03
2.438800000000000082e-03
3.925180000000000335e-03
5.415800000000000128e-03
7.019380000000000411e-03
8.303750000000000367e-03
7.838720000000000410e-03
7.030790000000000303e-03
4.952840000000000020e-03
3.897039999999999944e-04
-5.765880000000000137e-03
-1.189899999999999985e-02
-1.616530000000000050e-02
-1.880830000000000002e-02
-1.929049999999999862e-02
-1.910649999999999848e-02
-1.893850000000000047e-02
-1.890659999999999910e-02
-1.966709999999999986e-02
-2.092110000000000150e-02
-2.122359999999999872e-02
-2.221460000000000101e-02
-2.366870000000000085e-02
-2.481150000000000022e-02
-2.462390000000000065e-02
-2.435959999999999862e-02
-2.417930000000000079e-02
-2.415149999999999936e-02
-2.530730000000000132e-02
-2.803980000000000014e-02
-3.059040000000000023e-02
-3.364389999999999742e-02
-3.447039999999999826e-02
-3.499300000000000327e-02
-3.534289999999999654e-02
-3.421160000000000173e-02
-3.308889999999999748e-02
-3.376679999999999959e-02
-3.496780000000000027e-02
-3.587499999999999717e-02
-3.764379999999999810e-02
-3.992369999999999947e-02
-4.256870000000000098e-02
-4.529099999999999793e-02
-4.810600000000000293e-02
-4.899719999999999770e-02
-4.874429999999999735e-02
-4.862140000000000212e-02
-4.756090000000000317e-02
-4.689019999999999994e-02
-4.476080000000000336e-02
-4.173600000000000226e-02
-3.833779999999999827e-02
-3.090609999999999885e-02
-2.363900000000000029e-02
-1.774859999999999979e-02
-1.470669999999999963e-02
-1.450590000000000039e-02
-1.405969999999999963e-02
-1.387339999999999927e-02
-1.233829999999999996e-02
-1.003560000000000042e-02
-7.984319999999999612e-03
-5.806689999999999768e-03
-3.583750000000000130e-03
-2.988329999999999979e-03
-2.885180000000000210e-03
-3.354069999999999795e-03
-4.839630000000000147e-03
-6.540149999999999783e-03
-7.321330000000000025e-03
-7.119590000000000293e-03
-6.609920000000000032e-03
-4.702590000000000416e-03
-2.372959999999999913e-03
-6.204309999999999556e-04
1.239359999999999897e-03
1.632460000000000074e-03
2.514619999999999963e-03
3.476770000000000121e-03
3.243180000000000021e-03
4.236969999999999625e-03
5.837509999999999748e-03
6.229509999999999735e-03
7.417599999999999888e-03
8.553430000000000755e-03
8.098799999999999749e-03
6.497320000000000005e-03
4.819880000000000345e-03
2.632150000000000201e-03
4.500689999999999899e-04
-2.367119999999999901e-03
-5.718250000000000242e-03
-8.860450000000000617e-03
-1.251380000000000027e-02
-1.598890000000000033e-02
-1.967179999999999970e-02
-2.340350000000000069e-02
-2.689060000000000061e-02
-2.894359999999999988e-02
-3.194709999999999911e-02
-3.328249999999999958e-02
-3.435300000000000159e-02
-3.476669999999999761e-02
-3.271809999999999996e-02
-2.888550000000000145e-02
-2.264029999999999862e-02
-1.544019999999999941e-02
-8.324629999999999530e-03
-2.872299999999999940e-03
1.363470000000000090e-03
3.875630000000000134e-03
5.077879999999999894e-03
6.516590000000000056e-03
7.357260000000000015e-03
7.957600000000000437e-03
8.790340000000000653e-03
9.276680000000000689e-03
9.059640000000000748e-03
1.006740000000000065e-02
1.230640000000000032e-02
1.533020000000000042e-02
1.743619999999999892e-02
2.001220000000000082e-02
2.278830000000000092e-02
2.484909999999999897e-02
2.652059999999999834e-02
2.867969999999999894e-02
3.016819999999999918e-02
3.169559999999999739e-02
3.240629999999999900e-02
3.205999999999999822e-02
3.188169999999999893e-02
3.167709999999999970e-02
3.091440000000000160e-02
2.906179999999999874e-02
2.511800000000000144e-02
1.971409999999999829e-02
1.341600000000000084e-02
7.954410000000000300e-03
3.628460000000000019e-03
-1.269289999999999958e-03
-4.895580000000000070e-03
-8.021779999999999189e-03
-1.097429999999999933e-02
-1.424249999999999995e-02
-1.577869999999999967e-02
-1.717470000000000108e-02
-1.910809999999999939e-02
-2.079430000000000167e-02
-2.208370000000000125e-02
-2.488189999999999846e-02
-2.659390000000000018e-02
-2.806700000000000167e-02
-2.982080000000000147e-02
-3.113519999999999829e-02
-3.410119999999999818e-02
-3.704820000000000335e-02
-3.948820000000000108e-02
-4.214659999999999934e-02
-4.305319999999999980e-02
-4.421270000000000061e-02
-4.616420000000000246e-02
-4.597910000000000191e-02
-4.628390000000000282e-02
-4.701539999999999886e-02
-4.549910000000000065e-02
-4.275310000000000221e-02
-3.901460000000000344e-02
-3.561940000000000245e-02
-3.287480000000000263e-02
-3.299389999999999962e-02
-3.419169999999999848e-02
-3.467270000000000074e-02
-3.536109999999999948e-02
-3.513630000000000225e-02
-3.468099999999999655e-02
-3.408080000000000137e-02
-3.432879999999999959e-02
-3.539960000000000329e-02
-3.683499999999999969e-02
-3.933260000000000228e-02
-4.213870000000000116e-02
-4.459509999999999863e-02
-4.627789999999999682e-02
-4.538219999999999754e-02
-4.417510000000000187e-02
-4.218589999999999840e-02
-3.939949999999999702e-02
-3.718019999999999659e-02
-3.551710000000000284e-02
-3.433719999999999828e-02
-3.277299999999999658e-02
-3.131779999999999980e-02
-2.992780000000000093e-02
-2.808609999999999926e-02
-2.582459999999999964e-02
-2.406039999999999915e-02
-2.240440000000000140e-02
-1.919279999999999944e-02
-1.563840000000000022e-02
-1.209469999999999990e-02
-7.653720000000000141e-03
-3.044700000000000011e-03
7.312700000000000103e-04
5.695790000000000054e-03
1.189190000000000039e-02
1.668980000000000116e-02
2.013229999999999881e-02
2.293649999999999856e-02
2.556040000000000048e-02
2.701529999999999904e-02
2.740470000000000059e-02
2.781089999999999951e-02
2.764360000000000081e-02
2.761709999999999859e-02
2.691959999999999839e-02
2.622769999999999962e-02
2.635989999999999861e-02
2.619550000000000003e-02
2.802649999999999933e-02
3.026620000000000005e-02
3.370299999999999685e-02
3.793819999999999831e-02
4.252990000000000242e-02
4.643560000000000049e-02
5.081700000000000106e-02
5.482739999999999836e-02
5.775299999999999878e-02
6.142979999999999968e-02
6.536500000000000643e-02
6.873780000000000168e-02
7.309999999999999831e-02
7.845699999999999896e-02
8.341450000000000253e-02
8.872829999999999606e-02
9.439169999999999505e-02
9.922090000000000076e-02
1.032099999999999962e-01
1.059169999999999973e-01
1.073039999999999966e-01
1.075519999999999948e-01
1.071140000000000009e-01
1.062670000000000003e-01
1.057600000000000068e-01
1.057349999999999957e-01
1.042990000000000028e-01
1.029940000000000022e-01
1.021579999999999988e-01
1.002389999999999948e-01
9.824860000000000537e-02
9.475440000000000251e-02
9.096179999999999544e-02
8.686779999999999502e-02
8.175309999999999522e-02
7.634549999999999670e-02
7.133029999999999926e-02
6.439949999999999841e-02
5.582290000000000169e-02
4.815549999999999692e-02
4.026330000000000187e-02
3.331569999999999671e-02
2.688569999999999849e-02
2.168720000000000023e-02
1.616319999999999910e-02
1.100300000000000063e-02
5.713659999999999746e-03
1.711650000000000107e-03
-2.163500000000000058e-03
-5.186429999999999686e-03
-8.497259999999999536e-03
-1.067169999999999924e-02
-1.413120000000000001e-02
-1.756210000000000063e-02
-2.157250000000000140e-02
-2.514310000000000156e-02
-3.087399999999999867e-02
-3.638099999999999667e-02
-4.042169999999999791e-02
-4.225890000000000202e-02
-4.287710000000000132e-02
-4.222999999999999671e-02
-4.171300000000000008e-02
-4.172030000000000183e-02
-4.129229999999999706e-02
-4.040169999999999872e-02
-3.950019999999999920e-02
-3.777819999999999789e-02
-3.607749999999999846e-02
-3.329669999999999852e-02
-2.996319999999999886e-02
-2.712699999999999834e-02
-2.346350000000000172e-02
-1.848129999999999912e-02
-1.419609999999999969e-02
-1.179520000000000048e-02
-8.689330000000000317e-03
-7.591960000000000028e-03
-7.569260000000000398e-03
-8.405920000000000752e-03
-1.135889999999999990e-02
-1.552330000000000029e-02
-2.028069999999999873e-02
-2.704890000000000072e-02
-3.330790000000000139e-02
-3.787639999999999757e-02
-4.087860000000000105e-02
-4.269189999999999791e-02
-4.395919999999999689e-02
-4.282439999999999858e-02
-4.248520000000000074e-02
-4.143850000000000311e-02
-4.006679999999999964e-02
-3.773979999999999696e-02
-3.695760000000000017e-02
-3.577299999999999924e-02
-3.401629999999999932e-02
-3.315950000000000147e-02
-3.429370000000000335e-02
-3.503320000000000045e-02
-3.463530000000000081e-02
-3.503189999999999776e-02
-3.749709999999999849e-02
-3.894460000000000283e-02
-4.107870000000000271e-02
-4.275600000000000234e-02
-4.504319999999999852e-02
-4.729450000000000320e-02
-4.930149999999999810e-02
-5.134539999999999937e-02
-5.331860000000000072e-02
-5.430390000000000217e-02
-5.388199999999999934e-02
-5.306960000000000149e-02
-5.136799999999999700e-02
-4.822839999999999766e-02
-4.574720000000000175e-02
-4.560260000000000008e-02
-4.526499999999999968e-02
-4.553170000000000134e-02
-4.601029999999999703e-02
-4.594920000000000254e-02
-4.532370000000000149e-02
-4.478179999999999661e-02
-4.347480000000000094e-02
-4.251339999999999980e-02
-4.211220000000000241e-02
-4.152809999999999835e-02
-4.107870000000000271e-02
-4.044720000000000260e-02
-4.026529999999999693e-02
-4.043120000000000047e-02
-4.032150000000000317e-02
-3.858890000000000237e-02
-3.695299999999999974e-02
-3.483220000000000066e-02
-3.175929999999999725e-02
-2.907140000000000071e-02
-2.562800000000000147e-02
-2.130510000000000043e-02
-1.694970000000000157e-02
-1.178219999999999962e-02
-6.223130000000000328e-03
1.138230000000000058e-03
6.347280000000000283e-03
1.092330000000000037e-02
1.545529999999999994e-02
1.906930000000000083e-02
2.068050000000000097e-02
2.188649999999999970e-02
2.262310000000000015e-02
2.190100000000000033e-02
1.951610000000000150e-02
1.734820000000000112e-02
1.443460000000000056e-02
1.075830000000000015e-02
8.356989999999999905e-03
6.379649999999999731e-03
4.182370000000000358e-03
1.817730000000000040e-03
-3.735550000000000242e-04
-1.321759999999999949e-03
-2.596779999999999922e-03
-3.542260000000000200e-03
-3.178910000000000069e-03
-2.791129999999999957e-04
1.628319999999999941e-03
4.251709999999999691e-03
6.854250000000000100e-03
8.543290000000000259e-03
9.785620000000000082e-03
1.098189999999999930e-02
1.128389999999999949e-02
1.195380000000000054e-02
1.218720000000000046e-02
1.208500000000000026e-02
1.213050000000000066e-02
1.213230000000000038e-02
1.260140000000000045e-02
1.414289999999999992e-02
1.483779999999999995e-02
1.598149999999999918e-02
1.681989999999999874e-02
1.638509999999999966e-02
1.535229999999999928e-02
1.406379999999999957e-02
1.240179999999999928e-02
1.189349999999999956e-02
1.052260000000000001e-02
9.365099999999999467e-03
9.723340000000000455e-03
8.696729999999999738e-03
7.381979999999999792e-03
6.492939999999999996e-03
4.654819999999999618e-03
2.220000000000000185e-03
1.509949999999999867e-04
-1.821970000000000013e-03
-3.648629999999999929e-03
-4.404360000000000393e-03
-4.040479999999999940e-03
-2.297179999999999795e-03
-1.269270000000000077e-03
-8.054699999999999707e-04
2.149310000000000196e-03
5.094800000000000023e-03
8.304509999999999323e-03
1.144970000000000016e-02
1.408449999999999980e-02
1.616489999999999941e-02
1.866430000000000172e-02
1.763829999999999912e-02
1.566249999999999934e-02
1.390650000000000046e-02
1.389909999999999930e-02
1.368390000000000058e-02
1.499529999999999960e-02
1.625779999999999934e-02
1.797299999999999939e-02
1.874160000000000062e-02
1.993429999999999855e-02
2.020800000000000027e-02
1.882299999999999945e-02
1.777909999999999907e-02
1.680790000000000062e-02
1.446309999999999957e-02
1.315309999999999917e-02
1.156949999999999992e-02
1.021790000000000025e-02
8.792609999999999315e-03
9.332609999999999864e-03
1.038829999999999962e-02
1.195099999999999982e-02
1.344539999999999971e-02
1.585550000000000154e-02
1.868320000000000050e-02
1.985589999999999924e-02
2.095419999999999922e-02
2.121570000000000053e-02
2.206719999999999862e-02
2.332810000000000092e-02
2.536719999999999947e-02
2.718270000000000061e-02
2.785489999999999841e-02
3.025589999999999877e-02
3.179749999999999938e-02
3.146100000000000285e-02
3.132499999999999868e-02
3.114530000000000076e-02
3.096559999999999938e-02
3.069969999999999991e-02
2.921810000000000032e-02
2.655940000000000037e-02
2.532380000000000048e-02
2.523059999999999886e-02
2.572829999999999909e-02
2.719289999999999902e-02
2.704669999999999991e-02
2.754689999999999916e-02
2.910010000000000027e-02
3.036370000000000041e-02
3.252239999999999992e-02
3.347119999999999956e-02
3.310359999999999692e-02
3.387180000000000052e-02
3.547089999999999965e-02
3.645930000000000004e-02
3.716110000000000246e-02
3.698080000000000117e-02
3.672170000000000295e-02
3.643160000000000148e-02
3.618249999999999938e-02
3.523840000000000305e-02
3.477539999999999798e-02
3.356239999999999918e-02
3.268340000000000134e-02
3.140609999999999929e-02
2.983359999999999831e-02
2.853469999999999965e-02
2.758359999999999979e-02
2.702989999999999907e-02
2.673199999999999882e-02
2.623539999999999900e-02
2.625900000000000109e-02
2.579640000000000058e-02
2.555850000000000136e-02
2.467640000000000111e-02
2.288240000000000066e-02
2.059360000000000010e-02
1.813990000000000047e-02
1.535910000000000053e-02
1.114109999999999927e-02
7.322549999999999719e-03
5.079539999999999576e-03
3.534300000000000202e-03
4.112089999999999669e-03
4.439489999999999929e-03
2.675589999999999826e-03
2.310149999999999964e-03
1.975660000000000176e-03
3.003440000000000233e-04
-1.357920000000000091e-03
-4.924259999999999748e-03
-7.137169999999999973e-03
-7.639639999999999626e-03
-9.455989999999999188e-03
-1.129450000000000072e-02
-1.200269999999999983e-02
-1.377549999999999955e-02
-1.570409999999999862e-02
-1.593939999999999940e-02
-1.724610000000000032e-02
-1.929550000000000015e-02
-2.020189999999999833e-02
-2.067209999999999881e-02
-2.084369999999999973e-02
-2.057449999999999904e-02
-2.155239999999999934e-02
-2.318639999999999937e-02
-2.335910000000000070e-02
-2.346780000000000047e-02
-2.496680000000000080e-02
-2.608159999999999992e-02
-2.884400000000000158e-02
-3.114269999999999886e-02
-3.251899999999999930e-02
-3.460429999999999756e-02
-3.607989999999999808e-02
-3.687069999999999931e-02
-3.820479999999999710e-02
-3.874029999999999835e-02
-3.941999999999999671e-02
-4.014829999999999788e-02
-3.983479999999999660e-02
-3.965119999999999756e-02
-3.890969999999999845e-02
-3.780800000000000133e-02
-3.693690000000000168e-02
-3.595969999999999722e-02
-3.463589999999999725e-02
-3.202390000000000098e-02
-2.944739999999999858e-02
-2.728610000000000063e-02
-2.561439999999999897e-02
-2.388039999999999954e-02
-2.433019999999999974e-02
-2.456579999999999875e-02
-2.566070000000000156e-02
-2.663870000000000127e-02
-2.791969999999999869e-02
-2.676749999999999963e-02
-2.470320000000000155e-02
-2.300210000000000102e-02
-2.033449999999999841e-02
-1.766629999999999936e-02
-1.478639999999999989e-02
-1.351669999999999955e-02
-1.210450000000000068e-02
-1.037249999999999978e-02
-1.005089999999999976e-02
-9.947330000000000755e-03
-1.041970000000000049e-02
-1.123679999999999991e-02
-1.157949999999999952e-02
-1.139259999999999926e-02
-1.027370000000000019e-02
-8.655390000000000653e-03
-6.496820000000000372e-03
-5.390940000000000315e-03
-3.865180000000000178e-03
-9.414150000000000252e-04
1.057710000000000009e-04
2.274550000000000183e-03
4.694369999999999793e-03
5.547090000000000180e-03
5.690180000000000411e-03
6.220899999999999694e-03
5.494439999999999741e-03
5.516280000000000142e-03
5.501749999999999696e-03
6.443059999999999586e-03
8.106890000000000276e-03
9.985340000000000535e-03
1.125269999999999916e-02
1.319269999999999991e-02
1.435319999999999999e-02
1.498870000000000063e-02
1.549090000000000016e-02
1.493410000000000050e-02
1.296360000000000047e-02
1.114350000000000063e-02
1.077329999999999954e-02
1.182859999999999988e-02
1.389810000000000004e-02
1.539890000000000009e-02
1.689480000000000148e-02
1.947509999999999866e-02
2.044740000000000099e-02
2.008439999999999878e-02
2.013819999999999846e-02
2.041520000000000140e-02
2.132780000000000092e-02
2.068209999999999840e-02
2.090289999999999856e-02
2.215280000000000027e-02
2.244660000000000058e-02
2.357079999999999939e-02
2.433199999999999946e-02
2.460189999999999946e-02
2.606860000000000080e-02
2.641539999999999860e-02
2.625970000000000040e-02
2.681520000000000084e-02
2.648400000000000060e-02
2.583819999999999867e-02
2.590869999999999979e-02
2.505519999999999969e-02
2.294420000000000140e-02
2.066919999999999868e-02
1.932129999999999959e-02
1.870540000000000050e-02
1.829860000000000167e-02
1.924910000000000163e-02
2.034909999999999844e-02
2.175030000000000019e-02
2.201830000000000107e-02
2.231669999999999834e-02
2.250009999999999857e-02
2.305250000000000007e-02
2.254690000000000166e-02
2.139589999999999895e-02
2.121220000000000050e-02
2.093530000000000044e-02
2.090770000000000128e-02
2.057929999999999829e-02
2.145570000000000116e-02
2.288549999999999959e-02
2.394889999999999866e-02
2.476920000000000163e-02
2.677569999999999950e-02
2.881360000000000171e-02
2.915790000000000048e-02
2.961739999999999859e-02
3.044329999999999953e-02
2.902139999999999928e-02
2.830780000000000102e-02
2.741209999999999827e-02
2.531900000000000123e-02
2.320660000000000084e-02
2.242009999999999836e-02
2.080419999999999839e-02
1.905420000000000030e-02
1.762719999999999912e-02
1.565249999999999975e-02
1.388559999999999968e-02
1.228710000000000045e-02
1.146259999999999987e-02
9.108440000000000633e-03
6.773490000000000066e-03
5.156410000000000160e-03
2.457439999999999972e-03
1.337029999999999903e-03
-1.353540000000000082e-03
-4.022819999999999868e-03
-5.945879999999999742e-03
-6.905259999999999870e-03
-7.685639999999999659e-03
-8.732359999999999775e-03
-1.023220000000000032e-02
-1.069739999999999927e-02
-1.183209999999999991e-02
-1.195880000000000033e-02
-1.184739999999999925e-02
-1.156130000000000005e-02
-1.192539999999999920e-02
-1.220010000000000018e-02
-1.276260000000000068e-02
-1.446700000000000069e-02
-1.583659999999999929e-02
-1.551970000000000086e-02
-1.617180000000000006e-02
-1.638550000000000076e-02
-1.823949999999999877e-02
-1.980049999999999866e-02
-2.121380000000000141e-02
-2.365849999999999898e-02
-2.626080000000000081e-02
-2.880680000000000046e-02
-3.132019999999999943e-02
-3.317069999999999741e-02
-3.568160000000000082e-02
-3.784359999999999807e-02
-3.875750000000000028e-02
-4.027200000000000224e-02
-4.047509999999999997e-02
-4.049889999999999740e-02
-4.130779999999999869e-02
-4.187950000000000006e-02
-4.274270000000000153e-02
-4.302040000000000031e-02
-4.240619999999999806e-02
-4.197209999999999830e-02
-4.146699999999999692e-02
-4.143639999999999823e-02
-4.056740000000000346e-02
-3.998190000000000077e-02
-3.911810000000000287e-02
-3.684479999999999700e-02
-3.443670000000000064e-02
-3.142969999999999792e-02
-2.711569999999999953e-02
-2.315100000000000144e-02
-1.954550000000000037e-02
-1.580269999999999939e-02
-1.238539999999999953e-02
-1.018170000000000013e-02
-9.490190000000000778e-03
-8.363699999999999954e-03
-6.877819999999999767e-03
-6.098550000000000325e-03
-5.782190000000000420e-03
-5.679700000000000200e-03
-5.446669999999999810e-03
-5.390169999999999684e-03
-5.856489999999999786e-03
-7.163169999999999954e-03
-7.011670000000000229e-03
-6.259179999999999605e-03
-5.033840000000000363e-03
-3.530900000000000011e-03
-9.214959999999999471e-04
5.077109999999999913e-04
2.118130000000000186e-03
3.568539999999999820e-03
4.794269999999999782e-03
4.446030000000000121e-03
2.778399999999999880e-03
9.121760000000000024e-04
-8.321710000000000391e-04
-2.005470000000000082e-03
-3.412810000000000062e-03
-3.558110000000000179e-03
-3.346169999999999874e-03
-3.345729999999999885e-03
-3.171460000000000078e-03
-3.021779999999999952e-03
-2.923209999999999871e-03
-2.809540000000000128e-03
-2.749399999999999934e-03
-2.615010000000000077e-03
-2.527890000000000085e-03
-2.348310000000000154e-03
-2.205579999999999954e-03
-2.190010000000000047e-03
-1.460389999999999995e-03
1.495199999999999915e-04
1.332899999999999927e-03
2.800299999999999925e-03
5.029930000000000165e-03
8.340459999999999194e-03
1.103449999999999917e-02
1.406089999999999944e-02
1.631279999999999883e-02
1.746589999999999948e-02
2.029780000000000126e-02
2.249740000000000073e-02
2.246350000000000083e-02
2.250579999999999942e-02
2.252459999999999879e-02
2.110549999999999926e-02
1.912650000000000114e-02
1.710729999999999890e-02
1.666580000000000145e-02
1.665260000000000004e-02
1.640279999999999863e-02
1.650010000000000018e-02
1.532050000000000078e-02
1.379640000000000033e-02
1.371969999999999960e-02
1.225470000000000032e-02
1.105730000000000081e-02
1.103969999999999951e-02
9.786589999999999526e-03
7.555029999999999905e-03
6.176270000000000197e-03
4.272660000000000173e-03
2.352490000000000050e-03
1.410859999999999892e-03
1.223829999999999970e-03
2.136620000000000099e-03
2.389469999999999875e-03
1.814300000000000027e-03
1.511760000000000013e-03
1.499700000000000078e-03
1.643799999999999949e-03
7.949030000000000158e-04
-1.254569999999999991e-03
-3.073499999999999843e-03
-2.934270000000000107e-03
-2.867970000000000068e-03
-2.850929999999999784e-03
-2.819630000000000053e-03
-2.659209999999999959e-03
-3.654970000000000007e-03
-4.840389999999999970e-03
-6.475960000000000223e-03
-7.108060000000000246e-03
-7.861720000000000860e-03
-9.264349999999999322e-03
-9.254409999999999373e-03
-9.208249999999999422e-03
-9.541769999999999766e-03
-9.061319999999999444e-03
-8.344419999999999962e-03
-7.157310000000000061e-03
-4.787519999999999970e-03
-1.730970000000000078e-03
-7.167719999999999604e-04
-8.879149999999999716e-04
-5.749309999999999881e-04
-5.462419999999999515e-04
-5.107049999999999697e-04
-7.651859999999999478e-04
-4.952090000000000354e-04
-3.039860000000000131e-04
-1.999449999999999839e-03
-2.884999999999999978e-03
-4.572309999999999569e-03
-7.482210000000000423e-03
-1.017640000000000038e-02
-1.319840000000000076e-02
-1.506569999999999958e-02
-1.598389999999999880e-02
-1.532589999999999994e-02
-1.446869999999999927e-02
-1.344000000000000056e-02
-1.314270000000000022e-02
-1.287519999999999984e-02
-1.276230000000000073e-02
-1.212099999999999983e-02
-1.209059999999999996e-02
-1.060999999999999964e-02
-8.635320000000000148e-03
-7.196649999999999749e-03
-6.216890000000000090e-03
-4.489560000000000078e-03
-3.218219999999999935e-03
-1.866049999999999957e-03
-1.207179999999999972e-03
-4.178459999999999835e-04
1.412429999999999892e-03
2.020019999999999975e-03
2.674310000000000055e-03
2.803869999999999973e-03
3.790589999999999932e-03
3.958409999999999880e-03
3.316910000000000171e-03
2.179799999999999967e-03
2.478209999999999788e-03
3.274210000000000054e-03
3.985820000000000161e-03
4.295969999999999650e-03
4.272490000000000315e-03
4.564229999999999850e-03
6.203929999999999861e-03
7.702999999999999778e-03
8.876729999999999343e-03
9.127259999999999887e-03
1.010330000000000082e-02
1.165049999999999940e-02
1.165839999999999932e-02
1.153619999999999993e-02
1.155819999999999938e-02
1.152390000000000012e-02
1.158709999999999948e-02
1.230039999999999953e-02
1.340790000000000037e-02
1.397149999999999954e-02
1.527910000000000032e-02
1.746299999999999936e-02
1.964360000000000064e-02
2.283019999999999841e-02
2.502609999999999904e-02
2.657640000000000002e-02
2.867969999999999894e-02
3.051500000000000046e-02
3.186010000000000231e-02
3.178840000000000138e-02
3.145579999999999904e-02
3.128369999999999762e-02
3.101289999999999950e-02
3.069859999999999950e-02
3.047340000000000118e-02
3.017279999999999962e-02
2.996110000000000093e-02
2.973570000000000033e-02
3.062969999999999929e-02
3.080099999999999852e-02
2.949289999999999898e-02
2.863680000000000045e-02
2.830270000000000008e-02
2.825870000000000118e-02
2.732390000000000166e-02
2.512220000000000078e-02
2.325949999999999893e-02
2.237820000000000087e-02
2.049219999999999861e-02
1.742209999999999939e-02
1.496040000000000043e-02
1.173300000000000037e-02
8.387600000000000264e-03
5.633720000000000047e-03
3.090410000000000032e-03
1.788160000000000010e-03
1.645259999999999952e-03
1.673419999999999899e-03
3.482849999999999900e-04
-1.719250000000000075e-03
-3.079329999999999914e-03
-4.559289999999999697e-03
-7.031500000000000423e-03
-8.376609999999999612e-03
-9.844250000000000569e-03
-1.183050000000000074e-02
-1.247599999999999924e-02
-1.253890000000000039e-02
-1.442689999999999945e-02
-1.645330000000000056e-02
-1.732929999999999887e-02
-1.916810000000000042e-02
-2.139150000000000079e-02
-2.378440000000000068e-02
-2.545139999999999902e-02
-2.535130000000000022e-02
-2.500609999999999986e-02
-2.486350000000000018e-02
-2.456059999999999841e-02
-2.427479999999999916e-02
-2.397869999999999863e-02
-2.371799999999999950e-02
-2.344629999999999978e-02
-2.314789999999999903e-02
-2.288719999999999991e-02
-2.256719999999999907e-02
-2.221769999999999995e-02
-2.207049999999999984e-02
-2.083919999999999870e-02
-1.907630000000000089e-02
-1.738839999999999830e-02
-1.552959999999999931e-02
-1.399040000000000006e-02
-1.269649999999999945e-02
-1.236469999999999930e-02
-1.120769999999999926e-02
-1.011710000000000040e-02
-9.890130000000000449e-03
-9.902630000000000807e-03
-9.269200000000000009e-03
-9.281269999999999451e-03
-8.444250000000000367e-03
-6.808149999999999792e-03
-6.467879999999999636e-03
-5.670360000000000157e-03
-4.784670000000000416e-03
-3.739539999999999965e-03
-1.912990000000000046e-03
-9.324900000000000116e-05
1.466779999999999994e-03
3.363409999999999837e-03
4.253159999999999753e-03
5.077909999999999716e-03
6.481569999999999866e-03
6.430410000000000119e-03
7.442510000000000271e-03
9.340809999999999738e-03
1.050169999999999923e-02
1.105800000000000012e-02
1.124570000000000083e-02
1.138190000000000035e-02
1.351779999999999995e-02
1.575029999999999833e-02
1.672329999999999997e-02
1.904520000000000171e-02
2.131510000000000002e-02
2.421639999999999904e-02
2.558179999999999829e-02
2.680919999999999831e-02
2.886129999999999945e-02
2.951230000000000173e-02
2.981050000000000019e-02
3.076769999999999852e-02
3.098489999999999925e-02
3.154980000000000284e-02
3.279760000000000314e-02
3.365440000000000098e-02
3.446339999999999820e-02
3.532079999999999942e-02
3.640709999999999780e-02
3.638399999999999967e-02
3.684069999999999706e-02
3.821739999999999859e-02
3.961579999999999963e-02
4.014670000000000044e-02
3.963710000000000150e-02
3.934880000000000322e-02
3.901389999999999719e-02
3.934830000000000272e-02
3.834919999999999995e-02
3.785000000000000170e-02
3.668400000000000133e-02
3.378310000000000340e-02
3.095710000000000128e-02
2.877590000000000009e-02
2.662070000000000061e-02
2.601260000000000031e-02
2.529450000000000101e-02
2.281930000000000069e-02
2.070639999999999981e-02
1.944009999999999835e-02
1.680689999999999962e-02
1.498689999999999918e-02
1.308710000000000082e-02
1.034490000000000062e-02
8.470679999999999529e-03
5.885170000000000332e-03
4.539960000000000002e-03
4.313980000000000245e-03
2.365579999999999940e-03
1.521030000000000038e-03
1.914349999999999993e-04
-5.017179999999999557e-04
-1.230369999999999945e-03
-2.153749999999999849e-03
-2.704680000000000105e-03
-3.964320000000000344e-03
-4.921270000000000158e-03
-4.929850000000000378e-03
-6.721920000000000152e-03
-8.918250000000000829e-03
-9.771079999999999696e-03
-9.896830000000000557e-03
-1.099089999999999963e-02
-1.205789999999999987e-02
-1.187689999999999926e-02
-1.173639999999999926e-02
-1.165929999999999918e-02
-1.161240000000000015e-02
-1.170679999999999985e-02
-1.296789999999999922e-02
-1.370730000000000039e-02
-1.339079999999999958e-02
-1.488949999999999996e-02
-1.701679999999999859e-02
-1.793809999999999849e-02
-1.830719999999999917e-02
-1.915369999999999920e-02
-2.002409999999999954e-02
-1.989990000000000162e-02
-1.980919999999999903e-02
-1.961179999999999868e-02
-1.898230000000000056e-02
-1.875699999999999937e-02
-1.852010000000000114e-02
-1.841189999999999841e-02
-1.727860000000000160e-02
-1.552159999999999998e-02
-1.518760000000000075e-02
-1.523470000000000033e-02
-1.475779999999999974e-02
-1.533690000000000053e-02
-1.688730000000000092e-02
-1.838390000000000163e-02
-1.908299999999999927e-02
-2.006900000000000003e-02
-2.118379999999999916e-02
-2.240699999999999983e-02
-2.414120000000000155e-02
-2.497210000000000055e-02
-2.604419999999999999e-02
-2.709030000000000118e-02
-2.839560000000000001e-02
-2.939059999999999936e-02
-3.015249999999999875e-02
-3.126210000000000100e-02
-3.254329999999999723e-02
-3.395120000000000082e-02
-3.456750000000000100e-02
-3.426289999999999891e-02
-3.519889999999999824e-02
-3.726639999999999814e-02
-3.810539999999999761e-02
-3.935480000000000228e-02
-4.119280000000000164e-02
-4.121389999999999776e-02
-4.112740000000000146e-02
-4.227380000000000027e-02
-4.401940000000000019e-02
-4.519870000000000138e-02
-4.583969999999999712e-02
-4.588849999999999874e-02
-4.581120000000000331e-02
-4.485360000000000041e-02
-4.379559999999999703e-02
-4.338489999999999708e-02
-4.265109999999999735e-02
-4.139770000000000255e-02
-3.973999999999999755e-02
-3.890090000000000214e-02
-3.844779999999999726e-02
-3.929110000000000241e-02
-3.964970000000000300e-02
-4.087709999999999955e-02
-4.116199999999999720e-02
-4.060230000000000089e-02
-3.995499999999999746e-02
-3.966530000000000056e-02
-3.845880000000000132e-02
-3.792659999999999781e-02
-3.674050000000000232e-02
-3.501429999999999820e-02
-3.315339999999999954e-02
-3.115079999999999932e-02
-2.813159999999999966e-02
-2.512230000000000019e-02
-2.096740000000000062e-02
-1.739670000000000105e-02
-1.311290000000000025e-02
-9.065250000000000391e-03
-6.891379999999999902e-03
-5.388010000000000368e-03
-4.691530000000000179e-03
-4.087480000000000106e-03
-3.828139999999999842e-03
-2.495559999999999966e-03
1.266550000000000130e-04
2.916639999999999858e-03
4.495950000000000293e-03
5.308130000000000313e-03
6.905999999999999812e-03
7.865469999999999406e-03
9.304190000000000377e-03
1.109519999999999951e-02
1.186850000000000058e-02
1.282939999999999948e-02
1.420599999999999988e-02
1.535410000000000073e-02
1.611399999999999985e-02
1.643009999999999957e-02
1.749099999999999960e-02
1.872009999999999993e-02
1.965820000000000067e-02
2.082840000000000039e-02
2.068899999999999906e-02
2.154800000000000118e-02
2.198249999999999857e-02
2.244080000000000033e-02
2.188529999999999989e-02
2.161510000000000167e-02
2.170990000000000072e-02
2.154479999999999937e-02
2.115250000000000116e-02
2.106649999999999842e-02
1.966549999999999895e-02
1.801929999999999851e-02
1.778189999999999979e-02
1.766329999999999983e-02
1.736820000000000030e-02
1.712609999999999827e-02
1.697699999999999904e-02
1.614940000000000125e-02
1.586800000000000016e-02
1.601810000000000039e-02
1.535620000000000041e-02
1.575800000000000117e-02
1.575319999999999845e-02
1.552940000000000050e-02
1.527779999999999937e-02
1.517070000000000050e-02
1.489979999999999950e-02
1.468999999999999993e-02
1.347379999999999932e-02
1.247479999999999943e-02
1.203779999999999954e-02
1.076099999999999973e-02
9.097710000000000172e-03
8.705100000000000338e-03
7.804969999999999616e-03
7.427279999999999646e-03
7.165389999999999780e-03
6.022279999999999647e-03
5.777359999999999614e-03
4.581779999999999707e-03
3.185050000000000034e-03
4.028969999999999774e-03
4.519910000000000247e-03
5.620120000000000150e-03
6.508840000000000112e-03
6.408409999999999801e-03
7.035699999999999767e-03
7.450219999999999586e-03
7.943030000000000229e-03
9.324419999999999931e-03
8.760820000000000760e-03
7.136670000000000340e-03
6.560550000000000062e-03
6.693519999999999678e-03
6.389879999999999692e-03
6.282020000000000139e-03
5.400160000000000203e-03
5.884170000000000199e-03
6.097329999999999764e-03
5.850750000000000048e-03
5.754219999999999995e-03
5.606629999999999600e-03
6.081470000000000278e-03
7.619479999999999656e-03
7.871639999999999193e-03
7.541690000000000199e-03
8.135009999999999811e-03
9.315830000000000638e-03
1.025189999999999955e-02
1.177800000000000027e-02
1.325460000000000006e-02
1.391809999999999922e-02
1.440469999999999945e-02
1.572840000000000002e-02
1.617270000000000166e-02
1.647679999999999978e-02
1.662690000000000001e-02
1.613320000000000032e-02
1.554050000000000049e-02
1.370039999999999973e-02
1.209720000000000066e-02
1.201340000000000047e-02
1.173749999999999967e-02
1.150989999999999999e-02
9.964620000000000422e-03
8.602560000000000415e-03
8.364299999999999860e-03
7.277180000000000280e-03
5.743139999999999877e-03
5.335890000000000251e-03
5.210789999999999866e-03
5.093079999999999830e-03
4.822940000000000386e-03
4.774170000000000323e-03
4.452039999999999990e-03
5.214830000000000160e-03
5.605200000000000286e-03
6.299240000000000221e-03
7.404799999999999577e-03
7.448989999999999952e-03
8.085629999999999901e-03
8.488610000000000599e-03
8.210659999999999833e-03
7.998440000000000757e-03
7.865429999999999644e-03
7.715839999999999851e-03
7.543529999999999680e-03
7.340320000000000004e-03
7.125160000000000174e-03
6.992059999999999595e-03
6.748810000000000052e-03
6.551369999999999937e-03
6.848579999999999945e-03
8.099500000000000796e-03
8.082100000000000048e-03
7.890390000000000598e-03
8.091920000000000709e-03
7.803069999999999624e-03
7.645739999999999828e-03
7.388139999999999638e-03
7.493370000000000065e-03
7.807149999999999680e-03
8.631480000000000402e-03
9.126310000000000325e-03
9.004889999999999770e-03
8.687840000000000493e-03
9.007380000000000594e-03
8.445380000000000595e-03
8.732310000000000072e-03
9.468129999999999949e-03
9.294939999999999800e-03
8.464710000000000290e-03
7.285200000000000356e-03
7.188250000000000195e-03
6.938790000000000235e-03
6.452669999999999760e-03
5.601659999999999626e-03
4.529670000000000397e-03
3.684559999999999919e-03
3.362879999999999949e-03
1.698499999999999923e-03
2.468419999999999816e-03
3.238630000000000154e-03
2.228879999999999924e-03
8.238450000000000243e-04
-4.808610000000000163e-04
-2.127599999999999891e-03
-2.476400000000000129e-03
-2.410919999999999990e-03
-2.338789999999999879e-03
-2.656270000000000072e-03
-2.961740000000000032e-03
-2.840360000000000107e-03
-3.951190000000000258e-03
-5.280179999999999770e-03
-5.808179999999999593e-03
-5.244239999999999839e-03
-4.331920000000000388e-03
-4.009979999999999795e-03
-4.127519999999999974e-03
-4.329649999999999992e-03
-3.986680000000000258e-03
-3.714410000000000021e-03
-2.251309999999999856e-03
-1.627750000000000074e-03
-2.389150000000000041e-03
-2.143470000000000184e-03
-1.975399999999999986e-03
-1.773309999999999947e-03
-7.738689999999999458e-04
-4.421590000000000199e-04
-4.555639999999999907e-04
-1.140989999999999930e-03
-2.320860000000000110e-03
-2.902669999999999990e-03
-3.558110000000000179e-03
-3.858449999999999814e-03
-5.406740000000000157e-03
-6.133839999999999779e-03
-6.013430000000000164e-03
-6.072000000000000140e-03
-5.009760000000000255e-03
-4.023559999999999810e-03
-4.024770000000000431e-03
-4.206249999999999920e-03
-4.178989999999999615e-03
-4.320140000000000091e-03
-4.385700000000000189e-03
-4.528270000000000038e-03
-4.620169999999999833e-03
-4.752750000000000030e-03
-4.918999999999999762e-03
-5.750070000000000355e-03
-6.652970000000000238e-03
-7.123380000000000337e-03
-7.511059999999999959e-03
-7.777230000000000427e-03
-7.865020000000000344e-03
-7.840259999999999938e-03
-9.061780000000000182e-03
-1.065969999999999938e-02
-1.050640000000000081e-02
-1.100770000000000047e-02
-1.086140000000000022e-02
-1.136780000000000082e-02
-1.153490000000000071e-02
-1.219469999999999929e-02
-1.305410000000000077e-02
-1.314919999999999978e-02
-1.321770000000000063e-02
-1.468099999999999961e-02
-1.633470000000000061e-02
-1.653850000000000112e-02
-1.643949999999999925e-02
-1.759159999999999890e-02
-1.809559999999999988e-02
-1.858949999999999839e-02
-1.979090000000000016e-02
-2.106560000000000030e-02
-2.271329999999999877e-02
-2.421150000000000038e-02
-2.487179999999999946e-02
-2.478999999999999954e-02
-2.485959999999999906e-02
-2.623529999999999959e-02
-2.819800000000000084e-02
-2.913519999999999999e-02
-2.892590000000000092e-02
-2.882250000000000090e-02
-2.864330000000000001e-02
-2.868209999999999857e-02
-2.735519999999999965e-02
-2.525070000000000092e-02
-2.309409999999999935e-02
-2.139189999999999842e-02
-1.968189999999999870e-02
-1.804680000000000173e-02
-1.739510000000000015e-02
-1.596790000000000015e-02
-1.616530000000000050e-02
-1.612130000000000160e-02
-1.414370000000000037e-02
-1.276990000000000069e-02
-1.249669999999999948e-02
-1.084740000000000010e-02
-1.006259999999999967e-02
-1.010759999999999957e-02
-8.727630000000000110e-03
-7.897200000000000053e-03
-7.915570000000000245e-03
-8.039179999999999937e-03
-7.916960000000000663e-03
-8.037380000000000219e-03
-7.948639999999999872e-03
-8.089910000000000503e-03
-7.199480000000000289e-03
-7.515479999999999730e-03
-6.825190000000000076e-03
-6.119999999999999572e-03
-6.146790000000000066e-03
-5.775859999999999848e-03
-5.529850000000000217e-03
-3.842219999999999924e-03
-2.307959999999999959e-03
-7.317750000000000470e-04
3.727410000000000011e-04
1.090339999999999972e-03
1.133539999999999938e-03
1.040810000000000086e-03
1.503130000000000091e-03
1.968399999999999924e-03
2.286139999999999874e-03
2.883699999999999892e-03
2.934570000000000060e-03
2.751439999999999962e-03
2.642269999999999949e-03
3.123939999999999963e-03
4.280700000000000130e-03
4.683859999999999760e-03
4.345970000000000215e-03
5.452300000000000202e-03
6.663650000000000129e-03
6.863160000000000094e-03
7.132010000000000259e-03
7.913709999999999148e-03
8.264840000000000728e-03
7.184049999999999984e-03
6.546090000000000068e-03
6.983050000000000194e-03
6.057129999999999979e-03
4.921380000000000372e-03
4.947039999999999771e-03
3.766559999999999960e-03
2.332519999999999819e-03
1.956429999999999888e-03
1.973069999999999945e-03
1.726789999999999966e-03
1.477149999999999991e-03
1.192099999999999974e-03
7.659259999999999983e-04
-9.920969999999999442e-04
-1.450450000000000047e-03
-2.500570000000000136e-03
-2.133780000000000052e-03
-2.068470000000000204e-03
-3.284459999999999897e-03
-4.101959999999999981e-03
-4.103329999999999651e-03
-4.178389999999999709e-03
-4.266640000000000363e-03
-4.368129999999999583e-03
-4.380170000000000070e-03
-4.253490000000000396e-03
-2.701250000000000092e-03
-6.916480000000000024e-04
2.187710000000000099e-04
8.576520000000000346e-05
9.228360000000000122e-04
1.502899999999999939e-03
1.227309999999999903e-03
2.692109999999999946e-04
1.631910000000000088e-03
2.065679999999999860e-03
2.294660000000000016e-03
3.315289999999999817e-03
2.488880000000000172e-03
1.352609999999999967e-03
1.414590000000000075e-03
5.652209999999999743e-04
-5.932259999999999747e-04
-1.451940000000000088e-03
-1.532659999999999925e-03
-1.545099999999999989e-03
-2.435810000000000113e-04
1.124479999999999967e-03
1.013589999999999977e-03
2.329869999999999945e-03
3.716380000000000031e-03
3.646949999999999931e-03
3.605559999999999841e-03
4.199569999999999692e-03
5.693720000000000205e-03
5.893699999999999981e-03
7.221189999999999727e-03
8.451069999999999763e-03
8.391579999999999179e-03
8.233290000000000747e-03
9.419920000000000029e-03
1.111380000000000007e-02
1.190979999999999990e-02
1.256269999999999956e-02
1.292959999999999943e-02
1.368570000000000030e-02
1.462150000000000082e-02
1.455870000000000081e-02
1.429519999999999923e-02
1.519769999999999975e-02
1.596459999999999893e-02
1.584669999999999829e-02
1.587689999999999935e-02
1.564590000000000078e-02
1.538559999999999928e-02
1.546529999999999953e-02
1.685949999999999949e-02
1.691979999999999873e-02
1.673830000000000109e-02
1.770909999999999845e-02
1.838460000000000094e-02
1.788210000000000147e-02
1.813050000000000078e-02
1.852679999999999952e-02
1.889060000000000045e-02
1.885370000000000101e-02
1.832970000000000085e-02
1.803029999999999911e-02
1.724869999999999876e-02
1.641619999999999885e-02
1.520009999999999938e-02
1.423840000000000001e-02
1.302730000000000034e-02
1.063590000000000022e-02
9.701950000000000851e-03
8.637779999999999417e-03
8.017250000000000071e-03
7.951359999999999331e-03
7.020600000000000104e-03
5.462830000000000116e-03
4.395640000000000137e-03
4.034450000000000189e-03
3.368850000000000056e-03
2.483149999999999941e-03
2.040039999999999909e-03
1.890170000000000045e-03
1.805189999999999920e-03
1.572569999999999914e-03
1.530579999999999918e-03
1.433040000000000008e-03
2.359340000000000135e-03
3.488540000000000044e-03
4.652830000000000160e-03
3.300729999999999983e-03
3.487930000000000197e-03
4.560289999999999830e-03
4.235150000000000026e-03
3.985919999999999568e-03
3.796739999999999837e-03
3.616809999999999817e-03
3.684730000000000210e-03
4.530980000000000424e-03
4.090670000000000243e-03
3.450100000000000215e-03
2.860639999999999798e-03
2.279649999999999819e-03
2.188369999999999812e-03
1.535920000000000080e-03
5.156580000000000018e-04
2.384499999999999955e-04
-4.078059999999999780e-04
-1.039580000000000018e-03
-1.325039999999999985e-03
-2.075149999999999998e-03
-1.267499999999999964e-03
-4.692359999999999912e-04
3.390220000000000213e-04
8.180099999999999828e-04
6.683369999999999676e-04
6.839079999999999986e-04
9.909920000000000014e-04
9.875870000000000568e-04
9.782869999999999934e-04
1.302090000000000105e-03
1.358110000000000046e-03
1.143829999999999977e-03
1.305649999999999996e-03
1.515120000000000008e-03
1.394220000000000051e-03
1.777649999999999977e-03
1.077190000000000005e-03
1.033850000000000003e-04
4.122419999999999741e-05
-1.570459999999999868e-04
3.921899999999999838e-05
1.532930000000000111e-04
8.339800000000000349e-05
-4.438050000000000241e-04
-7.543769999999999773e-04
-1.515260000000000044e-03
-1.650039999999999970e-03
-1.888319999999999972e-03
-2.307290000000000035e-03
-2.308549999999999925e-03
-3.113639999999999984e-03
-3.771930000000000161e-03
-4.218740000000000337e-03
-4.755490000000000238e-03
-4.746799999999999804e-03
-4.624399999999999865e-03
-4.500679999999999958e-03
-4.637920000000000237e-03
-4.845839999999999696e-03
-5.044859999999999969e-03
-5.131990000000000336e-03
-4.458540000000000419e-03
-3.722080000000000007e-03
-3.581940000000000037e-03
-3.487319999999999916e-03
-3.225299999999999955e-03
-2.697209999999999799e-03
-2.293630000000000061e-03
-2.024470000000000002e-03
-1.935700000000000051e-03
-1.888350000000000011e-03
-1.764640000000000045e-03
-1.722049999999999926e-03
-1.618869999999999901e-03
-1.556239999999999967e-03
-1.493980000000000004e-03
-1.675899999999999916e-03
-1.977210000000000079e-03
-2.185939999999999932e-03
-2.510599999999999984e-03
-2.788909999999999913e-03
-2.796199999999999988e-03
-2.695550000000000116e-03
-2.517409999999999873e-03
-2.283690000000000112e-03
-2.224219999999999843e-03
-2.269329999999999958e-03
-2.224569999999999933e-03
-2.005400000000000064e-03
-1.674389999999999993e-03
-1.247349999999999935e-03
-8.331579999999999672e-04
-6.879429999999999963e-04
-4.398599999999999797e-04
-2.610259999999999772e-04
-1.056639999999999966e-04
4.112939999999999961e-05
1.864470000000000125e-04
3.182039999999999912e-04
4.444599999999999831e-04
5.727560000000000030e-04
6.884089999999999611e-04
7.925970000000000281e-04
7.692969999999999496e-04
7.018420000000000474e-04
7.531789999999999796e-04
9.198109999999999793e-04
1.020309999999999967e-03
1.204009999999999933e-03
1.455530000000000018e-03
1.514020000000000036e-03
1.550780000000000084e-03
1.658289999999999981e-03
1.824019999999999982e-03
1.838250000000000040e-03
1.899370000000000051e-03
1.968899999999999990e-03
1.947759999999999986e-03
1.895830000000000041e-03
1.886829999999999931e-03
1.928030000000000065e-03
1.881859999999999956e-03
1.847660000000000101e-03
1.823320000000000019e-03
1.726080000000000062e-03
1.627130000000000069e-03
1.522260000000000106e-03
1.469320000000000088e-03
1.392180000000000023e-03
1.285450000000000047e-03
1.202759999999999984e-03
1.093290000000000017e-03
9.585690000000000443e-04
8.310249999999999929e-04
7.156929999999999932e-04
6.124670000000000027e-04
4.862169999999999969e-04
3.516759999999999851e-04
2.193569999999999938e-04
9.126129999999999984e-05
-1.997079999999999860e-05
-1.451430000000000027e-04
-2.687820000000000161e-04
-3.883520000000000114e-04
-5.150919999999999804e-04
-6.374599999999999581e-04
-7.630910000000000297e-04
-8.785590000000000023e-04
-9.926570000000000879e-04
-1.114930000000000088e-03
-1.235259999999999960e-03
-1.348229999999999958e-03
-1.463380000000000019e-03
-1.575009999999999952e-03
-1.684739999999999892e-03
-1.791990000000000033e-03
-1.897510000000000039e-03
-1.999349999999999999e-03
-2.098510000000000045e-03
-2.194479999999999955e-03
-2.287519999999999918e-03
-2.374919999999999982e-03
-2.459929999999999929e-03
-2.540859999999999820e-03
-2.618890000000000020e-03
-2.693360000000000112e-03
-2.764359999999999994e-03
-2.831639999999999852e-03
-2.895950000000000000e-03
-2.956859999999999957e-03
-3.014820000000000087e-03
-3.069619999999999901e-03
-3.121539999999999905e-03
-3.170500000000000141e-03
-3.216660000000000092e-03
-3.259989999999999936e-03
-3.300580000000000007e-03
-3.338390000000000107e-03
-3.373469999999999941e-03
-3.405800000000000060e-03
