-3.120920000000000118e-03
1.060880000000000048e-04
2.308000000000000156e-03
1.959910000000000038e-03
1.473099999999999974e-03
7.659779999999999497e-04
2.210330000000000096e-04
-1.132769999999999957e-03
-8.984340000000000381e-04
-1.836759999999999944e-04
1.219580000000000056e-03
2.470860000000000070e-03
1.584219999999999899e-03
-3.591350000000000098e-04
-2.923670000000000175e-03
-3.964330000000000284e-03
-2.910920000000000001e-03
1.855410000000000045e-04
3.205509999999999957e-03
3.798890000000000079e-03
2.633799999999999943e-03
1.118850000000000009e-03
-3.614169999999999991e-04
-8.390259999999999862e-04
-2.833739999999999740e-04
-3.132009999999999851e-04
1.840789999999999918e-03
1.478450000000000077e-03
2.858229999999999907e-04
1.385139999999999982e-03
3.195400000000000150e-03
3.643959999999999907e-03
1.563930000000000051e-03
-1.755379999999999961e-03
-6.144679999999999587e-03
-8.382799999999999280e-03
-7.250839999999999716e-03
-3.390380000000000130e-03
4.211290000000000129e-04
4.855860000000000037e-03
6.045960000000000396e-03
3.026529999999999932e-03
-1.607560000000000065e-03
-1.609830000000000028e-03
3.385899999999999847e-03
7.562570000000000230e-03
8.550719999999999502e-03
5.483349999999999683e-03
1.885589999999999922e-03
-3.181999999999999933e-03
-6.440099999999999818e-03
-6.290389999999999870e-03
-2.215710000000000075e-03
-7.389739999999999894e-04
7.836650000000000126e-04
3.028470000000000120e-03
4.174719999999999820e-03
2.777110000000000169e-03
1.809929999999999959e-03
-1.306389999999999938e-03
-6.233200000000000372e-03
-7.185079999999999939e-03
-6.413150000000000274e-03
-4.334610000000000025e-03
-3.931920000000000207e-03
-2.248110000000000212e-03
-3.452939999999999829e-03
-4.034549999999999595e-03
-8.156409999999999789e-04
4.758450000000000006e-03
7.329659999999999995e-03
8.445340000000000832e-03
8.526729999999999726e-03
4.595440000000000115e-03
-2.038590000000000009e-04
-2.715299999999999919e-03
-4.099639999999999881e-03
-2.909510000000000134e-03
-7.462880000000000078e-04
-1.771589999999999970e-03
-4.864430000000000316e-03
-8.699830000000000410e-03
-9.196760000000000004e-03
-5.428060000000000176e-03
-1.937820000000000037e-03
9.955079999999999832e-04
7.270350000000000076e-03
8.130019999999999955e-03
1.662010000000000006e-03
-2.727240000000000133e-03
-3.343519999999999999e-03
-2.711310000000000196e-03
3.018859999999999946e-03
6.696800000000000148e-03
7.631950000000000192e-03
9.740099999999999800e-03
8.838230000000000738e-03
3.581990000000000174e-03
-7.908500000000000599e-03
-1.618800000000000100e-02
-1.643199999999999869e-02
-1.217780000000000078e-02
-1.011450000000000023e-02
-1.128050000000000060e-02
-9.132569999999999577e-03
-7.371279999999999803e-04
1.128649999999999966e-02
1.127000000000000050e-02
3.816640000000000050e-03
5.028219999999999912e-03
1.617050000000000085e-02
1.107550000000000028e-02
-7.087859999999999647e-03
-8.904650000000000065e-03
-7.521710000000000028e-03
-1.119339999999999918e-03
1.539219999999999998e-02
1.292270000000000051e-02
-1.133520000000000014e-02
-1.872930000000000081e-02
-1.463419999999999999e-02
-1.391320000000000057e-02
-1.674590000000000106e-02
2.188190000000000014e-03
2.476880000000000054e-02
2.018879999999999980e-02
8.542299999999999199e-03
1.725479999999999939e-03
-2.638240000000000030e-03
-1.097590000000000024e-02
-1.440939999999999929e-02
-7.090009999999999889e-03
9.617439999999999670e-03
1.467549999999999931e-02
1.100330000000000058e-02
3.719319999999999918e-03
-6.153409999999999783e-03
-1.135659999999999968e-02
-1.019800000000000047e-02
3.765619999999999905e-03
1.546490000000000017e-02
1.990379999999999927e-02
1.416809999999999944e-02
-7.708969999999999885e-03
-2.388730000000000020e-02
-2.895379999999999829e-02
-2.508919999999999900e-02
-5.570630000000000026e-03
2.343090000000000103e-02
4.145719999999999961e-02
4.582370000000000193e-02
1.387709999999999985e-02
-4.531870000000000342e-02
-5.941529999999999728e-02
-3.193759999999999655e-02
1.131740000000000003e-02
3.477109999999999923e-02
2.563589999999999966e-02
1.199420000000000000e-02
7.304129999999999824e-03
4.163410000000000201e-03
-2.163249999999999895e-02
-3.490999999999999659e-02
-1.089419999999999972e-02
5.132970000000000154e-04
6.110919999999999720e-03
1.983860000000000050e-03
-1.274710000000000079e-02
-2.098579999999999890e-02
-9.811820000000000611e-03
1.348180000000000038e-02
1.890299999999999966e-02
1.523489999999999914e-02
8.764920000000000697e-03
2.783859999999999872e-04
-1.451790000000000025e-02
-4.941209999999999700e-03
2.195599999999999809e-03
-2.596489999999999909e-03
-7.847569999999999893e-03
-1.344139999999999918e-02
-1.362310000000000083e-02
-1.933719999999999883e-02
8.188360000000000430e-03
2.873099999999999959e-02
3.033030000000000101e-02
1.383269999999999986e-02
-3.426869999999999829e-03
-2.343869999999999905e-04
2.668409999999999966e-03
-1.802369999999999970e-03
-1.857949999999999879e-02
-1.178429999999999929e-02
6.152259999999999673e-03
1.948249999999999982e-02
2.195389999999999842e-02
1.894780000000000075e-02
-1.239179999999999969e-02
-3.741150000000000031e-02
-2.582239999999999883e-02
-1.819389999999999896e-02
-7.908339999999999814e-03
1.919240000000000008e-03
1.000060000000000011e-02
6.442719999999999871e-03
-5.582170000000000014e-03
-5.856659999999999644e-03
4.902189999999999846e-03
1.995219999999999980e-02
2.328639999999999877e-02
1.919919999999999960e-02
7.111079999999999658e-03
-8.189029999999999920e-03
-1.503739999999999938e-02
-4.090270000000000017e-02
-5.230839999999999795e-02
-1.082100000000000076e-02
3.626309999999999950e-02
5.826440000000000091e-02
7.224440000000000028e-02
8.285130000000000272e-02
7.946680000000000410e-02
6.623729999999999896e-02
4.660630000000000328e-02
3.137659999999999755e-02
2.966999999999999846e-02
3.721590000000000314e-02
4.484429999999999666e-02
4.631819999999999687e-02
3.219210000000000127e-02
-1.697409999999999891e-02
-7.724390000000000422e-02
-1.184169999999999945e-01
-1.511619999999999908e-01
-1.467299999999999993e-01
-8.683639999999999415e-02
-1.007940000000000051e-02
3.586840000000000167e-02
4.208830000000000210e-02
3.161889999999999840e-02
2.008360000000000006e-02
1.697560000000000041e-02
1.652570000000000081e-02
1.567999999999999949e-02
1.405709999999999946e-02
9.896469999999999226e-03
-1.391550000000000079e-02
-3.320689999999999753e-02
-3.719410000000000077e-02
-3.411990000000000162e-02
-2.408729999999999899e-02
-1.230230000000000039e-02
-4.375969999999999860e-03
4.178689999999999662e-03
1.635330000000000117e-02
2.236310000000000034e-02
2.679489999999999997e-02
3.157560000000000228e-02
4.103289999999999715e-02
4.525359999999999799e-02
4.823500000000000010e-02
5.559010000000000340e-02
6.146829999999999655e-02
6.203940000000000149e-02
7.858990000000000420e-02
1.034449999999999953e-01
1.035309999999999980e-01
6.844569999999999821e-02
1.311170000000000044e-02
-2.473749999999999907e-02
-4.309249999999999886e-02
-5.744189999999999713e-02
-5.481140000000000317e-02
-1.438380000000000040e-02
2.164459999999999995e-02
2.609679999999999986e-02
2.864180000000000025e-03
-3.846419999999999700e-02
-7.883080000000000642e-02
-1.176660000000000067e-01
-1.480100000000000027e-01
-1.589460000000000039e-01
-1.408989999999999965e-01
-9.016949999999999965e-02
-1.730589999999999906e-02
3.432439999999999797e-02
5.842289999999999983e-02
4.418360000000000343e-02
-5.898439999999999586e-03
-6.821739999999999748e-02
-1.104350000000000054e-01
-1.172639999999999932e-01
-1.136609999999999981e-01
-9.404210000000000347e-02
-5.965279999999999888e-02
-1.867540000000000172e-02
1.109729999999999918e-02
1.709990000000000121e-02
3.012120000000000075e-02
5.972969999999999668e-02
7.365570000000000450e-02
7.404020000000000046e-02
6.171850000000000253e-02
2.898059999999999872e-02
9.277149999999999633e-03
7.567579999999999966e-03
1.402620000000000082e-02
3.190260000000000318e-02
4.810020000000000268e-02
5.767379999999999729e-02
6.220559999999999978e-02
4.826010000000000022e-02
6.449270000000000003e-03
-2.151609999999999981e-02
-2.504229999999999998e-02
-2.916420000000000123e-02
-2.246690000000000145e-02
-4.306899999999999791e-03
3.926490000000000362e-03
4.128399999999999952e-03
8.878070000000000059e-04
-6.561299999999999945e-03
-1.089840000000000080e-02
-8.046519999999999714e-03
6.390510000000000287e-03
2.005849999999999994e-02
3.559299999999999964e-02
6.904689999999999439e-02
9.178060000000000385e-02
7.477509999999999712e-02
3.137100000000000305e-02
-2.314290000000000097e-02
-4.998940000000000328e-02
-5.708450000000000329e-02
-4.315539999999999654e-02
8.075349999999999586e-04
2.471320000000000114e-02
2.186839999999999964e-02
5.865579999999999579e-03
-1.466089999999999928e-02
-3.906350000000000100e-02
-5.630249999999999838e-02
-5.322319999999999829e-02
-2.974589999999999873e-02
9.815729999999999074e-04
3.866440000000000154e-02
5.400209999999999733e-02
4.142749999999999905e-02
3.749029999999999724e-02
4.600619999999999710e-02
5.506889999999999702e-02
6.009640000000000121e-02
5.867760000000000337e-02
5.369070000000000092e-02
3.675359999999999738e-02
-1.359259999999999982e-02
-7.315549999999999831e-02
-9.831800000000000261e-02
-9.404110000000000247e-02
-8.528959999999999320e-02
-7.729279999999999484e-02
-7.127079999999999527e-02
-6.849840000000000095e-02
-6.650839999999999530e-02
-6.072199999999999820e-02
-5.224589999999999790e-02
-4.650019999999999848e-02
-4.102900000000000297e-02
-1.621339999999999934e-02
2.896850000000000119e-02
7.007040000000000490e-02
8.241030000000000577e-02
6.732340000000000546e-02
2.461290000000000006e-02
-4.796749999999999799e-03
-1.060769999999999942e-02
1.011069999999999981e-03
2.376210000000000128e-02
3.058289999999999967e-02
3.276659999999999989e-02
2.941799999999999971e-02
2.188520000000000049e-02
1.610889999999999891e-02
3.042560000000000056e-02
4.219230000000000202e-02
3.532359999999999667e-02
5.853770000000000327e-03
-4.124989999999999907e-02
-7.026069999999999538e-02
-7.793010000000000215e-02
-5.647039999999999699e-02
-1.211570000000000008e-02
2.881080000000000099e-02
6.383039999999999548e-02
8.219959999999999767e-02
9.659479999999999456e-02
1.092230000000000006e-01
1.047970000000000013e-01
6.929140000000000299e-02
1.916959999999999845e-02
-1.350610000000000005e-02
-3.851149999999999712e-02
-6.388299999999999534e-02
-9.156269999999999687e-02
-1.155280000000000057e-01
-1.232869999999999938e-01
-1.164980000000000043e-01
-1.012529999999999958e-01
-8.152600000000000124e-02
-3.475899999999999823e-02
5.017130000000000201e-02
1.146579999999999960e-01
1.284160000000000024e-01
1.019530000000000020e-01
4.144199999999999967e-02
-1.355029999999999950e-02
-2.335450000000000026e-02
-1.108390000000000070e-02
-1.812909999999999869e-02
-5.157389999999999891e-02
-7.804089999999999638e-02
-8.670990000000000641e-02
-8.733309999999999684e-02
-6.929029999999999911e-02
-3.019780000000000034e-02
2.192519999999999886e-02
7.045269999999999311e-02
8.744689999999999408e-02
6.996919999999999529e-02
4.707220000000000154e-02
4.035239999999999660e-02
4.081760000000000249e-02
4.653260000000000035e-02
5.752310000000000062e-02
6.204479999999999718e-02
5.507809999999999789e-02
5.464560000000000251e-02
6.526999999999999469e-02
7.249970000000000026e-02
6.422139999999999793e-02
1.424139999999999955e-02
-6.331430000000000391e-02
-1.265719999999999901e-01
-1.676680000000000115e-01
-1.688199999999999978e-01
-1.123920000000000058e-01
-5.366309999999999830e-02
-2.033159999999999829e-02
1.283779999999999991e-02
4.790640000000000176e-02
7.922859999999999625e-02
1.123799999999999938e-01
1.330010000000000081e-01
1.341179999999999872e-01
1.260320000000000051e-01
1.107120000000000049e-01
8.680309999999999415e-02
5.921509999999999968e-02
2.574589999999999865e-02
-6.488179999999999642e-03
-3.413730000000000236e-02
-4.687920000000000281e-02
-4.302969999999999712e-02
-3.989419999999999772e-02
-3.483200000000000185e-02
-1.943200000000000136e-02
-1.333109999999999981e-03
6.747330000000000168e-03
1.100789999999999928e-02
1.609870000000000051e-02
9.072929999999999884e-03
-3.311830000000000329e-02
-7.197829999999999506e-02
-8.341560000000000641e-02
-8.045449999999999824e-02
-5.859280000000000044e-02
-3.352940000000000087e-02
-2.533269999999999966e-02
-2.251950000000000132e-02
-4.673530000000000045e-02
-9.764760000000000106e-02
-1.454499999999999960e-01
-1.747199999999999864e-01
-1.795269999999999921e-01
-1.648020000000000040e-01
-1.322770000000000057e-01
-9.325340000000000018e-02
-2.826820000000000027e-02
6.853489999999999582e-02
1.402450000000000085e-01
1.651189999999999880e-01
1.446810000000000040e-01
8.048929999999999974e-02
4.229020000000000001e-03
-3.201869999999999716e-02
-2.091399999999999856e-02
1.484010000000000017e-02
6.715490000000000348e-02
9.433690000000000131e-02
9.637590000000000046e-02
8.448469999999999591e-02
7.346969999999999890e-02
6.802800000000000513e-02
6.717019999999999935e-02
7.511400000000000021e-02
7.767419999999999880e-02
7.395119999999999472e-02
6.149700000000000305e-02
3.611129999999999896e-02
-3.853449999999999909e-04
-2.590680000000000066e-02
-3.110160000000000008e-02
-3.478479999999999767e-02
-4.087829999999999936e-02
-4.082729999999999693e-02
-2.582409999999999914e-02
-1.141449999999999930e-02
-4.244949999999999939e-03
-4.275529999999999609e-03
-7.989339999999999289e-03
-7.718009999999999975e-03
2.243320000000000036e-03
1.761170000000000097e-02
2.036769999999999900e-02
1.297369999999999947e-02
5.631810000000000115e-03
2.153769999999999990e-02
7.125560000000000227e-02
1.143139999999999989e-01
1.240190000000000042e-01
1.225279999999999980e-01
1.055070000000000036e-01
4.105849999999999778e-02
-5.067409999999999970e-02
-1.140779999999999988e-01
-1.466999999999999971e-01
-1.435379999999999989e-01
-1.076369999999999966e-01
-7.204309999999999881e-02
-5.458679999999999782e-02
-2.335740000000000038e-02
6.485770000000000077e-03
1.128690000000000075e-02
-7.296440000000000391e-03
-4.034340000000000148e-02
-7.224800000000000666e-02
-9.941669999999999674e-02
-1.243729999999999974e-01
-1.521480000000000055e-01
-1.549699999999999966e-01
-1.326259999999999939e-01
-1.100330000000000058e-01
-9.902489999999999903e-02
-7.432249999999999968e-02
-4.531980000000000036e-02
-3.659779999999999978e-02
-2.095910000000000134e-02
1.188389999999999933e-02
5.806850000000000206e-02
1.086160000000000042e-01
1.460009999999999919e-01
1.752849999999999964e-01
1.910129999999999884e-01
1.930610000000000104e-01
1.536389999999999978e-01
7.198240000000000194e-02
-9.771400000000000398e-04
-3.364260000000000167e-02
-2.554580000000000045e-02
5.872220000000000044e-03
4.657229999999999703e-02
7.285260000000000347e-02
6.085949999999999693e-02
3.176699999999999663e-02
1.636299999999999907e-02
4.682000000000000398e-03
-2.823140000000000024e-03
-2.471220000000000101e-03
-1.400200000000000099e-03
-4.411220000000000419e-03
-9.410210000000000449e-03
-8.916510000000000755e-03
6.781309999999999595e-03
2.673350000000000032e-02
4.115429999999999783e-02
4.502219999999999833e-02
4.333309999999999940e-02
3.205700000000000216e-02
9.077460000000000737e-03
-2.019099999999999801e-03
6.592790000000000282e-03
2.736409999999999884e-02
3.619830000000000270e-02
2.925420000000000104e-02
5.686100000000000355e-03
-2.059209999999999860e-02
-3.787499999999999895e-02
-4.990590000000000304e-02
-7.067809999999999371e-02
-9.165539999999999798e-02
-1.027860000000000024e-01
-1.079289999999999972e-01
-1.067059999999999953e-01
-9.914320000000000077e-02
-7.605439999999999423e-02
-4.523200000000000137e-02
-5.754949999999999996e-03
4.177100000000000257e-02
7.144889999999999575e-02
7.995270000000000155e-02
8.079830000000000345e-02
7.539840000000000431e-02
6.412439999999999807e-02
4.598270000000000135e-02
1.759710000000000094e-02
-2.242150000000000046e-02
-5.795120000000000132e-02
-7.035429999999999462e-02
-6.089080000000000187e-02
-3.243479999999999974e-02
-8.942099999999999702e-03
1.479269999999999977e-03
6.987300000000000108e-03
1.376010000000000080e-02
2.120510000000000103e-02
2.217519999999999908e-02
1.738529999999999937e-02
8.280789999999999679e-03
3.240999999999999957e-03
5.288160000000000083e-03
8.702130000000000629e-03
1.265469999999999963e-02
1.317390000000000054e-02
7.107950000000000032e-03
2.178810000000000100e-04
-4.636269999999999628e-03
-4.893279999999999852e-03
-2.830819999999999951e-03
1.051290000000000037e-02
3.027840000000000045e-02
4.184120000000000200e-02
4.281329999999999858e-02
3.078240000000000143e-02
9.444030000000000827e-03
-1.264709999999999966e-02
-3.138139999999999680e-02
-4.001360000000000333e-02
-3.928740000000000010e-02
-2.905369999999999828e-02
-2.009189999999999934e-02
-2.753790000000000057e-02
-4.957389999999999713e-02
-6.625910000000000133e-02
-7.649880000000000568e-02
-8.223629999999999829e-02
-8.245560000000000389e-02
-7.658550000000000080e-02
-6.400980000000000558e-02
-5.045809999999999879e-02
-3.813239999999999685e-02
-2.742230000000000015e-02
-4.073499999999999864e-03
2.931320000000000106e-02
5.616059999999999802e-02
6.616070000000000284e-02
6.555690000000000128e-02
5.512340000000000295e-02
4.544050000000000172e-02
4.156970000000000109e-02
4.007639999999999814e-02
4.772440000000000015e-02
6.239820000000000089e-02
7.012980000000000602e-02
5.940249999999999697e-02
3.407489999999999825e-02
1.178790000000000046e-02
8.127559999999999819e-04
-1.093970000000000012e-02
-2.064080000000000081e-02
-2.480339999999999975e-02
-4.345820000000000238e-02
-6.072369999999999851e-02
-6.638670000000000682e-02
-6.516160000000000008e-02
-5.254520000000000024e-02
-3.045099999999999890e-02
-5.292650000000000306e-03
1.936279999999999946e-02
4.957729999999999776e-02
6.751609999999999556e-02
6.967650000000000232e-02
6.150930000000000286e-02
3.683970000000000300e-02
1.808600000000000138e-02
1.386420000000000013e-02
1.109489999999999955e-02
9.503789999999999807e-03
8.698020000000000751e-03
6.092969999999999636e-03
-5.390370000000000231e-04
-1.095729999999999968e-02
-1.649379999999999943e-02
-1.663560000000000039e-02
-1.539729999999999918e-02
-1.407120000000000072e-02
-1.253710000000000067e-02
-7.857309999999999295e-03
-4.296389999999999975e-04
1.775699999999999848e-02
2.795699999999999921e-02
2.612619999999999873e-02
1.038150000000000010e-02
-1.488390000000000025e-02
-3.045420000000000071e-02
-3.218100000000000127e-02
-2.477470000000000019e-02
-1.641379999999999922e-02
-1.262240000000000063e-02
-1.597610000000000002e-02
-2.386780000000000151e-02
-3.349250000000000144e-02
-3.538870000000000210e-02
-3.107100000000000140e-02
-2.719799999999999995e-02
-2.017630000000000118e-02
-5.279870000000000526e-04
1.705790000000000084e-02
3.315660000000000135e-02
5.609639999999999765e-02
6.996130000000000404e-02
7.232360000000000178e-02
6.560080000000000078e-02
5.531520000000000187e-02
4.400450000000000195e-02
2.559039999999999926e-02
1.831610000000000009e-03
-1.009320000000000009e-02
-1.134770000000000049e-02
-8.528430000000000039e-03
-4.511639999999999921e-03
-1.315949999999999976e-03
4.189029999999999837e-03
7.867179999999999659e-03
7.118529999999999650e-03
9.312469999999999559e-04
-5.465140000000000275e-03
-9.726669999999999761e-03
-1.423089999999999945e-02
-1.761630000000000140e-02
-2.265810000000000046e-02
-3.367719999999999742e-02
-5.435659999999999797e-02
-7.829999999999999460e-02
-8.786349999999999716e-02
-7.573570000000000302e-02
-4.337409999999999877e-02
-5.732010000000000056e-03
1.455170000000000075e-02
2.046979999999999980e-02
2.004449999999999982e-02
7.001809999999999805e-03
-1.725679999999999922e-02
-3.748130000000000212e-02
-4.486919999999999797e-02
-4.257409999999999667e-02
-1.940379999999999883e-02
1.058420000000000021e-02
3.598939999999999778e-02
5.185250000000000276e-02
6.097749999999999698e-02
6.858160000000000645e-02
7.884789999999999854e-02
8.950690000000000035e-02
9.064329999999999610e-02
7.764849999999999530e-02
4.867649999999999755e-02
1.978699999999999903e-02
-4.899999999999999842e-03
-2.305600000000000011e-02
-2.857209999999999958e-02
-2.570280000000000134e-02
-6.942919999999999994e-03
1.220150000000000054e-02
2.061139999999999847e-02
2.356230000000000130e-02
1.863170000000000104e-02
1.493519999999999917e-02
1.461190000000000058e-02
1.894900000000000057e-02
2.046370000000000133e-02
1.538010000000000072e-02
-3.548030000000000194e-03
-2.827690000000000065e-02
-3.643380000000000229e-02
-3.158770000000000328e-02
-8.300069999999999670e-03
1.913489999999999983e-02
2.494999999999999996e-02
1.917369999999999838e-02
-1.250720000000000087e-03
-1.539599999999999996e-02
-1.586929999999999938e-02
4.680849999999999746e-04
2.857519999999999852e-02
3.765020000000000172e-02
2.472579999999999917e-02
7.589199999999999505e-04
-1.601189999999999905e-02
-2.166059999999999860e-02
-2.196760000000000032e-02
-1.059459999999999916e-02
6.622049999999999985e-03
1.233410000000000062e-02
5.590890000000000269e-03
-1.583930000000000060e-02
-3.580370000000000080e-02
-4.529269999999999824e-02
-5.068849999999999745e-02
-4.955319999999999864e-02
-4.295890000000000125e-02
-2.825859999999999830e-02
-1.104199999999999973e-02
-3.839660000000000165e-04
3.168080000000000201e-04
-1.641930000000000126e-02
-3.781890000000000251e-02
-4.830340000000000328e-02
-4.989770000000000316e-02
-4.543819999999999804e-02
-2.808290000000000092e-02
-5.323559999999999751e-03
5.921970000000000359e-03
8.152740000000000334e-03
6.931839999999999877e-03
4.262529999999999618e-03
-9.312759999999999788e-04
-1.166060000000000013e-02
-2.230429999999999913e-02
-2.874660000000000062e-02
-3.414230000000000043e-02
-4.247770000000000018e-02
-5.054489999999999678e-02
-5.402710000000000151e-02
-4.845080000000000220e-02
-3.268770000000000009e-02
-1.877890000000000115e-02
-1.248550000000000007e-02
-1.283019999999999994e-02
-1.530059999999999927e-02
-8.174860000000000806e-03
1.047889999999999933e-02
3.345240000000000019e-02
4.658899999999999847e-02
4.812310000000000199e-02
4.020289999999999975e-02
1.977030000000000107e-02
2.443569999999999943e-03
-3.178639999999999938e-03
1.247169999999999919e-03
1.889829999999999982e-02
3.412289999999999768e-02
3.931160000000000210e-02
3.778680000000000233e-02
3.072120000000000059e-02
2.902909999999999865e-02
3.312040000000000123e-02
4.167409999999999864e-02
4.461169999999999719e-02
4.282880000000000020e-02
3.376919999999999922e-02
9.546280000000000737e-03
-9.810229999999999645e-03
-1.708379999999999968e-02
-1.898709999999999981e-02
-2.054359999999999867e-02
-2.047420000000000143e-02
-2.182260000000000102e-02
-2.292620000000000074e-02
-2.271000000000000102e-02
-1.957949999999999968e-02
-1.333709999999999930e-02
7.430009999999999696e-04
1.866949999999999860e-02
2.997220000000000092e-02
3.472340000000000149e-02
3.193470000000000336e-02
1.730900000000000147e-02
-1.457970000000000056e-03
-9.709739999999999691e-03
-1.298389999999999961e-02
-1.492489999999999963e-02
-1.736779999999999921e-02
-2.021660000000000124e-02
-2.287370000000000028e-02
-2.198730000000000129e-02
-1.508800000000000072e-02
-5.723340000000000372e-03
5.415329999999999666e-04
2.850839999999999885e-03
5.012250000000000212e-03
7.695900000000000310e-03
1.059580000000000070e-02
1.474720000000000024e-02
1.553880000000000018e-02
1.446169999999999921e-02
1.263180000000000032e-02
1.064490000000000054e-02
8.990490000000000287e-03
6.665940000000000407e-03
6.117209999999999662e-03
7.514640000000000382e-03
5.850029999999999987e-03
-6.371389999999999996e-04
-6.800969999999999932e-03
-1.150419999999999915e-02
-1.513940000000000077e-02
-1.699579999999999841e-02
-1.471100000000000012e-02
-7.821840000000000043e-03
1.345950000000000054e-03
1.067489999999999932e-02
1.941019999999999898e-02
2.882070000000000118e-02
3.792120000000000213e-02
4.643619999999999692e-02
5.208600000000000035e-02
5.201669999999999905e-02
4.816009999999999736e-02
4.197789999999999855e-02
3.279180000000000289e-02
2.132600000000000121e-02
1.615669999999999953e-02
1.577419999999999864e-02
1.612109999999999932e-02
1.782749999999999960e-02
1.963190000000000074e-02
1.982470000000000065e-02
1.487370000000000012e-02
7.857150000000000245e-03
-7.822239999999999836e-04
-1.288760000000000079e-02
-2.744800000000000018e-02
-4.164129999999999915e-02
-4.922499999999999792e-02
-4.922800000000000092e-02
-4.354759999999999881e-02
-3.689309999999999812e-02
-3.140949999999999992e-02
-2.663389999999999855e-02
-2.149310000000000109e-02
-1.254150000000000056e-02
-4.085739999999999815e-04
7.650470000000000360e-03
8.495060000000000458e-03
6.725390000000000361e-03
3.709270000000000189e-03
3.691960000000000207e-03
5.320929999999999757e-03
9.981330000000000063e-03
2.236930000000000168e-02
3.448480000000000295e-02
4.084970000000000268e-02
4.021530000000000243e-02
3.415649999999999936e-02
1.894320000000000032e-02
3.807459999999999924e-03
-2.894929999999999986e-03
-7.016729999999999669e-03
-8.987339999999999912e-03
-7.243119999999999593e-03
-6.024189999999999580e-03
-6.248570000000000166e-03
-1.015109999999999971e-02
-1.694520000000000054e-02
-2.272050000000000111e-02
-2.689839999999999939e-02
-2.586199999999999957e-02
-2.152089999999999906e-02
-1.727760000000000060e-02
-1.628009999999999874e-02
-1.719189999999999954e-02
-1.968680000000000083e-02
-2.298649999999999999e-02
-2.848530000000000159e-02
-3.263869999999999966e-02
-3.356689999999999674e-02
-3.589040000000000286e-02
-3.791920000000000013e-02
-4.060579999999999745e-02
-4.190420000000000256e-02
-4.291299999999999976e-02
-4.613409999999999733e-02
-4.942669999999999703e-02
-5.087400000000000255e-02
-5.068629999999999663e-02
-4.778129999999999877e-02
-3.870740000000000292e-02
-2.419380000000000142e-02
-6.321339999999999945e-03
1.307299999999999955e-02
3.109949999999999867e-02
4.344039999999999707e-02
5.061510000000000314e-02
5.375680000000000042e-02
5.221859999999999696e-02
4.812229999999999980e-02
4.202279999999999904e-02
3.571099999999999969e-02
3.266530000000000128e-02
3.459620000000000056e-02
3.784699999999999870e-02
3.919029999999999736e-02
3.884869999999999990e-02
3.657719999999999722e-02
3.516650000000000331e-02
3.635179999999999662e-02
3.994729999999999809e-02
4.279820000000000152e-02
4.123559999999999726e-02
3.596730000000000066e-02
3.046549999999999953e-02
2.641709999999999892e-02
2.545220000000000121e-02
2.296849999999999933e-02
1.830100000000000129e-02
1.210050000000000014e-02
3.199979999999999838e-03
-5.812720000000000387e-03
-1.134620000000000073e-02
-1.146959999999999993e-02
-1.066379999999999932e-02
-9.835520000000000373e-03
-1.099319999999999985e-02
-1.304439999999999940e-02
-1.623389999999999903e-02
-1.985690000000000024e-02
-2.357690000000000133e-02
-2.959989999999999843e-02
-3.631149999999999656e-02
-4.253139999999999699e-02
-4.464490000000000125e-02
-4.245489999999999681e-02
-3.727330000000000226e-02
-3.222730000000000039e-02
-2.903369999999999909e-02
-2.781780000000000017e-02
-2.826249999999999943e-02
-2.638880000000000045e-02
-2.200890000000000138e-02
-1.510240000000000020e-02
-7.245350000000000228e-03
-5.816690000000000445e-04
5.024269999999999951e-03
6.682809999999999966e-03
7.143870000000000081e-03
7.497829999999999599e-03
1.034359999999999967e-02
1.495609999999999995e-02
1.685640000000000055e-02
1.808960000000000082e-02
1.729299999999999934e-02
1.720729999999999829e-02
1.381070000000000041e-02
7.141999999999999911e-03
3.189519999999999942e-03
3.431280000000000094e-03
8.964800000000000199e-03
1.720740000000000117e-02
2.339990000000000125e-02
2.738710000000000103e-02
2.653029999999999972e-02
2.492689999999999836e-02
2.505339999999999998e-02
2.722600000000000020e-02
3.048800000000000121e-02
3.100100000000000078e-02
3.012389999999999859e-02
2.517070000000000071e-02
1.714130000000000167e-02
7.709409999999999874e-03
-2.068289999999999972e-03
-9.247039999999999774e-03
-1.445210000000000071e-02
-1.942860000000000073e-02
-2.603919999999999846e-02
-3.288950000000000207e-02
-3.790589999999999932e-02
-4.161460000000000159e-02
-4.201139999999999736e-02
-4.133610000000000062e-02
-4.015799999999999925e-02
-3.930519999999999847e-02
-3.884930000000000327e-02
-3.774670000000000109e-02
-3.461729999999999668e-02
-2.972429999999999864e-02
-2.419179999999999942e-02
-1.535350000000000083e-02
-5.001509999999999810e-03
3.871480000000000060e-03
7.889280000000000251e-03
9.322389999999999843e-03
1.034960000000000047e-02
9.139839999999999770e-03
8.585999999999999882e-03
9.185769999999999352e-03
1.225189999999999960e-02
1.759880000000000125e-02
2.246719999999999967e-02
2.531709999999999863e-02
2.420539999999999844e-02
1.830980000000000107e-02
1.120750000000000045e-02
4.729510000000000138e-03
-3.449710000000000146e-04
-4.723820000000000102e-03
-9.274019999999999139e-03
-1.203719999999999964e-02
-1.331419999999999999e-02
-1.225240000000000010e-02
-1.071730000000000078e-02
-9.809450000000000808e-03
-8.337580000000000685e-03
-5.121500000000000184e-03
-1.620850000000000068e-03
-1.230179999999999989e-03
-2.233839999999999958e-03
-4.367669999999999712e-03
-7.218549999999999793e-03
-1.072219999999999944e-02
-1.361700000000000063e-02
-1.417900000000000063e-02
-1.405660000000000069e-02
-1.430850000000000004e-02
-1.522450000000000019e-02
-1.664940000000000170e-02
-1.876890000000000155e-02
-1.955329999999999915e-02
-1.744189999999999977e-02
-1.116480000000000077e-02
-1.263369999999999934e-04
1.111200000000000035e-02
1.741159999999999930e-02
1.999729999999999910e-02
1.900069999999999884e-02
1.591019999999999934e-02
1.418329999999999938e-02
1.191479999999999970e-02
1.124679999999999951e-02
1.119679999999999981e-02
1.171389999999999931e-02
1.374270000000000005e-02
1.386509999999999999e-02
1.495149999999999951e-02
1.875809999999999977e-02
2.593080000000000038e-02
3.293709999999999694e-02
3.719259999999999927e-02
3.811570000000000236e-02
3.557799999999999851e-02
3.353799999999999837e-02
3.340130000000000182e-02
3.382870000000000321e-02
3.284750000000000170e-02
2.955079999999999860e-02
2.392149999999999832e-02
1.669990000000000016e-02
8.330799999999999317e-03
2.453569999999999970e-03
-1.355099999999999924e-03
-3.192110000000000173e-03
-4.714959999999999811e-03
-6.778410000000000338e-03
-1.006480000000000048e-02
-1.340230000000000067e-02
-1.510260000000000075e-02
-1.345329999999999963e-02
-8.304280000000000689e-03
-2.055749999999999852e-03
3.649120000000000055e-03
5.255629999999999850e-03
6.184860000000000357e-03
1.901890000000000048e-03
-4.870900000000000056e-03
-1.041360000000000029e-02
-1.468329999999999982e-02
-1.517190000000000032e-02
-1.253310000000000014e-02
-9.782159999999999814e-03
-8.164420000000000358e-03
-9.970839999999999911e-03
-1.362239999999999979e-02
-1.623669999999999974e-02
-1.651820000000000024e-02
-1.234129999999999949e-02
-7.193330000000000383e-03
-3.411159999999999887e-03
-3.356080000000000001e-03
-6.322229999999999864e-03
-9.693320000000000061e-03
-1.251060000000000019e-02
-1.353769999999999973e-02
-1.118350000000000073e-02
-8.057200000000000473e-03
-5.418459999999999943e-03
-5.828490000000000407e-03
-8.688559999999999686e-03
-1.244520000000000001e-02
-1.604579999999999895e-02
-1.903240000000000140e-02
-2.122639999999999944e-02
-2.240340000000000040e-02
-2.397629999999999900e-02
-2.408949999999999980e-02
-2.386610000000000120e-02
-2.310720000000000135e-02
-1.934649999999999911e-02
-1.506859999999999970e-02
-9.825769999999999296e-03
-4.253500000000000336e-03
2.122530000000000076e-03
7.832489999999999244e-03
8.884120000000000558e-03
8.719910000000000855e-03
8.505719999999999600e-03
1.038460000000000077e-02
1.517040000000000055e-02
1.956870000000000137e-02
2.383839999999999917e-02
2.709730000000000125e-02
2.793879999999999975e-02
2.548570000000000002e-02
2.158730000000000024e-02
1.657600000000000046e-02
1.159639999999999976e-02
8.277309999999999529e-03
6.441309999999999571e-03
5.443759999999999745e-03
6.333209999999999708e-03
8.220210000000000364e-03
8.564979999999999816e-03
5.876270000000000278e-03
1.628990000000000082e-03
-1.936919999999999961e-03
-4.878600000000000297e-03
-3.741289999999999980e-03
2.114540000000000087e-06
2.687779999999999857e-03
2.971350000000000206e-03
2.194109999999999984e-03
-1.671680000000000041e-03
-5.271259999999999835e-03
-7.694770000000000082e-03
-6.878770000000000197e-03
-3.323040000000000195e-03
1.912620000000000075e-03
4.789029999999999676e-03
4.098489999999999772e-03
7.467799999999999482e-04
-3.862589999999999947e-03
-8.319989999999999331e-03
-1.080470000000000041e-02
-1.246629999999999960e-02
-1.360360000000000041e-02
-1.357090000000000032e-02
-1.531099999999999996e-02
-1.635959999999999845e-02
-1.755299999999999916e-02
-1.846690000000000137e-02
-1.968889999999999876e-02
-2.127290000000000084e-02
-2.265400000000000053e-02
-2.151459999999999831e-02
-1.966439999999999855e-02
-1.588830000000000103e-02
-1.072810000000000083e-02
-6.246250000000000066e-03
-1.033030000000000103e-03
1.971890000000000014e-03
3.923160000000000189e-03
5.429699999999999978e-03
7.001529999999999733e-03
7.653309999999999974e-03
7.853229999999999239e-03
9.271039999999999490e-03
9.863659999999999789e-03
1.037470000000000059e-02
1.049809999999999979e-02
9.410800000000000415e-03
6.832239999999999841e-03
4.002760000000000172e-03
4.285309999999999640e-03
6.970969999999999944e-03
9.804530000000000536e-03
1.011669999999999930e-02
9.047700000000000534e-03
6.055030000000000308e-03
3.823270000000000141e-03
2.525830000000000176e-03
2.291239999999999943e-03
4.083199999999999937e-04
-1.227760000000000049e-03
-5.586330000000000028e-04
-1.873490000000000116e-04
4.387349999999999930e-03
1.000550000000000050e-02
1.599389999999999840e-02
1.777279999999999832e-02
1.775140000000000051e-02
1.670490000000000169e-02
1.461690000000000038e-02
1.181300000000000058e-02
8.520420000000000771e-03
6.414119999999999717e-03
5.151369999999999734e-03
6.346809999999999605e-03
7.258689999999999934e-03
8.941700000000000342e-03
1.237300000000000032e-02
1.440989999999999979e-02
1.538100000000000057e-02
1.615110000000000157e-02
1.539519999999999951e-02
1.522689999999999981e-02
1.478729999999999975e-02
1.309409999999999914e-02
1.039009999999999934e-02
8.121649999999999356e-03
8.511289999999999481e-03
1.015860000000000027e-02
1.074710000000000075e-02
1.076039999999999983e-02
7.963559999999999736e-03
3.352139999999999981e-03
-5.975520000000000007e-05
-2.941249999999999854e-03
-4.590590000000000295e-03
-6.237890000000000275e-03
-8.225859999999999769e-03
-1.284650000000000028e-02
-1.785870000000000166e-02
-2.190809999999999980e-02
-2.234879999999999853e-02
-2.067799999999999847e-02
-1.989470000000000127e-02
-1.696109999999999979e-02
-1.418879999999999968e-02
-1.256080000000000044e-02
-1.177440000000000084e-02
-1.151229999999999962e-02
-1.182949999999999974e-02
-1.040459999999999996e-02
-9.168310000000000695e-03
-8.753169999999999354e-03
-8.978579999999999894e-03
-7.774979999999999912e-03
-5.449380000000000196e-03
-2.433240000000000142e-03
-1.984130000000000128e-04
-1.048069999999999904e-03
-3.413450000000000165e-03
-7.012009999999999944e-03
-1.055039999999999971e-02
-1.287190000000000036e-02
-1.215590000000000073e-02
-1.066360000000000051e-02
-6.963030000000000261e-03
-2.857530000000000053e-03
-1.657480000000000129e-04
1.164330000000000096e-03
2.839180000000000176e-03
4.048900000000000242e-03
3.143139999999999996e-03
8.736440000000000265e-04
-3.286929999999999973e-03
-6.370390000000000080e-03
-7.280230000000000382e-03
-5.540100000000000059e-03
-4.620059999999999618e-03
-4.210020000000000082e-03
-4.047839999999999598e-03
-3.125750000000000056e-03
-2.851370000000000206e-03
-8.195299999999999547e-04
2.697429999999999793e-03
5.186230000000000007e-03
7.379239999999999584e-03
9.430459999999999884e-03
1.345539999999999931e-02
1.777410000000000101e-02
2.258440000000000100e-02
2.681429999999999925e-02
2.966119999999999868e-02
3.221220000000000333e-02
3.244679999999999787e-02
3.094739999999999991e-02
3.001099999999999948e-02
2.872279999999999972e-02
2.640839999999999854e-02
2.331679999999999864e-02
1.809030000000000013e-02
1.326570000000000006e-02
1.002920000000000027e-02
5.330099999999999942e-03
2.450649999999999964e-03
4.045310000000000203e-04
1.514289999999999950e-03
2.680160000000000008e-03
2.920879999999999831e-03
2.600599999999999787e-03
1.546950000000000061e-03
4.779890000000000072e-04
-3.231749999999999814e-03
-6.756859999999999949e-03
-1.009939999999999970e-02
-1.220369999999999962e-02
-1.398459999999999981e-02
-1.589300000000000088e-02
-1.619189999999999865e-02
-1.507799999999999939e-02
-1.337969999999999958e-02
-1.173240000000000047e-02
-1.013099999999999938e-02
-9.229309999999999251e-03
-8.452070000000000763e-03
-9.053860000000000380e-03
-9.825999999999999665e-03
-1.151609999999999960e-02
-1.419970000000000086e-02
-1.567879999999999968e-02
-1.822669999999999846e-02
-1.890700000000000019e-02
-1.906820000000000043e-02
-1.830220000000000111e-02
-1.745959999999999873e-02
-1.802679999999999907e-02
-2.035750000000000060e-02
-2.164980000000000029e-02
-2.205069999999999947e-02
-2.152940000000000062e-02
-1.989130000000000065e-02
-1.768399999999999833e-02
-1.433940000000000041e-02
-9.900390000000000232e-03
-5.312429999999999930e-03
-1.684280000000000022e-03
2.717020000000000112e-03
5.477140000000000133e-03
7.593650000000000400e-03
8.310710000000000666e-03
8.510639999999999872e-03
9.456179999999999794e-03
1.171750000000000048e-02
1.285689999999999923e-02
1.248969999999999941e-02
1.179709999999999960e-02
1.021709999999999979e-02
8.106749999999999373e-03
5.157939999999999747e-03
3.116920000000000020e-03
4.361330000000000068e-03
5.838290000000000320e-03
6.150420000000000192e-03
6.625739999999999755e-03
3.151629999999999883e-03
-4.856850000000000230e-04
-2.775580000000000148e-03
-3.665009999999999796e-03
-1.273110000000000040e-03
1.063719999999999987e-03
3.854440000000000210e-03
3.568850000000000147e-03
2.278549999999999846e-03
-5.111850000000000194e-05
-1.856510000000000018e-03
-2.261449999999999919e-03
-2.279799999999999795e-03
-5.823349999999999734e-05
6.924929999999999714e-04
2.437719999999999991e-03
3.403670000000000133e-03
4.070749999999999716e-03
4.812300000000000258e-03
5.262130000000000279e-03
6.325990000000000085e-03
6.058759999999999840e-03
3.709710000000000178e-03
3.426939999999999956e-04
-3.376220000000000089e-03
-6.630010000000000417e-03
-7.006380000000000420e-03
-6.508619999999999683e-03
-6.213830000000000048e-03
-5.142820000000000204e-03
-5.195850000000000121e-03
-5.539589999999999619e-03
-6.342320000000000249e-03
-7.020610000000000045e-03
-4.774559999999999742e-03
-1.351430000000000036e-03
1.859530000000000080e-03
4.668620000000000062e-03
5.364269999999999976e-03
6.081340000000000183e-03
6.088490000000000221e-03
6.930000000000000396e-03
9.899230000000000182e-03
1.121809999999999995e-02
1.186070000000000006e-02
1.216670000000000078e-02
1.133239999999999942e-02
7.516550000000000314e-03
5.003279999999999707e-03
2.820490000000000150e-03
2.297239999999999872e-03
2.681789999999999868e-03
1.809700000000000024e-03
2.457410000000000150e-03
2.615520000000000084e-03
3.290770000000000153e-03
3.353000000000000078e-03
3.452970000000000084e-03
4.096599999999999721e-03
4.605589999999999684e-03
2.863440000000000082e-03
8.152909999999999975e-04
-1.013559999999999938e-03
-1.394009999999999997e-03
-1.817299999999999992e-03
-9.451849999999999705e-04
3.798070000000000179e-04
6.511379999999999989e-04
2.186699999999999918e-04
-1.741759999999999966e-03
-1.581610000000000004e-03
-1.598929999999999926e-03
-1.473460000000000004e-03
-1.001189999999999893e-03
-1.148060000000000009e-03
-9.511860000000000237e-04
-1.255129999999999918e-03
-1.448920000000000026e-03
-1.519289999999999963e-03
-1.635560000000000095e-03
-2.426039999999999967e-03
-2.551490000000000008e-03
-8.766359999999999734e-04
6.798970000000000534e-04
1.661149999999999910e-03
2.341839999999999926e-04
-2.197479999999999919e-03
-3.840689999999999903e-03
-4.027329999999999972e-03
-3.984480000000000313e-03
-4.048730000000000384e-03
-3.972210000000000324e-03
-4.134379999999999999e-03
-3.746760000000000021e-03
-3.803869999999999994e-03
-3.992550000000000092e-03
-4.371980000000000137e-03
-5.005380000000000246e-03
-6.964790000000000217e-03
-9.519869999999999721e-03
-1.032059999999999922e-02
-9.797280000000000225e-03
-7.749100000000000085e-03
-4.710510000000000218e-03
-2.511370000000000182e-03
-2.568480000000000155e-03
-3.797560000000000172e-03
-5.127620000000000268e-03
-6.567840000000000136e-03
-7.243069999999999890e-03
-8.054969999999999838e-03
-9.123910000000000700e-03
-6.800340000000000204e-03
-4.483899999999999865e-03
-3.339439999999999943e-03
-3.513839999999999845e-03
-3.989140000000000394e-03
-4.181909999999999621e-03
-4.721470000000000181e-03
-3.970729999999999572e-03
-8.566500000000000330e-04
4.668710000000000394e-03
9.262809999999999794e-03
1.183020000000000078e-02
1.273190000000000086e-02
1.285739999999999973e-02
1.159460000000000005e-02
1.092749999999999971e-02
1.077969999999999970e-02
1.129170000000000000e-02
1.228420000000000033e-02
1.210169999999999996e-02
1.375200000000000033e-02
1.437019999999999964e-02
1.409069999999999941e-02
1.250869999999999933e-02
1.224459999999999958e-02
1.213539999999999931e-02
1.176319999999999970e-02
1.167849999999999965e-02
1.090329999999999945e-02
1.070549999999999974e-02
9.767110000000000722e-03
8.060670000000000682e-03
4.270369999999999895e-03
1.428669999999999940e-03
-2.067859999999999924e-03
-4.857539999999999601e-03
-6.827139999999999771e-03
-8.696769999999999501e-03
-7.846070000000000128e-03
-7.183039999999999911e-03
-6.746460000000000130e-03
-6.564870000000000427e-03
-6.913690000000000113e-03
-7.433859999999999600e-03
-8.806760000000000282e-03
-8.483390000000000375e-03
-9.523770000000000846e-03
-1.069160000000000076e-02
-1.237049999999999955e-02
-1.487050000000000004e-02
-1.694110000000000060e-02
-1.788050000000000056e-02
-1.617499999999999841e-02
-1.235920000000000074e-02
-7.544750000000000241e-03
-3.057750000000000138e-03
7.897209999999999560e-04
8.948089999999999907e-04
6.449370000000000493e-04
-1.805069999999999982e-03
-2.788329999999999888e-03
-1.583680000000000070e-03
-4.239089999999999829e-04
2.624899999999999890e-03
4.941349999999999736e-03
6.723319999999999644e-03
5.830850000000000269e-03
4.897580000000000336e-03
4.931269999999999751e-03
4.580419999999999978e-03
3.428870000000000095e-03
2.022320000000000194e-03
2.417320000000000091e-05
-1.399719999999999914e-03
-2.739960000000000052e-03
-1.373129999999999967e-03
1.059599999999999952e-03
2.697750000000000061e-03
5.107030000000000250e-03
6.168879999999999850e-03
5.712970000000000374e-03
4.992879999999999888e-03
3.683239999999999952e-03
3.420110000000000077e-03
3.911790000000000059e-03
5.681519999999999800e-03
6.983070000000000076e-03
6.509830000000000304e-03
6.440500000000000044e-03
6.561919999999999732e-03
6.438529999999999601e-03
7.092389999999999632e-03
8.401089999999999947e-03
9.360939999999999886e-03
9.195740000000000858e-03
7.271040000000000315e-03
4.272269999999999887e-03
2.596450000000000147e-03
1.038950000000000073e-03
1.184529999999999990e-05
7.228230000000000419e-04
1.335880000000000010e-03
3.101539999999999853e-03
4.012439999999999930e-03
3.921700000000000186e-03
3.947240000000000297e-03
3.511740000000000174e-03
1.616620000000000036e-03
-1.029219999999999961e-03
-4.483919999999999746e-03
-8.051839999999999345e-03
-1.162690000000000078e-02
-1.435739999999999933e-02
-1.573029999999999914e-02
-1.422879999999999978e-02
-1.182670000000000075e-02
-8.367789999999999950e-03
-4.834470000000000434e-03
-3.651230000000000100e-03
-4.456990000000000084e-03
-6.750919999999999664e-03
-7.561779999999999717e-03
-7.790209999999999670e-03
-6.478450000000000181e-03
-4.444530000000000355e-03
-1.554819999999999943e-03
4.770649999999999869e-04
1.344109999999999923e-03
1.703199999999999983e-03
2.612059999999999816e-03
3.287350000000000081e-03
3.937129999999999623e-03
5.059179999999999927e-03
4.063709999999999892e-03
4.731860000000000059e-03
4.180080000000000080e-03
1.886150000000000066e-03
1.498600000000000106e-03
9.019479999999999642e-04
3.165169999999999919e-04
1.484470000000000104e-03
3.227700000000000014e-03
4.551699999999999670e-03
4.616020000000000192e-03
2.096670000000000131e-03
-2.457580000000000008e-03
-5.028949999999999913e-03
-6.363060000000000244e-03
-6.355869999999999576e-03
-6.562880000000000102e-03
-7.757250000000000256e-03
-9.626849999999999297e-03
-1.204930000000000063e-02
-1.240109999999999997e-02
-1.086600000000000066e-02
-6.178020000000000213e-03
-1.366620000000000031e-03
3.058190000000000127e-03
5.632719999999999914e-03
7.307619999999999914e-03
7.123049999999999694e-03
5.310569999999999700e-03
3.077850000000000030e-03
1.848800000000000053e-03
1.988600000000000090e-03
2.683280000000000127e-03
5.584219999999999982e-03
6.229929999999999843e-03
4.632670000000000191e-03
2.413209999999999834e-03
-1.841110000000000064e-05
-1.967570000000000083e-03
-1.849189999999999905e-03
-6.118729999999999742e-04
-6.526120000000000055e-04
1.146730000000000102e-03
2.489110000000000107e-03
3.832509999999999910e-03
4.584310000000000294e-03
6.112330000000000020e-03
7.739300000000000172e-03
8.082080000000000167e-03
6.995839999999999698e-03
5.401650000000000028e-03
5.136510000000000381e-03
2.947650000000000010e-03
8.006169999999999953e-04
-1.884980000000000076e-03
-4.169710000000000083e-03
-5.296750000000000243e-03
-5.751599999999999942e-03
-6.130980000000000284e-03
-5.867749999999999702e-03
-7.194700000000000054e-03
-6.514289999999999838e-03
-4.909769999999999933e-03
-1.292780000000000101e-03
3.286069999999999876e-03
6.137039999999999856e-03
6.595089999999999633e-03
6.016819999999999981e-03
5.718029999999999814e-03
5.445760000000000010e-03
5.702869999999999641e-03
5.183759999999999930e-03
5.842749999999999853e-03
4.759580000000000234e-03
3.184779999999999903e-03
2.993089999999999900e-03
5.236140000000000239e-03
7.141569999999999863e-03
9.370349999999999513e-03
1.057400000000000007e-02
1.026499999999999982e-02
1.043029999999999999e-02
9.958170000000000563e-03
1.008979999999999946e-02
1.024289999999999923e-02
1.094679999999999959e-02
1.047769999999999951e-02
9.780050000000000202e-03
8.348049999999999221e-03
6.212249999999999890e-03
4.831249999999999607e-03
3.750040000000000057e-03
2.616719999999999897e-03
8.373879999999999995e-04
-5.307330000000000294e-04
-2.363189999999999822e-03
-2.943939999999999925e-03
-4.450820000000000297e-03
-6.054150000000000330e-03
-8.156019999999999937e-03
-8.962229999999999849e-03
-8.831179999999999239e-03
-1.057839999999999996e-02
-9.840830000000000063e-03
-9.516600000000000059e-03
-1.073110000000000036e-02
-1.158230000000000023e-02
-1.444600000000000051e-02
-1.751449999999999882e-02
-1.933440000000000158e-02
-2.070469999999999949e-02
-2.106740000000000002e-02
-1.996969999999999995e-02
-1.965650000000000036e-02
-1.780920000000000072e-02
-1.611999999999999891e-02
-1.533810000000000034e-02
-1.369450000000000008e-02
-1.275330000000000040e-02
-1.119949999999999939e-02
-9.893380000000000229e-03
-8.271159999999999624e-03
-5.068669999999999946e-03
-7.019609999999999695e-04
3.973220000000000397e-03
7.842969999999999456e-03
9.853260000000000837e-03
1.037770000000000012e-02
8.777979999999999464e-03
6.921159999999999986e-03
4.617989999999999769e-03
3.324759999999999955e-03
2.038830000000000156e-03
-3.305270000000000018e-04
-1.848650000000000076e-03
-2.049889999999999959e-03
-1.080079999999999972e-03
4.213350000000000038e-04
1.950619999999999915e-03
2.059839999999999848e-03
1.321240000000000001e-03
1.171149999999999925e-03
6.778280000000000026e-04
2.535250000000000177e-03
3.783449999999999834e-03
3.709379999999999969e-03
3.886460000000000001e-03
3.810839999999999800e-03
3.597100000000000210e-03
2.665250000000000084e-03
3.820640000000000147e-03
5.502530000000000268e-03
6.315549999999999636e-03
6.377309999999999750e-03
5.847149999999999744e-03
4.628379999999999647e-03
4.060969999999999684e-03
4.812229999999999806e-03
5.801409999999999900e-03
6.931239999999999971e-03
8.001869999999999469e-03
8.873930000000000359e-03
8.821139999999999884e-03
8.558780000000000207e-03
7.442739999999999773e-03
6.627410000000000245e-03
5.002999999999999635e-03
3.859990000000000209e-03
2.889029999999999897e-03
1.796349999999999943e-03
8.297719999999999966e-04
-2.829849999999999748e-04
2.306069999999999962e-04
5.763739999999999809e-05
-1.700739999999999915e-05
-1.087410000000000026e-03
-2.953889999999999814e-03
-4.235479999999999801e-03
-5.198790000000000008e-03
-6.349869999999999647e-03
-5.635410000000000419e-03
-4.618680000000000008e-03
-3.907950000000000312e-03
-3.038770000000000100e-03
-3.199700000000000200e-03
-3.252999999999999815e-03
-3.605970000000000009e-03
-3.795709999999999883e-03
-4.685639999999999597e-03
-4.912979999999999951e-03
-5.359100000000000322e-03
-6.065749999999999961e-03
-5.652230000000000275e-03
-4.699639999999999720e-03
-2.788619999999999901e-03
-1.237480000000000004e-03
-7.416989999999999607e-05
1.226380000000000005e-03
2.325770000000000007e-03
2.782010000000000125e-03
2.762559999999999842e-03
2.835690000000000086e-03
2.914120000000000078e-03
3.595609999999999952e-03
3.540409999999999911e-03
3.393699999999999928e-03
3.157010000000000025e-03
2.464570000000000129e-03
1.560200000000000085e-03
1.020859999999999953e-03
6.615870000000000474e-04
1.559759999999999988e-04
1.386279999999999880e-04
3.283499999999999852e-04
2.471439999999999770e-04
3.569399999999999808e-04
6.887729999999999460e-04
9.059269999999999476e-04
1.380909999999999950e-03
1.914759999999999943e-03
2.035229999999999852e-03
2.240390000000000090e-03
2.333720000000000065e-03
2.126380000000000197e-03
1.800869999999999988e-03
1.410400000000000022e-03
7.225260000000000276e-04
-7.685659999999999866e-05
-8.889609999999999613e-04
-1.579099999999999948e-03
-1.573130000000000058e-03
-1.498449999999999912e-03
-1.266460000000000068e-03
-1.239920000000000041e-03
-1.346500000000000041e-03
-1.644180000000000077e-03
-1.802760000000000040e-03
-1.736050000000000050e-03
-1.384180000000000046e-03
-9.805790000000000860e-04
-7.481789999999999665e-04
-7.053260000000000432e-04
-6.653930000000000174e-04
-6.266849999999999808e-04
-5.120250000000000452e-04
-2.760619999999999871e-04
-1.772300000000000091e-04
7.677459999999999504e-05
1.272300000000000134e-04
4.019829999999999763e-05
3.376469999999999878e-05
-5.434999999999999971e-05
-4.646859999999999755e-05
-1.474880000000000014e-05
1.056669999999999998e-05
4.459649999999999899e-05
6.971210000000000633e-05
1.231589999999999909e-04
1.434329999999999937e-04
1.994320000000000110e-04
2.549960000000000095e-04
4.020629999999999755e-04
4.751409999999999965e-04
5.109010000000000200e-04
5.450509999999999557e-04
4.933319999999999719e-04
4.395439999999999916e-04
4.133459999999999825e-04
4.052290000000000059e-04
3.724420000000000096e-04
3.573820000000000013e-04
3.023799999999999882e-04
2.190319999999999995e-04
1.214330000000000010e-04
4.220089999999999773e-06
-7.428089999999999552e-05
-1.205099999999999965e-04
-1.405959999999999935e-04
-1.379960000000000117e-04
-1.363950000000000112e-04
-1.350249999999999888e-04
-1.261830000000000080e-04
-1.245150000000000098e-04
-1.187619999999999990e-04
-1.134050000000000027e-04
-1.055870000000000040e-04
-9.713319999999999355e-05
-8.654929999999999481e-05
-7.032119999999999344e-05
-4.857550000000000274e-05
-2.314370000000000001e-05
