2.477529999999999923e-03
4.763709999999999993e-03
2.677150000000000103e-03
3.053990000000000045e-06
-6.820490000000000016e-04
1.410299999999999965e-03
3.092600000000000036e-03
-9.357310000000000031e-05
6.880470000000000075e-04
-1.030359999999999913e-03
-3.854460000000000091e-03
-8.482469999999999984e-04
-2.115030000000000111e-04
-3.448680000000000192e-04
-1.001500000000000003e-03
7.939349999999999533e-04
2.290829999999999885e-04
-2.215379999999999921e-04
5.031670000000000240e-03
2.158530000000000084e-03
-5.637129999999999745e-03
-1.159579999999999986e-02
-1.043179999999999975e-02
-1.358730000000000051e-03
6.516840000000000306e-03
-2.666069999999999985e-03
-8.380889999999999781e-04
3.714299999999999807e-03
5.604480000000000225e-03
1.087079999999999991e-02
1.153400000000000085e-02
8.477109999999999507e-03
-2.095099999999999914e-03
-1.623830000000000065e-02
-1.905139999999999958e-02
-1.123610000000000060e-02
-1.060560000000000105e-03
4.294479999999999825e-03
3.490759999999999870e-03
1.221479999999999962e-02
2.014130000000000087e-02
2.669790000000000010e-02
2.112349999999999992e-02
1.708869999999999920e-03
-9.209230000000000541e-03
-1.907769999999999952e-02
-2.531920000000000004e-02
-2.041909999999999906e-02
-1.599539999999999990e-02
-8.256760000000000141e-03
3.719000000000000083e-03
2.206970000000000112e-02
3.723089999999999733e-02
3.465130000000000293e-02
1.513040000000000045e-02
-5.339059999999999639e-03
-1.855530000000000027e-02
-1.578409999999999883e-02
-1.327399999999999934e-02
-2.039679999999999965e-02
-1.948510000000000172e-02
-1.302249999999999935e-02
2.021300000000000180e-03
2.418570000000000095e-02
4.058919999999999889e-02
2.899569999999999925e-02
-1.051249999999999938e-04
-1.143749999999999975e-02
-5.731860000000000080e-03
-7.938340000000000327e-03
-1.406259999999999975e-02
-1.390779999999999968e-02
-7.792180000000000113e-03
2.497329999999999862e-03
1.021339999999999922e-02
2.388720000000000079e-02
2.824439999999999937e-02
1.121420000000000056e-02
-1.401679999999999940e-02
-2.427119999999999972e-02
-1.663169999999999926e-02
-6.224959999999999868e-03
-7.163680000000000395e-03
-7.814770000000000397e-03
-9.178850000000000550e-03
-1.195159999999999972e-02
5.852190000000000170e-03
2.675670000000000132e-02
2.670840000000000020e-02
1.985869999999999996e-02
1.031119999999999953e-02
4.208409999999999777e-04
4.793180000000000184e-03
1.058130000000000008e-02
2.109600000000000017e-02
2.949529999999999860e-02
2.643279999999999935e-02
2.211370000000000002e-02
1.384209999999999954e-02
4.979889999999999838e-03
2.576310000000000058e-03
-7.034600000000000228e-03
-1.607230000000000117e-02
-1.033929999999999919e-02
-1.012459999999999923e-02
-3.790899999999999825e-03
1.046210000000000022e-02
9.387500000000000011e-03
1.173710000000000031e-02
3.439859999999999880e-03
-1.949029999999999860e-02
-3.247030000000000055e-02
-4.098170000000000285e-02
-3.499800000000000133e-02
-2.183239999999999834e-02
1.006909999999999967e-03
2.879929999999999990e-02
4.814399999999999930e-02
6.253259999999999375e-02
7.024110000000000076e-02
7.128089999999999427e-02
4.902390000000000220e-02
2.416899999999999951e-02
8.817939999999999806e-05
-2.984130000000000116e-02
-3.351599999999999718e-02
-2.018009999999999943e-02
-1.063459999999999926e-02
-1.122070000000000012e-02
-1.656109999999999874e-02
-1.755529999999999938e-02
-7.506900000000000378e-03
5.545350000000000106e-03
1.092719999999999976e-02
2.482710000000000125e-02
3.948270000000000252e-02
3.803460000000000174e-02
2.500140000000000001e-02
8.167580000000000673e-03
7.368180000000000215e-03
1.195129999999999977e-02
8.686569999999999361e-03
3.533790000000000195e-03
2.157050000000000200e-03
1.860480000000000076e-03
-7.587530000000000316e-03
-2.132869999999999905e-02
-2.913050000000000014e-02
-2.973510000000000042e-02
-3.158810000000000177e-03
2.716090000000000171e-02
4.107899999999999746e-02
5.286020000000000302e-02
5.450359999999999927e-02
4.944869999999999821e-02
4.374709999999999710e-02
3.890119999999999689e-02
3.478160000000000279e-02
2.667579999999999951e-02
5.058320000000000047e-04
-1.915760000000000032e-02
-1.666660000000000016e-02
-1.258240000000000053e-02
-2.035469999999999988e-02
-4.364729999999999999e-02
-6.685620000000000451e-02
-8.230500000000000316e-02
-9.981120000000000270e-02
-1.144389999999999991e-01
-1.296809999999999907e-01
-1.491240000000000065e-01
-1.693900000000000128e-01
-1.840559999999999974e-01
-1.827940000000000120e-01
-1.820400000000000074e-01
-1.802370000000000083e-01
-1.825509999999999911e-01
-1.330290000000000084e-01
-4.146650000000000336e-02
5.462979999999999919e-02
1.372649999999999981e-01
1.880709999999999882e-01
2.439219999999999999e-01
2.836739999999999817e-01
3.009100000000000108e-01
3.010669999999999735e-01
2.821359999999999979e-01
2.188140000000000085e-01
1.397480000000000111e-01
8.797660000000000202e-02
5.731540000000000246e-02
3.053830000000000086e-02
1.533499999999999924e-03
-2.711320000000000049e-02
-6.202180000000000193e-02
-1.084249999999999936e-01
-1.477900000000000047e-01
-1.700069999999999915e-01
-1.741679999999999895e-01
-1.631279999999999952e-01
-1.276970000000000049e-01
-9.213380000000000181e-02
-8.518059999999999521e-02
-8.721859999999999336e-02
-9.866419999999999357e-02
-1.137839999999999963e-01
-1.263499999999999901e-01
-1.402770000000000128e-01
-1.462469999999999881e-01
-1.450990000000000058e-01
-1.185340000000000005e-01
-7.701360000000000150e-02
-4.784379999999999883e-02
-1.118829999999999998e-02
1.638219999999999954e-02
2.903100000000000125e-02
1.909910000000000080e-02
1.495559999999999945e-02
1.948630000000000154e-02
1.209209999999999972e-02
-1.019409999999999934e-02
-5.345960000000000295e-02
-7.552649999999999642e-02
-7.543999999999999317e-02
-5.922430000000000055e-02
-2.170489999999999919e-02
4.610550000000000065e-02
1.092719999999999941e-01
1.525080000000000047e-01
1.878199999999999870e-01
2.197719999999999951e-01
2.597260000000000124e-01
2.679019999999999735e-01
2.533599999999999741e-01
1.847169999999999923e-01
7.912049999999999639e-02
2.502920000000000058e-03
-6.260090000000000099e-02
-1.265259999999999996e-01
-1.645149999999999946e-01
-1.670919999999999905e-01
-1.152650000000000063e-01
-3.344579999999999775e-02
9.315350000000000019e-03
1.714049999999999949e-02
1.883979999999999943e-03
-1.763609999999999831e-02
-2.050470000000000070e-02
-9.048409999999999787e-03
6.144140000000000192e-03
1.318479999999999999e-02
-4.323839999999999802e-03
-5.254369999999999874e-02
-8.748419999999999808e-02
-1.030640000000000028e-01
-1.166090000000000043e-01
-1.246410000000000018e-01
-1.318459999999999910e-01
-1.105389999999999984e-01
-7.726919999999999622e-02
-3.486510000000000303e-02
7.998919999999999642e-03
5.956659999999999733e-02
9.236429999999999640e-02
1.043020000000000058e-01
7.639529999999999932e-02
8.186479999999999452e-03
-3.745079999999999937e-02
-6.318279999999999730e-02
-7.486729999999999774e-02
-6.139050000000000062e-02
1.658899999999999958e-02
8.667170000000000429e-02
1.284049999999999914e-01
1.615219999999999989e-01
1.962849999999999873e-01
2.319970000000000088e-01
2.524140000000000272e-01
2.524239999999999817e-01
2.425660000000000038e-01
2.242800000000000071e-01
1.683399999999999896e-01
9.768069999999999531e-02
2.670760000000000148e-02
-2.781190000000000051e-02
-8.238239999999999452e-02
-1.324829999999999897e-01
-1.497010000000000007e-01
-1.446050000000000113e-01
-1.615449999999999942e-01
-1.827950000000000130e-01
-1.867169999999999941e-01
-1.859760000000000024e-01
-1.243810000000000054e-01
-3.254610000000000142e-02
3.981010000000000104e-02
9.302799999999999958e-02
1.115929999999999978e-01
9.961299999999999322e-02
5.837790000000000340e-02
1.472640000000000060e-02
3.335460000000000161e-03
7.259820000000000162e-03
1.992659999999999917e-02
2.953439999999999885e-02
4.844559999999999839e-02
8.267109999999999737e-02
9.963099999999999734e-02
1.075089999999999935e-01
1.061860000000000026e-01
6.962169999999999470e-02
2.680859999999999840e-02
1.156100000000000010e-02
-7.677820000000000131e-03
-3.206570000000000253e-02
-4.768959999999999866e-02
-4.747099999999999931e-02
-3.777040000000000258e-02
-2.797399999999999887e-02
-1.719230000000000064e-02
-2.408040000000000180e-03
1.474770000000000074e-02
2.649229999999999988e-02
2.981889999999999888e-02
3.132469999999999699e-02
4.283270000000000133e-02
5.264230000000000298e-02
5.083619999999999806e-02
4.157190000000000191e-02
2.945359999999999992e-02
1.125300000000000085e-02
-2.291160000000000072e-02
-4.908040000000000319e-02
-5.582949999999999718e-02
-3.717949999999999727e-02
-4.588150000000000041e-03
8.235579999999999290e-03
1.729040000000000091e-02
2.170009999999999994e-02
2.381080000000000002e-02
2.229640000000000094e-02
1.289429999999999917e-02
1.434830000000000003e-03
-2.582850000000000076e-02
-5.381910000000000166e-02
-8.612939999999999485e-02
-1.195839999999999959e-01
-1.409610000000000030e-01
-1.531069999999999931e-01
-1.563019999999999965e-01
-1.444640000000000091e-01
-9.977450000000000208e-02
-4.137110000000000093e-02
5.106420000000000403e-03
4.021299999999999875e-02
6.322850000000000692e-02
7.450180000000000691e-02
7.071879999999999833e-02
5.608910000000000284e-02
4.937670000000000253e-02
6.542760000000000242e-02
9.570349999999999691e-02
1.257570000000000077e-01
1.622419999999999973e-01
1.902419999999999944e-01
2.066749999999999976e-01
2.120620000000000005e-01
1.716030000000000055e-01
8.710610000000000575e-02
8.557129999999999598e-03
-5.727050000000000196e-02
-1.070269999999999971e-01
-1.308829999999999993e-01
-1.376280000000000003e-01
-1.268640000000000045e-01
-1.186439999999999995e-01
-1.130229999999999985e-01
-9.764000000000000457e-02
-8.408499999999999308e-02
-7.866159999999999819e-02
-8.656129999999999380e-02
-9.085229999999999695e-02
-5.327439999999999953e-02
-7.350810000000000156e-03
8.252249999999999169e-03
1.716310000000000058e-02
1.794050000000000158e-02
1.173489999999999950e-02
-1.147510000000000023e-02
-5.421200000000000324e-02
-8.033609999999999363e-02
-8.962309999999999721e-02
-9.197510000000000407e-02
-8.252070000000000238e-02
-6.221340000000000203e-02
-5.186129999999999907e-02
-5.796699999999999769e-02
-7.191949999999999732e-02
-6.642570000000000419e-02
-1.684340000000000143e-02
2.324060000000000015e-02
2.915159999999999973e-02
1.570910000000000015e-02
-1.256730000000000000e-02
-3.016829999999999859e-02
-4.756950000000000067e-02
-7.612019999999999897e-02
-9.340610000000000579e-02
-1.048999999999999932e-01
-1.089159999999999989e-01
-1.099440000000000001e-01
-1.019990000000000063e-01
-9.004189999999999416e-02
-6.788039999999999352e-02
-3.720790000000000208e-02
-1.204039999999999971e-02
5.494830000000000244e-04
-5.439309999999999935e-04
-1.448430000000000030e-02
-4.688450000000000256e-02
-6.475590000000000512e-02
-4.744550000000000156e-02
7.443769999999999727e-03
6.452299999999999702e-02
1.140980000000000050e-01
1.579099999999999948e-01
1.930610000000000104e-01
2.221730000000000094e-01
2.459139999999999937e-01
2.608889999999999820e-01
2.600210000000000021e-01
2.232280000000000098e-01
1.656380000000000075e-01
1.035739999999999994e-01
3.064259999999999901e-02
-4.137350000000000055e-02
-9.466339999999999477e-02
-1.193789999999999990e-01
-1.111449999999999938e-01
-4.628489999999999688e-02
4.223779999999999896e-02
9.159860000000000224e-02
7.937690000000000023e-02
9.932240000000000166e-03
-7.252150000000000263e-02
-1.138350000000000056e-01
-1.272639999999999882e-01
-1.296529999999999905e-01
-1.303519999999999956e-01
-1.379620000000000013e-01
-1.566140000000000032e-01
-1.771260000000000057e-01
-1.857199999999999962e-01
-1.686179999999999901e-01
-1.142210000000000031e-01
-5.738839999999999913e-02
1.066789999999999926e-02
8.418739999999999557e-02
1.312359999999999915e-01
1.652289999999999870e-01
1.858990000000000087e-01
1.903380000000000072e-01
1.841289999999999871e-01
1.765589999999999937e-01
1.621489999999999876e-01
1.309009999999999896e-01
8.727219999999999422e-02
3.624050000000000188e-02
-5.987639999999999803e-03
-3.932340000000000141e-02
-6.128200000000000314e-02
-6.963489999999999958e-02
-6.369249999999999912e-02
-3.784280000000000282e-02
-1.731840000000000115e-02
-5.305999999999999953e-03
2.836920000000000067e-02
6.560720000000000440e-02
7.844379999999999409e-02
7.159229999999999761e-02
2.690400000000000083e-02
-1.856570000000000095e-02
-4.064979999999999982e-02
-4.391090000000000271e-02
-3.110589999999999883e-02
-1.417200000000000057e-02
2.241659999999999920e-03
9.000050000000000758e-03
1.627150000000000124e-02
2.869499999999999829e-02
5.236799999999999788e-02
6.754340000000000344e-02
7.270240000000000036e-02
7.183319999999999983e-02
6.427689999999999793e-02
6.012640000000000345e-02
6.282519999999999771e-02
6.972219999999999807e-02
6.949160000000000059e-02
6.185770000000000157e-02
5.407399999999999707e-02
5.296200000000000213e-02
5.272519999999999984e-02
5.851459999999999995e-02
6.076249999999999707e-02
5.335100000000000259e-02
4.542639999999999872e-02
3.913389999999999924e-02
3.970390000000000030e-02
4.218029999999999696e-02
4.491679999999999978e-02
5.123649999999999732e-02
5.369249999999999717e-02
4.922060000000000324e-02
3.894389999999999658e-02
2.757590000000000041e-02
5.280510000000000412e-03
-2.261260000000000006e-02
-4.730899999999999689e-02
-6.951670000000000071e-02
-8.487599999999999312e-02
-9.715899999999999537e-02
-1.055149999999999977e-01
-1.133109999999999951e-01
-1.229740000000000000e-01
-1.325099999999999889e-01
-1.430430000000000035e-01
-1.519069999999999865e-01
-1.599939999999999973e-01
-1.643789999999999973e-01
-1.647679999999999978e-01
-1.622599999999999876e-01
-1.560680000000000123e-01
-1.459189999999999932e-01
-1.269530000000000103e-01
-1.080829999999999985e-01
-8.763429999999999831e-02
-6.487829999999999986e-02
-4.622480000000000339e-02
-3.034260000000000082e-02
-1.474089999999999949e-02
3.652550000000000067e-03
2.580259999999999845e-02
4.568320000000000020e-02
6.341470000000000440e-02
8.147459999999999425e-02
9.721190000000000386e-02
1.083889999999999992e-01
1.156699999999999950e-01
1.183229999999999976e-01
1.178499999999999964e-01
1.158740000000000048e-01
1.091820000000000013e-01
1.007320000000000021e-01
9.040670000000000650e-02
7.749219999999999720e-02
5.655949999999999867e-02
3.105420000000000055e-02
6.973769999999999795e-03
-2.191190000000000151e-02
-4.756200000000000011e-02
-7.275320000000000398e-02
-8.829929999999999723e-02
-8.966530000000000333e-02
-6.333220000000000516e-02
-1.674600000000000047e-02
3.621070000000000105e-03
3.122039999999999971e-03
-9.104960000000000483e-03
-2.299150000000000152e-02
-3.208609999999999934e-02
-3.514119999999999744e-02
-3.496090000000000308e-02
-3.807830000000000242e-02
-4.368860000000000104e-02
-4.812690000000000023e-02
-4.444900000000000240e-02
-2.587000000000000063e-02
6.927850000000000154e-03
3.556920000000000220e-02
6.123209999999999764e-02
8.058020000000000460e-02
9.951419999999999710e-02
1.106319999999999942e-01
1.173199999999999937e-01
8.972650000000000070e-02
3.314070000000000210e-02
-5.542540000000000097e-04
-1.704690000000000025e-02
-2.444119999999999973e-02
-2.605199999999999877e-02
-1.764340000000000006e-02
-1.077400000000000059e-02
-1.132099999999999947e-02
-1.889679999999999832e-02
-3.091580000000000022e-02
-4.627520000000000244e-02
-6.094000000000000111e-02
-7.213579999999999992e-02
-8.161909999999999998e-02
-8.544440000000000368e-02
-8.180830000000000046e-02
-7.452989999999999615e-02
-6.435470000000000079e-02
-5.771880000000000066e-02
-5.215709999999999791e-02
-4.727669999999999789e-02
-4.409350000000000075e-02
-3.408560000000000062e-02
-1.865429999999999866e-02
-4.700339999999999792e-04
2.126180000000000084e-02
4.075779999999999681e-02
5.640330000000000343e-02
7.194470000000000032e-02
7.526449999999999807e-02
6.591800000000000437e-02
4.528920000000000168e-02
1.947779999999999997e-02
8.043290000000000032e-04
-1.096779999999999977e-02
-1.386899999999999938e-02
-6.288639999999999855e-03
1.141829999999999928e-02
3.063779999999999976e-02
4.836309999999999915e-02
6.278659999999999797e-02
7.373090000000000199e-02
8.175590000000000634e-02
8.327650000000000330e-02
7.453880000000000228e-02
5.796660000000000007e-02
3.137390000000000317e-02
-4.817079999999999626e-03
-3.123640000000000097e-02
-4.580329999999999818e-02
-5.093729999999999786e-02
-4.943009999999999765e-02
-4.588790000000000230e-02
-4.399310000000000026e-02
-4.120469999999999688e-02
-3.124060000000000031e-02
-1.502290000000000049e-02
1.677209999999999942e-03
1.773270000000000055e-02
3.052219999999999933e-02
3.805560000000000193e-02
4.085010000000000030e-02
3.582830000000000042e-02
2.367369999999999891e-02
4.167879999999999675e-03
-1.669959999999999847e-02
-3.698359999999999842e-02
-5.355900000000000244e-02
-6.307079999999999631e-02
-6.483160000000000311e-02
-5.806420000000000331e-02
-4.374270000000000241e-02
-2.418249999999999914e-02
-7.380359999999999872e-03
6.821800000000000259e-03
1.408389999999999989e-02
1.459150000000000030e-02
1.174230000000000065e-02
8.377030000000000587e-03
1.176920000000000049e-02
2.268490000000000090e-02
3.333339999999999914e-02
3.988660000000000122e-02
4.184569999999999956e-02
4.078049999999999731e-02
3.874940000000000329e-02
3.608580000000000121e-02
3.196269999999999667e-02
2.468769999999999992e-02
1.825629999999999961e-02
1.593649999999999928e-02
2.259670000000000081e-02
3.411730000000000318e-02
4.592650000000000204e-02
5.483179999999999998e-02
5.557299999999999740e-02
4.877139999999999947e-02
3.784889999999999782e-02
2.734260000000000163e-02
2.062960000000000141e-02
1.724490000000000051e-02
1.537290000000000011e-02
1.404760000000000036e-02
9.747959999999999958e-03
4.485450000000000201e-03
-9.392320000000000226e-04
-6.514879999999999803e-03
-1.466300000000000069e-02
-2.586190000000000017e-02
-3.836330000000000295e-02
-5.138290000000000218e-02
-6.373139999999999361e-02
-7.202530000000000043e-02
-7.615969999999999684e-02
-7.795620000000000327e-02
-7.420400000000000607e-02
-6.583930000000000338e-02
-5.149440000000000267e-02
-3.726569999999999883e-02
-2.671820000000000098e-02
-2.024050000000000155e-02
-1.658110000000000139e-02
-1.068069999999999957e-02
-3.829690000000000177e-03
3.420149999999999840e-03
1.054450000000000005e-02
1.831150000000000139e-02
2.285119999999999860e-02
2.241330000000000058e-02
1.825440000000000049e-02
1.552459999999999951e-02
1.904530000000000112e-02
2.563009999999999941e-02
3.154980000000000284e-02
3.753480000000000011e-02
3.984689999999999760e-02
2.993109999999999868e-02
9.263550000000000603e-03
-1.012489999999999918e-02
-1.969179999999999889e-02
-2.152199999999999946e-02
-2.063090000000000063e-02
-2.119120000000000031e-02
-2.504409999999999969e-02
-3.107669999999999877e-02
-3.658700000000000147e-02
-4.203719999999999679e-02
-4.349510000000000182e-02
-3.948379999999999945e-02
-2.991960000000000106e-02
-1.670779999999999835e-02
-4.511010000000000193e-03
6.210910000000000042e-03
1.476230000000000077e-02
2.253540000000000057e-02
2.730049999999999838e-02
2.776319999999999830e-02
2.313720000000000013e-02
2.098159999999999956e-02
2.055999999999999842e-02
2.017419999999999977e-02
2.085829999999999976e-02
2.150049999999999878e-02
2.179599999999999940e-02
2.106030000000000055e-02
2.222479999999999942e-02
2.246719999999999967e-02
1.894380000000000022e-02
1.525520000000000001e-02
1.386669999999999917e-02
1.200689999999999917e-02
1.199740000000000008e-02
1.399010000000000011e-02
1.997209999999999958e-02
2.783499999999999863e-02
3.278469999999999995e-02
3.691540000000000099e-02
3.715580000000000271e-02
3.221360000000000195e-02
2.633910000000000071e-02
2.165699999999999917e-02
2.091919999999999891e-02
2.229280000000000150e-02
2.212110000000000118e-02
1.931280000000000149e-02
1.152779999999999951e-02
-2.269799999999999986e-04
-1.179209999999999980e-02
-2.063780000000000128e-02
-2.798310000000000033e-02
-3.304880000000000317e-02
-3.626619999999999844e-02
-3.786989999999999801e-02
-3.833430000000000171e-02
-3.868449999999999667e-02
-3.903469999999999857e-02
-3.946849999999999664e-02
-3.857929999999999693e-02
-3.566350000000000076e-02
-3.309949999999999698e-02
-2.725210000000000132e-02
-1.660259999999999861e-02
-5.322770000000000105e-03
4.398550000000000203e-03
1.150250000000000057e-02
1.316789999999999974e-02
1.219549999999999974e-02
8.794539999999999996e-03
5.370100000000000047e-03
5.154569999999999812e-03
7.234049999999999682e-03
1.073750000000000052e-02
1.317289999999999954e-02
1.324299999999999956e-02
1.141690000000000066e-02
1.246620000000000020e-02
1.109699999999999923e-02
9.093449999999999450e-03
7.644739999999999695e-03
8.188110000000000180e-03
1.133660000000000050e-02
1.461450000000000075e-02
1.915729999999999864e-02
2.157749999999999946e-02
1.935660000000000158e-02
1.554460000000000043e-02
1.013119999999999993e-02
3.370320000000000000e-03
-2.146920000000000105e-05
-1.730259999999999958e-03
-6.933570000000000011e-03
-1.355160000000000045e-02
-2.062150000000000094e-02
-2.633689999999999989e-02
-2.878309999999999896e-02
-2.742380000000000165e-02
-2.386630000000000001e-02
-2.087079999999999838e-02
-1.909330000000000055e-02
-1.633340000000000139e-02
-1.255670000000000050e-02
-1.032109999999999972e-02
-1.039990000000000012e-02
-1.396310000000000086e-02
-1.804340000000000110e-02
-2.259279999999999969e-02
-2.805519999999999889e-02
-3.140819999999999723e-02
-3.274669999999999664e-02
-3.492270000000000096e-02
-3.455880000000000063e-02
-3.237940000000000262e-02
-2.605769999999999961e-02
-1.638020000000000101e-02
-1.111930000000000036e-02
-7.157909999999999967e-03
-3.987010000000000033e-03
-1.055799999999999968e-03
2.186510000000000016e-03
4.194619999999999599e-03
6.173139999999999704e-03
7.662069999999999992e-03
9.502909999999999829e-03
1.264020000000000074e-02
1.891289999999999985e-02
2.535600000000000007e-02
2.956220000000000028e-02
3.323799999999999671e-02
3.232279999999999875e-02
2.462150000000000102e-02
1.271480000000000006e-02
-6.229859999999999608e-04
-1.368639999999999961e-02
-2.242289999999999908e-02
-2.848710000000000131e-02
-3.032030000000000142e-02
-2.856919999999999946e-02
-2.542180000000000134e-02
-2.215699999999999961e-02
-1.519470000000000022e-02
-9.070909999999999737e-03
-1.327330000000000046e-03
4.304859999999999763e-03
6.216079999999999696e-03
8.980029999999999957e-03
8.864520000000000732e-03
7.825910000000000158e-03
7.576779999999999973e-03
7.453109999999999770e-03
7.430430000000000021e-03
8.519540000000000793e-03
7.840990000000000806e-03
1.178099999999999981e-02
1.425940000000000020e-02
1.794640000000000124e-02
1.837149999999999894e-02
1.516239999999999949e-02
1.110970000000000013e-02
7.459859999999999582e-03
2.510580000000000103e-03
-1.620659999999999896e-03
-8.671179999999999470e-04
2.254869999999999965e-03
8.228769999999999835e-03
9.157749999999999224e-03
9.661400000000000543e-03
7.383510000000000247e-03
3.992800000000000342e-03
7.040870000000000505e-04
1.336769999999999875e-04
3.040450000000000097e-03
9.010280000000000719e-03
1.739649999999999877e-02
2.248100000000000098e-02
2.467070000000000027e-02
2.608929999999999930e-02
2.393889999999999907e-02
2.061450000000000088e-02
1.781840000000000160e-02
1.418909999999999963e-02
1.144300000000000005e-02
9.272229999999999361e-03
8.531499999999999154e-03
7.247100000000000243e-03
2.946559999999999978e-03
-6.175310000000000478e-04
-1.077770000000000030e-03
-1.459460000000000097e-03
-7.038489999999999894e-04
4.752939999999999769e-03
9.266230000000000300e-03
9.348640000000000075e-03
8.863930000000000767e-03
5.985289999999999881e-03
-1.863800000000000011e-05
-9.990360000000000212e-03
-1.862689999999999832e-02
-2.645870000000000166e-02
-3.487690000000000234e-02
-3.795450000000000212e-02
-3.725389999999999951e-02
-3.527430000000000149e-02
-3.109560000000000102e-02
-2.595499999999999891e-02
-1.657729999999999967e-02
-6.840549999999999929e-03
1.642589999999999979e-03
9.443359999999999602e-03
1.570490000000000080e-02
2.155960000000000168e-02
2.716839999999999880e-02
3.361660000000000342e-02
3.658770000000000078e-02
3.627430000000000238e-02
2.996849999999999861e-02
2.031509999999999913e-02
1.132769999999999957e-02
3.574449999999999850e-03
-2.709950000000000032e-03
-9.121850000000000791e-03
-1.456879999999999981e-02
-1.657739999999999908e-02
-1.451509999999999953e-02
-7.537470000000000107e-03
2.555249999999999796e-03
1.117710000000000058e-02
1.571600000000000080e-02
1.327799999999999987e-02
9.826140000000000568e-03
5.532790000000000104e-03
3.862889999999999900e-03
5.769100000000000096e-03
8.447450000000000445e-03
8.495229999999999448e-03
8.566469999999999640e-03
1.073280000000000067e-02
1.301440000000000062e-02
1.846100000000000171e-02
2.223889999999999895e-02
2.312919999999999907e-02
2.172150000000000122e-02
2.198750000000000010e-02
2.201490000000000044e-02
1.711259999999999865e-02
8.418010000000000076e-03
-2.082019999999999964e-03
-1.201490000000000023e-02
-1.881849999999999842e-02
-2.453980000000000050e-02
-2.564769999999999897e-02
-2.533880000000000160e-02
-2.338149999999999951e-02
-1.795319999999999902e-02
-1.103170000000000019e-02
-8.173750000000000460e-03
-8.329949999999999161e-03
-8.978810000000000263e-03
-1.447269999999999980e-02
-1.992779999999999899e-02
-2.690880000000000008e-02
-3.310640000000000110e-02
-3.651950000000000335e-02
-3.807409999999999961e-02
-3.850159999999999694e-02
-3.663210000000000077e-02
-3.403729999999999950e-02
-3.017780000000000115e-02
-2.437510000000000024e-02
-1.591129999999999975e-02
-7.302620000000000118e-03
-3.410419999999999945e-03
1.900580000000000021e-04
8.386580000000000467e-04
4.599820000000000287e-05
-5.301980000000000408e-03
-1.251659999999999925e-02
-1.698629999999999932e-02
-1.972720000000000029e-02
-1.859709999999999835e-02
-1.679690000000000003e-02
-1.675729999999999928e-02
-1.439200000000000028e-02
-8.385319999999999926e-03
-1.544290000000000029e-03
2.674319999999999996e-03
6.510440000000000151e-03
1.020169999999999931e-02
1.442129999999999974e-02
1.829319999999999904e-02
2.149890000000000134e-02
2.305130000000000026e-02
2.158639999999999864e-02
2.000940000000000010e-02
1.508579999999999990e-02
1.088639999999999920e-02
9.725499999999999770e-03
1.225910000000000021e-02
1.614929999999999838e-02
1.964679999999999899e-02
2.286890000000000103e-02
2.443959999999999883e-02
2.658560000000000090e-02
2.841540000000000038e-02
2.871210000000000082e-02
2.699029999999999832e-02
2.432899999999999993e-02
1.794170000000000140e-02
1.154409999999999985e-02
7.961829999999999602e-03
4.376460000000000419e-03
2.715819999999999866e-03
6.879870000000000386e-04
-3.611389999999999913e-03
-6.211440000000000364e-03
-7.633390000000000314e-03
-1.085159999999999944e-02
-1.217150000000000003e-02
-1.367100000000000086e-02
-1.734000000000000125e-02
-1.843859999999999943e-02
-2.117530000000000107e-02
-2.257680000000000103e-02
-2.171810000000000060e-02
-1.877950000000000105e-02
-1.458019999999999976e-02
-7.223030000000000075e-03
1.245970000000000107e-03
7.337350000000000295e-03
1.263010000000000001e-02
1.439670000000000012e-02
1.447919999999999936e-02
1.454139999999999947e-02
1.663239999999999857e-02
1.756459999999999966e-02
1.637519999999999948e-02
1.150469999999999965e-02
8.058050000000000629e-03
6.677950000000000205e-03
6.701359999999999956e-03
8.269059999999999952e-03
7.651920000000000423e-03
6.002539999999999785e-03
5.686309999999999976e-03
3.601389999999999886e-03
1.404950000000000025e-04
-6.518099999999999762e-03
-1.284309999999999966e-02
-1.480970000000000029e-02
-1.327979999999999959e-02
-3.481680000000000018e-03
8.069790000000000296e-03
1.780059999999999976e-02
2.303310000000000080e-02
2.160820000000000102e-02
1.427029999999999965e-02
7.972770000000000551e-03
2.278889999999999996e-04
-7.047789999999999958e-03
-1.360639999999999940e-02
-1.805769999999999945e-02
-1.660729999999999845e-02
-1.137469999999999974e-02
-8.111729999999999288e-03
-6.451179999999999935e-03
-5.431189999999999803e-03
-7.571160000000000390e-03
-8.753350000000000020e-03
-1.013649999999999968e-02
-1.044759999999999960e-02
-1.013440000000000001e-02
-9.488790000000000419e-03
-6.172780000000000107e-03
-1.478740000000000089e-03
2.634220000000000268e-04
-3.436119999999999973e-03
-4.851880000000000255e-03
-5.677050000000000325e-03
-5.933070000000000357e-03
-3.823700000000000189e-03
-5.433740000000000054e-04
5.843390000000000308e-05
-3.220859999999999869e-03
-3.974629999999999830e-03
-6.826529999999999924e-03
-9.581539999999999502e-03
-1.210199999999999991e-02
-1.666339999999999835e-02
-2.033739999999999853e-02
-2.194290000000000129e-02
-2.081679999999999989e-02
-1.975390000000000132e-02
-1.807500000000000079e-02
-1.482830000000000086e-02
-1.076049999999999923e-02
-6.188830000000000199e-03
3.136980000000000042e-04
5.365779999999999682e-03
8.259549999999999184e-03
9.487660000000000191e-03
1.142980000000000038e-02
1.576280000000000042e-02
1.864120000000000013e-02
2.056090000000000001e-02
1.838220000000000132e-02
1.666969999999999910e-02
1.292729999999999921e-02
9.692960000000000464e-03
8.804579999999999351e-03
1.052540000000000073e-02
1.219819999999999932e-02
1.324479999999999928e-02
1.230640000000000032e-02
7.978600000000000622e-03
3.993499999999999654e-03
1.412950000000000057e-03
2.910030000000000190e-04
-1.023730000000000039e-03
-9.961349999999999892e-04
-2.319020000000000196e-03
-4.032570000000000078e-03
-5.361570000000000398e-03
-1.825180000000000032e-03
2.353819999999999957e-03
5.163980000000000306e-03
2.168300000000000175e-03
-8.947020000000000407e-04
-3.527259999999999944e-03
-3.938259999999999851e-03
2.095109999999999854e-03
7.544010000000000299e-03
1.118450000000000000e-02
1.430780000000000073e-02
1.534720000000000008e-02
1.463740000000000006e-02
1.105519999999999940e-02
5.203529999999999614e-03
-4.339379999999999778e-04
-2.882879999999999991e-03
-5.709230000000000034e-03
-1.233609999999999915e-02
-1.809190000000000104e-02
-2.424549999999999969e-02
-2.628640000000000143e-02
-2.235010000000000122e-02
-1.507129999999999928e-02
-8.095470000000000443e-03
-6.403210000000000325e-03
-4.694620000000000043e-03
-3.880569999999999853e-03
-3.534699999999999995e-03
-3.613970000000000095e-04
-3.837469999999999835e-04
9.239839999999999815e-04
2.735599999999999924e-03
5.088829999999999916e-03
7.784779999999999825e-03
8.472359999999999960e-03
7.751319999999999912e-03
6.288730000000000188e-03
-4.026890000000000336e-05
-6.072450000000000070e-03
-1.051339999999999913e-02
-1.036029999999999937e-02
-6.294499999999999748e-03
-4.212400000000000259e-04
6.467950000000000088e-03
1.095710000000000087e-02
1.421000000000000041e-02
1.566559999999999828e-02
1.939070000000000030e-02
2.081679999999999989e-02
2.007540000000000019e-02
1.701549999999999938e-02
1.232869999999999973e-02
1.042760000000000041e-02
1.288689999999999974e-02
1.293799999999999985e-02
8.333850000000000285e-03
3.880639999999999871e-03
-1.896520000000000063e-03
-5.667329999999999937e-03
-4.790009999999999928e-03
-1.776809999999999978e-03
-1.564529999999999957e-03
-3.668659999999999803e-03
-4.744629999999999681e-03
-4.630269999999999699e-03
-4.073219999999999792e-03
-1.689350000000000053e-03
1.141279999999999942e-03
2.634689999999999862e-03
4.023040000000000296e-03
2.089249999999999961e-03
-2.210929999999999840e-03
-5.986840000000000217e-03
-6.760880000000000362e-03
-5.159350000000000047e-03
-7.070690000000000135e-03
-1.102410000000000022e-02
-1.603419999999999845e-02
-2.101569999999999827e-02
-2.187240000000000018e-02
-1.713639999999999955e-02
-1.030119999999999994e-02
-8.699649999999999744e-03
-6.776810000000000299e-03
-2.882299999999999966e-03
2.168880000000000200e-03
7.850430000000000255e-03
1.097990000000000077e-02
1.295379999999999969e-02
1.334869999999999980e-02
1.005529999999999965e-02
4.593309999999999754e-03
-3.892370000000000140e-04
-2.556580000000000137e-03
2.995739999999999883e-04
2.600850000000000037e-03
2.852949999999999930e-03
-1.018809999999999985e-03
-7.377329999999999652e-03
-1.254450000000000010e-02
-1.309820000000000081e-02
-1.033479999999999989e-02
-5.886459999999999609e-03
5.203189999999999898e-04
4.963600000000000304e-03
5.784870000000000116e-03
4.834399999999999982e-03
2.425319999999999906e-03
-2.137990000000000203e-03
-3.808580000000000212e-03
-1.335929999999999930e-03
-5.595360000000000177e-04
-5.129980000000000130e-03
-9.463789999999999702e-03
-1.277050000000000060e-02
-1.584460000000000035e-02
-1.845250000000000015e-02
-2.063310000000000144e-02
-2.518420000000000034e-02
-2.568789999999999962e-02
-2.092120000000000091e-02
-1.623520000000000171e-02
-1.047400000000000067e-02
-5.093349999999999961e-03
-1.875069999999999949e-03
7.618100000000000262e-04
2.017609999999999976e-03
4.618800000000000162e-03
6.566159999999999705e-03
7.862769999999999829e-03
8.566759999999999653e-03
8.344590000000000687e-03
9.430050000000000585e-03
8.071599999999999955e-03
1.050959999999999915e-02
1.404610000000000060e-02
1.827519999999999839e-02
1.986970000000000056e-02
1.687519999999999992e-02
1.409889999999999928e-02
1.410220000000000050e-02
1.500909999999999918e-02
1.539899999999999949e-02
1.748509999999999995e-02
1.794219999999999843e-02
1.677560000000000162e-02
1.490810000000000052e-02
1.334370000000000001e-02
8.832400000000000667e-03
3.998820000000000152e-03
2.624060000000000108e-03
1.271739999999999936e-03
-1.621720000000000052e-04
4.500330000000000194e-04
1.315200000000000093e-03
6.401630000000000167e-04
7.882699999999999863e-04
2.143040000000000136e-03
2.154469999999999909e-03
2.149569999999999953e-03
3.985780000000000399e-03
5.711830000000000206e-03
5.740600000000000216e-03
6.397690000000000148e-03
6.653929999999999741e-03
3.634940000000000133e-03
4.904920000000000330e-04
-2.858970000000000174e-03
-4.816140000000000004e-03
-4.652719999999999946e-03
-9.662289999999999811e-04
1.447310000000000046e-03
3.691530000000000158e-03
5.491020000000000102e-03
5.233179999999999603e-03
4.550000000000000225e-03
2.390880000000000175e-03
1.984119999999999807e-03
3.214460000000000147e-03
4.819140000000000403e-03
7.403019999999999740e-03
6.763700000000000094e-03
1.791430000000000106e-03
-2.236329999999999915e-03
-8.150060000000000637e-03
-1.139450000000000011e-02
-1.152889999999999991e-02
-1.257310000000000025e-02
-1.337050000000000044e-02
-1.300210000000000081e-02
-1.362810000000000063e-02
-1.291089999999999946e-02
-1.219360000000000062e-02
-1.274310000000000026e-02
-1.066409999999999927e-02
-9.365439999999999182e-03
-6.414350000000000086e-03
-3.373500000000000196e-03
-2.175789999999999929e-03
-2.133739999999999856e-03
-4.705939999999999603e-03
-5.926650000000000321e-03
-7.888900000000000773e-03
-7.830520000000000536e-03
-7.113229999999999900e-03
-3.336959999999999926e-03
1.166579999999999961e-03
3.246600000000000093e-03
6.153829999999999890e-03
5.483929999999999708e-03
6.026799999999999692e-03
5.331400000000000028e-03
2.450139999999999957e-03
-1.546999999999999981e-03
-5.024960000000000190e-03
-6.111019999999999994e-03
-6.813559999999999756e-03
-4.659080000000000339e-03
-2.419940000000000199e-03
-1.868899999999999945e-03
-2.306240000000000200e-03
-5.188520000000000285e-03
-7.551620000000000207e-03
-1.031149999999999949e-02
-1.197179999999999946e-02
-1.053950000000000026e-02
-8.271789999999999352e-03
-5.442060000000000300e-03
-3.066240000000000025e-03
-1.596179999999999995e-03
9.549989999999999345e-06
1.367420000000000050e-03
2.555959999999999916e-03
4.566630000000000342e-03
4.275150000000000131e-03
3.557320000000000100e-03
4.830519999999999606e-03
5.969089999999999813e-03
7.909380000000000577e-03
1.037899999999999934e-02
1.329550000000000003e-02
1.234099999999999954e-02
1.232289999999999948e-02
1.185289999999999955e-02
1.160629999999999995e-02
1.337829999999999922e-02
1.442300000000000006e-02
1.658360000000000042e-02
1.674099999999999894e-02
1.782239999999999866e-02
1.834799999999999973e-02
1.839309999999999903e-02
1.697660000000000141e-02
1.751640000000000141e-02
1.793890000000000068e-02
1.802389999999999895e-02
1.519870000000000075e-02
1.060179999999999977e-02
5.172610000000000229e-03
-2.428179999999999835e-03
-6.951630000000000309e-03
-1.094469999999999991e-02
-1.375449999999999937e-02
-1.557599999999999957e-02
-1.899170000000000025e-02
-2.337339999999999904e-02
-2.599560000000000065e-02
-2.640429999999999860e-02
-2.709670000000000134e-02
-2.696070000000000064e-02
-2.528050000000000089e-02
-2.375330000000000150e-02
-2.011370000000000172e-02
-1.412000000000000061e-02
-9.657219999999999346e-03
-6.871340000000000087e-03
-5.171770000000000013e-03
-9.084240000000000370e-03
-1.186139999999999937e-02
-1.271800000000000014e-02
-1.364899999999999967e-02
-1.303469999999999976e-02
-1.032330000000000053e-02
-7.648600000000000190e-03
-6.714020000000000231e-03
-5.693769999999999908e-03
-5.065199999999999737e-03
-3.856239999999999928e-03
-3.634650000000000120e-03
-2.069720000000000153e-03
1.322030000000000080e-03
3.765189999999999856e-03
3.756259999999999981e-03
4.306289999999999944e-03
4.014829999999999614e-03
2.320860000000000110e-03
-2.186889999999999928e-04
-4.425939999999999735e-03
-7.819219999999999990e-03
-8.343249999999999972e-03
-7.166940000000000116e-03
-6.212989999999999832e-03
-6.058720000000000078e-03
-5.927899999999999836e-03
-4.545549999999999764e-03
-3.643620000000000192e-03
-5.425710000000000472e-04
3.443840000000000096e-03
7.170150000000000134e-03
8.848299999999999915e-03
1.007459999999999953e-02
1.077250000000000082e-02
9.282550000000000523e-03
8.683039999999999509e-03
8.954610000000000000e-03
1.004219999999999939e-02
1.004239999999999994e-02
1.135949999999999981e-02
1.071710000000000024e-02
9.711680000000000312e-03
1.207530000000000062e-02
1.163490000000000010e-02
1.049880000000000084e-02
1.049500000000000086e-02
8.251259999999999845e-03
8.494260000000000005e-03
8.113030000000000241e-03
8.427439999999999584e-03
7.122080000000000251e-03
6.386909999999999983e-03
5.938350000000000226e-03
5.338840000000000079e-03
6.984340000000000340e-03
9.429530000000000203e-03
1.145350000000000014e-02
1.235130000000000082e-02
1.074300000000000081e-02
4.972080000000000249e-03
2.680800000000000218e-04
-1.107659999999999895e-03
-5.025570000000000471e-04
2.261879999999999967e-03
5.466959999999999875e-03
8.395629999999999413e-03
1.092949999999999998e-02
1.222619999999999957e-02
1.321890000000000044e-02
1.032339999999999994e-02
6.372120000000000214e-03
3.920279999999999945e-03
1.818289999999999967e-03
-3.030710000000000261e-04
-2.317329999999999824e-03
-3.084139999999999972e-03
-2.974759999999999904e-03
-3.121409999999999810e-03
-2.064460000000000166e-03
-2.822839999999999963e-04
-1.168430000000000033e-03
-2.826720000000000014e-03
-3.126369999999999844e-03
-4.799959999999999817e-03
-5.104710000000000150e-03
-4.403739999999999738e-03
-3.728270000000000108e-03
-5.897580000000000357e-03
-7.448770000000000391e-03
-8.652150000000000812e-03
-1.148650000000000018e-02
-1.242359999999999992e-02
-1.171859999999999916e-02
-9.991520000000000262e-03
-1.004430000000000080e-02
-8.353980000000000433e-03
-5.381470000000000177e-03
-5.367989999999999567e-03
-5.263730000000000318e-03
-4.866729999999999667e-03
-3.833249999999999852e-03
-3.012949999999999916e-03
-2.209989999999999784e-03
-2.145510000000000212e-03
-2.302380000000000138e-03
1.047519999999999918e-03
2.932689999999999950e-03
5.142230000000000238e-03
7.527200000000000384e-03
8.951340000000000338e-03
9.164729999999999405e-03
9.691260000000000152e-03
9.918929999999999414e-03
7.648620000000000071e-03
5.678189999999999626e-03
4.326899999999999843e-03
5.328740000000000213e-03
5.341190000000000000e-03
4.704909999999999648e-03
3.001719999999999822e-03
2.101260000000000194e-03
2.061690000000000137e-03
5.027030000000000040e-03
7.130469999999999864e-03
7.995630000000000098e-03
9.775729999999999836e-03
9.992159999999999931e-03
1.078800000000000071e-02
9.033760000000000054e-03
8.500489999999999435e-03
6.941110000000000335e-03
4.082240000000000001e-03
2.089349999999999801e-03
-9.529580000000000331e-05
-2.011860000000000081e-04
4.446629999999999810e-04
3.448920000000000176e-04
1.326319999999999973e-03
-2.891750000000000223e-04
-1.898549999999999934e-03
-4.694189999999999995e-03
-6.397400000000000135e-03
-5.555720000000000103e-03
-5.240360000000000330e-03
-4.589420000000000305e-03
-4.724899999999999760e-03
-4.095389999999999968e-03
-5.062170000000000385e-03
-5.251709999999999712e-03
-5.906380000000000137e-03
-5.739949999999999740e-03
-4.146539999999999775e-03
-4.193289999999999691e-03
-4.983620000000000237e-03
-6.134009999999999636e-03
-5.951259999999999883e-03
-6.390719999999999908e-03
-6.226330000000000406e-03
-4.737990000000000083e-03
-3.827989999999999865e-03
-3.812530000000000172e-03
-3.242189999999999829e-03
-2.452549999999999956e-03
-1.006029999999999988e-03
-2.826980000000000096e-04
-5.171439999999999804e-04
-1.472730000000000003e-03
-1.889760000000000094e-03
-1.411230000000000080e-03
-1.091820000000000073e-03
-5.592340000000000332e-04
-1.699449999999999919e-03
-2.427579999999999929e-03
-4.952960000000000175e-03
-7.164180000000000027e-03
-6.782559999999999978e-03
-7.897279999999999578e-03
-8.393879999999999397e-03
-7.818459999999999299e-03
-8.375250000000000750e-03
-8.768839999999999968e-03
-1.018750000000000037e-02
-1.171739999999999934e-02
-1.422140000000000036e-02
-1.649180000000000090e-02
-1.633350000000000080e-02
-1.429339999999999951e-02
-1.106599999999999945e-02
-9.217639999999999167e-03
-7.547779999999999594e-03
-6.821419999999999914e-03
-5.954309999999999985e-03
-1.541669999999999976e-03
-1.122340000000000100e-03
-1.471069999999999995e-04
1.721639999999999976e-03
3.386320000000000064e-04
-2.117420000000000066e-03
-2.492680000000000156e-03
-8.483320000000000357e-04
1.630369999999999910e-03
3.749010000000000103e-03
4.176489999999999717e-03
4.441790000000000148e-03
1.437979999999999944e-03
6.842960000000000362e-04
-9.680119999999999740e-04
3.040189999999999906e-04
1.904490000000000002e-03
2.854189999999999939e-03
4.134379999999999999e-03
5.043279999999999812e-03
6.228599999999999935e-03
3.801080000000000084e-03
1.848880000000000011e-03
-6.551420000000000507e-04
-4.037390000000000076e-03
-5.556099999999999581e-03
-7.299199999999999612e-03
-7.044130000000000009e-03
-7.368429999999999598e-03
-8.648460000000000175e-03
-8.649419999999999678e-03
-8.550419999999999549e-03
-8.120940000000000103e-03
-5.662679999999999797e-03
-3.416590000000000165e-03
-3.468549999999999932e-03
-1.568240000000000042e-03
-1.304009999999999978e-03
-7.501030000000000111e-04
-5.348380000000000451e-04
1.130869999999999966e-03
3.316770000000000135e-03
4.003269999999999745e-03
6.636940000000000027e-03
9.324680000000000121e-03
1.145649999999999967e-02
1.323539999999999960e-02
1.519999999999999997e-02
1.713900000000000146e-02
1.908730000000000149e-02
2.254609999999999947e-02
2.468199999999999908e-02
2.669339999999999907e-02
2.778689999999999979e-02
2.880900000000000127e-02
2.830099999999999977e-02
2.604580000000000090e-02
2.287459999999999841e-02
1.866709999999999897e-02
1.497880000000000045e-02
1.297150000000000039e-02
1.120280000000000060e-02
9.839040000000000286e-03
8.916959999999999817e-03
8.166230000000000017e-03
9.316780000000000200e-03
1.104160000000000037e-02
1.126500000000000071e-02
8.878139999999999643e-03
7.972359999999999516e-03
8.149820000000000328e-03
7.903979999999999687e-03
5.833350000000000167e-03
3.936120000000000417e-03
2.178629999999999976e-03
-2.469610000000000230e-04
-1.694380000000000105e-03
-2.529790000000000077e-03
-3.667130000000000216e-03
-5.375679999999999868e-03
-5.658260000000000026e-03
-7.107729999999999604e-03
-7.634099999999999567e-03
-6.925249999999999982e-03
-7.081360000000000085e-03
-6.261339999999999788e-03
-6.059440000000000139e-03
-5.698429999999999988e-03
-5.460829999999999851e-03
-6.249359999999999811e-03
-6.844089999999999722e-03
-7.773379999999999873e-03
-9.408510000000000137e-03
-1.079680000000000049e-02
-1.020019999999999954e-02
-8.893659999999999413e-03
-7.041419999999999624e-03
-5.238149999999999577e-03
-3.311460000000000011e-03
-3.535949999999999944e-03
-2.924050000000000087e-03
-2.913949999999999787e-03
-4.554210000000000376e-03
-5.189779999999999741e-03
-5.767200000000000104e-03
-5.848909999999999700e-03
-6.431440000000000073e-03
-7.612719999999999904e-03
-7.663839999999999889e-03
-8.061759999999999413e-03
-7.802800000000000361e-03
-6.040369999999999767e-03
-5.662079999999999891e-03
-5.441889999999999575e-03
-6.242720000000000213e-03
-6.359140000000000105e-03
-4.471260000000000338e-03
-3.631950000000000109e-03
-3.203689999999999923e-03
-2.307260000000000214e-03
-1.365950000000000107e-03
-3.848689999999999772e-04
-1.231630000000000051e-03
-1.067570000000000107e-03
-1.859250000000000009e-03
-3.602600000000000073e-03
-3.718030000000000206e-03
-2.982779999999999980e-03
-2.401560000000000066e-03
-1.013519999999999959e-03
1.638300000000000086e-03
2.786639999999999950e-03
3.942110000000000405e-03
5.220999999999999946e-03
5.818519999999999769e-03
5.387880000000000273e-03
4.039250000000000305e-03
2.885420000000000085e-03
1.944769999999999962e-03
1.594699999999999894e-03
2.735870000000000055e-03
4.635910000000000031e-03
4.106320000000000109e-03
3.100369999999999862e-03
2.653389999999999829e-03
2.103380000000000180e-03
2.385679999999999832e-03
2.014170000000000023e-03
4.635299999999999750e-04
-1.683809999999999994e-03
-4.136139999999999955e-03
-5.990750000000000415e-03
-7.172160000000000341e-03
-9.228729999999999226e-03
-8.421150000000000510e-03
-7.996069999999999220e-03
-7.791320000000000016e-03
-6.144290000000000168e-03
-7.003399999999999903e-03
-6.992459999999999821e-03
-8.333020000000000010e-03
-1.021320000000000040e-02
-1.055000000000000035e-02
-1.006989999999999968e-02
-1.017730000000000024e-02
-9.657400000000000012e-03
-1.020240000000000036e-02
-9.485630000000000103e-03
-9.812339999999999257e-03
-8.059270000000000322e-03
-5.363719999999999773e-03
-3.189399999999999787e-03
-1.827000000000000065e-03
-2.779999999999999919e-03
-3.290330000000000164e-03
-5.326580000000000030e-03
-5.551320000000000213e-03
-4.080819999999999760e-03
-1.994239999999999988e-03
-3.799280000000000257e-04
6.234009999999999899e-04
7.546270000000000104e-04
2.584889999999999844e-03
4.950020000000000288e-03
7.628199999999999911e-03
7.334219999999999802e-03
6.466630000000000121e-03
6.191519999999999836e-03
4.191760000000000104e-03
2.398030000000000213e-03
1.302310000000000099e-03
2.304549999999999828e-03
4.005169999999999737e-03
7.314099999999999595e-03
8.076949999999999408e-03
8.108960000000000126e-03
9.575759999999999134e-03
8.406689999999999649e-03
7.352789999999999673e-03
6.528919999999999689e-03
5.121640000000000220e-03
3.946319999999999689e-03
3.573830000000000062e-03
3.832589999999999868e-03
3.950060000000000029e-03
3.992790000000000401e-03
3.974469999999999913e-03
3.077139999999999910e-03
3.088880000000000011e-03
2.963719999999999983e-03
2.729230000000000024e-03
2.751749999999999856e-03
5.795870000000000058e-04
9.188240000000000513e-04
2.282830000000000015e-03
2.864880000000000204e-03
5.101610000000000346e-03
4.513989999999999843e-03
4.133500000000000021e-03
3.105580000000000146e-03
2.377910000000000006e-03
2.546409999999999819e-03
2.798720000000000201e-03
4.011210000000000296e-03
4.414760000000000212e-03
3.393760000000000006e-03
2.921469999999999796e-03
2.661909999999999971e-03
8.386379999999999486e-04
-8.112739999999999578e-04
-8.527209999999999695e-04
-1.563500000000000003e-03
-2.878980000000000167e-03
-1.518480000000000003e-03
-1.063799999999999945e-03
2.276040000000000116e-04
1.155229999999999929e-03
1.323039999999999937e-03
1.810860000000000074e-03
1.277060000000000001e-03
1.914080000000000078e-03
2.798689999999999945e-03
1.886899999999999949e-03
1.505629999999999989e-03
1.381969999999999943e-03
1.462020000000000073e-03
1.747730000000000073e-03
2.675719999999999921e-03
2.544849999999999977e-03
1.853499999999999896e-03
2.223450000000000079e-03
2.158999999999999895e-03
7.583139999999999499e-04
9.029380000000000479e-04
1.164000000000000104e-03
5.899220000000000077e-05
-3.286449999999999680e-05
-9.492240000000000313e-04
-1.645430000000000026e-03
-1.352459999999999990e-03
-1.093189999999999960e-03
-1.310689999999999989e-03
-7.282239999999999720e-04
-9.676959999999999859e-04
-1.425669999999999975e-03
-1.845169999999999927e-03
-1.160269999999999921e-03
-1.169490000000000026e-03
-2.320350000000000103e-04
9.050360000000000132e-04
2.802419999999999911e-03
4.634769999999999862e-03
3.926869999999999840e-03
5.023139999999999723e-03
5.093489999999999997e-03
4.337920000000000317e-03
4.244480000000000128e-03
3.394180000000000114e-03
2.565449999999999935e-03
2.160519999999999975e-03
2.362850000000000106e-03
1.291629999999999992e-03
-4.983890000000000152e-05
1.183459999999999948e-04
-3.020079999999999857e-04
-1.203349999999999949e-03
-1.655089999999999903e-03
-2.865040000000000121e-03
-3.871400000000000102e-03
-4.406649999999999803e-03
-4.677100000000000007e-03
-4.329150000000000359e-03
-4.278549999999999888e-03
-4.101819999999999945e-03
-3.847469999999999970e-03
-3.421580000000000021e-03
-3.110499999999999984e-03
-3.092769999999999894e-03
-3.040320000000000002e-03
-2.963250000000000172e-03
-2.932080000000000103e-03
-3.207760000000000038e-03
-3.495330000000000052e-03
-3.140330000000000205e-03
-2.832910000000000116e-03
-2.881209999999999934e-03
-3.063549999999999954e-03
-3.103419999999999963e-03
-3.319669999999999826e-03
-3.595730000000000107e-03
-3.367119999999999922e-03
-3.093869999999999867e-03
-3.062019999999999933e-03
-2.544110000000000035e-03
-2.043259999999999868e-03
-1.908259999999999948e-03
-1.630149999999999915e-03
-1.659389999999999954e-03
-1.772680000000000002e-03
-2.095450000000000004e-03
-1.751210000000000006e-03
-1.614039999999999963e-03
-1.587499999999999935e-03
-1.168420000000000092e-03
-1.140519999999999902e-03
-1.007539999999999911e-03
-1.350920000000000029e-03
-1.346090000000000090e-03
-1.462970000000000069e-03
-1.337220000000000075e-03
-8.739050000000000160e-04
-6.454619999999999672e-04
-4.414759999999999995e-04
-1.655810000000000127e-04
-1.519819999999999960e-04
1.230869999999999957e-04
4.590010000000000054e-04
5.424720000000000063e-04
6.120379999999999701e-04
5.963529999999999873e-04
7.133309999999999911e-04
6.935799999999999561e-04
6.860170000000000287e-04
7.455079999999999780e-04
7.157230000000000319e-04
7.682070000000000261e-04
8.571019999999999941e-04
9.734319999999999865e-04
1.131870000000000098e-03
1.307439999999999991e-03
1.510559999999999984e-03
1.657779999999999974e-03
1.699809999999999949e-03
1.710249999999999965e-03
1.687179999999999930e-03
1.583269999999999903e-03
1.472739999999999943e-03
1.400970000000000080e-03
1.325879999999999984e-03
1.229269999999999972e-03
1.144580000000000077e-03
1.075280000000000073e-03
1.000030000000000059e-03
9.545110000000000096e-04
9.167529999999999690e-04
8.433489999999999650e-04
7.796189999999999501e-04
6.908650000000000338e-04
5.796280000000000009e-04
4.873850000000000101e-04
4.004319999999999906e-04
3.192520000000000123e-04
2.486829999999999770e-04
1.841769999999999952e-04
1.327400000000000064e-04
8.861150000000000363e-05
5.381849999999999980e-05
2.261270000000000120e-05
-9.761139999999999856e-06
-4.123149999999999987e-05
-7.454080000000000298e-05
-1.089529999999999985e-04
