-4.523540000000000265e-04
-8.593189999999999900e-04
-8.878650000000000517e-04
9.848980000000000018e-05
2.999379999999999841e-03
4.555919999999999762e-03
2.328250000000000024e-03
4.280069999999999968e-04
-2.038340000000000030e-03
-3.496920000000000150e-03
-1.902650000000000088e-03
-1.363059999999999923e-03
-1.688419999999999938e-03
-7.438889999999999652e-04
1.381810000000000026e-03
-7.984150000000000459e-05
3.087920000000000074e-04
1.274750000000000058e-03
-1.469040000000000016e-03
-1.122230000000000102e-03
1.135050000000000078e-03
1.385179999999999907e-04
-4.367490000000000022e-04
1.783800000000000099e-03
3.950300000000000339e-03
3.872790000000000087e-03
3.615759999999999981e-03
3.258780000000000183e-03
-1.538270000000000002e-03
-5.224539999999999740e-03
-5.446890000000000238e-03
-3.423190000000000000e-03
-1.775880000000000080e-03
-1.346909999999999883e-04
2.575459999999999902e-03
2.331689999999999978e-03
1.781919999999999988e-03
-2.794800000000000062e-03
-6.073069999999999857e-03
-3.720939999999999838e-03
-1.628909999999999907e-03
-1.997310000000000194e-06
-8.710260000000000051e-04
1.287310000000000060e-03
2.805080000000000160e-03
4.403429999999999844e-03
8.165199999999999195e-03
6.204770000000000077e-03
-1.392180000000000023e-03
-1.789970000000000103e-03
1.781060000000000108e-03
-6.322469999999999523e-04
-4.058420000000000083e-03
-5.224269999999999609e-03
-4.079809999999999687e-03
-1.298270000000000023e-03
-3.246460000000000058e-03
-5.015119999999999648e-03
-5.124250000000000332e-03
-3.873720000000000201e-03
4.969860000000000423e-04
2.722640000000000129e-03
3.863010000000000055e-03
-8.963050000000000184e-04
-2.016249999999999813e-03
4.114979999999999853e-03
5.608260000000000328e-03
3.027670000000000101e-03
3.014419999999999860e-03
3.390810000000000178e-03
5.951019999999999574e-03
6.986329999999999797e-03
-1.918259999999999974e-03
-1.017209999999999989e-02
-1.122880000000000059e-02
-5.822790000000000431e-03
-1.021640000000000091e-03
7.307249999999999943e-04
2.142409999999999974e-03
2.826840000000000169e-03
3.003309999999999921e-03
-1.433809999999999881e-04
-4.550789999999999870e-03
-4.477339999999999792e-03
-3.415520000000000014e-03
-4.936330000000000058e-03
-1.901820000000000030e-03
8.144489999999999673e-04
3.312439999999999829e-03
4.910780000000000006e-03
-3.639869999999999911e-03
-5.617640000000000133e-03
-4.462320000000000197e-04
5.727560000000000030e-04
1.924259999999999903e-03
4.123390000000000215e-03
6.214400000000000132e-03
7.103850000000000095e-03
1.026280000000000074e-02
7.956579999999999556e-03
-3.207120000000000153e-04
-8.547010000000000718e-03
-1.331240000000000027e-02
-1.090320000000000004e-02
-8.160399999999999945e-03
-8.908060000000000631e-03
-5.351309999999999747e-03
6.325660000000000310e-03
1.384709999999999934e-02
1.106659999999999935e-02
7.277340000000000197e-03
3.826679999999999839e-03
2.974989999999999839e-03
5.856499999999999727e-03
6.184939999999999882e-03
-6.602710000000000350e-04
-6.880220000000000259e-03
-3.988519999999999739e-03
-1.761849999999999918e-03
-5.851030000000000120e-03
-1.149470000000000006e-02
-9.426119999999999638e-03
-1.952570000000000043e-03
8.177570000000000108e-04
6.687860000000000332e-03
1.230400000000000070e-02
7.930229999999999918e-03
6.735820000000000002e-03
1.162879999999999990e-02
1.344440000000000045e-02
5.795400000000000031e-03
6.210539999999999637e-03
-1.639370000000000020e-03
-1.585309999999999844e-02
-1.179140000000000049e-02
-1.055930000000000063e-02
-1.462089999999999917e-02
-1.274199999999999985e-02
1.174839999999999912e-03
5.484339999999999875e-03
4.246070000000000226e-03
7.339730000000000039e-03
1.160029999999999915e-02
1.037120000000000056e-02
6.971520000000000147e-03
9.759189999999999185e-03
8.797330000000000774e-03
1.611440000000000008e-03
-5.870260000000000408e-03
-9.866609999999999617e-03
-1.042859999999999968e-02
-8.949620000000000145e-03
-8.700740000000000210e-03
-5.004250000000000018e-03
-5.353089999999999585e-03
-2.552169999999999873e-03
2.410139999999999852e-03
6.867540000000000103e-03
8.833080000000000098e-03
9.391029999999999864e-03
9.988749999999999366e-03
1.124739999999999941e-02
1.365360000000000011e-02
1.010400000000000013e-02
4.118669999999999623e-03
-4.566630000000000342e-03
-1.766449999999999965e-02
-1.421380000000000039e-02
-4.176980000000000276e-03
-6.920779999999999640e-03
-1.287349999999999953e-02
-1.099570000000000061e-02
5.925519999999999876e-04
1.041820000000000072e-02
8.041619999999999324e-03
1.567679999999999898e-03
5.425319999999999969e-03
7.031830000000000198e-03
-1.223029999999999951e-03
-7.756730000000000525e-05
7.061409999999999736e-03
-1.409679999999999961e-03
-2.461300000000000033e-03
1.093329999999999996e-02
1.581300000000000067e-02
9.295229999999999812e-03
1.618709999999999984e-03
-7.992749999999999855e-03
-3.527179999999999985e-03
8.507799999999999391e-03
3.613840000000000108e-03
-3.432319999999999989e-03
-2.580750000000000253e-04
-4.010650000000000152e-03
-1.843140000000000056e-02
-1.731649999999999856e-02
-4.970470000000000270e-03
1.206660000000000024e-03
7.924379999999999966e-03
5.561039999999999733e-03
-1.912499999999999921e-03
-6.298500000000000279e-03
-9.781800000000000217e-03
-1.184630000000000058e-02
-1.225839999999999916e-02
-5.006150000000000010e-03
1.159749999999999974e-03
3.099789999999999837e-03
5.480470000000000307e-03
1.585089999999999937e-03
-5.714020000000000210e-03
-6.266859999999999965e-03
5.028780000000000056e-04
6.195499999999999619e-03
6.940100000000000262e-03
1.505540000000000090e-03
-8.605720000000000730e-03
-1.765009999999999843e-02
-1.988080000000000055e-02
-1.661069999999999908e-02
-1.285200000000000058e-02
-5.705850000000000158e-03
1.666789999999999938e-02
3.057759999999999992e-02
1.911380000000000023e-02
1.408620000000000011e-02
1.731550000000000103e-02
1.757059999999999872e-02
9.998069999999999527e-03
7.854029999999999692e-03
6.641249999999999584e-03
-1.093640000000000063e-02
-1.897089999999999888e-02
-2.030710000000000154e-02
-2.403829999999999856e-02
-2.937599999999999933e-02
-2.811730000000000132e-02
-2.437689999999999996e-02
-1.580180000000000126e-02
3.706720000000000154e-03
9.220839999999999245e-03
5.280579999999999996e-03
-4.309460000000000200e-03
-6.023060000000000219e-03
1.311759999999999923e-03
5.936440000000000293e-03
1.054680000000000027e-02
1.549999999999999989e-02
2.136800000000000158e-02
1.703100000000000100e-02
8.604759999999999492e-03
1.785040000000000108e-03
-3.279259999999999987e-03
-3.997340000000000268e-03
2.774439999999999979e-03
1.400769999999999967e-02
1.589569999999999872e-02
2.769610000000000127e-02
4.478010000000000324e-02
3.184750000000000081e-02
2.745870000000000082e-03
-1.503170000000000027e-02
-2.535410000000000094e-02
-3.558569999999999789e-02
-3.709330000000000266e-02
-3.797249999999999931e-02
-3.084879999999999914e-02
-7.516349999999999767e-03
-1.897170000000000106e-03
7.915479999999999912e-04
3.846449999999999956e-03
6.104730000000000052e-03
-3.042630000000000161e-03
-1.719510000000000136e-02
-1.720939999999999970e-02
-2.472579999999999917e-02
-1.753580000000000069e-02
8.690420000000000783e-03
3.453930000000000194e-02
4.156399999999999678e-02
4.660990000000000272e-02
5.569099999999999745e-02
6.576039999999999663e-02
5.276460000000000178e-02
2.419649999999999926e-02
2.039900000000000047e-02
8.775069999999999398e-03
-1.727779999999999941e-02
-3.000939999999999858e-02
-2.883840000000000015e-02
-2.894760000000000041e-02
-3.383950000000000152e-02
-4.309500000000000136e-02
-3.219120000000000315e-02
3.771959999999999983e-03
2.908329999999999943e-02
2.176470000000000141e-02
-1.658530000000000074e-03
-1.025820000000000030e-02
-1.550709999999999936e-02
-2.569480000000000028e-02
-4.098969999999999697e-02
-3.653850000000000153e-02
-1.315389999999999962e-02
-6.742389999999999798e-04
7.394979999999999783e-03
1.423310000000000027e-02
1.973590000000000066e-02
2.963199999999999862e-02
4.317859999999999754e-02
5.216889999999999722e-02
5.771670000000000272e-02
4.176690000000000264e-02
7.992680000000000270e-03
-1.069980000000000063e-02
-1.492369999999999981e-02
-2.105790000000000092e-02
-3.016349999999999934e-02
-3.210459999999999703e-02
-2.243490000000000067e-02
-2.980490000000000136e-03
-2.360329999999999893e-03
-2.500840000000000007e-02
-1.494099999999999942e-02
1.275399999999999971e-02
3.131799999999999862e-02
3.225539999999999657e-02
2.810910000000000145e-02
-3.514989999999999955e-03
-5.481889999999999680e-02
-7.287699999999999734e-02
-6.625309999999999533e-02
-4.636210000000000331e-02
-3.988209999999999672e-02
-2.271549999999999958e-02
2.149339999999999931e-02
5.110089999999999771e-02
4.869779999999999942e-02
4.538790000000000185e-02
5.241869999999999863e-02
4.639360000000000012e-02
1.052319999999999992e-02
-1.835499999999999979e-02
-2.961890000000000009e-02
-3.063890000000000016e-02
-2.433530000000000068e-02
-1.330910000000000079e-02
-1.749420000000000011e-03
7.879380000000000064e-03
1.479289999999999945e-02
6.952189999999999585e-03
-8.280489999999999726e-03
-1.807860000000000023e-02
-1.539910000000000063e-02
-7.034059999999999965e-03
2.375439999999999930e-03
1.010089999999999946e-02
2.658719999999999833e-02
4.052139999999999909e-02
3.287439999999999807e-02
8.351600000000000690e-03
-1.171080000000000038e-02
-1.178829999999999982e-02
-4.485109999999999618e-03
2.338690000000000040e-03
4.206310000000000431e-03
1.095300000000000006e-03
3.582060000000000192e-03
6.523740000000000094e-03
1.758260000000000031e-02
2.599759999999999918e-02
1.508559999999999936e-02
6.204460000000000183e-03
1.465110000000000023e-02
2.048339999999999883e-02
1.118820000000000058e-02
-4.077149999999999871e-03
-1.575719999999999898e-02
-3.941909999999999858e-02
-7.197140000000000482e-02
-7.933279999999999499e-02
-7.505900000000000072e-02
-6.487429999999999586e-02
-3.595419999999999866e-02
-6.985189999999999629e-03
2.559969999999999954e-02
5.919750000000000012e-02
6.372319999999999374e-02
6.215960000000000235e-02
5.276129999999999709e-02
1.922470000000000082e-02
-4.582100000000000409e-03
-1.144869999999999916e-02
-1.189349999999999956e-02
-1.410070000000000073e-02
-7.189229999999999579e-03
4.758019999999999958e-03
9.679520000000000485e-03
1.444190000000000057e-02
8.826789999999999289e-03
3.823689999999999815e-03
-7.033189999999999928e-03
-1.282580000000000005e-02
-1.472709999999999991e-02
-1.578480000000000161e-02
-1.228830000000000026e-02
-1.669769999999999935e-02
-1.842250000000000137e-02
-2.097150000000000056e-02
-2.089500000000000038e-02
-2.246180000000000052e-02
-2.579510000000000136e-02
-2.457420000000000090e-02
-1.054199999999999929e-02
1.224989999999999933e-02
3.990210000000000284e-02
7.277260000000000673e-02
8.983510000000000106e-02
7.513079999999999758e-02
3.920130000000000142e-02
1.227740000000000081e-02
-1.574230000000000030e-03
-2.529640000000000014e-02
-2.711099999999999968e-02
9.121479999999999519e-03
2.288940000000000072e-02
1.247219999999999926e-02
-8.502090000000000342e-03
-1.770149999999999849e-02
-2.409690000000000096e-02
-3.285260000000000263e-02
-1.698440000000000019e-02
1.653680000000000080e-02
2.883190000000000058e-02
3.389720000000000233e-02
9.691619999999999749e-03
-4.799350000000000144e-02
-7.802430000000000476e-02
-7.100059999999999705e-02
-2.319730000000000056e-02
2.021799999999999986e-02
4.101679999999999909e-02
3.838420000000000026e-02
2.553319999999999895e-02
1.555050000000000009e-02
-4.982230000000000035e-04
-7.708610000000000288e-03
7.410690000000000159e-04
7.715819999999999970e-03
1.930379999999999987e-03
-1.266299999999999934e-03
-8.674880000000000264e-04
-6.607029999999999847e-03
-1.682130000000000083e-02
-1.977009999999999879e-02
-1.104909999999999920e-02
-7.451610000000000004e-03
-1.023720000000000012e-02
-1.397660000000000048e-02
-1.963250000000000065e-02
-2.209579999999999878e-02
-2.596570000000000128e-02
-3.124410000000000034e-02
-3.539149999999999935e-02
-3.897370000000000001e-02
-3.611980000000000052e-02
-1.207940000000000055e-02
1.730780000000000166e-02
3.131040000000000212e-02
3.730699999999999988e-02
3.876960000000000128e-02
3.614010000000000139e-02
1.615010000000000057e-02
1.839499999999999989e-03
-7.262979999999999610e-03
-1.362780000000000068e-02
-1.384299999999999940e-02
3.369490000000000159e-03
4.663069999999999715e-02
7.893409999999999316e-02
7.960830000000000684e-02
4.628700000000000175e-02
1.184260000000000000e-02
1.928250000000000103e-02
4.595239999999999742e-02
5.549760000000000110e-02
3.784239999999999826e-02
2.013240000000000125e-04
-4.141159999999999980e-02
-8.857850000000000446e-02
-1.060490000000000044e-01
-1.065689999999999971e-01
-8.100899999999999768e-02
-4.733890000000000320e-02
-1.836780000000000010e-02
1.929170000000000017e-03
9.655669999999999878e-03
2.959969999999999962e-02
3.759749999999999898e-02
3.952839999999999826e-02
3.033819999999999920e-02
1.866529999999999925e-02
8.303120000000000639e-03
-2.825060000000000071e-02
-6.621599999999999708e-02
-7.568270000000000552e-02
-3.443800000000000333e-02
2.780650000000000135e-02
5.156229999999999841e-02
4.466200000000000031e-02
2.721590000000000120e-02
1.610910000000000120e-02
8.796760000000000690e-03
2.373509999999999913e-05
-1.277320000000000018e-02
-3.135659999999999836e-02
-4.422079999999999761e-02
-2.428490000000000162e-02
2.015540000000000040e-02
4.822069999999999829e-02
5.130110000000000225e-02
5.342680000000000345e-02
5.813109999999999805e-02
5.948049999999999865e-02
4.899189999999999795e-02
1.438730000000000044e-02
-2.089349999999999888e-02
-3.457879999999999981e-02
-3.488789999999999947e-02
-5.198819999999999830e-02
-6.388950000000000184e-02
-7.130190000000000139e-02
-5.861100000000000337e-02
-8.588210000000000635e-03
3.928040000000000004e-02
8.832909999999999373e-02
1.195770000000000027e-01
1.297480000000000022e-01
1.079330000000000012e-01
6.203960000000000030e-02
1.500330000000000066e-02
-2.504589999999999941e-02
-5.702600000000000030e-02
-7.491680000000000561e-02
-7.543089999999999518e-02
-7.125299999999999689e-02
-6.114270000000000121e-02
-5.862740000000000312e-02
-5.326430000000000053e-02
-4.100689999999999891e-02
-2.730629999999999863e-02
-2.404840000000000103e-02
2.979530000000000199e-03
2.809089999999999851e-02
2.121510000000000062e-02
1.683110000000000162e-02
9.934899999999999981e-03
9.884910000000000224e-03
1.034999999999999983e-02
1.165659999999999960e-02
1.212180000000000028e-02
1.003989999999999917e-02
9.921610000000000845e-03
1.056520000000000029e-02
2.834639999999999816e-03
-1.515309999999999921e-02
-2.866700000000000151e-02
-3.357220000000000343e-02
-3.108649999999999955e-02
-3.172189999999999732e-02
-3.906489999999999962e-02
-4.632220000000000087e-02
-2.992569999999999952e-02
-4.042229999999999955e-03
1.268880000000000008e-02
3.075810000000000002e-02
3.153430000000000122e-02
1.957280000000000131e-02
8.976009999999999545e-03
6.617770000000000249e-03
2.405159999999999937e-03
4.413539999999999651e-03
1.815289999999999959e-02
2.123740000000000003e-02
1.363430000000000024e-02
1.618429999999999869e-02
3.762879999999999697e-02
4.771249999999999797e-02
4.751570000000000099e-02
5.882439999999999891e-02
6.929159999999999486e-02
6.167729999999999740e-02
3.065400000000000069e-02
-1.103640000000000003e-02
-3.930779999999999691e-02
-6.044929999999999748e-02
-7.613290000000000335e-02
-7.815759999999999375e-02
-8.020570000000000477e-02
-6.624399999999999733e-02
-3.848259999999999875e-02
-1.016129999999999985e-02
1.920140000000000041e-02
5.280529999999999946e-02
8.180800000000000571e-02
8.971200000000000008e-02
7.140190000000000425e-02
2.386479999999999851e-02
-3.741780000000000106e-02
-8.947960000000000635e-02
-1.113200000000000023e-01
-9.574439999999999340e-02
-5.035749999999999948e-02
-9.820680000000000034e-03
1.077110000000000047e-02
2.035090000000000163e-02
1.920849999999999988e-02
7.994619999999999158e-03
1.538019999999999969e-03
5.493579999999999644e-03
2.043860000000000121e-02
3.309779999999999667e-02
3.204209999999999697e-02
2.682690000000000075e-02
2.516629999999999909e-02
1.569459999999999952e-02
3.180710000000000113e-04
-7.737889999999999872e-03
-5.783579999999999971e-03
-3.085679999999999933e-03
-2.609339999999999923e-03
-3.290710000000000076e-03
3.914899999999999804e-04
1.261819999999999956e-02
1.693280000000000132e-02
1.822410000000000002e-02
1.888199999999999948e-02
1.961850000000000052e-02
5.107949999999999990e-03
-2.563489999999999866e-02
-4.367050000000000098e-02
-4.857770000000000143e-02
-4.615620000000000139e-02
-2.791350000000000081e-02
-1.294099999999999938e-02
-8.928290000000000184e-03
-4.622970000000000226e-04
2.276109999999999939e-02
4.441869999999999846e-02
5.235530000000000045e-02
5.333559999999999690e-02
5.326209999999999972e-02
5.349980000000000013e-02
5.610890000000000322e-02
3.367200000000000054e-02
-8.322450000000000334e-03
-2.299819999999999989e-02
-2.113570000000000032e-02
-2.192519999999999886e-02
-2.503009999999999957e-02
-2.488730000000000109e-02
-1.000340000000000083e-02
6.245170000000000408e-03
8.612589999999999829e-03
1.055979999999999940e-02
1.265989999999999997e-02
1.413589999999999985e-02
5.719860000000000222e-03
-6.609910000000000091e-03
-1.180989999999999991e-02
-1.449250000000000017e-02
-2.106740000000000002e-02
-4.024029999999999968e-02
-5.039849999999999886e-02
-4.185910000000000325e-02
-3.158060000000000034e-02
-2.685689999999999952e-02
-1.059709999999999992e-02
1.817809999999999912e-02
3.287629999999999719e-02
3.407280000000000031e-02
3.147690000000000210e-02
2.886160000000000114e-02
2.332810000000000092e-02
1.974690000000000126e-02
2.583730000000000054e-02
3.433689999999999659e-02
3.669519999999999726e-02
2.022720000000000073e-02
3.675710000000000002e-03
-5.370670000000000131e-03
-2.209559999999999996e-02
-3.485989999999999922e-02
-3.692739999999999911e-02
-3.377770000000000078e-02
-3.134800000000000086e-02
-2.761689999999999978e-02
-2.347770000000000065e-02
-2.171419999999999947e-02
-1.943239999999999898e-02
-2.980839999999999792e-03
1.072180000000000008e-02
1.514350000000000071e-02
1.195500000000000035e-02
-9.416030000000000580e-03
-2.417439999999999867e-02
-2.590939999999999910e-02
-1.874189999999999884e-02
-1.371640000000000012e-02
-1.743319999999999939e-02
-2.355120000000000130e-02
-1.639789999999999998e-02
6.472729999999999673e-04
9.860930000000000389e-03
1.510369999999999942e-02
1.847580000000000056e-02
1.059429999999999920e-02
-3.506179999999999800e-03
-7.420940000000000002e-03
-6.841579999999999884e-03
1.020569999999999941e-03
9.214230000000000337e-03
1.401840000000000031e-02
1.969069999999999848e-02
1.919190000000000132e-02
1.336659999999999932e-02
1.051159999999999985e-03
-1.240980000000000034e-02
-2.246899999999999939e-02
-2.450499999999999901e-02
-1.657749999999999849e-02
-1.504549999999999985e-02
-1.714769999999999836e-02
-1.401319999999999996e-02
-1.086960000000000010e-02
-8.510339999999999919e-03
-6.089879999999999773e-03
-1.380539999999999979e-03
3.941809999999999585e-03
3.794930000000000178e-03
-3.365470000000000180e-03
-1.370930000000000065e-02
-1.442839999999999921e-02
-8.517500000000000765e-03
-8.379179999999999962e-04
6.293919999999999723e-03
1.376239999999999929e-02
2.525669999999999998e-02
3.167969999999999814e-02
3.324950000000000128e-02
3.192239999999999661e-02
3.442449999999999677e-02
3.775889999999999802e-02
4.036089999999999817e-02
4.461529999999999663e-02
4.854939999999999950e-02
5.162980000000000347e-02
3.566890000000000338e-02
4.204939999999999893e-03
-1.257920000000000045e-02
-1.271070000000000012e-02
-8.775589999999999780e-03
-1.412209999999999898e-03
1.271409999999999945e-03
-5.064830000000000200e-03
-8.001420000000000407e-03
-5.276999999999999573e-03
6.880380000000000176e-03
1.826660000000000089e-02
2.398990000000000150e-02
2.728239999999999832e-02
2.788010000000000141e-02
2.386740000000000042e-02
1.004539999999999947e-02
-2.218889999999999892e-04
-9.163209999999999758e-03
-1.998849999999999932e-02
-2.536180000000000032e-02
-1.568200000000000149e-02
-4.196840000000000293e-03
-2.558720000000000005e-03
-3.566479999999999911e-03
-5.661560000000000377e-03
-2.146640000000000006e-03
1.840570000000000032e-04
1.607979999999999956e-03
-4.073430000000000280e-03
-2.238959999999999909e-02
-3.477439999999999698e-02
-3.636659999999999893e-02
-3.133190000000000280e-02
-2.365640000000000104e-02
-1.772510000000000058e-02
-1.767109999999999861e-02
-2.000280000000000113e-02
-1.858800000000000036e-02
-1.313210000000000072e-02
-8.788900000000000531e-03
-9.940479999999999802e-03
-1.098090000000000004e-02
-1.325549999999999992e-02
-1.929689999999999878e-02
-2.542000000000000162e-02
-2.680010000000000031e-02
-2.390530000000000085e-02
-1.919600000000000126e-02
-1.321059999999999943e-02
-3.468590000000000128e-03
3.825429999999999889e-03
2.533089999999999994e-03
-2.441449999999999957e-03
-5.501449999999999743e-03
-5.519809999999999994e-03
-5.413730000000000278e-03
5.461500000000000209e-03
1.911830000000000127e-02
3.059629999999999989e-02
3.784850000000000020e-02
3.703359999999999985e-02
3.388889999999999958e-02
2.626950000000000118e-02
1.137550000000000019e-02
-4.797659999999999599e-03
-1.112780000000000019e-02
-1.239769999999999935e-02
-1.432959999999999963e-02
-1.474669999999999974e-02
-8.787899999999999531e-03
9.001910000000000120e-03
2.411220000000000030e-02
2.711809999999999915e-02
2.041369999999999990e-02
5.361529999999999768e-03
-1.159330000000000083e-03
1.187320000000000010e-04
2.812550000000000033e-03
8.024750000000000633e-03
1.143259999999999936e-02
1.561360000000000005e-02
1.956099999999999853e-02
1.338690000000000019e-02
-4.652830000000000160e-03
-1.673370000000000066e-02
-2.658999999999999905e-02
-3.928899999999999754e-02
-4.410639999999999700e-02
-3.797930000000000056e-02
-1.445910000000000077e-02
1.091750000000000012e-02
1.792790000000000009e-02
1.125609999999999979e-02
9.730670000000000129e-05
-1.013020000000000066e-02
-1.773129999999999845e-02
-2.174799999999999997e-02
-1.591969999999999844e-02
-7.491489999999999955e-03
3.686259999999999906e-04
5.419669999999999696e-03
8.652049999999999672e-03
9.445610000000000117e-03
6.793610000000000274e-03
1.091540000000000045e-02
1.905300000000000049e-02
2.610120000000000148e-02
2.802079999999999849e-02
2.530460000000000001e-02
2.072380000000000055e-02
1.306859999999999966e-02
5.551249999999999761e-03
3.811129999999999813e-03
9.755689999999999154e-03
1.647240000000000162e-02
2.055140000000000092e-02
1.933549999999999852e-02
1.612150000000000041e-02
1.598480000000000040e-02
1.788410000000000000e-02
1.931719999999999965e-02
1.263719999999999948e-02
5.025950000000000382e-03
1.673210000000000062e-03
-9.267709999999999533e-04
-2.270110000000000097e-03
-5.905389999999999945e-03
-9.981310000000000182e-03
-2.126250000000000015e-02
-3.392789999999999695e-02
-3.106679999999999858e-02
-1.807500000000000079e-02
-5.868670000000000310e-03
-1.896789999999999978e-03
-1.114449999999999903e-03
-6.287889999999999972e-03
-1.660930000000000045e-02
-2.443270000000000164e-02
-2.811999999999999916e-02
-2.451429999999999929e-02
-1.869519999999999862e-02
-5.420880000000000316e-03
1.654179999999999887e-02
3.185500000000000137e-02
3.507110000000000088e-02
3.344830000000000025e-02
2.206810000000000022e-02
-6.992990000000000143e-04
-1.773430000000000145e-02
-2.493760000000000074e-02
-3.027929999999999858e-02
-3.366469999999999879e-02
-3.204900000000000110e-02
-2.047910000000000008e-02
-8.961540000000000261e-04
1.290439999999999990e-02
1.924069999999999947e-02
2.116540000000000088e-02
1.868380000000000041e-02
1.494039999999999951e-02
1.353069999999999967e-02
1.638770000000000157e-02
1.723130000000000148e-02
1.437940000000000051e-02
9.625150000000000719e-03
4.490479999999999819e-03
1.444760000000000011e-03
3.602059999999999811e-03
4.319120000000000077e-03
5.563400000000000029e-04
-8.213619999999999602e-03
-1.827080000000000023e-02
-2.228660000000000016e-02
-2.090449999999999947e-02
-6.705029999999999844e-03
6.545790000000000115e-03
3.356249999999999858e-03
-1.952639999999999931e-02
-3.241720000000000018e-02
-2.904910000000000131e-02
-2.145729999999999860e-02
-1.196310000000000082e-02
-8.586929999999999563e-03
-1.410310000000000036e-02
-1.993649999999999936e-02
-2.074020000000000030e-02
-1.691319999999999976e-02
-1.016180000000000035e-02
-6.291920000000000325e-03
-1.638679999999999998e-03
2.541279999999999928e-03
4.661870000000000250e-03
5.880769999999999574e-03
1.027390000000000074e-02
1.500869999999999982e-02
1.897860000000000172e-02
1.747920000000000029e-02
1.482110000000000025e-02
1.200889999999999944e-02
1.055239999999999997e-02
1.004749999999999914e-02
1.106850000000000021e-02
1.415809999999999985e-02
1.591249999999999956e-02
1.256999999999999958e-02
4.415050000000000224e-03
-4.177430000000000206e-03
-8.412470000000000017e-03
-3.915290000000000090e-03
6.701890000000000278e-03
1.473029999999999999e-02
1.622360000000000121e-02
1.570650000000000171e-02
1.080739999999999999e-02
2.193500000000000137e-03
-4.438540000000000367e-03
-6.486689999999999817e-03
-3.836730000000000002e-03
-6.930909999999999545e-04
2.864670000000000150e-03
7.057889999999999824e-03
8.609310000000000226e-03
7.571979999999999857e-03
-4.380820000000000113e-04
-8.082980000000000026e-03
-8.545040000000000274e-03
9.848240000000000292e-04
1.071970000000000041e-02
1.472530000000000019e-02
1.601759999999999989e-02
1.385209999999999914e-02
1.240780000000000008e-02
1.082879999999999954e-02
1.224669999999999925e-02
1.612879999999999869e-02
1.688049999999999967e-02
1.654699999999999921e-02
1.671529999999999891e-02
1.329420000000000081e-02
8.454309999999999603e-03
4.499770000000000159e-03
5.758329999999999872e-04
-5.190219999999999730e-03
-1.267290000000000083e-02
-1.385310000000000014e-02
-8.924440000000000497e-03
-7.192480000000000227e-03
-1.001480000000000078e-02
-1.151420000000000048e-02
-1.146220000000000051e-02
-1.126429999999999966e-02
-8.842819999999999500e-03
-3.489860000000000011e-03
9.032789999999999960e-04
3.320810000000000211e-04
-4.971920000000000332e-03
-1.249540000000000026e-02
-1.462109999999999972e-02
-1.358580000000000031e-02
-1.313089999999999917e-02
-1.289730000000000043e-02
-1.494440000000000004e-02
-1.520759999999999994e-02
-1.153659999999999929e-02
-1.028609999999999941e-02
-1.077769999999999943e-02
-9.239570000000000768e-03
-3.695869999999999971e-03
3.261550000000000213e-03
6.958040000000000405e-03
6.157339999999999862e-03
2.460860000000000044e-03
-2.520820000000000005e-03
-9.005970000000000295e-03
-1.190790000000000078e-02
-1.418250000000000066e-02
-1.583789999999999851e-02
-1.489850000000000028e-02
-1.151109999999999980e-02
-7.336220000000000067e-03
-6.833360000000000128e-03
-7.211770000000000160e-03
-9.237489999999999243e-03
-1.081949999999999926e-02
-8.897830000000000669e-03
-3.814140000000000152e-03
1.732620000000000037e-03
4.375440000000000405e-03
1.069620000000000076e-03
-4.225190000000000196e-03
-7.237249999999999760e-03
-7.923710000000000475e-03
-5.151349999999999853e-03
-1.467100000000000045e-03
-8.122599999999999786e-04
-2.100519999999999818e-03
-3.998729999999999819e-03
-3.700890000000000082e-03
3.189210000000000048e-03
1.234679999999999979e-02
1.859219999999999970e-02
2.043839999999999893e-02
1.619009999999999894e-02
1.066280000000000006e-02
1.425650000000000094e-03
-7.654389999999999632e-03
-1.381109999999999977e-02
-1.475659999999999993e-02
-8.435700000000000837e-03
-2.859360000000000027e-03
3.979739999999999840e-03
1.020579999999999925e-02
1.300469999999999925e-02
1.215399999999999987e-02
9.845770000000000216e-03
1.185720000000000003e-02
1.271500000000000061e-02
1.407979999999999995e-02
1.372989999999999974e-02
1.270690000000000014e-02
1.270989999999999967e-02
1.124220000000000080e-02
7.917999999999999691e-03
-6.163390000000000361e-04
-6.285500000000000288e-03
-6.329350000000000080e-03
-3.726310000000000039e-03
-6.204070000000000114e-04
-1.669979999999999945e-03
-3.053099999999999998e-03
-4.468859999999999846e-03
-5.714280000000000401e-03
-4.404589999999999894e-03
-6.376249999999999973e-03
-6.458870000000000236e-03
-1.354780000000000090e-03
5.419039999999999968e-03
9.161419999999999980e-03
1.083929999999999963e-02
1.004369999999999916e-02
4.457189999999999763e-03
7.454150000000000316e-04
1.216660000000000050e-03
2.194839999999999985e-03
4.413339999999999971e-03
9.030889999999999751e-03
1.187159999999999951e-02
1.241319999999999923e-02
1.021210000000000000e-02
5.635320000000000086e-03
3.576960000000000122e-03
1.875059999999999900e-04
-1.756109999999999963e-04
5.792409999999999573e-03
1.069449999999999915e-02
1.599139999999999937e-02
1.533149999999999964e-02
1.031609999999999992e-02
8.693309999999999232e-03
9.144150000000000195e-03
1.160130000000000015e-02
1.425839999999999920e-02
1.666870000000000157e-02
1.681660000000000099e-02
1.287429999999999998e-02
6.186170000000000384e-03
1.004569999999999986e-03
-3.594599999999999879e-03
-6.224160000000000283e-03
-5.931419999999999748e-03
-6.256789999999999921e-03
-7.419590000000000213e-03
-5.915089999999999584e-03
-2.702079999999999933e-03
4.823590000000000213e-04
3.027259999999999934e-03
3.389370000000000056e-03
2.803889999999999855e-03
8.046919999999999724e-04
-1.283239999999999945e-03
-2.133920000000000088e-03
-1.292420000000000070e-03
1.266760000000000021e-03
4.198249999999999725e-03
4.949989999999999599e-03
3.854509999999999794e-03
9.260979999999999820e-04
-1.641239999999999973e-03
-3.214079999999999802e-03
-4.502329999999999700e-03
-6.409729999999999768e-03
-8.010110000000000841e-03
-6.588219999999999667e-03
-6.568840000000000269e-03
-7.748979999999999931e-03
-6.783029999999999789e-03
-4.252409999999999871e-03
-2.162429999999999908e-03
-3.155900000000000111e-03
-5.555960000000000412e-03
-7.534759999999999722e-03
-1.101809999999999942e-02
-1.556620000000000052e-02
-1.945550000000000057e-02
-2.288060000000000094e-02
-2.759810000000000041e-02
-2.935250000000000012e-02
-2.810510000000000091e-02
-2.581009999999999902e-02
-2.256649999999999975e-02
-1.947890000000000038e-02
-2.053870000000000001e-02
-2.322029999999999927e-02
-2.162599999999999939e-02
-1.867620000000000044e-02
-1.589159999999999878e-02
-1.479609999999999953e-02
-1.464720000000000084e-02
-1.471040000000000021e-02
-1.535910000000000053e-02
-1.486029999999999990e-02
-1.611599999999999838e-02
-1.812640000000000085e-02
-1.741339999999999902e-02
-1.113530000000000075e-02
-2.837570000000000196e-03
2.569450000000000033e-03
3.896469999999999968e-03
3.671049999999999921e-03
3.645559999999999946e-03
5.189840000000000252e-03
6.348559999999999620e-03
6.724950000000000372e-03
1.036630000000000017e-02
1.448200000000000008e-02
1.898129999999999956e-02
2.101719999999999977e-02
2.136089999999999864e-02
1.832030000000000117e-02
1.589170000000000166e-02
1.407309999999999985e-02
9.463680000000000356e-03
5.564219999999999930e-03
2.153340000000000115e-03
2.548089999999999817e-03
6.554650000000000407e-03
1.177090000000000081e-02
1.996049999999999908e-02
2.935470000000000093e-02
3.131919999999999843e-02
3.073680000000000162e-02
2.451990000000000072e-02
1.628949999999999843e-02
1.173830000000000012e-02
1.112329999999999916e-02
1.326629999999999997e-02
1.675669999999999937e-02
2.277370000000000089e-02
2.359280000000000058e-02
1.961069999999999827e-02
1.406390000000000071e-02
1.035830000000000084e-02
6.290519999999999966e-03
5.410270000000000010e-03
7.455370000000000226e-03
7.596130000000000417e-03
7.128980000000000039e-03
3.458000000000000136e-03
-4.302160000000000185e-03
-1.047720000000000075e-02
-1.448480000000000080e-02
-1.201029999999999980e-02
-6.247280000000000021e-03
-3.545299999999999927e-03
-2.527780000000000047e-05
3.639579999999999899e-03
7.233050000000000417e-03
7.209590000000000096e-03
4.551470000000000168e-03
2.361540000000000080e-03
-3.408599999999999911e-03
-9.373559999999999531e-03
-1.277119999999999991e-02
-1.632480000000000042e-02
-1.622279999999999903e-02
-1.226520000000000041e-02
-7.823139999999999261e-03
-3.516700000000000208e-03
-1.573589999999999928e-03
-1.221690000000000102e-03
-2.050950000000000169e-03
-1.627650000000000017e-03
-2.969959999999999788e-03
-6.981620000000000013e-03
-1.050060000000000056e-02
-1.471729999999999913e-02
-2.040379999999999971e-02
-2.109329999999999886e-02
-1.402160000000000038e-02
-6.654179999999999991e-03
-3.227999999999999967e-03
-2.450760000000000178e-03
-1.624549999999999996e-03
-1.820390000000000072e-03
-4.505290000000000228e-04
1.721050000000000010e-03
2.185159999999999794e-03
1.450759999999999940e-03
3.071540000000000208e-03
3.823290000000000022e-03
1.058069999999999931e-03
-2.351789999999999870e-03
-5.633130000000000082e-03
-7.995439999999999492e-03
-8.222900000000000001e-03
-7.497679999999999623e-03
-6.114559999999999787e-03
-4.942570000000000296e-03
-6.014590000000000214e-03
-6.352209999999999628e-03
-4.792629999999999980e-03
-2.919900000000000013e-03
-1.514340000000000087e-03
-9.237580000000000010e-04
-6.228549999999999582e-04
1.443669999999999979e-03
3.413289999999999814e-03
4.323129999999999681e-03
3.447979999999999795e-03
3.030800000000000161e-03
4.013059999999999718e-03
4.658719999999999875e-03
3.457159999999999921e-03
2.038349999999999971e-03
9.724500000000000288e-04
6.205520000000000177e-04
1.034149999999999984e-04
-1.612219999999999929e-03
-3.039200000000000148e-03
-1.849879999999999927e-03
4.787840000000000021e-04
2.873750000000000002e-03
2.731969999999999798e-03
1.169329999999999892e-03
1.770110000000000086e-03
1.922099999999999937e-03
2.082239999999999959e-03
2.179139999999999983e-03
9.949220000000000806e-04
-1.505350000000000080e-04
-7.176529999999999541e-04
5.175689999999999501e-04
5.162650000000000398e-03
8.986630000000000659e-03
9.148820000000000216e-03
6.613100000000000228e-03
5.577799999999999946e-03
4.915820000000000432e-03
2.932940000000000200e-03
1.499850000000000055e-03
6.083679999999999730e-04
6.134699999999999659e-04
7.960520000000000009e-04
8.511340000000000268e-04
5.314659999999999697e-03
9.883239999999999734e-03
1.460690000000000079e-02
1.624909999999999896e-02
1.572379999999999958e-02
1.381940000000000078e-02
8.982590000000000366e-03
6.118430000000000223e-03
5.203489999999999852e-03
3.539870000000000082e-03
2.833009999999999955e-03
2.729999999999999788e-03
3.940739999999999868e-03
5.983800000000000056e-03
8.729640000000000316e-03
1.161519999999999914e-02
1.006789999999999942e-02
8.277790000000000148e-03
4.537450000000000164e-03
-1.259909999999999936e-04
-4.370210000000000240e-03
-3.607250000000000213e-03
-3.208429999999999963e-03
-6.026690000000000345e-03
-8.054439999999999517e-03
-8.072799999999999768e-03
-9.230500000000000857e-03
-9.745600000000000096e-03
-8.248240000000000433e-03
-7.678059999999999573e-03
-7.740269999999999616e-03
-7.231289999999999593e-03
-5.250450000000000256e-03
-4.407930000000000008e-03
-4.555830000000000296e-03
-5.164769999999999951e-03
-7.060949999999999865e-03
-9.132569999999999577e-03
-1.136939999999999999e-02
-1.185600000000000022e-02
-9.453859999999999694e-03
-6.526460000000000421e-03
-5.343259999999999850e-03
-7.533200000000000313e-03
-9.446720000000000464e-03
-9.882260000000000350e-03
-9.902660000000000629e-03
-1.177540000000000010e-02
-1.544330000000000008e-02
-1.808709999999999832e-02
-1.963859999999999911e-02
-1.932230000000000059e-02
-1.755570000000000047e-02
-1.415089999999999924e-02
-7.080310000000000249e-03
-2.748709999999999912e-04
2.799410000000000006e-03
4.709869999999999682e-03
3.647029999999999890e-03
7.757320000000000057e-04
5.357220000000000184e-05
-4.686669999999999768e-04
-2.164929999999999806e-03
-2.828950000000000214e-03
-2.783050000000000020e-03
-1.395849999999999912e-03
5.972349999999999968e-04
1.930379999999999987e-03
4.056060000000000221e-03
6.768240000000000020e-03
9.239699999999999996e-03
9.342720000000000538e-03
9.662999999999999715e-03
1.027810000000000008e-02
9.908820000000000475e-03
8.391060000000000532e-03
4.602779999999999892e-03
6.166169999999999681e-04
-1.377479999999999937e-03
-7.257029999999999601e-04
5.329770000000000167e-04
2.459760000000000071e-03
6.382679999999999951e-03
1.036680000000000067e-02
1.437949999999999992e-02
1.441420000000000028e-02
1.088800000000000011e-02
5.547299999999999801e-03
2.226179999999999912e-03
1.723310000000000033e-03
1.629470000000000050e-03
2.969750000000000167e-03
2.651510000000000151e-03
2.038490000000000007e-03
3.662330000000000099e-03
5.570750000000000181e-03
5.026069999999999670e-03
4.345729999999999905e-03
5.585030000000000376e-03
8.122789999999999525e-03
1.036579999999999967e-02
1.109510000000000010e-02
1.046369999999999939e-02
9.213169999999999693e-03
6.686629999999999831e-03
5.867559999999999963e-03
6.210280000000000314e-03
6.327580000000000184e-03
5.041359999999999938e-03
4.962410000000000215e-04
-1.838540000000000053e-03
-1.858939999999999898e-03
-2.759029999999999773e-04
1.716159999999999995e-03
6.380150000000000231e-04
-3.883650000000000210e-03
-7.932029999999999637e-03
-9.038730000000000028e-03
-5.599289999999999823e-03
-1.526430000000000061e-03
4.299269999999999784e-04
5.176449999999999541e-04
-1.460139999999999962e-03
-4.878160000000000308e-03
-8.737840000000000190e-03
-1.131539999999999976e-02
-1.111439999999999997e-02
-1.175909999999999976e-02
-1.094000000000000007e-02
-9.119330000000000144e-03
-7.411850000000000209e-03
-6.853910000000000384e-03
-5.509550000000000211e-03
-2.479139999999999903e-03
-1.009319999999999965e-03
2.619840000000000016e-03
3.796920000000000069e-03
4.087620000000000142e-03
3.113509999999999889e-03
1.606970000000000100e-03
1.048010000000000044e-03
-1.260250000000000085e-03
-3.653169999999999855e-03
-4.759880000000000187e-03
-4.067300000000000255e-03
-2.391439999999999885e-03
1.279540000000000018e-03
9.388520000000000025e-04
5.552959999999999770e-05
6.297870000000000334e-04
3.288839999999999906e-04
2.646320000000000183e-03
4.087580000000000380e-03
5.243239999999999706e-03
4.026369999999999602e-03
-1.106269999999999910e-03
-6.826429999999999651e-03
-9.778320000000000067e-03
-1.034649999999999979e-02
-8.363580000000000667e-03
-4.947609999999999855e-03
-9.787879999999999671e-04
3.271549999999999805e-03
4.151799999999999762e-03
5.741979999999999827e-03
5.500239999999999990e-03
2.703389999999999960e-03
1.409010000000000037e-03
-9.747319999999999639e-04
-6.167160000000000090e-04
2.546300000000000039e-03
4.482260000000000064e-03
5.763370000000000298e-03
4.124230000000000430e-03
2.363710000000000203e-03
4.389419999999999780e-03
6.582420000000000285e-03
5.987750000000000017e-03
5.028949999999999913e-03
3.637669999999999966e-03
2.999139999999999966e-03
3.988539999999999620e-03
1.556850000000000031e-03
-2.769989999999999952e-03
-7.190669999999999701e-03
-8.234139999999999168e-03
-8.658469999999999708e-03
-1.079330000000000046e-02
-1.096270000000000057e-02
-9.698880000000000001e-03
-8.292300000000000712e-03
-6.991810000000000212e-03
-5.908570000000000141e-03
-3.280040000000000126e-03
5.418989999999999831e-04
3.167370000000000081e-03
2.943990000000000062e-03
4.853419999999999783e-03
6.878119999999999720e-03
7.407490000000000081e-03
6.848530000000000242e-03
4.258739999999999574e-03
3.377460000000000098e-03
3.000050000000000199e-03
3.412130000000000198e-03
2.582860000000000190e-03
1.150779999999999902e-03
5.754910000000000234e-04
2.961269999999999788e-03
4.932920000000000360e-03
5.729530000000000040e-03
5.657109999999999916e-03
5.121599999999999590e-03
6.212999999999999773e-03
6.804590000000000118e-03
9.355600000000000374e-03
1.110180000000000021e-02
1.194740000000000038e-02
9.150570000000000231e-03
4.789039999999999617e-03
5.070740000000000447e-04
-2.255089999999999959e-03
-3.836099999999999840e-03
-4.724520000000000282e-03
-4.344070000000000223e-03
-2.639659999999999836e-03
-3.956650000000000141e-04
-2.508319999999999864e-04
-2.630779999999999772e-04
-2.534629999999999956e-03
-4.137049999999999755e-03
-4.485900000000000130e-03
-3.206829999999999924e-03
2.326069999999999906e-04
2.755060000000000148e-03
3.671010000000000158e-03
3.326239999999999839e-03
2.040020000000000028e-03
1.020010000000000014e-03
3.549630000000000233e-04
6.058759999999999840e-04
1.708490000000000009e-03
1.115859999999999986e-03
-3.692670000000000002e-04
-1.647330000000000018e-03
-3.489459999999999784e-03
-6.069050000000000313e-03
-8.370179999999999634e-03
-9.559510000000000229e-03
-9.414669999999999983e-03
-8.878159999999999524e-03
-7.057469999999999716e-03
-5.224539999999999740e-03
-3.711889999999999808e-03
-3.882239999999999910e-03
-4.197420000000000317e-03
-4.527909999999999574e-03
-5.490799999999999674e-03
-5.970210000000000100e-03
-6.917799999999999991e-03
-6.479210000000000004e-03
-4.530000000000000172e-03
-4.534090000000000169e-03
-4.479010000000000283e-03
-3.043880000000000110e-03
-1.833149999999999970e-03
-9.804419999999999889e-04
2.353889999999999921e-04
2.026500000000000089e-03
3.294350000000000143e-03
3.465699999999999944e-03
1.844909999999999953e-03
-5.622980000000000296e-04
-3.307130000000000139e-03
-4.696379999999999999e-03
-3.357129999999999836e-03
-6.102769999999999983e-04
-3.777270000000000107e-04
-2.476900000000000195e-03
-5.668489999999999987e-03
-6.955740000000000187e-03
-6.437589999999999979e-03
-4.796420000000000024e-03
-4.303770000000000165e-03
-4.524099999999999649e-03
-4.003910000000000281e-03
-2.963519999999999870e-03
-2.442109999999999832e-04
2.830060000000000128e-03
3.427770000000000122e-03
1.201100000000000084e-03
7.318859999999999515e-04
2.020140000000000130e-03
3.057460000000000126e-03
3.006449999999999921e-03
2.928919999999999788e-03
2.274069999999999998e-03
1.195920000000000056e-03
-1.606930000000000012e-04
4.115149999999999928e-04
1.155079999999999952e-03
3.362350000000000061e-03
8.688780000000000114e-03
1.113169999999999958e-02
1.130510000000000022e-02
1.057270000000000085e-02
9.089589999999999823e-03
6.497759999999999994e-03
4.736210000000000246e-03
2.406520000000000100e-03
6.806629999999999712e-04
-3.393499999999999815e-04
-1.988699999999999930e-03
-2.824090000000000020e-03
-1.759230000000000082e-03
1.236499999999999969e-03
2.579829999999999970e-03
3.417229999999999834e-03
3.208120000000000069e-03
1.803570000000000000e-03
-1.273789999999999905e-03
-2.542679999999999853e-03
-2.727310000000000151e-03
-1.722629999999999951e-03
-9.369980000000000030e-05
1.906509999999999932e-03
2.571529999999999823e-03
1.287340000000000099e-03
1.133310000000000003e-03
-1.722709999999999910e-03
-1.075020000000000099e-03
-1.525699999999999978e-05
2.729549999999999858e-03
6.643269999999999731e-03
9.140219999999999248e-03
9.948049999999999948e-03
7.625490000000000393e-03
6.150560000000000228e-03
4.809240000000000216e-03
4.250269999999999569e-03
4.592970000000000039e-03
3.928939999999999690e-03
4.065599999999999943e-03
4.051309999999999807e-03
3.099629999999999920e-03
3.327080000000000055e-03
3.169980000000000193e-03
3.726890000000000064e-03
1.532850000000000098e-03
-1.679149999999999913e-03
-2.068799999999999979e-03
-2.532179999999999869e-04
1.657229999999999988e-03
3.438130000000000179e-03
3.686989999999999799e-03
3.000520000000000010e-03
1.946840000000000029e-03
1.341970000000000055e-03
-1.645910000000000103e-04
-4.203809999999999665e-03
-8.456200000000000522e-03
-1.156420000000000017e-02
-1.095520000000000001e-02
-9.870999999999999566e-03
-8.422610000000000513e-03
-6.246970000000000127e-03
-5.790029999999999830e-03
-5.663559999999999775e-03
-5.775780000000000323e-03
-5.360659999999999731e-03
-2.974899999999999940e-03
-1.200109999999999892e-03
-5.738520000000000209e-04
7.786499999999999802e-04
1.772109999999999918e-03
1.586450000000000100e-03
1.322260000000000015e-03
1.186379999999999981e-04
1.767589999999999927e-04
1.084009999999999943e-04
1.563219999999999985e-04
9.315039999999999909e-04
2.170780000000000192e-03
2.542050000000000125e-03
6.713469999999999811e-04
-5.873519999999999696e-04
-4.109110000000000236e-04
-1.046389999999999907e-03
-1.319770000000000058e-03
-4.139069999999999902e-03
-5.545669999999999940e-03
-5.484489999999999851e-03
-4.504290000000000203e-03
-5.191679999999999733e-04
1.945129999999999993e-03
3.078330000000000215e-03
2.305150000000000168e-03
1.397330000000000013e-03
1.017869999999999929e-03
1.105569999999999947e-03
9.862110000000000754e-04
-3.387900000000000004e-04
-1.233350000000000028e-03
-2.425749999999999955e-03
-3.855809999999999880e-03
-5.141030000000000426e-03
-5.891770000000000167e-03
-4.643320000000000260e-03
-2.952179999999999995e-03
-1.634360000000000066e-03
-1.979139999999999892e-03
-1.782299999999999900e-03
-3.492859999999999975e-03
-4.783179999999999724e-03
-3.230769999999999996e-03
-2.009850000000000091e-03
-3.737920000000000153e-04
-7.134739999999999659e-04
-2.369979999999999830e-03
-3.527699999999999933e-03
-2.555659999999999963e-03
-6.656239999999999683e-04
4.451330000000000087e-04
6.542100000000000129e-04
8.949070000000000158e-04
3.379640000000000053e-04
1.686210000000000107e-04
1.441559999999999933e-03
2.720610000000000042e-03
2.131029999999999903e-03
2.392130000000000124e-03
4.095500000000000182e-03
4.313759999999999817e-03
4.431029999999999865e-03
3.643570000000000055e-03
3.836330000000000209e-03
4.553360000000000220e-03
4.528860000000000004e-03
4.233029999999999606e-03
4.380910000000000012e-03
4.768480000000000288e-03
5.201960000000000264e-03
5.704790000000000381e-03
6.946110000000000131e-03
6.936900000000000184e-03
7.032759999999999879e-03
5.686329999999999857e-03
4.525549999999999712e-03
3.279080000000000189e-03
1.322690000000000064e-03
-2.970909999999999784e-04
-2.849159999999999887e-03
-1.800619999999999955e-03
-1.789430000000000057e-03
-2.798240000000000016e-03
-1.710939999999999987e-03
-1.243809999999999924e-03
6.329639999999999659e-04
1.496879999999999912e-03
3.462900000000000201e-04
-1.758000000000000014e-03
-3.328820000000000130e-03
-5.228090000000000341e-03
-6.561260000000000182e-03
-4.866050000000000236e-03
-3.537010000000000154e-03
-3.279999999999999930e-03
-1.435869999999999898e-03
-5.750179999999999484e-04
1.395589999999999938e-03
2.625680000000000028e-03
2.835779999999999985e-03
3.926129999999999898e-03
3.452820000000000108e-03
3.089670000000000090e-03
3.391560000000000061e-03
3.235469999999999839e-03
1.178100000000000067e-03
4.694069999999999731e-04
-1.321219999999999903e-03
-2.775940000000000178e-03
-2.225239999999999857e-03
-2.223639999999999818e-03
-2.024189999999999930e-03
-2.543239999999999997e-03
-3.708260000000000115e-03
-2.207929999999999875e-03
-1.018440000000000014e-03
9.508500000000000188e-05
5.795870000000000058e-04
5.940989999999999509e-04
5.244709999999999867e-04
-7.650550000000000536e-04
-1.614710000000000104e-03
-2.154590000000000064e-03
-3.946189999999999594e-03
-5.371579999999999931e-03
-5.185409999999999672e-03
-4.503100000000000332e-03
-3.359389999999999859e-03
-4.126979999999999711e-03
-6.502430000000000015e-03
-8.609479999999999217e-03
-9.891590000000000452e-03
-8.991060000000000371e-03
-7.078410000000000257e-03
-6.757199999999999665e-03
-6.637190000000000277e-03
-6.336679999999999917e-03
-6.645650000000000342e-03
-6.153589999999999581e-03
-3.817179999999999879e-03
-1.429790000000000011e-03
5.274290000000000488e-04
1.851449999999999927e-03
2.435140000000000134e-03
3.142900000000000121e-03
4.419420000000000293e-03
3.583409999999999981e-03
3.202650000000000028e-03
4.038729999999999924e-03
3.919770000000000372e-03
2.388410000000000099e-03
1.556099999999999931e-03
-1.311700000000000062e-04
7.030909999999999807e-04
2.251990000000000155e-03
2.849819999999999871e-03
4.777349999999999652e-03
4.972469999999999668e-03
4.897600000000000217e-03
3.140140000000000032e-03
2.392819999999999930e-03
1.760229999999999998e-03
1.814470000000000102e-03
2.811800000000000150e-03
4.249209999999999793e-03
5.537249999999999638e-03
5.923490000000000005e-03
5.157349999999999782e-03
4.830609999999999939e-03
4.942740000000000154e-03
4.707529999999999701e-03
6.408320000000000335e-03
6.738110000000000280e-03
6.793930000000000108e-03
5.867459999999999690e-03
3.396000000000000147e-03
1.777109999999999931e-03
1.392730000000000064e-04
-1.362759999999999970e-03
-2.149139999999999905e-03
-9.742999999999999924e-04
6.957979999999999677e-04
1.749349999999999994e-03
2.368760000000000136e-03
1.947539999999999992e-03
1.198419999999999954e-03
2.054439999999999934e-04
-4.036959999999999919e-04
-5.666220000000000105e-05
3.377860000000000216e-04
2.169569999999999897e-04
3.393839999999999748e-04
1.550319999999999997e-03
2.547740000000000161e-03
2.830850000000000206e-03
1.965750000000000049e-03
7.339809999999999781e-04
-6.113660000000000145e-04
-1.821579999999999944e-03
-2.303550000000000129e-03
-2.553269999999999845e-03
-2.612830000000000014e-03
-3.135830000000000041e-03
-3.462219999999999794e-03
-3.178059999999999913e-03
-3.109370000000000189e-03
-2.621399999999999859e-03
-1.916149999999999928e-03
-1.397819999999999922e-03
-1.356779999999999922e-03
-1.245929999999999911e-03
-7.879859999999999599e-04
-3.929560000000000236e-04
-3.407819999999999773e-04
-1.098800000000000037e-03
-9.851840000000000597e-04
-2.256740000000000081e-04
5.060610000000000325e-04
4.537720000000000187e-04
-1.341849999999999900e-04
-2.607360000000000190e-04
2.169950000000000120e-05
6.119709999999999722e-05
-1.101110000000000034e-04
-7.314720000000000466e-04
-1.674570000000000008e-03
-1.872919999999999923e-03
-1.897589999999999997e-03
-1.812070000000000044e-03
-1.444329999999999963e-03
-7.795319999999999897e-04
-5.518440000000000107e-04
-4.445350000000000256e-04
3.458019999999999801e-04
9.124960000000000536e-04
1.217619999999999987e-03
8.727599999999999855e-04
5.172960000000000020e-05
-5.603620000000000129e-04
-8.662900000000000288e-04
-9.228749999999999757e-04
-9.598840000000000410e-04
-5.615830000000000474e-04
4.005459999999999763e-06
1.614549999999999915e-04
-7.812790000000000121e-06
-2.805840000000000092e-04
-5.977859999999999988e-04
-9.359480000000000317e-04
-1.086270000000000074e-03
-1.348519999999999970e-03
-1.534629999999999935e-03
-1.697139999999999977e-03
-1.657009999999999993e-03
-1.414010000000000050e-03
-1.247590000000000027e-03
-1.030569999999999967e-03
-9.014459999999999747e-04
-4.613899999999999989e-04
-1.715270000000000130e-04
9.134899999999999563e-05
2.586280000000000046e-04
2.044129999999999960e-04
1.881469999999999996e-04
1.463249999999999924e-04
2.619690000000000256e-04
4.183950000000000082e-04
4.357580000000000112e-04
3.909000000000000148e-04
4.512130000000000047e-04
5.298749999999999641e-04
6.584030000000000047e-04
6.499729999999999787e-04
6.640349999999999942e-04
6.865390000000000078e-04
6.714950000000000346e-04
6.464920000000000302e-04
6.116869999999999729e-04
5.241490000000000125e-04
4.543440000000000261e-04
3.695950000000000147e-04
3.078089999999999798e-04
2.535920000000000210e-04
1.685989999999999895e-04
1.625990000000000063e-04
1.607679999999999895e-04
1.917509999999999874e-04
2.062459999999999901e-04
1.998720000000000000e-04
1.883420000000000070e-04
1.712940000000000036e-04
1.500720000000000092e-04
1.209539999999999942e-04
9.540220000000000622e-05
6.816189999999999532e-05
4.350970000000000120e-05
2.048210000000000165e-05
8.517939999999999629e-06
6.129690000000000091e-06
7.298230000000000257e-06
4.627639999999999793e-06
1.740479999999999978e-06
-5.964829999999999606e-06
-1.473989999999999926e-05
-2.428049999999999902e-05
-3.505450000000000124e-05
