-1.281979999999999943e-07
4.495640000000000041e-06
3.404650000000000090e-06
6.110570000000000010e-06
-2.691929999999999992e-06
-2.042290000000000059e-06
-6.075340000000000349e-06
-1.194869999999999963e-05
-9.923210000000000830e-06
1.193689999999999916e-05
1.777829999999999883e-05
2.229910000000000136e-05
6.171009999999999723e-06
6.058659999999999858e-06
2.287540000000000124e-05
4.246639999999999714e-05
5.211869999999999958e-05
1.700340000000000054e-05
-8.306769999999999413e-06
3.691599999999999689e-05
6.060759999999999889e-05
5.789439999999999918e-05
1.280980000000000058e-05
-2.884179999999999887e-05
-5.681549999999999838e-05
-7.859480000000000177e-05
-5.880859999999999799e-05
-9.625070000000000327e-05
-9.585760000000000190e-05
-2.968950000000000094e-05
-2.363420000000000150e-05
1.348619999999999973e-05
1.719260000000000070e-04
3.124679999999999905e-04
3.408360000000000144e-04
1.085329999999999992e-04
-2.194460000000000128e-04
-5.097409999999999702e-04
-6.965559999999999764e-04
-7.557059999999999776e-04
-6.340900000000000225e-04
-5.713899999999999622e-04
-4.655689999999999872e-04
-1.487790000000000065e-04
5.284049999999999663e-05
1.311180000000000006e-04
3.732340000000000115e-04
2.798920000000000097e-04
-3.772940000000000235e-04
-1.079560000000000025e-03
-1.236399999999999912e-03
-1.175959999999999983e-03
-9.632420000000000045e-04
-8.634400000000000408e-04
-6.857849999999999537e-04
-6.951179999999999404e-05
3.491979999999999997e-04
5.096729999999999837e-04
5.048560000000000330e-04
3.782100000000000262e-04
-2.493009999999999955e-06
-1.484930000000000028e-04
-4.640189999999999766e-04
-8.147929999999999626e-04
-1.145090000000000083e-03
-1.783440000000000069e-03
-1.877479999999999948e-03
-1.847059999999999978e-03
-1.302259999999999963e-03
-6.527510000000000256e-04
-4.629750000000000185e-05
2.653229999999999803e-04
6.359649999999999461e-04
1.104890000000000082e-03
1.519759999999999991e-03
1.945560000000000041e-03
1.425620000000000056e-03
1.149979999999999991e-04
-1.021250000000000022e-03
-1.568579999999999974e-03
-1.587340000000000018e-03
-1.743750000000000074e-03
-1.846580000000000010e-03
-8.491710000000000187e-04
8.067849999999999674e-04
2.054980000000000088e-03
2.353399999999999850e-03
1.670660000000000027e-03
3.782090000000000105e-04
2.498460000000000199e-04
3.548310000000000049e-04
2.173250000000000106e-04
1.980659999999999973e-04
5.246600000000000352e-04
1.532979999999999976e-03
1.566740000000000060e-03
2.223699999999999895e-03
2.639719999999999914e-03
2.160790000000000106e-03
1.327059999999999915e-03
5.054150000000000526e-04
5.245340000000000164e-05
1.094019999999999937e-04
7.813519999999999689e-05
-1.372509999999999908e-04
3.337020000000000112e-05
1.334820000000000017e-03
2.885819999999999878e-03
2.851049999999999938e-03
2.635409999999999923e-03
1.078219999999999960e-03
-7.081409999999999680e-05
-8.845719999999999733e-05
7.212780000000000016e-04
2.453279999999999957e-03
3.410240000000000146e-03
3.254540000000000211e-03
1.170409999999999983e-03
-1.012920000000000053e-03
-1.622500000000000027e-03
-4.991140000000000463e-04
-2.907170000000000153e-05
2.609940000000000155e-04
1.483249999999999976e-03
1.517200000000000016e-03
1.552919999999999951e-03
1.657540000000000098e-03
2.860549999999999898e-03
2.059230000000000001e-03
9.865379999999999115e-04
6.125430000000000067e-05
-2.682249999999999739e-04
-2.042310000000000035e-04
-2.916330000000000181e-04
-2.908769999999999867e-04
-2.919519999999999993e-04
-2.732300000000000115e-04
-8.070720000000000411e-04
-2.086100000000000020e-03
-1.609860000000000067e-03
4.382000000000000261e-04
2.900600000000000140e-03
4.490710000000000188e-03
3.258759999999999869e-03
7.573830000000000362e-04
-1.995709999999999932e-03
-2.296429999999999912e-03
-6.833359999999999912e-04
2.539940000000000080e-04
5.739060000000000038e-04
1.690080000000000054e-03
2.416129999999999840e-03
3.403310000000000102e-03
3.390109999999999998e-03
1.801269999999999998e-03
9.945999999999999980e-04
1.924299999999999991e-04
-8.627220000000000114e-04
-2.564330000000000082e-03
-2.595829999999999926e-03
-2.161730000000000162e-03
-1.383429999999999946e-03
-1.694310000000000087e-03
-4.198799999999999928e-03
-6.598299999999999652e-03
-5.619380000000000208e-03
-3.240219999999999819e-03
-1.854149999999999939e-03
-5.485620000000000513e-04
2.564639999999999758e-04
2.759619999999999847e-04
2.631460000000000179e-04
3.252420000000000007e-04
2.867880000000000060e-04
3.022780000000000085e-04
3.309179999999999782e-04
4.077420000000000003e-04
1.559490000000000073e-04
-1.273459999999999917e-06
3.621830000000000253e-04
2.280819999999999809e-03
4.502210000000000413e-03
4.562639999999999751e-03
4.317709999999999777e-03
4.503759999999999881e-03
4.270389999999999776e-03
4.882250000000000305e-03
4.639149999999999871e-03
2.570300000000000189e-03
-1.269200000000000059e-03
-5.005830000000000175e-03
-6.476100000000000259e-03
-5.838860000000000404e-03
-4.542580000000000055e-03
-4.029539999999999858e-03
-6.064090000000000279e-04
4.408759999999999849e-04
1.132489999999999994e-04
-1.550280000000000072e-04
-1.404080000000000042e-03
-3.026769999999999808e-03
-3.945109999999999936e-03
-3.763630000000000014e-03
-3.438189999999999823e-03
-2.499190000000000092e-03
-1.377689999999999991e-03
4.694759999999999754e-04
7.382670000000000248e-04
6.436999999999999797e-04
7.239349999999999865e-04
5.805549999999999600e-04
-9.719070000000000443e-04
-2.860790000000000208e-03
-2.902399999999999858e-03
-5.975820000000000394e-04
8.908359999999999933e-04
9.785030000000000062e-05
-3.131950000000000098e-03
-5.019690000000000263e-03
-6.597190000000000172e-03
-7.717530000000000223e-03
-7.434760000000000327e-03
-7.419979999999999631e-03
-6.100610000000000234e-03
-3.476069999999999941e-03
-1.493570000000000054e-03
8.288930000000000614e-05
1.387079999999999954e-03
2.761909999999999799e-03
3.669270000000000084e-03
2.284800000000000025e-03
4.499010000000000010e-04
-3.181610000000000189e-04
-9.466270000000000153e-04
-8.276969999999999597e-04
-2.923649999999999968e-04
-1.108879999999999995e-04
-2.387120000000000008e-04
-9.435210000000000081e-04
-1.723259999999999896e-03
-2.637089999999999920e-03
-5.178140000000000347e-03
-6.474169999999999578e-03
-6.174589999999999766e-03
-6.116469999999999720e-03
-6.067389999999999763e-03
-6.919080000000000195e-03
-8.370119999999999991e-03
-1.033629999999999965e-02
-1.073920000000000083e-02
-8.357559999999999989e-03
-4.706160000000000031e-03
-1.147570000000000100e-03
-1.529050000000000006e-04
4.444529999999999813e-04
1.058410000000000080e-03
2.754219999999999932e-04
5.164809999999999768e-05
7.970419999999999762e-04
3.407750000000000189e-03
4.429670000000000135e-03
2.165509999999999831e-03
-1.261739999999999910e-03
-3.735379999999999950e-03
-4.322699999999999633e-03
-2.891599999999999813e-03
5.549479999999999864e-04
3.165480000000000030e-03
4.539709999999999752e-03
4.566370000000000151e-03
4.572129999999999771e-03
4.571880000000000388e-03
4.813119999999999725e-03
5.549519999999999627e-03
6.639629999999999664e-03
7.165760000000000185e-03
5.679449999999999950e-03
4.031200000000000408e-03
2.063880000000000142e-03
1.653369999999999927e-03
1.796400000000000080e-03
1.020709999999999977e-03
-6.986810000000000416e-04
-1.966780000000000004e-03
-3.418599999999999937e-03
-4.249539999999999568e-03
-3.854890000000000139e-03
-3.424139999999999996e-03
-2.521939999999999859e-03
-2.793159999999999827e-03
-4.426669999999999737e-03
-6.029790000000000150e-03
-6.222359999999999697e-03
-4.982799999999999903e-03
-1.694030000000000015e-03
2.234069999999999893e-03
5.780099999999999821e-03
7.087600000000000323e-03
6.961379999999999652e-03
7.265980000000000008e-03
9.346039999999999903e-03
1.142010000000000074e-02
1.062549999999999953e-02
7.466529999999999868e-03
3.760310000000000215e-03
1.248830000000000036e-03
-7.490920000000000304e-04
-1.482280000000000099e-03
-2.284720000000000067e-03
-3.310389999999999860e-03
-3.398829999999999820e-03
-1.984839999999999868e-03
-1.705049999999999947e-04
8.045959999999999787e-04
9.941349999999999406e-04
7.104830000000000347e-04
-9.499569999999999716e-04
-4.754699999999999725e-03
-6.495220000000000334e-03
-6.360730000000000203e-03
-4.517120000000000336e-03
-1.368139999999999894e-03
2.632890000000000143e-03
4.897979999999999695e-03
5.300659999999999573e-03
4.525649999999999985e-03
4.652090000000000218e-03
2.972250000000000066e-03
3.733699999999999953e-03
7.211920000000000136e-03
1.248860000000000074e-02
1.713929999999999967e-02
1.962409999999999849e-02
2.130179999999999921e-02
2.063490000000000116e-02
2.016389999999999849e-02
1.995670000000000083e-02
2.114179999999999879e-02
2.256359999999999963e-02
2.194739999999999885e-02
1.916879999999999973e-02
1.509749999999999981e-02
9.700840000000000504e-03
6.069340000000000325e-03
4.641519999999999674e-03
3.938770000000000292e-03
3.178480000000000021e-03
4.053030000000000001e-03
5.181930000000000390e-03
3.999510000000000391e-03
1.153610000000000009e-03
-2.977940000000000101e-03
-9.277010000000000464e-03
-1.457149999999999938e-02
-1.940410000000000051e-02
-2.464119999999999852e-02
-2.686289999999999858e-02
-2.585600000000000051e-02
-2.088160000000000016e-02
-1.525549999999999996e-02
-8.753030000000000185e-03
-1.117780000000000076e-03
6.769390000000000129e-03
1.184860000000000080e-02
1.144470000000000036e-02
1.056509999999999914e-02
8.976500000000000104e-03
8.686420000000000252e-03
1.093850000000000031e-02
1.499669999999999996e-02
1.738160000000000052e-02
1.939880000000000076e-02
2.060949999999999935e-02
1.911269999999999983e-02
1.596389999999999962e-02
1.317390000000000054e-02
7.341689999999999675e-03
1.069550000000000058e-03
-7.681349999999999983e-03
-1.478400000000000027e-02
-1.833339999999999970e-02
-1.913290000000000129e-02
-1.080930000000000085e-02
9.599040000000000307e-04
6.728519999999999987e-03
5.687249999999999597e-03
4.811179999999999971e-04
-5.444789999999999699e-03
-8.701209999999999153e-03
-8.671969999999999332e-03
-7.607680000000000345e-03
-5.921459999999999918e-03
-5.288730000000000167e-03
-6.269809999999999793e-03
-6.763860000000000011e-03
-6.737599999999999839e-03
-6.248479999999999833e-03
-6.263040000000000100e-03
-7.050220000000000271e-03
-9.004889999999999770e-03
-1.059739999999999988e-02
-1.143279999999999991e-02
-1.620330000000000034e-02
-2.506049999999999944e-02
-3.169129999999999864e-02
-3.207209999999999922e-02
-2.142159999999999898e-02
-5.516580000000000095e-03
4.213019999999999612e-03
8.362239999999999951e-03
1.159869999999999998e-02
1.320829999999999921e-02
1.396720000000000080e-02
1.017279999999999920e-02
4.896010000000000119e-03
-8.739950000000000236e-04
-8.290900000000000353e-03
-1.285509999999999951e-02
-1.128580000000000035e-02
-3.937770000000000159e-03
9.438449999999999271e-03
1.877509999999999943e-02
1.979010000000000144e-02
1.634860000000000133e-02
1.248739999999999919e-02
8.007979999999999612e-03
4.365349999999999613e-03
-1.017289999999999904e-03
-1.032710000000000052e-02
-1.777170000000000138e-02
-2.091579999999999828e-02
-2.041010000000000046e-02
-1.792260000000000034e-02
-1.338589999999999919e-02
-6.490150000000000086e-03
5.839449999999999936e-04
2.649149999999999856e-03
-2.914780000000000062e-03
-9.634059999999999846e-03
-1.021979999999999937e-02
-5.172719999999999575e-03
4.343940000000000128e-03
8.419209999999999888e-03
4.720229999999999738e-03
1.290249999999999947e-03
-6.920360000000000400e-04
-1.256039999999999934e-03
-3.285929999999999841e-03
-8.079789999999999889e-03
-1.467519999999999936e-02
-1.961140000000000105e-02
-2.221559999999999854e-02
-2.306570000000000148e-02
-2.143010000000000054e-02
-1.479899999999999965e-02
2.257980000000000143e-03
2.355159999999999892e-02
3.831699999999999690e-02
4.226579999999999920e-02
4.265250000000000291e-02
4.171489999999999920e-02
4.103389999999999815e-02
3.962580000000000269e-02
3.605799999999999977e-02
3.036780000000000035e-02
2.480190000000000172e-02
1.828389999999999876e-02
1.104319999999999954e-02
2.605699999999999857e-03
-7.756110000000000088e-03
-2.061119999999999966e-02
-3.007249999999999854e-02
-3.442640000000000283e-02
-3.548720000000000346e-02
-3.771730000000000221e-02
-4.011479999999999907e-02
-4.041850000000000304e-02
-4.011519999999999669e-02
-3.847690000000000138e-02
-3.381329999999999752e-02
-2.591250000000000150e-02
-1.818880000000000149e-02
-1.332120000000000005e-02
-1.248160000000000068e-02
-1.641770000000000035e-02
-2.305250000000000007e-02
-2.797370000000000065e-02
-2.924219999999999944e-02
-2.511089999999999850e-02
-1.518360000000000022e-02
-2.726890000000000043e-03
6.216980000000000423e-03
5.408370000000000018e-03
-4.369740000000000429e-03
-1.417670000000000041e-02
-1.662450000000000039e-02
-1.452269999999999950e-02
-1.096579999999999951e-02
-8.179139999999999674e-03
-9.617409999999999848e-03
-1.225859999999999971e-02
-1.146089999999999956e-02
-5.870919999999999958e-03
2.746419999999999851e-03
7.860950000000000229e-03
7.034430000000000370e-03
5.521670000000000224e-03
1.663109999999999979e-03
-1.900180000000000011e-03
-6.115190000000000382e-03
-9.786069999999999144e-03
-8.614909999999999929e-03
-2.021970000000000104e-03
4.149609999999999757e-03
7.574390000000000289e-03
6.872640000000000172e-03
5.929529999999999697e-03
8.928379999999999650e-03
1.489240000000000008e-02
2.168930000000000163e-02
2.924759999999999860e-02
3.111169999999999908e-02
2.500600000000000045e-02
9.536710000000000326e-03
-3.488569999999999866e-03
-8.447259999999999838e-03
-7.310770000000000289e-03
-4.190779999999999852e-03
-2.194209999999999824e-03
5.156050000000000346e-04
3.466710000000000017e-03
5.158519999999999772e-03
4.883030000000000009e-03
3.462530000000000122e-03
2.217300000000000174e-03
-3.012649999999999963e-03
-1.021829999999999961e-02
-1.667510000000000173e-02
-1.620320000000000094e-02
-1.051589999999999990e-02
-4.495719999999999925e-03
1.556630000000000036e-03
6.434879999999999593e-03
6.843290000000000137e-03
2.379539999999999867e-03
-7.034549999999999657e-03
-1.243640000000000023e-02
-1.144410000000000045e-02
-9.561460000000000792e-03
-9.797039999999999915e-03
-1.203609999999999923e-02
-1.163040000000000081e-02
6.455490000000000360e-04
1.791579999999999909e-02
3.219530000000000308e-02
3.681460000000000288e-02
3.462719999999999687e-02
3.117610000000000173e-02
2.524979999999999933e-02
2.024830000000000033e-02
1.494410000000000009e-02
8.963070000000000065e-03
-7.711970000000000500e-04
-9.332770000000000649e-03
-1.377880000000000077e-02
-1.252190000000000074e-02
-2.941720000000000099e-03
1.007740000000000025e-02
2.329120000000000149e-02
3.017449999999999993e-02
3.113629999999999870e-02
3.124499999999999847e-02
3.577210000000000112e-02
3.863740000000000230e-02
3.677260000000000251e-02
2.814809999999999882e-02
1.652529999999999971e-02
3.532700000000000163e-03
-4.535680000000000267e-03
-8.454589999999999675e-03
-9.341030000000000166e-03
-3.572380000000000000e-03
8.130639999999999742e-03
1.946809999999999860e-02
2.307680000000000148e-02
2.214330000000000118e-02
2.071160000000000015e-02
2.386160000000000017e-02
2.582080000000000139e-02
2.578000000000000083e-02
2.148939999999999878e-02
1.499269999999999943e-02
1.177899999999999954e-02
1.067629999999999968e-02
8.872500000000000178e-03
7.168489999999999585e-03
6.645459999999999735e-03
6.703319999999999591e-03
6.453180000000000201e-03
7.805480000000000057e-03
7.649859999999999646e-03
2.861470000000000072e-03
-8.951560000000000766e-03
-2.062299999999999897e-02
-2.784270000000000148e-02
-3.350829999999999781e-02
-3.951480000000000270e-02
-4.074200000000000044e-02
-3.695240000000000330e-02
-2.391089999999999882e-02
-1.372179999999999928e-02
-1.205589999999999960e-02
-1.321710000000000072e-02
-1.435699999999999997e-02
-1.746959999999999832e-02
-1.968860000000000054e-02
-1.689730000000000051e-02
-6.111720000000000173e-03
7.828049999999999592e-03
1.966659999999999936e-02
2.209469999999999837e-02
1.958239999999999981e-02
1.734460000000000168e-02
1.894370000000000082e-02
2.631729999999999833e-02
3.278609999999999858e-02
3.430369999999999947e-02
3.664150000000000046e-02
4.237889999999999713e-02
5.102500000000000091e-02
5.311740000000000211e-02
4.719280000000000003e-02
3.697349999999999942e-02
2.834940000000000029e-02
2.110510000000000164e-02
1.426580000000000036e-02
4.371800000000000339e-03
-4.433669999999999799e-03
-1.091830000000000057e-02
-1.578320000000000070e-02
-1.980200000000000016e-02
-1.932309999999999930e-02
-1.384690000000000053e-02
-6.351029999999999696e-03
-6.735330000000000310e-03
-1.232029999999999931e-02
-1.846110000000000112e-02
-1.822910000000000155e-02
-1.301450000000000003e-02
-3.555790000000000079e-03
7.064280000000000038e-03
1.343809999999999970e-02
1.626069999999999946e-02
1.642889999999999975e-02
1.521529999999999931e-02
1.086140000000000022e-02
2.503889999999999935e-03
-9.297829999999999984e-03
-2.067509999999999834e-02
-2.745540000000000133e-02
-2.805059999999999845e-02
-2.229300000000000032e-02
-1.179400000000000066e-02
7.497209999999999595e-04
1.086659999999999926e-03
-7.313830000000000331e-03
-1.616319999999999910e-02
-1.946830000000000088e-02
-1.587310000000000110e-02
-4.915049999999999801e-03
6.115920000000000384e-03
1.067459999999999937e-02
1.238670000000000049e-02
1.435559999999999961e-02
1.833600000000000160e-02
2.273700000000000027e-02
2.315129999999999966e-02
1.893070000000000169e-02
1.550329999999999937e-02
1.532189999999999941e-02
1.561620000000000022e-02
1.290769999999999938e-02
7.355959999999999929e-03
-1.384809999999999991e-03
-8.744200000000000583e-03
-1.611519999999999966e-02
-2.398180000000000103e-02
-2.814459999999999879e-02
-2.646089999999999900e-02
-1.795450000000000171e-02
-1.014130000000000066e-02
-6.727200000000000020e-03
-7.374549999999999682e-03
-1.187719999999999922e-02
-1.854810000000000139e-02
-2.178599999999999981e-02
-2.223719999999999863e-02
-1.990309999999999996e-02
-1.874630000000000046e-02
-1.782600000000000157e-02
-1.399539999999999985e-02
-1.418699999999999952e-04
2.150010000000000115e-02
4.695889999999999787e-02
5.375010000000000204e-02
4.936569999999999847e-02
2.720590000000000161e-02
-7.714010000000000311e-03
-3.870010000000000117e-02
-4.771550000000000097e-02
-3.054789999999999936e-02
-2.064550000000000066e-02
-2.092660000000000006e-02
-2.082540000000000086e-02
-1.962389999999999968e-02
-1.838839999999999919e-02
-1.985090000000000118e-02
-2.490049999999999902e-02
-2.869700000000000029e-02
-2.566020000000000106e-02
-1.665550000000000017e-02
-8.766160000000000271e-03
-3.225630000000000164e-03
4.832300000000000202e-04
4.373000000000000042e-04
2.032110000000000166e-03
1.031630000000000047e-02
1.700060000000000113e-02
1.670440000000000119e-02
1.262480000000000026e-02
1.458749999999999977e-03
-9.298010000000000649e-03
-2.082799999999999929e-02
-2.899909999999999988e-02
-3.229930000000000301e-02
-3.229569999999999663e-02
-3.028099999999999889e-02
-2.929779999999999884e-02
-2.721650000000000111e-02
-2.135389999999999858e-02
-1.567609999999999837e-02
-9.484599999999999281e-03
-4.259229999999999809e-04
1.159770000000000072e-02
2.065200000000000022e-02
2.155879999999999949e-02
2.154069999999999943e-02
2.362730000000000039e-02
3.039019999999999916e-02
3.771000000000000046e-02
3.638330000000000036e-02
2.879740000000000077e-02
1.645440000000000097e-02
1.005409999999999984e-02
6.027720000000000300e-03
2.625510000000000170e-03
-9.104410000000000064e-04
-4.067900000000000162e-03
-7.528560000000000113e-03
-1.439640000000000017e-02
-3.014489999999999878e-02
-4.620960000000000345e-02
-5.279439999999999827e-02
-5.176440000000000208e-02
-4.530970000000000136e-02
-3.751539999999999736e-02
-3.096339999999999856e-02
-2.770720000000000127e-02
-2.852899999999999880e-02
-2.817860000000000156e-02
-2.577930000000000152e-02
-2.214599999999999902e-02
-1.531180000000000041e-02
-5.399819999999999620e-03
1.409349999999999969e-03
6.336299999999999571e-03
1.337179999999999966e-02
2.079949999999999855e-02
2.487390000000000087e-02
2.741999999999999993e-02
2.854809999999999987e-02
2.775779999999999914e-02
1.566400000000000084e-02
-4.072440000000000088e-03
-1.940659999999999955e-02
-2.648460000000000050e-02
-3.241179999999999756e-02
-3.883179999999999965e-02
-4.257799999999999779e-02
-4.249300000000000299e-02
-3.924740000000000173e-02
-3.330960000000000171e-02
-2.367769999999999944e-02
-1.298470000000000006e-02
-2.705340000000000088e-03
3.573600000000000127e-03
6.677759999999999599e-03
1.111739999999999950e-02
1.620140000000000122e-02
2.365350000000000091e-02
3.125209999999999794e-02
3.562450000000000339e-02
3.571989999999999887e-02
3.091669999999999835e-02
2.288499999999999909e-02
1.555349999999999962e-02
1.195129999999999977e-02
1.200219999999999933e-02
1.261040000000000078e-02
9.135650000000000368e-03
-2.607470000000000187e-03
-2.148500000000000063e-02
-3.502949999999999814e-02
-3.624630000000000213e-02
-3.130369999999999681e-02
-2.552839999999999970e-02
-2.410450000000000093e-02
-2.287559999999999941e-02
-1.626210000000000155e-02
-1.505870000000000082e-03
1.023469999999999935e-02
1.517330000000000068e-02
1.380020000000000031e-02
1.009960000000000024e-02
6.988270000000000419e-03
5.828459999999999717e-03
5.907500000000000424e-03
5.752359999999999765e-03
7.310439999999999647e-03
8.253760000000000610e-03
6.391380000000000325e-03
5.215690000000000257e-03
5.851150000000000274e-03
7.198129999999999633e-03
6.211290000000000387e-03
3.664549999999999925e-03
3.080190000000000011e-03
3.564840000000000109e-03
6.429690000000000058e-03
1.582899999999999932e-02
3.000519999999999923e-02
4.298720000000000319e-02
5.345679999999999876e-02
5.393579999999999902e-02
4.721530000000000171e-02
3.465440000000000187e-02
2.262600000000000028e-02
1.905830000000000024e-02
2.306139999999999926e-02
3.086960000000000051e-02
3.344289999999999763e-02
3.289140000000000119e-02
3.329639999999999683e-02
3.629480000000000206e-02
4.048129999999999784e-02
4.319189999999999835e-02
4.199379999999999780e-02
3.682459999999999900e-02
2.637549999999999964e-02
2.016799999999999843e-02
2.149080000000000087e-02
2.943789999999999948e-02
4.058490000000000014e-02
4.512359999999999982e-02
4.459960000000000313e-02
4.429580000000000323e-02
4.346780000000000088e-02
3.918889999999999874e-02
3.296509999999999718e-02
2.633500000000000077e-02
1.506709999999999994e-02
-6.225859999999999728e-03
-3.538979999999999904e-02
-4.756149999999999961e-02
-4.255740000000000217e-02
-2.814020000000000063e-02
-1.051370000000000082e-02
-3.925589999999999635e-03
-8.903909999999999256e-03
-1.940429999999999933e-02
-2.893130000000000007e-02
-4.164049999999999696e-02
-5.304280000000000106e-02
-6.198710000000000331e-02
-7.062599999999999434e-02
-7.418679999999999719e-02
-7.146230000000000637e-02
-6.435159999999999492e-02
-4.238290000000000113e-02
-1.127150000000000027e-02
3.834489999999999860e-03
4.478829999999999617e-03
6.908539999999999419e-05
-3.107729999999999954e-03
-4.231079999999999910e-03
-1.088369999999999962e-03
5.218229999999999917e-03
1.015040000000000039e-02
9.110959999999999545e-03
2.438629999999999791e-03
-3.333109999999999806e-03
-5.859259999999999816e-03
-1.136539999999999946e-02
-2.213719999999999924e-02
-3.976520000000000055e-02
-5.825539999999999885e-02
-7.230839999999999490e-02
-7.468710000000000626e-02
-6.730289999999999884e-02
-4.902059999999999751e-02
-2.429709999999999856e-02
-1.706239999999999840e-02
-1.891659999999999869e-02
-1.868389999999999981e-02
-1.288820000000000070e-02
6.813260000000000019e-04
1.274729999999999960e-02
1.448890000000000074e-02
1.140449999999999971e-02
9.215690000000000340e-03
1.062109999999999964e-02
1.782790000000000069e-02
2.563750000000000057e-02
2.144460000000000116e-02
2.742309999999999973e-03
-2.210710000000000106e-02
-3.312960000000000210e-02
-3.122310000000000016e-02
-1.911420000000000133e-02
8.016560000000000699e-03
3.087639999999999829e-02
3.733179999999999832e-02
3.551350000000000340e-02
2.586230000000000126e-02
5.309020000000000232e-03
-2.333450000000000107e-02
-4.035299999999999998e-02
-4.770989999999999953e-02
-4.966980000000000006e-02
-4.231259999999999882e-02
-2.259670000000000081e-02
5.323529999999999929e-03
2.380699999999999830e-02
2.604139999999999927e-02
2.095690000000000053e-02
9.839129999999999751e-03
1.854069999999999980e-03
1.844350000000000026e-03
9.163740000000000080e-03
1.916170000000000026e-02
3.267330000000000234e-02
4.721469999999999834e-02
5.850899999999999851e-02
6.415460000000000607e-02
6.628699999999999870e-02
6.886839999999999629e-02
7.249110000000000276e-02
7.330470000000000041e-02
6.529719999999999969e-02
4.390360000000000096e-02
1.810770000000000088e-02
-1.621889999999999964e-03
-1.601230000000000014e-02
-2.918909999999999907e-02
-3.910570000000000018e-02
-4.452640000000000070e-02
-4.564920000000000089e-02
-4.355080000000000062e-02
-3.762700000000000072e-02
-2.640289999999999998e-02
-7.256450000000000226e-03
1.054279999999999974e-02
1.863640000000000088e-02
2.191720000000000126e-02
1.861300000000000107e-02
7.903709999999999555e-03
-6.307730000000000108e-03
-2.703360000000000138e-02
-3.891519999999999702e-02
-3.661099999999999771e-02
-1.676170000000000090e-02
1.039310000000000060e-02
3.216650000000000065e-02
4.311040000000000011e-02
4.564569999999999739e-02
4.302779999999999799e-02
3.309399999999999842e-02
2.551259999999999986e-02
2.956759999999999944e-02
3.981200000000000017e-02
4.357799999999999868e-02
4.179410000000000069e-02
4.121219999999999745e-02
4.513330000000000120e-02
5.053969999999999990e-02
5.246270000000000100e-02
4.664309999999999984e-02
3.444350000000000189e-02
1.225170000000000078e-02
-6.306609999999999820e-03
-1.232770000000000046e-02
-1.543959999999999951e-02
-2.226950000000000110e-02
-3.742600000000000093e-02
-6.190040000000000125e-02
-8.408920000000000283e-02
-9.037290000000000600e-02
-8.855570000000000108e-02
-8.060860000000000247e-02
-6.272969999999999935e-02
-4.519949999999999662e-02
-3.321310000000000234e-02
-2.352320000000000105e-02
-1.012270000000000010e-02
6.184430000000000309e-03
1.886380000000000001e-02
2.017029999999999865e-02
1.248900000000000010e-02
4.482060000000000384e-03
3.580170000000000140e-03
1.198699999999999939e-02
2.815729999999999969e-02
3.908629999999999743e-02
4.291640000000000038e-02
4.572779999999999900e-02
5.021840000000000331e-02
5.382499999999999785e-02
5.284910000000000302e-02
4.210679999999999978e-02
2.698679999999999829e-02
1.273200000000000026e-02
5.411850000000000167e-03
2.945849999999999858e-03
-3.105539999999999950e-04
-1.108139999999999993e-02
-2.548929999999999946e-02
-3.320209999999999828e-02
-3.239170000000000244e-02
-2.787540000000000157e-02
-1.912770000000000095e-02
-1.010319999999999968e-02
-2.423579999999999832e-03
4.665919999999999942e-04
-2.219870000000000090e-03
-6.746669999999999751e-03
-9.974159999999999276e-03
-8.137079999999999660e-03
-4.819649999999999976e-03
-3.954909999999999849e-03
-1.195260000000000072e-02
-2.449319999999999969e-02
-3.240679999999999950e-02
-2.782870000000000135e-02
-9.640910000000000799e-03
4.037129999999999885e-03
1.129780000000000020e-02
1.895830000000000085e-02
2.428340000000000012e-02
2.549329999999999999e-02
1.998549999999999979e-02
1.194100000000000023e-02
6.698250000000000211e-03
7.262199999999999905e-03
1.165440000000000052e-02
1.520889999999999916e-02
1.634930000000000064e-02
1.771460000000000048e-02
1.735940000000000052e-02
1.394199999999999953e-02
2.214129999999999918e-03
-1.564710000000000059e-02
-3.135149999999999743e-02
-3.593860000000000110e-02
-3.254710000000000242e-02
-2.766400000000000109e-02
-2.411769999999999886e-02
-2.432870000000000171e-02
-2.972340000000000051e-02
-3.882019999999999915e-02
-4.575400000000000300e-02
-4.699960000000000249e-02
-4.202129999999999754e-02
-3.390880000000000283e-02
-2.491830000000000087e-02
-1.571310000000000068e-02
-9.670120000000000798e-03
-5.467279999999999709e-03
-1.875390000000000000e-03
-2.981880000000000121e-03
-8.004449999999999760e-03
-2.211959999999999968e-02
-3.792460000000000275e-02
-4.938530000000000003e-02
-5.041280000000000067e-02
-4.446830000000000227e-02
-3.903399999999999925e-02
-3.819929999999999853e-02
-3.910419999999999868e-02
-3.559230000000000033e-02
-2.886050000000000074e-02
-2.236300000000000093e-02
-1.845449999999999868e-02
-1.355929999999999983e-02
-5.847240000000000076e-03
-1.039889999999999912e-03
-5.911449999999999518e-04
2.518430000000000213e-04
7.235029999999999933e-03
2.623719999999999872e-02
4.747880000000000156e-02
6.652520000000000655e-02
7.499740000000000573e-02
7.332719999999999516e-02
6.608400000000000385e-02
5.008669999999999789e-02
3.122969999999999913e-02
4.316650000000000001e-03
-2.769759999999999930e-02
-5.388849999999999890e-02
-6.313589999999999480e-02
-6.314340000000000230e-02
-5.961690000000000045e-02
-4.752870000000000011e-02
-3.320739999999999803e-02
-2.000100000000000142e-02
-9.346729999999999275e-03
1.113229999999999992e-03
6.706219999999999716e-03
8.812469999999999332e-03
1.131929999999999915e-02
1.381089999999999922e-02
1.584690000000000057e-02
1.935689999999999980e-02
2.438080000000000108e-02
2.948869999999999963e-02
3.527299999999999880e-02
4.178760000000000113e-02
4.795569999999999694e-02
5.029890000000000055e-02
4.691959999999999881e-02
3.895189999999999764e-02
3.100320000000000159e-02
2.185259999999999980e-02
5.879139999999999713e-03
-1.658180000000000071e-02
-3.525230000000000030e-02
-4.167710000000000164e-02
-4.225709999999999883e-02
-4.324379999999999891e-02
-4.298459999999999781e-02
-4.000109999999999777e-02
-3.457849999999999813e-02
-2.529079999999999870e-02
-1.413309999999999914e-02
-1.183079999999999982e-03
1.243179999999999980e-02
3.161540000000000183e-02
4.742659999999999931e-02
5.537659999999999805e-02
5.755880000000000024e-02
5.795550000000000007e-02
5.958600000000000008e-02
5.894329999999999709e-02
5.377049999999999885e-02
4.309269999999999767e-02
3.204749999999999960e-02
2.961659999999999987e-02
3.635359999999999980e-02
4.820490000000000191e-02
5.831189999999999984e-02
6.023730000000000057e-02
5.473719999999999974e-02
4.481260000000000104e-02
3.457650000000000307e-02
2.833250000000000005e-02
2.285030000000000047e-02
1.440589999999999926e-02
-2.974429999999999913e-04
-9.727070000000000854e-03
-6.830750000000000016e-03
2.716200000000000211e-03
1.320600000000000072e-02
1.803079999999999961e-02
1.713579999999999964e-02
1.257330000000000080e-02
7.574609999999999850e-03
7.329249999999999828e-03
1.176679999999999914e-02
1.492609999999999944e-02
1.484880000000000054e-02
1.443140000000000048e-02
1.825809999999999933e-02
2.717620000000000105e-02
3.685800000000000187e-02
4.600520000000000304e-02
5.429339999999999861e-02
5.635600000000000331e-02
5.318219999999999892e-02
4.785969999999999808e-02
4.228099999999999914e-02
3.463700000000000112e-02
2.473590000000000164e-02
5.226709999999999863e-03
-1.861960000000000004e-02
-4.005349999999999883e-02
-4.788289999999999907e-02
-4.903450000000000170e-02
-5.229360000000000258e-02
-5.772870000000000085e-02
-6.413119999999999932e-02
-6.558039999999999703e-02
-5.834650000000000253e-02
-3.807590000000000280e-02
-1.150110000000000021e-02
1.946299999999999983e-03
3.621640000000000189e-03
7.940970000000000645e-05
-1.369130000000000000e-02
-3.090920000000000126e-02
-4.639630000000000143e-02
-5.840719999999999940e-02
-6.259599999999999886e-02
-5.964649999999999813e-02
-5.122190000000000076e-02
-4.297700000000000131e-02
-3.919829999999999842e-02
-3.569579999999999975e-02
-2.995360000000000036e-02
-2.203079999999999969e-02
-1.063309999999999950e-02
3.338199999999999935e-03
1.640109999999999832e-02
2.579489999999999908e-02
3.178840000000000138e-02
3.465340000000000087e-02
3.105050000000000171e-02
2.198080000000000173e-02
1.531609999999999916e-02
1.030529999999999988e-02
1.398139999999999973e-02
2.165560000000000054e-02
2.700289999999999982e-02
3.203720000000000179e-02
3.652099999999999791e-02
3.832479999999999914e-02
3.853150000000000325e-02
4.206170000000000048e-02
4.784850000000000214e-02
5.214350000000000235e-02
5.259749999999999842e-02
4.447750000000000314e-02
2.497819999999999901e-02
-2.515799999999999894e-03
-1.810240000000000113e-02
-1.932009999999999977e-02
-1.884840000000000126e-02
-2.267860000000000015e-02
-3.277959999999999902e-02
-4.132160000000000000e-02
-4.428870000000000029e-02
-4.564109999999999695e-02
-4.544650000000000079e-02
-4.572919999999999763e-02
-4.891840000000000077e-02
-5.792379999999999751e-02
-6.367720000000000324e-02
-6.472700000000000675e-02
-6.204839999999999661e-02
-5.293010000000000076e-02
-3.531310000000000004e-02
-1.222119999999999977e-02
1.058669999999999924e-02
3.085670000000000079e-02
4.505460000000000020e-02
4.975990000000000274e-02
4.483100000000000279e-02
3.162870000000000265e-02
1.587389999999999982e-02
2.437400000000000157e-03
-3.057450000000000185e-03
-7.768420000000000273e-04
5.306409999999999903e-04
-7.281100000000000202e-04
-6.864160000000000227e-03
-1.350239999999999947e-02
-1.545400000000000072e-02
-1.501740000000000019e-02
-1.329179999999999945e-02
-9.703689999999999191e-03
-8.308849999999999569e-04
8.039249999999999521e-03
1.397439999999999967e-02
1.759459999999999844e-02
1.608019999999999936e-02
9.050070000000000336e-03
-3.727450000000000208e-03
-1.216010000000000008e-02
-8.640580000000000135e-03
2.449199999999999901e-03
1.316130000000000078e-02
1.686700000000000005e-02
1.537170000000000029e-02
8.089489999999999528e-03
-3.092970000000000007e-03
-1.315559999999999993e-02
-1.910830000000000167e-02
-1.886929999999999857e-02
-1.685129999999999961e-02
-1.689360000000000167e-02
-2.042479999999999990e-02
-2.731760000000000091e-02
-3.273190000000000127e-02
-3.343310000000000032e-02
-3.026300000000000170e-02
-2.072190000000000143e-02
-9.903920000000000085e-03
-2.034960000000000154e-03
1.701269999999999952e-03
2.535770000000000125e-03
-8.190269999999999495e-04
-9.425920000000000826e-03
-1.955099999999999894e-02
-2.616800000000000029e-02
-2.858230000000000146e-02
-2.984819999999999834e-02
-2.899670000000000025e-02
-2.335960000000000120e-02
-1.289590000000000007e-02
-4.091419999999999801e-04
1.220749999999999960e-02
2.011730000000000115e-02
1.572199999999999986e-02
1.533059999999999935e-03
-1.335480000000000000e-02
-2.167029999999999998e-02
-2.502559999999999854e-02
-2.544000000000000081e-02
-2.376999999999999946e-02
-1.922050000000000147e-02
-1.339300000000000039e-02
-7.809240000000000279e-03
-2.219459999999999922e-03
6.143280000000000312e-04
2.030399999999999913e-03
4.535810000000000362e-03
6.095019999999999605e-03
6.341669999999999772e-03
5.628110000000000404e-03
6.790870000000000066e-03
1.226589999999999972e-02
2.082619999999999957e-02
2.708879999999999968e-02
3.260699999999999710e-02
3.662970000000000115e-02
4.182190000000000213e-02
4.565459999999999657e-02
4.939729999999999815e-02
5.191289999999999794e-02
5.210750000000000104e-02
5.039239999999999692e-02
4.854780000000000206e-02
4.542829999999999785e-02
4.111800000000000177e-02
3.484509999999999691e-02
2.774110000000000117e-02
2.214129999999999918e-02
1.585869999999999988e-02
1.486319999999999959e-03
-1.357109999999999914e-02
-2.130570000000000033e-02
-2.638000000000000067e-02
-3.066380000000000147e-02
-3.438970000000000221e-02
-4.124329999999999663e-02
-4.874769999999999798e-02
-5.400930000000000314e-02
-6.089499999999999774e-02
-6.819619999999999849e-02
-7.464099999999999902e-02
-8.022859999999999714e-02
-8.563780000000000003e-02
-9.304099999999999870e-02
-9.644859999999999545e-02
-9.565819999999999879e-02
-8.994040000000000368e-02
-8.085739999999999594e-02
-7.028500000000000025e-02
-6.016509999999999914e-02
-5.023339999999999750e-02
-3.988270000000000010e-02
-2.964409999999999962e-02
-2.677300000000000166e-02
-2.577049999999999827e-02
-2.708199999999999844e-02
-2.864109999999999920e-02
-2.887309999999999877e-02
-2.533399999999999888e-02
-1.953620000000000009e-02
-9.519200000000000231e-03
1.243369999999999935e-03
9.650830000000000866e-03
1.463270000000000022e-02
1.911180000000000170e-02
2.226960000000000051e-02
2.279050000000000173e-02
1.991659999999999958e-02
1.642019999999999938e-02
1.408949999999999959e-02
1.135820000000000059e-02
8.630469999999999461e-03
5.789149999999999852e-03
1.396380000000000017e-03
-1.389269999999999958e-03
-7.133719999999999862e-04
2.679379999999999869e-03
7.179289999999999630e-03
7.525409999999999738e-03
3.376430000000000143e-03
-1.790949999999999920e-03
-6.829749999999999883e-03
-1.159169999999999992e-02
-1.228579999999999950e-02
-6.995509999999999923e-03
-4.747940000000000081e-04
4.639640000000000430e-03
1.052649999999999940e-02
2.274800000000000086e-02
3.054209999999999911e-02
3.271729999999999777e-02
3.145959999999999729e-02
2.906509999999999996e-02
3.010519999999999863e-02
3.435210000000000347e-02
4.207600000000000229e-02
5.286029999999999895e-02
6.666120000000000378e-02
7.904369999999999452e-02
8.959590000000000609e-02
9.663529999999999343e-02
9.853530000000000622e-02
9.722429999999999961e-02
9.308690000000000020e-02
8.466179999999999539e-02
6.985500000000000043e-02
4.801829999999999987e-02
2.737339999999999912e-02
1.300510000000000034e-02
-3.990789999999999919e-04
-1.039729999999999994e-02
-1.252089999999999974e-02
-1.007650000000000039e-02
-5.003960000000000005e-03
-6.418700000000000057e-04
4.365850000000000113e-03
8.080789999999999154e-03
7.882909999999999917e-03
4.703509999999999831e-04
-9.660490000000000743e-03
-1.895070000000000088e-02
-2.256160000000000110e-02
-2.289470000000000047e-02
-2.107710000000000139e-02
-1.551349999999999951e-02
-5.509359999999999605e-03
5.066140000000000226e-03
1.596950000000000106e-02
2.665079999999999880e-02
3.781930000000000014e-02
4.470230000000000037e-02
4.480970000000000092e-02
3.616180000000000089e-02
1.897389999999999841e-02
9.194109999999999696e-04
-9.638849999999999155e-03
-1.295149999999999947e-02
-1.499409999999999979e-02
-1.728990000000000041e-02
-2.083410000000000123e-02
-2.478409999999999988e-02
-2.722990000000000133e-02
-2.626679999999999987e-02
-2.416410000000000086e-02
-2.141960000000000044e-02
-1.673689999999999900e-02
-1.418250000000000066e-02
-1.640959999999999988e-02
-2.313770000000000063e-02
-2.983310000000000128e-02
-3.292269999999999919e-02
-3.344640000000000113e-02
-3.309079999999999661e-02
-3.187600000000000156e-02
-2.911659999999999943e-02
-2.402400000000000022e-02
-1.570770000000000152e-02
-4.537769999999999998e-03
8.763069999999999540e-03
1.524799999999999940e-02
1.522570000000000000e-02
1.447750000000000078e-02
1.125619999999999919e-02
7.095279999999999816e-03
2.403589999999999937e-04
-4.044070000000000303e-03
-6.060560000000000426e-03
-1.037440000000000064e-02
-1.595349999999999893e-02
-1.905389999999999862e-02
-2.070529999999999940e-02
-2.219569999999999876e-02
-2.487280000000000046e-02
-2.820500000000000090e-02
-3.025660000000000155e-02
-3.008009999999999851e-02
-2.868510000000000157e-02
-2.511000000000000038e-02
-2.031219999999999901e-02
-1.607580000000000120e-02
-1.430829999999999949e-02
-1.517280000000000018e-02
-1.903289999999999843e-02
-2.259859999999999994e-02
-2.629439999999999902e-02
-2.550470000000000168e-02
-2.161930000000000102e-02
-1.851720000000000102e-02
-1.491259999999999981e-02
-1.354340000000000058e-02
-1.326259999999999939e-02
-1.050320000000000073e-02
-6.389309999999999608e-03
-3.256760000000000037e-03
1.630799999999999958e-03
1.150110000000000021e-02
2.815190000000000053e-02
5.097179999999999767e-02
6.632470000000000032e-02
7.744910000000000683e-02
8.345809999999999340e-02
8.310449999999999782e-02
8.139830000000000676e-02
7.889980000000000604e-02
7.493070000000000286e-02
7.111580000000000679e-02
6.758530000000000093e-02
6.276310000000000222e-02
5.620719999999999883e-02
4.986089999999999967e-02
4.529289999999999705e-02
4.304150000000000337e-02
4.102059999999999734e-02
3.813679999999999848e-02
3.527729999999999755e-02
3.376749999999999891e-02
3.243189999999999962e-02
2.911400000000000099e-02
2.325520000000000018e-02
1.488440000000000075e-02
6.461009999999999670e-03
2.455189999999999890e-03
1.309449999999999980e-03
4.994739999999999683e-04
-2.368659999999999863e-03
-7.448019999999999641e-03
-1.428059999999999920e-02
-1.897659999999999972e-02
-2.083780000000000007e-02
-2.166979999999999948e-02
-2.090679999999999969e-02
-1.805500000000000160e-02
-1.611989999999999951e-02
-1.676590000000000025e-02
-1.944359999999999838e-02
-2.257489999999999844e-02
-2.568729999999999972e-02
-3.048510000000000109e-02
-3.490979999999999778e-02
-3.880639999999999784e-02
-3.860389999999999655e-02
-3.376459999999999878e-02
-2.662849999999999939e-02
-1.687860000000000055e-02
-9.440169999999999464e-03
-2.925930000000000197e-03
6.372710000000000180e-03
1.344350000000000059e-02
1.934759999999999952e-02
2.360910000000000092e-02
2.596309999999999937e-02
2.745130000000000139e-02
2.709910000000000097e-02
2.565550000000000122e-02
2.380399999999999877e-02
2.058290000000000119e-02
1.717319999999999958e-02
1.234440000000000016e-02
6.032899999999999895e-03
-2.267069999999999936e-03
-9.646959999999999563e-03
-1.289730000000000043e-02
-1.303550000000000021e-02
-1.198160000000000024e-02
-9.460500000000000159e-03
-7.032580000000000081e-03
-5.161360000000000253e-03
-3.698949999999999894e-03
-1.727840000000000018e-03
3.153289999999999891e-04
4.515739999999999858e-03
1.339360000000000030e-02
2.471320000000000114e-02
3.269940000000000346e-02
4.130179999999999962e-02
4.628050000000000219e-02
4.789109999999999895e-02
4.692899999999999849e-02
4.504310000000000258e-02
4.101400000000000184e-02
3.729949999999999932e-02
3.359319999999999667e-02
3.065709999999999963e-02
2.828210000000000099e-02
2.737850000000000006e-02
2.660699999999999871e-02
2.552619999999999889e-02
2.428819999999999937e-02
2.473080000000000070e-02
2.600689999999999946e-02
2.360430000000000167e-02
2.012579999999999925e-02
1.362990000000000035e-02
3.392440000000000039e-03
-3.533979999999999934e-03
-8.233400000000000094e-03
-1.293200000000000079e-02
-1.666279999999999845e-02
-1.938780000000000017e-02
-1.965700000000000086e-02
-1.731020000000000128e-02
-1.320550000000000022e-02
-5.652840000000000122e-03
3.171890000000000126e-03
8.089930000000000385e-03
7.694460000000000188e-03
2.119100000000000063e-03
-9.231780000000000194e-03
-2.326419999999999877e-02
-3.770330000000000209e-02
-4.932410000000000266e-02
-5.578160000000000063e-02
-5.981700000000000211e-02
-5.888349999999999834e-02
-5.414329999999999837e-02
-4.603680000000000272e-02
-3.642460000000000142e-02
-3.111179999999999848e-02
-3.298809999999999937e-02
-3.998829999999999746e-02
-5.462390000000000301e-02
-6.308859999999999468e-02
-6.828389999999999460e-02
-7.249759999999999538e-02
-7.289229999999999321e-02
-6.887050000000000116e-02
-6.132950000000000207e-02
-4.641909999999999786e-02
-3.067579999999999960e-02
-1.880039999999999836e-02
-1.159710000000000081e-02
-9.264639999999999334e-03
-9.470420000000000227e-03
-1.085490000000000066e-02
-1.260490000000000048e-02
-1.251060000000000019e-02
-1.068979999999999930e-02
-9.745610000000000037e-03
-9.885319999999999524e-03
-1.065789999999999967e-02
-1.159460000000000005e-02
-1.111529999999999983e-02
-9.785210000000000782e-03
-8.892080000000000123e-03
-7.388099999999999876e-03
-5.018650000000000368e-03
3.990290000000000178e-04
6.303559999999999719e-03
1.369279999999999976e-02
2.250430000000000139e-02
2.474619999999999945e-02
2.406430000000000027e-02
2.163469999999999976e-02
1.980229999999999838e-02
1.929140000000000021e-02
2.083110000000000170e-02
2.403649999999999884e-02
2.816489999999999966e-02
3.126770000000000244e-02
3.350349999999999856e-02
3.398179999999999951e-02
3.273569999999999952e-02
3.025589999999999877e-02
2.699889999999999929e-02
2.330389999999999892e-02
2.038670000000000065e-02
1.983000000000000040e-02
1.972190000000000054e-02
2.389830000000000079e-02
2.992720000000000102e-02
3.376919999999999922e-02
3.370009999999999672e-02
2.910669999999999924e-02
2.152739999999999862e-02
1.283429999999999988e-02
3.328649999999999838e-03
-5.301110000000000370e-03
-1.265009999999999919e-02
-2.048300000000000121e-02
-2.613040000000000154e-02
-2.738240000000000118e-02
-2.416980000000000170e-02
-1.842020000000000116e-02
-1.168409999999999935e-02
-5.858569999999999577e-03
-2.284839999999999788e-03
-2.098719999999999991e-04
9.939449999999999848e-04
1.422419999999999978e-03
1.376569999999999920e-03
7.568819999999999541e-04
-7.339910000000000271e-04
-1.874670000000000129e-05
1.566710000000000021e-03
4.471819999999999615e-03
7.600169999999999842e-03
9.595849999999999519e-03
1.018450000000000084e-02
9.567010000000000791e-03
6.775909999999999572e-03
4.223440000000000180e-03
5.638750000000000316e-04
-1.275120000000000029e-03
-3.134130000000000162e-04
3.187500000000000229e-04
-3.055099999999999938e-05
7.666999999999999608e-06
2.683319999999999916e-05
1.177689999999999900e-03
3.263170000000000133e-03
4.646250000000000206e-03
3.541040000000000073e-03
2.500089999999999951e-03
2.014929999999999846e-03
2.353179999999999855e-03
3.513500000000000130e-03
3.704670000000000185e-03
2.553689999999999953e-03
6.731400000000000231e-04
-1.136089999999999973e-03
-3.101389999999999876e-03
-6.291019999999999598e-03
-9.626360000000000472e-03
-1.121370000000000006e-02
-1.341469999999999989e-02
-1.551340000000000011e-02
-1.698940000000000172e-02
-1.601649999999999949e-02
-1.169459999999999944e-02
-8.655929999999999180e-03
-8.645109999999999253e-03
-7.951859999999999831e-03
-7.705659999999999593e-03
-7.857809999999999795e-03
-6.412779999999999869e-03
-4.432059999999999819e-03
-2.540390000000000009e-03
-3.046990000000000180e-04
1.521610000000000063e-03
5.954160000000000008e-03
1.411890000000000020e-02
2.098600000000000118e-02
2.183919999999999959e-02
1.953649999999999831e-02
1.727609999999999910e-02
1.640360000000000082e-02
1.720460000000000045e-02
1.789599999999999871e-02
1.666689999999999838e-02
1.452649999999999948e-02
1.203489999999999942e-02
9.449890000000000720e-03
7.956249999999999781e-03
8.410660000000000358e-03
1.092399999999999968e-02
1.379589999999999983e-02
1.787909999999999847e-02
2.287379999999999969e-02
2.834920000000000148e-02
3.174869999999999776e-02
3.494499999999999690e-02
3.799929999999999974e-02
3.907259999999999900e-02
3.867620000000000086e-02
3.661879999999999996e-02
3.405550000000000244e-02
2.955479999999999913e-02
2.461609999999999840e-02
2.003069999999999851e-02
1.611150000000000082e-02
9.121560000000000779e-03
3.383829999999999998e-03
-2.223600000000000056e-03
-7.641160000000000140e-03
-1.202830000000000045e-02
-1.582110000000000113e-02
-2.353579999999999908e-02
-3.160199999999999815e-02
-4.207690000000000041e-02
-5.284610000000000002e-02
-5.948969999999999952e-02
-6.456789999999999752e-02
-6.802959999999999563e-02
-6.926269999999999649e-02
-6.821950000000000236e-02
-6.686770000000000214e-02
-6.477040000000000575e-02
-6.232889999999999958e-02
-5.832219999999999765e-02
-5.490729999999999916e-02
-5.170469999999999927e-02
-4.883119999999999822e-02
-4.544020000000000004e-02
-4.274639999999999690e-02
-3.869929999999999898e-02
-3.483039999999999747e-02
-2.997019999999999892e-02
-2.615280000000000035e-02
-2.253370000000000026e-02
-2.074760000000000146e-02
-1.918999999999999873e-02
-1.631120000000000139e-02
-1.250420000000000004e-02
-6.930650000000000005e-03
-2.098379999999999950e-03
1.547210000000000035e-03
3.524030000000000044e-03
3.258150000000000022e-03
1.263790000000000096e-03
-1.873199999999999995e-03
-6.037080000000000224e-03
-1.022290000000000004e-02
-1.327139999999999917e-02
-1.480579999999999917e-02
-1.478900000000000006e-02
-1.311859999999999936e-02
-1.008580000000000067e-02
-4.606670000000000209e-03
2.049309999999999934e-04
1.929790000000000021e-03
2.832920000000000056e-03
3.091650000000000040e-03
3.126820000000000207e-03
4.224480000000000075e-03
3.146379999999999837e-03
1.840009999999999996e-03
5.845040000000000131e-04
-1.454260000000000032e-05
4.365330000000000165e-04
3.054090000000000190e-03
5.812040000000000088e-03
9.091449999999999185e-03
1.065469999999999959e-02
1.348150000000000043e-02
1.775490000000000054e-02
2.261269999999999947e-02
2.573769999999999877e-02
2.950430000000000066e-02
3.198879999999999779e-02
3.548479999999999690e-02
3.982770000000000060e-02
4.442870000000000152e-02
4.595840000000000342e-02
4.482400000000000273e-02
4.293290000000000300e-02
4.148809999999999998e-02
4.068499999999999894e-02
4.057100000000000289e-02
4.276429999999999815e-02
4.558199999999999752e-02
4.874950000000000117e-02
5.119350000000000289e-02
5.152310000000000223e-02
5.142349999999999699e-02
4.907729999999999732e-02
4.527289999999999787e-02
4.022060000000000218e-02
3.560660000000000214e-02
3.100009999999999918e-02
2.758489999999999900e-02
2.494069999999999968e-02
2.233570000000000000e-02
1.961270000000000027e-02
1.590050000000000144e-02
1.295529999999999946e-02
1.002360000000000056e-02
4.953260000000000128e-03
-3.785730000000000171e-03
-1.285910000000000004e-02
-2.250950000000000173e-02
-3.133269999999999805e-02
-3.764710000000000278e-02
-4.559959999999999708e-02
-5.342609999999999720e-02
-6.089579999999999993e-02
-7.142700000000000438e-02
-8.275440000000000573e-02
-9.104039999999999355e-02
-1.012070000000000053e-01
-1.104020000000000001e-01
-1.165550000000000058e-01
-1.233360000000000012e-01
-1.295620000000000105e-01
-1.341900000000000037e-01
-1.357430000000000025e-01
-1.340030000000000110e-01
-1.309510000000000118e-01
-1.265910000000000091e-01
-1.209660000000000041e-01
-1.137380000000000058e-01
-1.053660000000000013e-01
-9.411369999999999458e-02
-8.309640000000000082e-02
-7.179069999999999896e-02
-5.994950000000000279e-02
-4.782379999999999964e-02
-3.735530000000000100e-02
-2.699970000000000148e-02
-1.506339999999999936e-02
-4.259980000000000017e-03
6.310640000000000173e-03
1.504869999999999992e-02
2.430850000000000025e-02
3.539019999999999666e-02
4.190350000000000324e-02
4.750320000000000237e-02
5.572099999999999970e-02
6.585710000000000175e-02
7.521559999999999357e-02
8.400449999999999584e-02
9.247740000000000127e-02
9.898819999999999841e-02
1.021549999999999958e-01
1.034520000000000023e-01
1.035120000000000068e-01
1.017290000000000000e-01
1.007170000000000010e-01
1.016220000000000040e-01
1.006360000000000032e-01
9.993430000000000368e-02
9.917600000000000027e-02
9.790930000000000466e-02
9.722880000000000411e-02
9.409820000000000684e-02
9.075999999999999346e-02
8.618969999999999410e-02
8.006710000000000216e-02
7.059219999999999384e-02
6.068869999999999820e-02
5.146200000000000080e-02
4.366600000000000342e-02
3.720230000000000065e-02
3.088600000000000026e-02
2.499339999999999895e-02
1.953279999999999947e-02
1.396080000000000064e-02
6.368030000000000218e-03
-2.013169999999999890e-03
-1.187290000000000047e-02
-1.921990000000000157e-02
-3.022760000000000030e-02
-3.936570000000000347e-02
-4.521499999999999825e-02
-5.136539999999999856e-02
-5.763139999999999930e-02
-5.963809999999999945e-02
-5.831639999999999741e-02
-5.419960000000000055e-02
-4.754289999999999905e-02
-3.934630000000000072e-02
-3.136449999999999655e-02
-2.398410000000000125e-02
-1.868720000000000103e-02
-1.507679999999999958e-02
-1.238790000000000030e-02
-1.046949999999999964e-02
-1.176729999999999964e-02
-1.195279999999999954e-02
-1.094239999999999970e-02
-8.079249999999999626e-03
-2.881320000000000148e-03
7.031270000000000055e-03
1.344990000000000074e-02
1.950609999999999844e-02
2.509159999999999863e-02
2.876899999999999943e-02
3.163860000000000283e-02
3.233660000000000007e-02
3.140810000000000130e-02
2.957210000000000047e-02
2.625819999999999890e-02
2.259210000000000038e-02
1.790169999999999956e-02
1.065780000000000026e-02
7.206820000000000066e-03
4.083630000000000419e-03
1.708429999999999931e-03
-7.557759999999999955e-04
-3.187189999999999902e-03
-8.736040000000000472e-03
-1.333589999999999949e-02
-1.740190000000000140e-02
-1.952970000000000053e-02
-2.037189999999999834e-02
-2.054910000000000070e-02
-2.082010000000000111e-02
-2.125890000000000071e-02
-2.088380000000000097e-02
-1.809440000000000007e-02
-1.605730000000000005e-02
-1.375310000000000074e-02
-9.664719999999999908e-03
-6.772189999999999981e-03
-6.208769999999999741e-03
-5.913869999999999891e-03
-5.800040000000000230e-03
-6.403940000000000327e-03
-5.944589999999999597e-03
-4.157089999999999570e-03
-1.532549999999999928e-03
2.339169999999999791e-03
6.971510000000000207e-03
1.227149999999999942e-02
1.704469999999999943e-02
2.069760000000000003e-02
2.242960000000000093e-02
2.377229999999999968e-02
2.479019999999999835e-02
2.672070000000000001e-02
2.756060000000000107e-02
2.862059999999999951e-02
2.870970000000000119e-02
2.878520000000000037e-02
2.803299999999999889e-02
2.604100000000000165e-02
2.485909999999999856e-02
2.475569999999999854e-02
2.528189999999999951e-02
2.480510000000000007e-02
2.344929999999999931e-02
2.176780000000000034e-02
1.915149999999999839e-02
1.574729999999999880e-02
1.280180000000000033e-02
1.015540000000000019e-02
7.509700000000000229e-03
4.812760000000000128e-03
2.398060000000000035e-03
-7.983789999999999670e-05
-2.926509999999999789e-03
-5.989869999999999570e-03
-1.106679999999999990e-02
-1.435999999999999950e-02
-1.605499999999999983e-02
-1.735230000000000106e-02
-1.748500000000000054e-02
-1.733370000000000050e-02
-1.794389999999999874e-02
-1.992999999999999980e-02
-2.424839999999999982e-02
-2.818879999999999997e-02
-3.078459999999999877e-02
-3.318809999999999816e-02
-3.584260000000000224e-02
-3.800699999999999912e-02
-4.070150000000000157e-02
-4.277829999999999827e-02
-4.312649999999999817e-02
-4.161270000000000246e-02
-3.814830000000000304e-02
-3.459419999999999856e-02
-3.127010000000000206e-02
-2.780329999999999954e-02
-2.562419999999999976e-02
-2.274790000000000145e-02
-1.996600000000000111e-02
-1.754189999999999916e-02
-1.700930000000000150e-02
-1.671960000000000113e-02
-1.744609999999999911e-02
-1.644539999999999891e-02
-1.495349999999999978e-02
-1.376370000000000024e-02
-1.151390000000000052e-02
-9.362960000000000033e-03
-6.588290000000000118e-03
-3.922489999999999831e-03
-3.264449999999999904e-03
-4.128429999999999774e-03
-4.401890000000000316e-03
-4.666179999999999807e-03
-5.875939999999999636e-03
-6.313199999999999715e-03
-6.360659999999999752e-03
-5.636790000000000030e-03
-5.184539999999999635e-03
-3.878139999999999973e-03
-2.714939999999999888e-03
-3.274659999999999984e-03
-4.863250000000000385e-03
-5.455950000000000209e-03
-6.105769999999999947e-03
-6.472969999999999766e-03
-5.838369999999999845e-03
-4.792040000000000015e-03
-3.049909999999999861e-03
3.205489999999999967e-04
3.604560000000000142e-03
5.809940000000000417e-03
7.555499999999999716e-03
6.856390000000000401e-03
5.532170000000000316e-03
5.680929999999999834e-03
5.772310000000000114e-03
5.625749999999999675e-03
7.134940000000000206e-03
9.955610000000000154e-03
1.185920000000000030e-02
1.341769999999999942e-02
1.389570000000000041e-02
1.354640000000000011e-02
1.350400000000000038e-02
1.352420000000000011e-02
1.498760000000000023e-02
1.653680000000000080e-02
1.867250000000000160e-02
2.173040000000000041e-02
2.390640000000000126e-02
2.530680000000000082e-02
2.678260000000000016e-02
2.509329999999999894e-02
2.100870000000000168e-02
1.789709999999999912e-02
1.386869999999999943e-02
1.154960000000000014e-02
1.170930000000000061e-02
1.118399999999999950e-02
1.209829999999999933e-02
1.321989999999999971e-02
1.430550000000000051e-02
1.469550000000000023e-02
1.258579999999999942e-02
8.897429999999999575e-03
5.352720000000000047e-03
2.372089999999999876e-03
8.160440000000000358e-04
6.117279999999999680e-04
1.547600000000000104e-03
3.058439999999999943e-03
4.261009999999999971e-03
4.576919999999999947e-03
3.234869999999999933e-03
2.480299999999999953e-03
1.831429999999999994e-03
5.183749999999999556e-04
1.412730000000000008e-04
8.782080000000000051e-04
2.564219999999999867e-03
2.451769999999999818e-03
2.451839999999999836e-03
2.081780000000000089e-03
2.351610000000000072e-03
2.453850000000000042e-03
3.752839999999999909e-03
4.811759999999999995e-03
6.928460000000000001e-03
9.238239999999999993e-03
1.072990000000000055e-02
1.363499999999999955e-02
1.606360000000000079e-02
1.875570000000000015e-02
2.039209999999999981e-02
2.130709999999999896e-02
2.261000000000000162e-02
2.544360000000000024e-02
2.701109999999999969e-02
2.740810000000000121e-02
2.658200000000000146e-02
2.572210000000000121e-02
2.263779999999999959e-02
1.925390000000000087e-02
1.695889999999999898e-02
1.560929999999999956e-02
1.341600000000000084e-02
1.191590000000000010e-02
1.054139999999999938e-02
9.474849999999999939e-03
9.044500000000000456e-03
9.533099999999999213e-03
1.063799999999999989e-02
1.054279999999999974e-02
9.092269999999999519e-03
5.582029999999999978e-03
5.054970000000000427e-04
-3.176089999999999903e-03
-5.195970000000000276e-03
-5.801780000000000305e-03
-5.674209999999999844e-03
-6.388300000000000402e-03
-8.024470000000000561e-03
-9.760919999999999319e-03
-1.017939999999999991e-02
-1.003270000000000030e-02
-9.976010000000000433e-03
-9.933189999999999728e-03
-9.739849999999999550e-03
-8.936249999999999749e-03
-7.827539999999999151e-03
-6.297279999999999718e-03
-2.731509999999999928e-03
-5.735740000000000077e-05
6.344930000000000361e-03
1.191809999999999918e-02
1.352369999999999961e-02
1.513250000000000012e-02
1.639149999999999982e-02
1.661879999999999954e-02
1.614339999999999872e-02
1.591590000000000019e-02
1.633969999999999867e-02
1.639809999999999879e-02
1.723239999999999841e-02
1.721150000000000110e-02
1.508409999999999959e-02
1.354990000000000014e-02
1.187859999999999958e-02
1.139489999999999947e-02
1.094380000000000006e-02
9.611619999999999539e-03
7.986899999999999902e-03
6.273159999999999847e-03
4.149560000000000054e-03
2.810729999999999999e-03
2.963550000000000125e-03
4.323050000000000156e-03
4.308179999999999996e-03
3.885399999999999791e-03
3.184520000000000146e-03
2.859700000000000176e-03
1.603409999999999992e-03
9.674080000000000049e-04
1.287439999999999939e-03
-5.502519999999999894e-04
-2.487169999999999919e-03
-5.286459999999999770e-03
-7.613070000000000427e-03
-8.781429999999999791e-03
-9.253990000000000132e-03
-8.530269999999999520e-03
-7.086689999999999656e-03
-5.355969999999999828e-03
-2.242099999999999909e-03
-7.899209999999999609e-04
-9.212820000000000471e-04
-2.180529999999999968e-03
-3.742049999999999804e-03
-7.078830000000000365e-03
-1.064979999999999920e-02
-1.384230000000000009e-02
-1.638660000000000116e-02
-1.767919999999999908e-02
-1.632609999999999964e-02
-1.229629999999999959e-02
-6.939980000000000107e-03
-3.118839999999999894e-03
-1.601760000000000033e-03
-4.418269999999999966e-04
6.288500000000000524e-05
-1.012179999999999894e-03
-1.840700000000000018e-03
-3.361489999999999964e-03
-5.162309999999999816e-03
-7.944710000000000660e-03
-1.124759999999999996e-02
-1.336640000000000050e-02
-1.442429999999999927e-02
-1.629200000000000093e-02
-1.865750000000000047e-02
-2.147539999999999866e-02
-2.419299999999999923e-02
-2.630740000000000162e-02
-2.816259999999999944e-02
-2.939260000000000136e-02
-3.040510000000000088e-02
-3.087269999999999945e-02
-3.055039999999999839e-02
-3.139009999999999717e-02
-3.112149999999999986e-02
-3.054540000000000033e-02
-2.890179999999999833e-02
-2.745380000000000043e-02
-2.569930000000000131e-02
-2.401589999999999975e-02
-2.350649999999999962e-02
-2.316150000000000153e-02
-2.267720000000000152e-02
-2.349669999999999884e-02
-2.621940000000000034e-02
-2.929630000000000081e-02
-3.217260000000000258e-02
-3.342819999999999819e-02
-3.366419999999999829e-02
-3.410250000000000087e-02
-3.403479999999999700e-02
-3.336619999999999864e-02
-3.273029999999999690e-02
-3.202089999999999798e-02
-3.157270000000000215e-02
-3.107050000000000090e-02
-3.069409999999999847e-02
-3.020789999999999934e-02
-2.919220000000000148e-02
-2.814039999999999944e-02
-2.755279999999999882e-02
-2.694989999999999886e-02
-2.628689999999999846e-02
-2.546299999999999952e-02
-2.392479999999999954e-02
-2.207560000000000078e-02
-1.982810000000000128e-02
-1.870180000000000106e-02
-1.667799999999999838e-02
-1.520789999999999989e-02
-1.345380000000000013e-02
-1.105959999999999929e-02
-1.011270000000000051e-02
-8.532700000000000701e-03
-7.195179999999999805e-03
-5.939200000000000382e-03
-3.026120000000000199e-03
2.632549999999999994e-04
4.634540000000000361e-03
7.596880000000000299e-03
9.140459999999999557e-03
1.046889999999999973e-02
1.184570000000000067e-02
1.270770000000000059e-02
1.315090000000000009e-02
1.412640000000000076e-02
1.509549999999999954e-02
1.650889999999999996e-02
2.037450000000000025e-02
2.390199999999999964e-02
2.721060000000000145e-02
2.953369999999999954e-02
3.036339999999999872e-02
2.944449999999999845e-02
2.820450000000000040e-02
2.770699999999999899e-02
2.730700000000000141e-02
2.678430000000000047e-02
2.778840000000000129e-02
2.820009999999999878e-02
2.719620000000000024e-02
2.677989999999999884e-02
2.671240000000000073e-02
2.511309999999999931e-02
2.202080000000000010e-02
1.855160000000000142e-02
1.401499999999999968e-02
8.462489999999999596e-03
5.864659999999999838e-03
5.230420000000000381e-03
5.806500000000000029e-03
6.505679999999999796e-03
6.210130000000000337e-03
6.351159999999999792e-03
4.703289999999999728e-03
2.367580000000000205e-03
4.892800000000000317e-04
-4.955159999999999903e-04
-1.141719999999999931e-03
-1.736499999999999979e-03
-2.425819999999999973e-03
-2.089360000000000175e-03
-1.946079999999999989e-03
-1.890959999999999907e-03
-2.359609999999999833e-03
-2.163229999999999927e-03
-2.969939999999999906e-03
-4.194179999999999610e-03
-4.320000000000000055e-03
-5.775660000000000169e-03
-6.101360000000000117e-03
-5.698339999999999655e-03
-5.606169999999999730e-03
-5.451010000000000057e-03
-5.330630000000000264e-03
-4.679739999999999941e-03
-2.649199999999999992e-03
-4.758850000000000016e-04
-5.077799999999999935e-04
-4.419429999999999800e-04
-2.786029999999999887e-04
-1.037030000000000064e-04
-1.214559999999999945e-03
-2.233520000000000123e-03
-2.363350000000000173e-03
-2.126579999999999877e-03
-2.800690000000000211e-03
-4.041430000000000369e-03
-2.179040000000000143e-03
-1.174939999999999969e-03
-2.276130000000000093e-06
4.235299999999999785e-04
7.403419999999999532e-04
9.581540000000000152e-04
2.549539999999999988e-04
-9.474629999999999511e-04
4.165740000000000133e-04
1.274750000000000058e-03
1.952699999999999922e-03
3.417309999999999792e-03
3.422459999999999999e-03
3.194900000000000084e-03
3.032159999999999890e-03
2.751389999999999825e-03
1.686070000000000017e-03
2.009280000000000007e-03
3.459680000000000134e-03
4.676689999999999840e-03
6.421589999999999590e-03
7.759829999999999679e-03
9.024849999999999192e-03
9.731450000000000863e-03
9.780789999999999276e-03
9.878269999999999759e-03
9.685169999999999890e-03
1.032899999999999964e-02
1.303209999999999959e-02
1.565319999999999906e-02
1.780400000000000038e-02
1.883479999999999877e-02
1.933199999999999849e-02
1.930079999999999990e-02
2.059050000000000116e-02
2.133699999999999833e-02
2.236640000000000156e-02
2.092559999999999906e-02
1.920730000000000007e-02
1.728729999999999850e-02
1.463730000000000066e-02
1.257959999999999981e-02
9.635490000000000027e-03
6.865310000000000336e-03
4.437810000000000366e-03
1.983490000000000079e-03
-1.134400000000000035e-03
-3.215200000000000089e-03
-5.282949999999999799e-03
-7.141699999999999958e-03
-8.456240000000000284e-03
-9.429029999999999703e-03
-1.067809999999999940e-02
-1.020880000000000051e-02
-9.899780000000000385e-03
-9.561760000000000745e-03
-8.725750000000000867e-03
-7.125270000000000388e-03
-7.000669999999999636e-03
-7.433559999999999647e-03
-6.647949999999999693e-03
-5.758240000000000407e-03
-4.787549999999999792e-03
-4.094669999999999907e-03
-3.083970000000000114e-03
-1.536180000000000054e-03
-1.383909999999999915e-03
1.293710000000000053e-04
2.207339999999999910e-03
3.010930000000000203e-03
3.069759999999999937e-03
3.107560000000000097e-03
2.151160000000000051e-03
9.029199999999999813e-04
9.473150000000000060e-04
-4.467610000000000126e-08
-5.695150000000000386e-04
8.959479999999999810e-06
7.423319999999999528e-04
9.780130000000000160e-04
1.319290000000000089e-03
2.997890000000000017e-03
3.105660000000000105e-03
3.123690000000000147e-03
2.938889999999999992e-03
3.369780000000000171e-03
3.288220000000000118e-03
3.917600000000000249e-03
5.341420000000000369e-03
5.758410000000000264e-03
7.262519999999999740e-03
5.802400000000000092e-03
4.679889999999999918e-03
5.110289999999999971e-03
5.986489999999999694e-03
6.981300000000000179e-03
9.276619999999999311e-03
1.116310000000000045e-02
1.118670000000000081e-02
1.244149999999999943e-02
1.300669999999999951e-02
1.402400000000000001e-02
1.434949999999999941e-02
1.419750000000000005e-02
1.312089999999999958e-02
1.144990000000000070e-02
1.099600000000000057e-02
1.081050000000000066e-02
1.228010000000000039e-02
1.288459999999999953e-02
1.314979999999999968e-02
1.460969999999999977e-02
1.504089999999999941e-02
1.422930000000000028e-02
1.241369999999999973e-02
1.100300000000000063e-02
7.809589999999999935e-03
5.716599999999999633e-03
3.283120000000000049e-03
1.218190000000000071e-03
-6.167399999999999532e-04
-1.062570000000000094e-03
-6.359199999999999965e-04
-3.476970000000000017e-04
-1.229709999999999961e-03
-1.126040000000000027e-03
-1.443209999999999892e-03
-2.001730000000000176e-03
-2.921430000000000034e-03
-4.275830000000000429e-03
-5.885429999999999655e-03
-7.360679999999999654e-03
-9.410099999999999368e-03
-9.955220000000000735e-03
-1.034340000000000086e-02
-1.062959999999999947e-02
-1.136589999999999996e-02
-1.108139999999999993e-02
-1.097850000000000041e-02
-1.068670000000000037e-02
-1.100549999999999966e-02
-1.054289999999999915e-02
-1.004520000000000066e-02
-8.483299999999999175e-03
-8.057959999999999429e-03
-8.645440000000000763e-03
-9.437110000000000290e-03
-9.136830000000000299e-03
-1.118609999999999917e-02
-1.398409999999999931e-02
-1.618450000000000097e-02
-1.843730000000000022e-02
-2.216370000000000146e-02
-2.379459999999999908e-02
-2.368229999999999988e-02
-2.384690000000000074e-02
-2.314329999999999860e-02
-2.163280000000000064e-02
-2.069119999999999987e-02
-2.025930000000000092e-02
-1.971519999999999870e-02
-1.976330000000000101e-02
-2.101050000000000140e-02
-2.082890000000000089e-02
-2.096090000000000106e-02
-2.012009999999999840e-02
-1.970239999999999839e-02
-1.907129999999999936e-02
-1.817819999999999853e-02
-1.769209999999999880e-02
-1.731399999999999953e-02
-1.678139999999999840e-02
-1.646869999999999931e-02
-1.594829999999999859e-02
-1.552860000000000004e-02
-1.360369999999999982e-02
-1.209310000000000072e-02
-1.050560000000000035e-02
-1.007079999999999954e-02
-9.288909999999999181e-03
-8.697659999999999419e-03
-5.901769999999999759e-03
-3.861690000000000088e-03
-7.728270000000000192e-04
1.308619999999999922e-03
2.615419999999999811e-03
3.425979999999999911e-03
4.696080000000000046e-03
5.591669999999999974e-03
5.695880000000000387e-03
7.022999999999999729e-03
7.761699999999999849e-03
8.266640000000000446e-03
9.712909999999999947e-03
1.004180000000000003e-02
1.087429999999999994e-02
1.252720000000000049e-02
1.298039999999999958e-02
1.168529999999999916e-02
1.077039999999999942e-02
9.402429999999999816e-03
8.893160000000000648e-03
9.127039999999999459e-03
7.822479999999999711e-03
6.899599999999999657e-03
5.887479999999999623e-03
4.460949999999999985e-03
3.983050000000000132e-03
4.439249999999999620e-03
4.427699999999999692e-03
5.329799999999999989e-03
8.076619999999999633e-03
9.327449999999999283e-03
1.165519999999999924e-02
1.537499999999999978e-02
1.747500000000000095e-02
1.863220000000000154e-02
1.893250000000000141e-02
1.869109999999999869e-02
1.678400000000000031e-02
1.587480000000000141e-02
1.578529999999999864e-02
1.615209999999999910e-02
1.718650000000000039e-02
1.824160000000000018e-02
1.915040000000000145e-02
2.020840000000000136e-02
2.059010000000000007e-02
2.000789999999999860e-02
1.934459999999999999e-02
1.792950000000000099e-02
1.660450000000000120e-02
1.508589999999999931e-02
1.480470000000000050e-02
1.596380000000000021e-02
1.566789999999999849e-02
1.648149999999999962e-02
1.760499999999999912e-02
1.817519999999999900e-02
1.896629999999999844e-02
1.799649999999999861e-02
1.701640000000000097e-02
1.594210000000000071e-02
1.492920000000000011e-02
1.425629999999999953e-02
1.361640000000000073e-02
1.347180000000000079e-02
1.275210000000000059e-02
1.064589999999999981e-02
9.079189999999999136e-03
7.499900000000000316e-03
5.624889999999999578e-03
3.262170000000000000e-03
1.188940000000000092e-03
1.870839999999999916e-03
2.658289999999999785e-03
3.521729999999999826e-03
5.939449999999999764e-03
8.419950000000000698e-03
9.997860000000000774e-03
1.105569999999999990e-02
1.066519999999999968e-02
9.303320000000000339e-03
6.473809999999999981e-03
4.346329999999999812e-03
1.036739999999999971e-03
-1.682239999999999994e-03
-2.003009999999999947e-03
-2.280889999999999827e-03
-1.578839999999999974e-03
-9.655230000000000323e-04
-2.459240000000000124e-04
-1.845420000000000027e-05
-2.087280000000000114e-04
-5.388209999999999831e-04
-1.226979999999999965e-04
-6.698620000000000182e-04
-1.366770000000000007e-03
-1.340070000000000063e-03
-1.622039999999999940e-03
-3.415560000000000210e-03
-4.159519999999999884e-03
-4.677360000000000198e-03
-5.808449999999999724e-03
-6.756700000000000032e-03
-7.876769999999999952e-03
-9.355650000000000077e-03
-9.101919999999999455e-03
-8.827760000000000468e-03
-7.965959999999999361e-03
-8.053360000000000726e-03
-9.695910000000000292e-03
-1.077900000000000039e-02
-1.197550000000000003e-02
-1.343010000000000037e-02
-1.425689999999999943e-02
-1.472910000000000018e-02
-1.551699999999999954e-02
-1.544380000000000058e-02
-1.593889999999999890e-02
-1.619529999999999928e-02
-1.483109999999999984e-02
-1.470050000000000003e-02
-1.533089999999999974e-02
-1.495179999999999947e-02
-1.451580000000000058e-02
-1.532050000000000078e-02
-1.603459999999999955e-02
-1.563940000000000122e-02
-1.501339999999999966e-02
-1.345149999999999992e-02
-1.274879999999999937e-02
-1.259009999999999990e-02
-1.230239999999999979e-02
-1.197190000000000060e-02
-1.180729999999999974e-02
-1.184739999999999925e-02
-1.208090000000000032e-02
-1.143330000000000041e-02
-1.066139999999999970e-02
-9.054239999999999858e-03
-7.896349999999999897e-03
-7.441820000000000032e-03
-7.527370000000000241e-03
-7.546319999999999591e-03
-7.863119999999999485e-03
-7.605709999999999901e-03
-6.520520000000000135e-03
-4.585910000000000333e-03
-2.525690000000000140e-03
-9.839149999999999470e-05
2.214480000000000007e-03
3.801419999999999799e-03
4.700509999999999758e-03
4.789769999999999618e-03
5.312250000000000132e-03
5.191669999999999792e-03
6.646390000000000284e-03
7.708079999999999966e-03
8.745799999999999755e-03
9.551520000000000843e-03
1.031630000000000047e-02
1.041040000000000021e-02
9.308010000000000242e-03
8.290300000000000447e-03
6.368129999999999624e-03
5.533500000000000224e-03
5.148879999999999776e-03
3.872190000000000180e-03
3.438339999999999799e-03
4.251750000000000321e-03
4.456650000000000368e-03
4.634759999999999922e-03
6.030640000000000306e-03
6.952729999999999848e-03
7.923370000000000760e-03
8.398340000000000666e-03
8.689600000000000449e-03
8.491729999999999418e-03
6.648089999999999729e-03
6.254189999999999749e-03
5.602379999999999687e-03
3.073499999999999843e-03
1.707780000000000105e-03
2.605790000000000000e-05
-8.959200000000000280e-04
-1.919380000000000044e-03
-8.209029999999999973e-04
-2.066009999999999960e-04
2.680379999999999907e-05
-2.060519999999999984e-04
-8.625800000000000524e-04
-1.528349999999999934e-03
-2.661010000000000111e-03
-3.107190000000000125e-03
-3.677510000000000154e-03
-4.895130000000000141e-03
-4.961319999999999966e-03
-5.183390000000000393e-03
-4.901579999999999999e-03
-4.492119999999999620e-03
-4.323269999999999717e-03
-3.632559999999999956e-03
-3.204260000000000008e-03
-2.746600000000000083e-03
-2.316069999999999934e-03
-1.685630000000000028e-03
-1.972309999999999959e-04
1.571370000000000102e-03
2.277910000000000178e-03
3.761149999999999997e-03
4.579599999999999643e-03
4.265689999999999933e-03
3.188149999999999838e-03
3.442689999999999986e-03
2.106569999999999884e-03
1.419120000000000060e-03
8.801859999999999784e-05
-2.457730000000000201e-04
-7.861489999999999841e-04
-1.210780000000000059e-03
3.216049999999999812e-04
1.890710000000000090e-03
2.586839999999999973e-03
3.331020000000000075e-03
4.063589999999999737e-03
3.524310000000000116e-03
3.523339999999999805e-03
3.217879999999999786e-03
1.688859999999999927e-03
1.224009999999999985e-03
-4.228130000000000191e-04
-2.170039999999999816e-03
-2.797730000000000009e-03
-4.585510000000000107e-03
-5.616620000000000119e-03
-7.147109999999999921e-03
-8.489049999999999721e-03
-1.073179999999999967e-02
-1.217490000000000065e-02
-1.370700000000000043e-02
-1.484390000000000015e-02
-1.499849999999999968e-02
-1.566990000000000050e-02
-1.533140000000000024e-02
-1.491720000000000025e-02
-1.438689999999999934e-02
-1.284899999999999931e-02
-1.010310000000000027e-02
-7.406880000000000235e-03
-4.682069999999999982e-03
-2.364450000000000145e-03
3.933189999999999928e-04
3.260499999999999943e-03
5.394689999999999729e-03
6.688569999999999585e-03
8.079499999999999876e-03
9.316470000000000307e-03
1.051700000000000031e-02
1.071689999999999969e-02
1.079650000000000054e-02
1.058770000000000024e-02
1.021629999999999934e-02
1.048900000000000006e-02
1.106739999999999981e-02
1.164240000000000066e-02
1.225290000000000060e-02
1.284659999999999969e-02
1.442049999999999929e-02
1.530109999999999977e-02
1.616899999999999935e-02
1.550299999999999942e-02
1.434430000000000080e-02
1.484309999999999970e-02
1.474460000000000007e-02
1.496439999999999923e-02
1.534519999999999981e-02
1.418059999999999980e-02
1.326180000000000067e-02
1.225560000000000017e-02
1.196219999999999922e-02
1.139289999999999921e-02
9.936060000000000031e-03
8.269109999999999655e-03
7.336719999999999700e-03
5.390050000000000396e-03
3.792750000000000114e-03
3.076769999999999939e-03
2.376169999999999932e-03
2.528419999999999973e-03
3.215439999999999965e-03
4.752130000000000243e-03
5.686489999999999774e-03
7.150710000000000226e-03
9.148969999999999325e-03
1.017689999999999914e-02
1.081030000000000012e-02
9.368160000000000376e-03
7.473780000000000180e-03
6.222809999999999626e-03
4.558549999999999755e-03
3.226650000000000178e-03
1.514719999999999999e-03
-7.958280000000000519e-04
-1.907169999999999916e-03
-3.018359999999999880e-03
-4.822729999999999899e-03
-6.133760000000000254e-03
-6.099529999999999709e-03
-6.950079999999999973e-03
-8.717529999999999377e-03
-1.066989999999999952e-02
-1.392340000000000071e-02
-1.626680000000000140e-02
-1.656830000000000108e-02
-1.626150000000000165e-02
-1.556160000000000009e-02
-1.581310000000000007e-02
-1.579770000000000132e-02
-1.623250000000000040e-02
-1.634100000000000136e-02
-1.593719999999999859e-02
-1.668779999999999916e-02
-1.696769999999999876e-02
-1.810799999999999910e-02
-1.983860000000000137e-02
-2.134159999999999877e-02
-2.261650000000000119e-02
-2.381070000000000061e-02
-2.482550000000000034e-02
-2.453599999999999878e-02
-2.384930000000000036e-02
-2.420869999999999966e-02
-2.300529999999999936e-02
-2.149469999999999853e-02
-2.055600000000000135e-02
-1.996219999999999939e-02
-1.847379999999999856e-02
-1.784679999999999947e-02
-1.618390000000000106e-02
-1.490320000000000013e-02
-1.262890000000000019e-02
-1.095220000000000048e-02
-9.790770000000000722e-03
-1.019540000000000030e-02
-1.195829999999999983e-02
-1.278999999999999929e-02
-1.321680000000000077e-02
-1.383449999999999958e-02
-1.352539999999999992e-02
-1.303649999999999948e-02
-1.228920000000000012e-02
-1.115840000000000061e-02
-1.008069999999999973e-02
-8.129340000000000524e-03
-6.472209999999999942e-03
-5.499480000000000167e-03
-5.313449999999999944e-03
-3.322069999999999884e-03
-2.015489999999999990e-03
-8.828920000000000301e-04
-3.050419999999999976e-04
-3.438779999999999897e-04
5.320109999999999856e-04
9.706660000000000201e-04
9.107969999999999738e-04
1.067409999999999973e-03
1.117039999999999917e-03
1.679189999999999893e-03
3.085599999999999975e-03
4.415089999999999987e-03
5.032059999999999658e-03
5.474810000000000093e-03
5.324470000000000418e-03
6.678479999999999660e-03
7.840099999999999153e-03
8.108499999999999389e-03
9.311470000000000510e-03
1.009449999999999931e-02
1.181579999999999957e-02
1.362720000000000077e-02
1.574060000000000042e-02
1.730519999999999975e-02
1.904490000000000002e-02
1.916220000000000076e-02
1.803489999999999954e-02
1.650750000000000134e-02
1.591340000000000116e-02
1.578830000000000164e-02
1.578970000000000026e-02
1.672360000000000166e-02
1.682219999999999896e-02
1.570840000000000083e-02
1.629200000000000093e-02
1.628049999999999983e-02
1.651149999999999840e-02
1.653109999999999996e-02
1.646109999999999934e-02
1.510389999999999996e-02
1.436100000000000050e-02
1.295690000000000036e-02
1.103990000000000006e-02
1.005600000000000070e-02
9.174520000000000244e-03
8.485760000000000178e-03
7.826359999999999220e-03
7.052100000000000382e-03
7.512829999999999855e-03
8.194440000000000751e-03
8.298430000000000736e-03
9.078559999999999408e-03
8.733239999999999753e-03
8.252290000000000667e-03
8.176720000000000169e-03
8.100170000000000287e-03
7.159450000000000362e-03
5.610350000000000059e-03
5.087549999999999711e-03
3.606129999999999926e-03
2.633429999999999972e-03
2.761270000000000131e-03
2.555669999999999904e-03
2.416890000000000097e-03
2.248940000000000054e-03
2.269800000000000203e-03
2.166710000000000077e-03
2.138039999999999906e-03
2.207170000000000052e-03
2.561390000000000194e-03
1.883289999999999921e-03
2.473980000000000189e-03
2.643239999999999826e-03
1.115279999999999961e-03
5.600860000000000040e-04
1.455640000000000015e-03
7.028619999999999529e-04
1.493839999999999968e-03
2.536070000000000078e-03
3.098019999999999941e-03
2.966830000000000161e-03
3.231540000000000194e-03
4.571750000000000293e-03
3.583540000000000076e-03
2.161699999999999906e-03
1.900510000000000003e-03
4.443720000000000070e-04
-6.626870000000000471e-05
-7.243319999999999490e-04
-1.299560000000000006e-04
7.206229999999999884e-04
1.506530000000000065e-03
2.309110000000000069e-03
3.272100000000000009e-03
3.581469999999999793e-03
2.941909999999999838e-03
2.546360000000000116e-03
2.208139999999999929e-03
6.212840000000000506e-04
-1.213169999999999960e-03
-2.227409999999999980e-03
-2.915739999999999998e-03
-4.307980000000000316e-03
-4.066400000000000396e-03
-3.937079999999999920e-03
-3.344549999999999954e-03
-2.843430000000000089e-03
-1.784549999999999982e-03
-3.601480000000000219e-04
-2.536290000000000072e-04
9.714930000000000310e-04
2.060569999999999850e-03
1.703670000000000011e-03
1.699339999999999922e-03
1.564829999999999910e-03
1.714210000000000083e-03
3.243649999999999852e-06
-5.522640000000000101e-04
-1.703050000000000007e-03
-3.640449999999999936e-03
-5.336630000000000193e-03
-6.441239999999999986e-03
-6.279869999999999897e-03
-6.010930000000000266e-03
-6.407669999999999859e-03
-6.604900000000000354e-03
-6.883140000000000265e-03
-6.998609999999999727e-03
-7.934669999999999571e-03
-8.710139999999999896e-03
-1.006639999999999965e-02
-1.016680000000000014e-02
-1.060859999999999928e-02
-1.192550000000000034e-02
-1.188999999999999953e-02
-1.177390000000000034e-02
-1.078310000000000032e-02
-9.214959999999999471e-03
-8.895870000000000166e-03
-8.874609999999999790e-03
-8.595469999999999153e-03
-8.454919999999999450e-03
-8.150910000000000794e-03
-6.862359999999999641e-03
-5.795259999999999995e-03
-5.877499999999999912e-03
-5.755849999999999855e-03
-5.989389999999999818e-03
-6.346110000000000292e-03
-6.314779999999999872e-03
-5.756950000000000262e-03
-4.747350000000000007e-03
-4.065799999999999623e-03
-3.725800000000000032e-03
-3.011209999999999842e-03
-1.955249999999999957e-03
-5.870849999999999940e-04
1.100360000000000097e-03
1.705600000000000041e-03
1.734190000000000037e-03
3.123799999999999927e-03
3.590449999999999805e-03
3.503220000000000032e-03
3.436230000000000187e-03
4.179529999999999877e-03
4.842429999999999998e-03
5.020049999999999860e-03
5.293749999999999845e-03
6.095579999999999748e-03
7.128960000000000158e-03
7.049009999999999651e-03
7.305790000000000374e-03
7.889890000000000098e-03
7.248479999999999854e-03
6.770230000000000345e-03
5.571139999999999599e-03
4.330790000000000160e-03
2.855100000000000172e-03
2.489939999999999948e-03
2.598870000000000086e-03
1.688070000000000065e-03
1.270120000000000016e-03
2.499800000000000156e-04
-9.541600000000000125e-04
-1.306690000000000108e-03
-2.702069999999999993e-03
-3.190619999999999915e-03
-3.886740000000000073e-03
-3.838869999999999869e-03
-3.272039999999999931e-03
-3.197510000000000196e-03
-2.585140000000000094e-03
-3.547610000000000086e-03
-5.198310000000000257e-03
-6.527309999999999710e-03
-7.531269999999999631e-03
-8.472489999999999188e-03
-8.902339999999999906e-03
-9.018029999999999796e-03
-9.738800000000000581e-03
-1.082409999999999969e-02
-1.052239999999999946e-02
-1.107170000000000029e-02
-1.133709999999999926e-02
-1.125080000000000004e-02
-1.057729999999999955e-02
-9.915560000000000346e-03
-9.632570000000000021e-03
-8.047719999999999527e-03
-6.996379999999999960e-03
-6.091329999999999835e-03
-5.309109999999999698e-03
-4.623939999999999995e-03
-5.510110000000000355e-03
-5.377510000000000276e-03
-6.117899999999999901e-03
-7.274219999999999645e-03
-7.353829999999999568e-03
-8.014570000000000374e-03
-8.890169999999999323e-03
-9.076580000000000759e-03
-9.626149999999999984e-03
-8.570180000000000159e-03
-7.534749999999999781e-03
-7.134330000000000359e-03
-5.990940000000000154e-03
-5.079619999999999969e-03
-5.506229999999999979e-03
-6.979169999999999818e-03
-7.069849999999999919e-03
-6.847269999999999919e-03
-6.468999999999999924e-03
-6.140089999999999958e-03
-7.507390000000000070e-03
-8.858690000000000661e-03
-9.417840000000000239e-03
-9.501479999999999648e-03
-9.820920000000000344e-03
-9.607980000000000340e-03
-8.429709999999999981e-03
-7.607240000000000356e-03
-7.018550000000000136e-03
-5.832730000000000380e-03
-4.740610000000000136e-03
-3.370950000000000162e-03
-2.464290000000000057e-03
-8.344119999999999792e-04
-4.323740000000000179e-04
-1.247750000000000107e-04
1.802390000000000068e-03
2.266020000000000100e-03
3.737949999999999866e-03
4.097599999999999854e-03
4.073860000000000328e-03
4.011749999999999691e-03
4.469139999999999918e-03
4.394330000000000111e-03
5.577519999999999874e-03
6.278790000000000239e-03
6.637220000000000099e-03
6.616450000000000282e-03
5.913690000000000092e-03
6.767389999999999864e-03
7.477659999999999689e-03
7.623930000000000116e-03
8.434060000000000168e-03
7.970110000000000736e-03
7.840980000000000866e-03
6.812669999999999837e-03
5.714050000000000032e-03
5.868759999999999775e-03
6.566409999999999955e-03
7.421859999999999742e-03
7.759989999999999596e-03
8.456139999999999143e-03
8.415340000000000320e-03
8.259590000000000681e-03
8.099570000000000380e-03
7.758329999999999914e-03
7.065759999999999923e-03
6.826709999999999723e-03
5.897460000000000202e-03
4.938679999999999980e-03
3.389619999999999873e-03
1.957050000000000109e-03
1.101310000000000093e-03
-1.122699999999999940e-04
-8.553420000000000380e-04
-1.143780000000000057e-03
-1.207130000000000052e-03
-5.904769999999999507e-04
-1.134339999999999985e-04
1.112460000000000011e-03
1.136040000000000053e-03
1.945249999999999931e-03
2.704709999999999927e-03
3.311129999999999803e-03
4.323699999999999766e-03
6.277190000000000200e-03
7.565539999999999939e-03
8.476509999999999601e-03
1.031329999999999920e-02
1.215650000000000064e-02
1.365609999999999914e-02
1.485569999999999946e-02
1.544069999999999991e-02
1.581199999999999967e-02
1.550179999999999961e-02
1.473799999999999936e-02
1.413099999999999946e-02
1.408009999999999991e-02
1.319329999999999982e-02
1.278400000000000022e-02
1.140019999999999922e-02
9.775970000000000146e-03
9.281980000000000439e-03
8.721619999999999373e-03
8.727890000000000301e-03
8.774370000000000086e-03
8.853250000000000008e-03
7.821810000000000221e-03
8.300159999999999136e-03
8.075650000000000189e-03
8.325000000000000802e-03
6.730090000000000204e-03
5.772529999999999675e-03
4.845689999999999720e-03
4.617559999999999720e-03
4.461650000000000164e-03
5.781040000000000310e-03
7.028300000000000346e-03
8.436229999999999424e-03
9.759600000000000219e-03
9.904539999999999872e-03
9.308870000000000339e-03
9.384429999999999161e-03
8.909210000000000740e-03
7.644350000000000277e-03
5.803599999999999905e-03
3.675419999999999989e-03
1.823409999999999918e-03
6.600080000000000139e-04
-5.909659999999999523e-04
-2.059319999999999901e-03
-3.105960000000000058e-03
-4.109039999999999568e-03
-5.694630000000000004e-03
-6.473829999999999862e-03
-7.136130000000000077e-03
-6.540409999999999974e-03
-5.659070000000000419e-03
-5.365140000000000013e-03
-4.257610000000000214e-03
-4.051370000000000318e-03
-3.967159999999999957e-03
-3.079129999999999801e-03
-2.372589999999999942e-03
-2.105689999999999906e-03
-1.388810000000000088e-03
-5.321870000000000463e-04
-7.441909999999999498e-04
-2.435749999999999981e-04
1.133700000000000072e-03
1.433830000000000087e-03
1.281500000000000087e-03
1.219239999999999907e-03
1.326649999999999965e-03
1.253500000000000057e-03
1.167690000000000091e-03
1.054859999999999912e-03
1.002920000000000027e-03
8.832980000000000258e-04
8.138029999999999873e-04
9.369909999999999741e-04
1.325329999999999998e-03
9.390810000000000303e-04
9.945460000000000151e-04
1.361720000000000074e-03
1.996369999999999915e-03
2.110980000000000148e-03
2.355569999999999973e-03
3.368240000000000210e-03
3.425309999999999987e-03
3.451979999999999892e-03
4.467589999999999582e-03
4.303170000000000259e-03
3.662209999999999945e-03
4.219900000000000387e-03
4.067420000000000410e-03
4.216140000000000165e-03
4.836690000000000260e-03
4.922349999999999816e-03
4.700730000000000186e-03
3.438469999999999895e-03
2.533249999999999912e-03
1.311710000000000003e-03
2.944889999999999921e-04
4.287639999999999897e-04
-4.239310000000000040e-04
-8.729519999999999728e-04
-6.603130000000000457e-04
-7.556000000000000433e-04
-5.220000000000000031e-04
-5.819119999999999675e-04
-1.282280000000000008e-03
-1.273229999999999978e-03
-1.738350000000000051e-03
-2.265389999999999938e-03
-2.554129999999999942e-03
-2.560890000000000128e-03
-2.283879999999999851e-03
-1.771199999999999901e-03
-2.167089999999999989e-03
-2.612619999999999960e-03
-1.938629999999999997e-03
-1.299809999999999984e-03
-1.336139999999999984e-03
-1.287670000000000091e-03
-9.722949999999999735e-04
-1.061950000000000090e-03
-1.696510000000000032e-03
-2.333439999999999993e-03
-2.673299999999999982e-03
-3.891879999999999905e-03
-4.797029999999999871e-03
-5.637350000000000173e-03
-6.139369999999999897e-03
-6.435009999999999689e-03
-6.275059999999999839e-03
-5.842599999999999877e-03
-5.878709999999999665e-03
-5.321339999999999924e-03
-4.859790000000000117e-03
-4.899800000000000162e-03
-5.266340000000000431e-03
-5.544180000000000115e-03
-5.426639999999999936e-03
-6.290869999999999622e-03
-6.571109999999999798e-03
-6.823209999999999692e-03
-7.166379999999999972e-03
-7.397410000000000097e-03
-7.056980000000000024e-03
-7.016510000000000108e-03
-6.378739999999999931e-03
-5.519279999999999672e-03
-5.133409999999999709e-03
-5.086929999999999924e-03
-4.767760000000000227e-03
-4.392189999999999810e-03
-4.335809999999999838e-03
-4.451369999999999633e-03
-4.860399999999999963e-03
-5.098919999999999841e-03
-5.007140000000000202e-03
-5.109090000000000159e-03
-5.118610000000000000e-03
-4.564750000000000231e-03
-4.639179999999999693e-03
-5.183079999999999632e-03
-5.524659999999999814e-03
-5.348209999999999943e-03
-5.173030000000000336e-03
-4.986390000000000267e-03
-4.676600000000000375e-03
-4.387150000000000251e-03
-4.430830000000000185e-03
-4.261169999999999888e-03
-4.031729999999999862e-03
-3.875799999999999992e-03
-3.742679999999999965e-03
-3.470469999999999805e-03
-3.069130000000000209e-03
-2.758669999999999959e-03
-2.329320000000000175e-03
-1.996280000000000016e-03
-1.699079999999999948e-03
-1.068560000000000083e-03
-9.515870000000000491e-04
-7.002020000000000292e-04
-1.260269999999999912e-04
9.384019999999999645e-05
9.407599999999999849e-05
2.905189999999999878e-04
5.541870000000000390e-04
7.767699999999999778e-04
8.409469999999999836e-04
7.494819999999999911e-04
7.249799999999999604e-04
7.604820000000000416e-04
7.882880000000000529e-04
4.422629999999999769e-04
-5.955069999999999889e-05
-4.940170000000000238e-04
-1.123990000000000058e-03
-1.766240000000000084e-03
-2.134169999999999904e-03
-2.221279999999999956e-03
-2.366459999999999918e-03
-2.265899999999999945e-03
-2.236829999999999982e-03
-2.069619999999999880e-03
-1.781540000000000077e-03
-1.664490000000000023e-03
-1.621629999999999990e-03
-1.622540000000000007e-03
-1.791440000000000046e-03
-1.657210000000000107e-03
-1.461889999999999978e-03
-1.347639999999999992e-03
-1.238900000000000027e-03
-1.115410000000000056e-03
-1.002789999999999931e-03
-1.213670000000000027e-03
-1.076960000000000070e-03
-1.212970000000000064e-03
-1.110590000000000058e-03
-9.723849999999999811e-04
-7.179559999999999545e-04
-4.735529999999999839e-04
-3.551389999999999755e-04
-1.927580000000000135e-04
5.982599999999999946e-05
1.973789999999999952e-04
7.179830000000000001e-05
1.709459999999999994e-04
1.601290000000000113e-04
9.383879999999999338e-05
2.423120000000000070e-04
4.335559999999999805e-04
8.017080000000000430e-04
9.225029999999999732e-04
1.100980000000000101e-03
1.386059999999999940e-03
1.450329999999999892e-03
1.477739999999999956e-03
1.539840000000000002e-03
1.763349999999999900e-03
1.883439999999999897e-03
1.949599999999999901e-03
2.145139999999999807e-03
2.191470000000000050e-03
2.283799999999999893e-03
2.348450000000000190e-03
2.308150000000000132e-03
2.278389999999999929e-03
2.247069999999999883e-03
2.225599999999999887e-03
2.137630000000000172e-03
2.083719999999999843e-03
2.106139999999999835e-03
2.025180000000000122e-03
1.981440000000000111e-03
1.860319999999999942e-03
1.746170000000000014e-03
1.724709999999999958e-03
1.716230000000000012e-03
1.694149999999999953e-03
1.708799999999999902e-03
1.710649999999999974e-03
1.661429999999999981e-03
1.660709999999999921e-03
1.666729999999999948e-03
1.636059999999999945e-03
1.635869999999999989e-03
1.636700000000000047e-03
1.583940000000000044e-03
1.537979999999999989e-03
1.472589999999999967e-03
1.433620000000000033e-03
1.405610000000000063e-03
1.357120000000000071e-03
1.333439999999999973e-03
1.309620000000000055e-03
1.282960000000000090e-03
1.237650000000000078e-03
1.205319999999999959e-03
1.186360000000000019e-03
1.149559999999999992e-03
1.114369999999999944e-03
1.086249999999999976e-03
1.059339999999999978e-03
1.037429999999999993e-03
1.014649999999999970e-03
9.919560000000000009e-04
9.660170000000000042e-04
9.336190000000000070e-04
8.974640000000000525e-04
8.785130000000000369e-04
8.619339999999999641e-04
8.312639999999999613e-04
8.062170000000000230e-04
7.754399999999999618e-04
7.413289999999999897e-04
7.076170000000000116e-04
6.675329999999999936e-04
6.323760000000000318e-04
6.003220000000000301e-04
5.696510000000000115e-04
5.394780000000000278e-04
5.068909999999999822e-04
4.777590000000000179e-04
4.446340000000000123e-04
4.147150000000000163e-04
3.862839999999999763e-04
3.592930000000000039e-04
3.306779999999999941e-04
3.017110000000000256e-04
2.756869999999999915e-04
2.491509999999999732e-04
2.226270000000000083e-04
1.969949999999999935e-04
1.710659999999999915e-04
1.441009999999999947e-04
1.177919999999999998e-04
9.250889999999999786e-05
6.750350000000000176e-05
4.296379999999999682e-05
1.889549999999999891e-05
-4.789400000000000257e-06
-2.745960000000000048e-05
-4.967639999999999757e-05
-7.114309999999999991e-05
-9.200820000000000450e-05
-1.121599999999999968e-04
-1.314769999999999882e-04
-1.501100000000000112e-04
-1.680030000000000108e-04
-1.851169999999999964e-04
-2.015650000000000124e-04
-2.173149999999999886e-04
-2.323989999999999953e-04
-2.467929999999999798e-04
-2.604999999999999894e-04
-2.734999999999999801e-04
-2.858119999999999801e-04
-2.974289999999999877e-04
-3.083650000000000063e-04
-3.186190000000000203e-04
-3.281989999999999929e-04
-3.371089999999999872e-04
-3.453570000000000207e-04
