2.289110000000000016e-03
1.602530000000000013e-03
7.945769999999999786e-04
-2.673640000000000239e-04
-1.596549999999999966e-03
-2.319169999999999955e-04
1.517249999999999936e-03
1.425320000000000102e-03
1.426200000000000081e-03
1.683950000000000030e-04
-1.828909999999999998e-03
-5.856799999999999897e-04
2.699469999999999821e-04
-5.252939999999999888e-05
9.856710000000000298e-04
1.884129999999999919e-03
1.233200000000000051e-03
-1.278209999999999893e-03
-5.031840000000000531e-04
9.521780000000000304e-04
1.678239999999999897e-03
1.307790000000000081e-03
-1.350510000000000078e-03
-1.729120000000000006e-03
-5.624399999999999886e-04
3.295000000000000186e-03
4.743200000000000367e-03
-1.132239999999999988e-04
-2.238089999999999871e-03
-2.184440000000000044e-05
2.386160000000000017e-03
3.963880000000000355e-03
3.222120000000000192e-03
-1.980099999999999829e-03
-4.932210000000000240e-03
-4.169050000000000208e-04
5.016399999999999852e-03
2.786439999999999837e-03
-8.297009999999999628e-04
-2.017230000000000065e-03
-3.980970000000000342e-03
-1.588309999999999896e-03
4.259380000000000002e-04
-8.166799999999999667e-04
-3.508719999999999895e-03
-1.540389999999999988e-03
5.427979999999999784e-03
4.694939999999999877e-04
-3.292540000000000050e-03
-2.092280000000000181e-03
-6.525480000000000169e-03
-3.700649999999999881e-04
5.673150000000000068e-03
-3.247440000000000201e-04
-6.795920000000000433e-03
-2.055260000000000160e-03
3.222940000000000093e-03
-3.893900000000000052e-03
-5.748569999999999722e-03
-3.706839999999999875e-03
-3.689809999999999965e-03
1.537369999999999926e-03
1.677810000000000065e-03
2.627509999999999785e-04
-2.160070000000000046e-03
-4.908280000000000108e-03
4.443439999999999998e-04
1.890369999999999941e-03
6.193409999999999888e-03
6.253250000000000128e-03
-3.923950000000000268e-04
-1.142830000000000034e-04
8.166750000000000398e-03
1.536659999999999936e-02
9.707250000000000600e-03
2.619929999999999915e-03
-3.664650000000000199e-03
-1.174169999999999988e-03
3.037039999999999965e-03
-5.283480000000000121e-03
-1.273700000000000006e-02
-9.993570000000000231e-03
-5.064289999999999937e-03
-5.848029999999999722e-03
-9.233800000000000341e-03
-8.779270000000000476e-03
-7.522000000000000040e-03
-5.927120000000000132e-03
5.902799999999999931e-04
7.076060000000000336e-03
5.988330000000000042e-03
1.065399999999999984e-03
5.301049999999999859e-03
8.026079999999999673e-03
8.163029999999999939e-04
-8.354939999999999936e-03
-1.150510000000000074e-02
-6.694209999999999917e-03
-4.479190000000000081e-03
-6.038179999999999763e-03
-8.797720000000000193e-03
-6.526620000000000338e-03
4.705179999999999779e-03
1.123580000000000065e-02
7.892810000000000104e-03
4.109190000000000412e-03
7.507380000000000130e-03
1.358509999999999926e-02
1.446290000000000076e-02
1.329040000000000082e-02
1.236989999999999965e-02
7.925319999999999587e-03
1.822190000000000008e-03
-4.795019999999999664e-03
-1.085430000000000075e-02
-1.620769999999999850e-02
-1.688550000000000120e-02
-1.012129999999999974e-02
-4.626060000000000415e-03
3.404930000000000023e-03
1.028130000000000016e-02
5.762190000000000367e-03
2.041750000000000162e-03
5.749970000000000081e-03
7.135650000000000326e-03
3.337689999999999928e-03
-6.727160000000000258e-03
-1.442560000000000023e-02
-9.300620000000000762e-03
9.447610000000000166e-04
6.627230000000000447e-04
-7.807879999999999682e-03
-9.951420000000000751e-03
-1.221230000000000059e-02
-8.476539999999999422e-03
-4.509270000000000118e-03
-7.740140000000000388e-03
-8.157859999999999417e-03
-5.853200000000000243e-03
4.027000000000000197e-03
1.763330000000000106e-02
1.801519999999999858e-02
5.506399999999999836e-03
2.930349999999999969e-03
5.767429999999999606e-03
6.228939999999999651e-03
3.891560000000000071e-03
2.702700000000000154e-03
6.939210000000000343e-03
8.553299999999999792e-03
5.620230000000000364e-03
2.909520000000000075e-03
2.482579999999999856e-03
-3.953169999999999774e-03
-4.167950000000000127e-03
7.580650000000000409e-04
-1.362080000000000105e-03
-9.506350000000000217e-03
-4.742520000000000069e-03
3.490329999999999822e-03
-3.887929999999999945e-03
-9.899379999999999291e-03
-4.711240000000000219e-03
5.700310000000000099e-03
7.960029999999999883e-03
7.010999999999999654e-04
-7.774909999999999460e-04
6.781119999999999856e-03
5.652380000000000251e-03
4.441020000000000384e-03
-4.087809999999999881e-03
-1.948329999999999854e-02
-1.406669999999999969e-02
-1.136789999999999936e-03
1.730820000000000101e-03
2.141249999999999924e-03
-2.654399999999999902e-03
-7.853979999999999989e-03
3.915159999999999994e-03
1.755910000000000110e-02
1.476359999999999999e-02
1.548869999999999934e-03
-3.746600000000000104e-03
4.806489999999999851e-04
4.488599999999999708e-03
5.964900000000000410e-03
-1.561319999999999939e-03
-1.065240000000000067e-03
3.266040000000000002e-03
-3.937859999999999625e-03
-3.137829999999999873e-03
1.042039999999999980e-02
1.581859999999999863e-02
6.409390000000000052e-03
-5.165219999999999881e-03
-5.441299999999999609e-03
9.784579999999999320e-03
1.770520000000000080e-02
1.451849999999999972e-03
-1.916709999999999942e-02
-2.082530000000000145e-02
7.398609999999999692e-04
2.716630000000000086e-02
2.608440000000000064e-02
1.240629999999999945e-03
-1.508619999999999926e-02
-5.616190000000000071e-03
1.651609999999999884e-02
2.230180000000000010e-02
-3.581740000000000032e-04
-1.390240000000000052e-02
-1.360220000000000092e-03
5.339439999999999985e-03
-3.206829999999999924e-03
-9.509109999999999438e-03
-7.713620000000000025e-03
-3.431360000000000052e-03
-8.036739999999999899e-05
4.865900000000000260e-03
-3.694670000000000050e-04
1.549440000000000019e-03
9.564889999999999504e-03
3.140539999999999998e-02
5.895179999999999865e-02
7.807609999999999550e-02
3.376350000000000184e-02
-6.166750000000000009e-02
-9.335960000000000092e-02
-8.348679999999999990e-02
-7.342010000000000203e-02
-4.870830000000000298e-02
-2.267359999999999862e-02
2.973529999999999923e-02
1.241069999999999951e-01
1.577250000000000041e-01
7.650919999999999943e-02
-1.270789999999999940e-02
-9.041939999999999700e-02
-1.558879999999999988e-01
-1.711020000000000041e-01
-7.555109999999999604e-02
1.057290000000000035e-01
1.477340000000000042e-01
3.334379999999999983e-02
-7.707909999999999762e-02
-8.126700000000000590e-02
-3.239449999999999968e-02
2.584869999999999876e-02
1.119070000000000065e-01
1.666020000000000001e-01
1.132090000000000041e-01
1.778860000000000163e-02
-9.443880000000000330e-02
-1.626229999999999898e-01
-1.556109999999999993e-01
-5.129620000000000013e-02
9.936929999999999374e-02
1.237859999999999933e-01
6.086610000000000111e-03
-8.106910000000000505e-02
-5.819540000000000129e-02
1.420130000000000003e-02
7.499250000000000360e-02
5.610840000000000272e-02
-6.749879999999999769e-03
-1.727510000000000157e-02
-6.080639999999999656e-02
-6.159470000000000223e-02
8.684409999999999352e-02
1.542600000000000082e-01
7.920770000000000588e-02
-4.211700000000000166e-02
-1.020260000000000056e-01
-1.113780000000000048e-01
-5.962479999999999863e-02
-3.043219999999999953e-02
-8.262129999999999475e-02
-1.112189999999999984e-01
-3.450960000000000139e-02
7.529460000000000319e-02
9.013569999999999915e-02
7.613229999999999997e-02
5.728699999999999765e-02
-7.645319999999999894e-02
-1.419850000000000001e-01
2.514479999999999927e-03
1.182560000000000000e-01
8.285510000000000097e-02
-9.914769999999999833e-03
-2.963529999999999984e-02
1.723279999999999951e-02
7.063609999999999334e-02
-2.448180000000000148e-02
-1.217469999999999941e-01
-1.040169999999999983e-01
-9.487049999999999650e-02
-1.001449999999999979e-01
-6.622970000000000246e-02
7.684080000000000077e-02
8.899830000000000241e-02
-1.920010000000000119e-02
-5.581960000000000394e-03
9.736580000000000235e-02
1.487479999999999913e-01
1.286019999999999941e-01
9.238649999999999640e-02
8.447240000000000304e-02
4.851550000000000307e-02
-2.641970000000000082e-02
-4.394309999999999883e-02
-1.041429999999999995e-01
-2.115680000000000061e-01
-1.536180000000000045e-01
-8.169229999999999547e-03
2.529609999999999845e-02
2.864279999999999951e-02
3.004129999999999995e-02
4.237729999999999969e-02
5.221739999999999715e-02
5.740209999999999757e-02
6.210140000000000104e-02
6.733609999999999596e-02
4.423830000000000123e-02
-1.744609999999999911e-02
-4.253389999999999949e-02
-5.439030000000000253e-02
-6.988909999999999567e-02
-3.971229999999999899e-02
2.099209999999999965e-02
5.486129999999999653e-03
-3.043310000000000112e-02
-4.634909999999999725e-02
-8.323389999999999955e-03
6.135899999999999688e-02
7.872049999999999881e-02
1.566620000000000165e-02
-5.060819999999999902e-02
-3.828140000000000015e-02
-4.076910000000000256e-02
-6.987469999999999792e-02
-3.361569999999999836e-02
4.275990000000000346e-02
8.535719999999999419e-02
1.167760000000000048e-01
9.925589999999999413e-02
5.029390000000000249e-02
4.741250000000000325e-02
4.654559999999999947e-02
2.588659999999999919e-02
1.451870000000000070e-02
4.093979999999999841e-02
2.144669999999999910e-02
-4.434529999999999722e-02
-1.274160000000000049e-02
2.000969999999999832e-02
2.398060000000000122e-02
-2.314540000000000000e-02
-8.887309999999999655e-02
-1.019879999999999953e-01
-6.773250000000000104e-02
1.947449999999999876e-02
3.778349999999999764e-02
3.717260000000000009e-02
3.097609999999999947e-02
-4.506569999999999673e-03
-2.828169999999999989e-02
-3.346729999999999844e-02
-2.967190000000000105e-02
-3.297459999999999974e-02
5.030640000000000112e-02
1.555519999999999958e-01
1.805309999999999970e-01
1.221050000000000052e-01
5.405809999999999782e-02
6.040249999999999786e-02
-1.442569999999999963e-02
-1.691539999999999988e-01
-1.926190000000000124e-01
-1.458230000000000082e-01
-1.095560000000000006e-01
-1.350949999999999929e-01
-1.972059999999999924e-01
-2.087370000000000059e-01
-1.657760000000000067e-01
3.750470000000000192e-02
1.941390000000000060e-01
2.110950000000000049e-01
2.289579999999999949e-01
2.054249999999999965e-01
3.728449999999999820e-02
-6.550499999999999379e-02
-2.933579999999999868e-02
4.249759999999999996e-03
-2.588719999999999910e-02
-1.314539999999999875e-01
-1.322339999999999904e-01
-2.848300000000000137e-02
4.070870000000000044e-02
4.331369999999999665e-02
2.812699999999999922e-02
1.632250000000000020e-02
2.382149999999999893e-02
4.684189999999999882e-02
2.280760000000000079e-02
-2.662969999999999920e-02
-3.343310000000000032e-02
-4.233880000000000282e-02
-5.429219999999999879e-02
-6.479409999999999337e-02
-7.328460000000000529e-02
-3.994389999999999746e-02
-2.522220000000000018e-02
-3.336080000000000295e-02
-5.462879999999999819e-02
-5.827979999999999966e-03
1.130789999999999990e-01
1.678080000000000127e-01
1.215360000000000051e-01
1.465050000000000033e-02
-9.827070000000000249e-02
-1.423040000000000138e-01
-7.117750000000000465e-02
-4.600900000000000128e-02
-4.825610000000000316e-02
-2.696770000000000070e-02
1.595179999999999862e-02
6.224760000000000015e-02
1.211330000000000046e-01
1.406159999999999910e-01
1.200510000000000049e-01
9.692839999999999789e-02
9.126639999999999753e-02
6.801749999999999463e-02
-3.781269999999999770e-02
-7.553940000000000654e-02
-9.500820000000000098e-02
-6.750910000000000244e-02
1.259260000000000101e-01
2.125740000000000129e-01
1.199579999999999952e-01
-5.241730000000000000e-02
-1.248689999999999939e-01
-2.881049999999999930e-02
1.009440000000000059e-01
2.144369999999999887e-01
2.210459999999999925e-01
1.273130000000000095e-01
8.957800000000000137e-03
-1.008740000000000053e-01
-1.452100000000000057e-01
-1.331920000000000048e-01
-5.254330000000000112e-02
1.960119999999999918e-02
1.713579999999999964e-02
-2.731379999999999919e-02
-1.133809999999999957e-01
-1.689849999999999963e-01
-1.811750000000000027e-01
-1.826369999999999938e-01
-1.691469999999999918e-01
-7.076409999999999645e-02
4.767819999999999697e-02
1.310119999999999896e-01
1.549349999999999894e-01
1.583779999999999910e-01
1.337849999999999873e-01
7.194169999999999732e-02
6.091130000000000155e-02
8.842980000000000285e-02
1.294009999999999883e-01
1.694259999999999933e-01
1.940479999999999983e-01
2.050839999999999885e-01
1.933219999999999938e-01
1.382549999999999890e-01
2.743019999999999833e-02
-1.610300000000000065e-01
-2.344749999999999890e-01
-2.902370000000000227e-01
-3.989240000000000008e-01
-5.060630000000000406e-01
-4.421280000000000210e-01
5.271859999999999741e-02
6.099339999999999762e-01
7.529080000000000217e-01
5.884779999999999456e-01
3.257990000000000053e-01
1.951499999999999901e-01
-7.312849999999999906e-02
-6.574499999999999789e-01
-8.832189999999999763e-01
-7.100739999999999830e-01
-3.616289999999999782e-01
-1.295159999999999922e-01
-1.176589999999999997e-01
-1.969339999999999979e-02
2.233100000000000085e-01
2.509060000000000179e-01
4.845560000000000145e-02
-1.112690000000000068e-01
-1.444040000000000046e-01
-1.399870000000000003e-01
-1.515459999999999863e-01
-8.695500000000000451e-02
3.362319999999999892e-02
1.300560000000000049e-01
1.658050000000000079e-01
1.770750000000000102e-01
2.308779999999999999e-01
2.823269999999999946e-01
4.351050000000000056e-02
-2.340210000000000068e-01
-3.235500000000000043e-01
-2.373379999999999934e-01
4.303270000000000012e-02
3.263429999999999942e-01
3.142159999999999953e-01
1.106950000000000017e-01
7.171569999999999334e-02
1.158450000000000035e-01
8.815900000000000125e-02
-2.286610000000000031e-02
-1.519129999999999925e-01
-2.331590000000000051e-01
-2.638800000000000034e-01
-2.285020000000000107e-01
-6.966020000000000545e-02
7.108979999999999987e-03
-5.493669999999999803e-02
-1.446260000000000046e-01
-1.129040000000000044e-01
3.688740000000000074e-02
1.911279999999999923e-01
3.364849999999999786e-01
3.563459999999999961e-01
2.367299999999999960e-01
2.206930000000000003e-02
-1.237859999999999933e-01
-7.497070000000000123e-02
8.573840000000000627e-02
1.360949999999999938e-01
5.712819999999999704e-02
1.870360000000000078e-02
3.276729999999999920e-02
9.292980000000000684e-02
1.145209999999999978e-01
6.830269999999999397e-02
2.480359999999999857e-02
5.938140000000000172e-04
-5.468110000000000331e-02
-1.010830000000000062e-01
-8.889729999999999854e-02
-2.236160000000000057e-03
5.997759999999999897e-02
2.433969999999999884e-02
-2.924819999999999851e-02
-4.476859999999999867e-02
-4.061630000000000101e-02
-3.530230000000000173e-02
-2.753409999999999885e-02
-3.390309999999999852e-02
-4.870649999999999979e-02
-7.620269999999999821e-02
-2.842609999999999928e-02
3.820119999999999766e-02
8.040709999999999524e-03
-6.449670000000000403e-02
-1.047219999999999956e-01
-6.980920000000000181e-02
-3.942040000000000127e-02
-3.434809999999999947e-02
-3.493679999999999702e-02
-7.557040000000000111e-03
4.281349999999999739e-02
6.625190000000000246e-02
7.537870000000000681e-02
7.414750000000000507e-02
4.891360000000000152e-02
1.631629999999999886e-02
1.368860000000000042e-02
8.920990000000000170e-03
-1.294490000000000050e-02
-2.702099999999999988e-02
3.759370000000000159e-03
3.115029999999999882e-02
1.285239999999999994e-02
-2.047650000000000089e-04
1.033369999999999948e-02
3.484319999999999778e-02
5.243699999999999750e-02
7.297149999999999470e-02
6.379239999999999911e-02
-3.994169999999999665e-02
-9.425490000000000257e-02
-6.777579999999999716e-02
-4.267169999999999991e-02
-3.373459999999999653e-02
-6.928670000000000054e-04
3.854839999999999656e-02
4.891249999999999765e-02
2.821450000000000000e-02
-2.333599999999999910e-03
-2.026730000000000025e-03
2.513469999999999940e-02
3.933699999999999697e-02
3.969799999999999718e-02
5.943979999999999750e-03
-7.466979999999999451e-02
-1.039339999999999986e-01
-4.662419999999999759e-02
2.023360000000000089e-02
-4.324730000000000241e-02
-1.177099999999999952e-01
-1.287109999999999921e-01
-1.275010000000000032e-01
-7.574609999999999677e-02
-2.195139999999999939e-02
-1.904660000000000034e-02
-3.733739999999999976e-02
-5.774370000000000197e-02
-6.426060000000000105e-02
-6.294909999999999395e-02
-5.684449999999999920e-02
-5.979650000000000243e-02
-7.746920000000000195e-02
-9.189110000000000333e-02
-9.449330000000000229e-02
-8.689449999999999952e-02
-8.261469999999999925e-02
-8.519440000000000346e-02
-8.633899999999999908e-02
-8.026099999999999901e-02
-6.392079999999999984e-02
4.957660000000000018e-03
5.676740000000000258e-02
5.482309999999999961e-02
2.665160000000000098e-02
-1.603560000000000055e-02
-4.844419999999999976e-02
-6.547630000000000117e-02
-5.975430000000000325e-02
-1.406860000000000055e-02
2.262060000000000112e-02
2.185449999999999893e-02
1.474999999999999922e-02
9.744690000000000296e-03
1.653879999999999934e-02
3.045339999999999853e-02
4.923249999999999849e-02
5.668650000000000078e-02
4.612940000000000096e-02
3.131269999999999887e-02
3.403289999999999788e-02
4.733040000000000164e-02
6.519250000000000045e-02
7.827789999999999748e-02
8.307989999999999819e-02
8.154569999999999874e-02
8.426899999999999669e-02
8.769399999999999418e-02
9.247350000000000014e-02
6.956009999999999971e-02
2.952190000000000022e-02
3.350680000000000325e-02
5.420860000000000262e-02
7.560500000000000553e-02
8.657289999999999430e-02
8.341279999999999528e-02
6.889190000000000591e-02
5.378449999999999898e-02
4.694009999999999849e-02
4.806610000000000049e-02
5.162370000000000153e-02
4.588799999999999824e-02
3.507079999999999920e-02
2.724309999999999926e-02
3.293250000000000344e-02
4.585979999999999918e-02
4.923389999999999711e-02
4.611149999999999971e-02
5.950190000000000340e-02
7.404589999999999783e-02
6.983720000000000205e-02
5.746140000000000275e-02
4.690010000000000012e-02
5.061580000000000246e-02
7.070360000000000533e-02
9.872690000000000632e-02
1.166679999999999939e-01
1.179250000000000020e-01
1.111219999999999986e-01
1.134060000000000068e-01
1.145209999999999978e-01
1.097989999999999938e-01
1.027840000000000004e-01
1.022160000000000013e-01
1.055539999999999951e-01
1.013610000000000066e-01
8.559160000000000379e-02
4.557880000000000265e-02
-1.290099999999999927e-02
-9.226120000000000154e-02
-1.271380000000000010e-01
-1.218209999999999987e-01
-9.606939999999999924e-02
-7.165069999999999772e-02
-6.366230000000000500e-02
-5.952319999999999833e-02
-7.251109999999999500e-02
-9.500219999999999498e-02
-1.252149999999999930e-01
-1.497900000000000065e-01
-1.659219999999999862e-01
-1.721989999999999910e-01
-1.689759999999999873e-01
-1.643320000000000058e-01
-1.610350000000000115e-01
-1.489600000000000091e-01
-1.209579999999999961e-01
-9.332290000000000030e-02
-8.051999999999999436e-02
-7.510500000000000509e-02
-6.853330000000000533e-02
-5.484809999999999686e-02
-2.412179999999999880e-02
6.288310000000000080e-03
1.132080000000000065e-02
5.390390000000000112e-03
-4.282430000000000264e-03
-9.302019999999999386e-03
-3.322980000000000226e-04
1.465849999999999966e-02
3.239709999999999812e-02
3.886169999999999902e-02
3.086890000000000120e-02
-2.304140000000000008e-02
-6.501550000000000384e-02
-6.485760000000000136e-02
-3.634060000000000068e-02
5.927009999999999917e-03
1.941740000000000133e-02
2.050249999999999989e-02
1.559100000000000069e-02
2.032669999999999963e-02
2.734719999999999859e-02
3.904540000000000094e-02
5.104659999999999753e-02
6.226240000000000246e-02
7.006419999999999315e-02
7.080050000000000232e-02
6.068500000000000283e-02
3.807449999999999724e-02
1.772119999999999945e-02
7.124270000000000255e-03
9.016220000000000137e-03
2.381010000000000071e-02
4.737500000000000044e-02
6.805840000000000500e-02
7.365299999999999625e-02
5.424020000000000230e-02
1.571969999999999965e-02
-8.011759999999999715e-03
-1.303340000000000054e-02
-5.072440000000000108e-03
1.466950000000000025e-02
3.484700000000000297e-02
4.418190000000000311e-02
3.734359999999999763e-02
2.254429999999999976e-02
8.288610000000000075e-03
1.250449999999999956e-03
-3.836449999999999930e-03
-8.541870000000000018e-03
-6.477550000000000321e-03
-6.702099999999999898e-03
-1.341280000000000076e-02
-2.356000000000000108e-02
-2.480140000000000122e-02
-1.276150000000000027e-02
2.412849999999999804e-03
1.311960000000000036e-02
1.111720000000000069e-02
-1.825720000000000077e-03
-1.841210000000000069e-02
-2.998309999999999864e-02
-3.028420000000000070e-02
-2.025570000000000148e-02
-7.228420000000000158e-03
2.248249999999999815e-03
-4.148330000000000420e-03
-1.640279999999999863e-02
-2.565129999999999841e-02
-2.350939999999999974e-02
-9.355030000000000290e-03
8.787559999999999816e-03
2.395169999999999938e-02
2.217070000000000152e-02
5.847459999999999637e-03
-1.212000000000000056e-02
-2.447749999999999926e-02
-2.552410000000000095e-02
-1.939609999999999945e-02
-2.035199999999999856e-02
-2.926590000000000094e-02
-3.410500000000000337e-02
-3.326769999999999727e-02
-3.003139999999999976e-02
-2.110659999999999967e-02
-8.836099999999999510e-03
-2.669330000000000140e-03
-1.364469999999999919e-02
-2.972309999999999883e-02
-3.853399999999999881e-02
-3.775280000000000302e-02
-3.916569999999999774e-02
-4.603249999999999703e-02
-5.696190000000000281e-02
-6.125930000000000264e-02
-4.457529999999999826e-02
-2.102679999999999827e-02
-7.772000000000000262e-03
-1.121160000000000039e-02
-1.440840000000000003e-02
-7.681669999999999818e-03
5.826040000000000212e-03
1.702959999999999890e-02
1.757409999999999875e-02
1.474139999999999999e-02
1.766049999999999912e-02
2.651910000000000031e-02
3.534700000000000342e-02
3.965939999999999743e-02
4.102000000000000091e-02
4.305169999999999830e-02
3.797799999999999787e-02
2.787070000000000172e-02
1.849069999999999880e-02
1.213900000000000048e-02
8.430099999999999399e-03
4.330579999999999673e-03
-3.640870000000000044e-03
-1.729680000000000106e-02
-3.200329999999999842e-02
-4.645269999999999955e-02
-4.952920000000000239e-02
-3.900599999999999901e-02
-2.750560000000000158e-02
-1.905810000000000143e-02
-1.704579999999999984e-02
-1.548440000000000059e-02
-9.078889999999999183e-03
7.904919999999999525e-04
9.139049999999999258e-03
1.382479999999999994e-02
1.782610000000000097e-02
2.371540000000000106e-02
2.800139999999999921e-02
3.139070000000000055e-02
3.950569999999999776e-02
4.804699999999999943e-02
5.459730000000000139e-02
5.348540000000000239e-02
4.455409999999999926e-02
3.503119999999999845e-02
2.853980000000000058e-02
3.252080000000000248e-02
3.957290000000000113e-02
4.674849999999999839e-02
4.651269999999999710e-02
3.048630000000000090e-02
7.610659999999999994e-03
-6.296160000000000298e-03
-4.263430000000000344e-03
-5.484499999999999792e-03
-1.270420000000000056e-02
-2.356219999999999842e-02
-3.538109999999999866e-02
-4.584640000000000243e-02
-5.494799999999999685e-02
-6.285519999999999996e-02
-7.015340000000000464e-02
-7.454570000000000640e-02
-6.887559999999999516e-02
-5.314939999999999942e-02
-3.641439999999999955e-02
-2.197949999999999904e-02
-1.197340000000000036e-02
-2.063230000000000099e-03
4.350409999999999867e-03
4.122820000000000130e-03
6.865470000000000253e-03
1.408079999999999922e-02
1.888590000000000060e-02
2.086769999999999944e-02
1.908860000000000071e-02
1.198010000000000047e-02
4.601270000000000078e-04
-1.936999999999999920e-03
1.564360000000000056e-02
3.831400000000000083e-02
5.128110000000000307e-02
5.107090000000000241e-02
4.661540000000000128e-02
4.014539999999999775e-02
3.419459999999999861e-02
2.688520000000000146e-02
1.593429999999999847e-02
1.500399999999999998e-02
2.548430000000000140e-02
4.014770000000000144e-02
4.764670000000000016e-02
4.122259999999999813e-02
2.904259999999999828e-02
1.717990000000000142e-02
9.538980000000000722e-03
6.505379999999999843e-03
6.443039999999999705e-03
1.408680000000000002e-02
1.982110000000000122e-02
1.351029999999999939e-02
4.569850000000000301e-03
-4.376689999999999921e-03
-9.569619999999999169e-03
-1.129559999999999939e-02
-9.701440000000000410e-03
-9.071189999999999809e-03
-1.458440000000000084e-02
-2.112580000000000013e-02
-2.721020000000000036e-02
-3.005810000000000079e-02
-3.308769999999999767e-02
-2.929340000000000069e-02
-1.672710000000000169e-02
-2.584899999999999785e-03
4.197990000000000402e-03
-9.164019999999999718e-04
-9.144849999999999507e-03
-1.056170000000000025e-02
-5.164010000000000128e-03
-6.190040000000000386e-04
2.489069999999999803e-04
-4.751240000000000324e-03
-1.238399999999999918e-02
-2.031969999999999957e-02
-2.476599999999999982e-02
-2.472119999999999873e-02
-2.456730000000000025e-02
-1.912569999999999895e-02
-8.799349999999999186e-03
2.293040000000000096e-03
1.328849999999999996e-02
1.513160000000000026e-02
6.016750000000000397e-03
-1.444659999999999955e-03
-4.627159999999999954e-03
-1.290660000000000071e-02
-2.460410000000000028e-02
-2.999999999999999889e-02
-2.473080000000000070e-02
-2.341609999999999872e-02
-2.929750000000000063e-02
-3.160280000000000034e-02
-3.276470000000000077e-02
-4.175709999999999839e-02
-4.253439999999999999e-02
-2.923270000000000035e-02
-1.322289999999999924e-02
-6.421630000000000220e-03
-1.006819999999999937e-02
-1.828340000000000173e-02
-2.806729999999999989e-02
-2.951789999999999969e-02
-2.302360000000000170e-02
-1.195670000000000066e-02
1.740319999999999899e-04
1.211199999999999950e-02
2.218030000000000002e-02
2.506070000000000172e-02
1.434550000000000061e-02
-2.556979999999999930e-03
-1.751940000000000094e-02
-1.741349999999999842e-02
-5.903870000000000298e-03
9.729579999999999826e-03
2.567820000000000172e-02
3.555679999999999952e-02
3.492529999999999940e-02
2.407959999999999962e-02
1.461589999999999938e-02
1.226269999999999964e-02
1.533589999999999953e-02
1.989720000000000030e-02
2.467890000000000014e-02
2.349659999999999943e-02
2.003570000000000004e-02
2.232759999999999953e-02
2.201430000000000053e-02
1.623590000000000103e-02
1.141129999999999922e-02
1.694669999999999857e-02
3.011990000000000153e-02
3.904889999999999750e-02
3.476180000000000242e-02
2.396600000000000119e-02
1.797850000000000142e-02
1.324870000000000041e-02
1.441249999999999996e-02
2.215320000000000136e-02
2.886980000000000102e-02
2.578930000000000111e-02
1.650520000000000112e-02
9.220259999999999220e-03
3.719319999999999918e-03
-1.457259999999999936e-03
-7.998599999999999807e-03
-1.205829999999999923e-02
-1.371990000000000015e-02
-1.180439999999999962e-02
-5.630460000000000326e-03
1.385830000000000113e-04
4.646909999999999756e-03
8.244370000000000864e-03
1.150220000000000062e-02
1.377669999999999936e-02
1.150709999999999927e-02
8.556199999999999917e-03
8.109369999999999426e-03
1.216689999999999959e-02
1.684760000000000077e-02
1.185049999999999992e-02
3.474210000000000145e-03
-5.785420000000000319e-03
-1.026119999999999984e-02
-8.270279999999999646e-03
-3.246849999999999910e-03
1.083999999999999894e-03
8.442350000000000375e-04
-3.240929999999999939e-03
-9.662920000000000190e-03
-9.451849999999999488e-03
-6.402109999999999919e-03
-6.720420000000000386e-03
-1.215809999999999981e-02
-1.816600000000000159e-02
-2.283659999999999857e-02
-2.858950000000000033e-02
-2.935350000000000112e-02
-2.257670000000000163e-02
-1.460849999999999996e-02
-1.234110000000000068e-02
-1.568980000000000027e-02
-1.737090000000000162e-02
-1.940479999999999983e-02
-2.179980000000000112e-02
-2.248529999999999973e-02
-2.259660000000000141e-02
-1.860430000000000070e-02
-1.116349999999999981e-02
-2.965810000000000148e-03
-3.516079999999999987e-04
-1.656240000000000013e-03
-4.139400000000000111e-04
1.407730000000000049e-03
-3.135409999999999933e-03
-5.760939999999999984e-03
2.906610000000000010e-04
4.778609999999999976e-03
4.099229999999999714e-03
-5.240960000000000236e-03
-1.848980000000000068e-02
-2.701500000000000082e-02
-2.428249999999999853e-02
-1.609800000000000120e-02
-1.169779999999999952e-02
-1.156120000000000064e-02
-1.142860000000000056e-02
-1.526689999999999992e-02
-2.136249999999999954e-02
-2.196539999999999951e-02
-1.963060000000000152e-02
-1.613109999999999891e-02
-1.637179999999999885e-02
-1.549880000000000008e-02
-1.227660000000000036e-02
-7.028770000000000157e-03
1.757459999999999968e-03
7.583659999999999880e-03
6.218849999999999725e-03
1.835870000000000080e-03
1.784830000000000054e-03
3.940039999999999688e-03
6.303340000000000158e-03
5.395500000000000122e-03
9.271460000000000465e-03
1.722440000000000082e-02
2.179899999999999893e-02
2.081159999999999954e-02
2.017000000000000043e-02
2.630120000000000027e-02
3.213150000000000034e-02
3.344310000000000338e-02
2.835230000000000042e-02
2.151209999999999928e-02
1.684760000000000077e-02
1.865199999999999844e-02
2.693740000000000023e-02
3.708029999999999660e-02
4.421819999999999917e-02
4.704459999999999892e-02
4.544920000000000210e-02
4.011460000000000026e-02
3.320920000000000122e-02
2.417909999999999851e-02
1.250519999999999930e-02
1.038290000000000090e-03
-6.788200000000000310e-03
-5.778430000000000198e-03
7.566800000000000262e-04
5.441510000000000097e-03
5.057960000000000234e-03
3.122989999999999967e-03
3.135209999999999820e-03
6.569519999999999700e-03
1.041590000000000051e-02
8.775730000000000683e-03
2.867859999999999854e-03
-8.134910000000000405e-03
-1.746899999999999842e-02
-2.142859999999999904e-02
-2.376750000000000043e-02
-2.491300000000000112e-02
-2.264249999999999943e-02
-1.818710000000000118e-02
-1.560150000000000078e-02
-1.418269999999999947e-02
-1.313620000000000065e-02
-9.060280000000000417e-03
-4.355040000000000126e-03
7.031220000000000352e-04
4.399580000000000157e-03
1.327320000000000106e-03
-3.274940000000000056e-03
-4.630529999999999889e-03
-5.402689999999999923e-03
-9.909070000000000725e-03
-1.581079999999999985e-02
-1.511209999999999984e-02
-9.222660000000000580e-03
-8.556609999999999217e-03
-1.167480000000000080e-02
-8.785120000000000429e-03
2.077859999999999950e-03
1.145269999999999969e-02
1.263590000000000026e-02
9.744140000000000093e-03
6.592330000000000412e-03
5.736540000000000042e-03
7.781630000000000318e-03
9.108629999999999505e-03
4.122859999999999893e-03
-3.337430000000000171e-03
-1.002250000000000016e-02
-1.482469999999999968e-02
-1.769499999999999892e-02
-1.904849999999999946e-02
-1.601100000000000093e-02
-1.289279999999999940e-02
-1.297850000000000045e-02
-1.526429999999999974e-02
-1.284290000000000084e-02
-9.367739999999999401e-03
-1.018379999999999980e-02
-1.119760000000000026e-02
-1.069990000000000004e-02
-9.191299999999999470e-03
-5.368350000000000032e-03
-3.068249999999999797e-03
-2.189009999999999914e-03
1.698199999999999970e-03
5.176400000000000272e-03
4.045220000000000413e-03
-3.078459999999999877e-03
-5.268400000000000340e-03
7.210390000000000332e-04
3.827960000000000043e-03
5.105000000000000163e-03
5.337559999999999874e-03
2.239820000000000005e-03
-1.703499999999999936e-03
-4.081109999999999773e-03
-2.655149999999999785e-03
2.400989999999999982e-03
3.136420000000000007e-03
-3.082520000000000052e-03
-8.866930000000000298e-03
-9.614589999999999248e-03
-4.725720000000000094e-03
9.276010000000000657e-05
3.577089999999999784e-03
3.614829999999999866e-03
3.812719999999999911e-03
2.382689999999999808e-03
-7.854249999999999687e-04
-4.356439999999999618e-03
-5.427429999999999581e-03
-1.107719999999999972e-03
1.656490000000000046e-03
1.838060000000000084e-03
1.182209999999999945e-03
8.221599999999999481e-04
-1.942029999999999972e-03
-3.281280000000000134e-03
-4.322679999999999752e-03
-5.982209999999999958e-03
-5.822060000000000429e-03
-3.856510000000000059e-03
-3.497339999999999824e-04
2.011579999999999792e-03
5.557109999999999654e-03
6.164030000000000030e-03
3.385560000000000132e-03
1.344560000000000069e-03
3.721170000000000207e-03
5.718349999999999649e-03
3.438670000000000008e-03
2.501300000000000138e-03
1.508860000000000106e-03
-2.182499999999999978e-03
-4.148019999999999659e-03
-1.783639999999999965e-03
3.389940000000000141e-04
3.522430000000000005e-03
8.686710000000000265e-03
1.549320000000000037e-02
1.743019999999999986e-02
1.309929999999999949e-02
1.117049999999999987e-02
1.279839999999999971e-02
1.732320000000000040e-02
2.129199999999999843e-02
2.484470000000000081e-02
2.957040000000000016e-02
3.144210000000000060e-02
3.249579999999999830e-02
2.841990000000000141e-02
2.508760000000000157e-02
2.251919999999999963e-02
2.093520000000000103e-02
2.226529999999999829e-02
2.480310000000000153e-02
2.768970000000000112e-02
2.611279999999999851e-02
2.490010000000000140e-02
2.080989999999999923e-02
1.787640000000000062e-02
1.795290000000000080e-02
1.984810000000000046e-02
2.156069999999999862e-02
2.211770000000000055e-02
2.099880000000000149e-02
1.680560000000000040e-02
1.251859999999999952e-02
1.077030000000000001e-02
8.991459999999999730e-03
6.287479999999999805e-03
5.998850000000000016e-03
5.334860000000000296e-03
1.249789999999999972e-03
-2.737349999999999939e-03
-2.369099999999999852e-03
-2.147730000000000038e-03
-3.223789999999999815e-03
-6.066499999999999844e-03
-1.014040000000000080e-02
-1.341039999999999940e-02
-1.412850000000000043e-02
-1.293709999999999999e-02
-1.151519999999999974e-02
-1.066240000000000070e-02
-1.244740000000000082e-02
-1.564909999999999912e-02
-1.980859999999999913e-02
-2.301140000000000130e-02
-2.493510000000000171e-02
-2.310519999999999935e-02
-2.249409999999999951e-02
-2.443930000000000061e-02
-2.812550000000000119e-02
-3.121300000000000116e-02
-3.126290000000000319e-02
-2.960540000000000047e-02
-2.940440000000000068e-02
-2.970220000000000152e-02
-2.938289999999999999e-02
-2.906560000000000046e-02
-2.753359999999999835e-02
-2.906049999999999953e-02
-3.214689999999999909e-02
-3.396760000000000057e-02
-3.592290000000000066e-02
-3.607380000000000309e-02
-3.472019999999999967e-02
-3.254959999999999798e-02
-3.063609999999999944e-02
-3.155909999999999965e-02
-3.005050000000000082e-02
-2.697209999999999885e-02
-2.398139999999999994e-02
-2.012989999999999918e-02
-1.676690000000000125e-02
-1.682089999999999974e-02
-2.103040000000000118e-02
-2.780310000000000073e-02
-3.239720000000000100e-02
-3.410049999999999887e-02
-3.097619999999999887e-02
-2.522850000000000092e-02
-2.178590000000000040e-02
-2.019260000000000152e-02
-1.838820000000000038e-02
-1.474780000000000015e-02
-1.242719999999999936e-02
-1.287499999999999929e-02
-1.310240000000000016e-02
-1.110210000000000016e-02
-6.122400000000000064e-03
-1.776140000000000054e-03
4.426529999999999701e-03
1.103110000000000028e-02
1.368720000000000006e-02
1.475620000000000057e-02
1.195429999999999930e-02
1.198699999999999939e-02
1.460750000000000069e-02
1.653220000000000037e-02
1.881709999999999980e-02
1.927409999999999887e-02
1.941999999999999976e-02
2.095110000000000028e-02
2.436709999999999918e-02
2.813809999999999922e-02
3.044540000000000093e-02
3.120130000000000126e-02
2.817700000000000066e-02
2.644720000000000057e-02
2.715719999999999940e-02
2.992449999999999971e-02
3.183190000000000325e-02
3.143010000000000248e-02
3.026229999999999892e-02
2.545299999999999993e-02
2.121500000000000122e-02
2.256139999999999882e-02
2.718510000000000024e-02
3.083469999999999961e-02
3.149579999999999741e-02
2.969139999999999974e-02
2.553700000000000067e-02
2.244749999999999870e-02
2.003320000000000101e-02
1.740169999999999911e-02
1.542600000000000048e-02
1.434490000000000071e-02
1.469479999999999918e-02
1.532829999999999956e-02
1.613209999999999991e-02
1.326489999999999961e-02
8.276149999999999479e-03
8.123210000000000500e-03
9.845029999999999407e-03
1.004599999999999937e-02
1.053879999999999921e-02
1.233399999999999948e-02
1.574899999999999911e-02
1.814199999999999841e-02
1.687829999999999886e-02
1.080530000000000032e-02
6.874240000000000211e-03
7.937140000000000514e-03
7.776039999999999688e-03
9.474399999999999142e-03
8.722719999999999779e-03
6.470619999999999844e-03
2.686480000000000205e-03
-2.630710000000000080e-03
-5.561110000000000185e-03
-8.535370000000000457e-03
-9.108549999999999980e-03
-8.986090000000000397e-03
-6.545170000000000328e-03
-2.059150000000000043e-03
7.357140000000000511e-04
6.959960000000000495e-04
-6.717620000000000102e-04
-5.575860000000000191e-03
-1.107159999999999915e-02
-1.592469999999999997e-02
-1.898149999999999837e-02
-1.888350000000000098e-02
-1.586229999999999932e-02
-1.187810000000000081e-02
-1.011749999999999976e-02
-9.566619999999999638e-03
-1.015100000000000030e-02
-1.105569999999999990e-02
-1.004279999999999930e-02
-8.100629999999999289e-03
-7.776199999999999606e-03
-1.117070000000000042e-02
-1.655830000000000149e-02
-1.873179999999999984e-02
-1.858900000000000136e-02
-1.579819999999999836e-02
-1.373569999999999999e-02
-9.856560000000000321e-03
-9.753480000000000136e-03
-1.255129999999999961e-02
-1.434539999999999947e-02
-1.470330000000000074e-02
-1.495220000000000056e-02
-1.651069999999999968e-02
-1.454199999999999937e-02
-1.234589999999999993e-02
-1.156549999999999939e-02
-1.399509999999999990e-02
-1.419289999999999961e-02
-1.183260000000000041e-02
-6.242890000000000071e-03
-2.279100000000000049e-03
-2.114979999999999866e-04
2.608269999999999881e-04
5.832110000000000375e-04
1.099399999999999943e-03
1.940960000000000038e-03
4.565480000000000232e-03
8.593530000000000266e-03
1.147199999999999956e-02
8.150980000000000378e-03
5.813200000000000138e-03
5.727590000000000285e-03
9.269090000000000662e-03
1.372349999999999959e-02
1.702630000000000116e-02
1.954169999999999865e-02
1.862279999999999838e-02
1.700509999999999869e-02
1.769669999999999924e-02
1.948789999999999897e-02
2.020090000000000080e-02
1.709000000000000102e-02
1.515410000000000021e-02
1.396589999999999984e-02
1.090589999999999962e-02
4.895150000000000022e-03
1.726160000000000021e-04
-3.444239999999999888e-03
-5.583119999999999576e-03
-3.225829999999999843e-03
2.402590000000000021e-03
5.931859999999999737e-03
5.925800000000000164e-03
4.778359999999999726e-03
1.561349999999999977e-03
-7.815260000000000522e-04
-3.393680000000000047e-03
-3.255919999999999821e-03
5.446649999999999495e-04
4.578829999999999879e-03
5.916109999999999598e-03
5.325599999999999778e-03
4.234260000000000107e-03
4.345500000000000404e-03
3.064449999999999813e-03
-1.982450000000000184e-03
-7.045670000000000405e-03
-6.593749999999999785e-03
-6.110199999999999659e-03
-6.354939999999999894e-03
-6.582339999999999892e-03
-6.253830000000000153e-03
-2.912249999999999908e-03
-1.041290000000000054e-04
1.774769999999999950e-03
-5.844239999999999461e-04
-5.899579999999999755e-03
-1.125450000000000061e-02
-1.388610000000000018e-02
-1.200820000000000012e-02
-6.385880000000000029e-03
-4.392139999999999998e-04
4.902590000000000073e-03
4.286569999999999964e-03
1.827410000000000015e-03
3.648170000000000059e-03
3.852229999999999890e-03
3.340249999999999903e-03
1.696070000000000043e-03
1.477720000000000075e-04
-1.687150000000000108e-03
-3.610809999999999888e-03
-8.543469999999999190e-03
-1.169620000000000035e-02
-4.220589999999999758e-03
3.177530000000000025e-03
6.249829999999999622e-03
4.681130000000000360e-03
-1.694830000000000034e-03
-6.029770000000000268e-03
-4.740440000000000279e-03
-2.634080000000000015e-03
3.106540000000000083e-03
7.871019999999999406e-03
5.591379999999999961e-03
7.902929999999999634e-04
-2.146229999999999839e-03
-4.072949999999999661e-03
-4.504359999999999788e-03
-6.660400000000000131e-04
4.600279999999999994e-03
5.870229999999999719e-03
6.240820000000000330e-05
-4.479600000000000248e-03
-5.201700000000000074e-03
-5.287329999999999808e-03
-5.479030000000000185e-03
-4.909819999999999636e-03
-1.624339999999999942e-03
3.239119999999999847e-04
3.092249999999999947e-03
1.378700000000000064e-03
-2.141269999999999805e-03
-5.867329999999999811e-04
-1.389419999999999935e-03
-4.365729999999999958e-03
-8.384479999999999711e-03
-1.016230000000000085e-02
-9.314609999999999210e-03
-8.545479999999999396e-03
-9.124790000000000678e-03
-8.653499999999999734e-03
-7.337650000000000249e-03
-5.331259999999999992e-03
-3.310589999999999974e-03
-1.313380000000000060e-03
-2.583230000000000161e-03
-7.869580000000000368e-04
-2.003770000000000204e-03
-7.254680000000000330e-03
-1.004739999999999973e-02
-8.645869999999999944e-03
-6.063179999999999611e-03
-3.821170000000000035e-03
-2.827430000000000134e-04
-1.685199999999999979e-03
-4.754330000000000188e-03
-8.218200000000000158e-03
-9.660439999999999305e-03
-8.337449999999999722e-03
-6.547309999999999762e-03
-8.038500000000000506e-03
-1.028959999999999944e-02
-1.072610000000000056e-02
-5.875970000000000325e-03
-1.600089999999999976e-03
3.654929999999999919e-04
2.840050000000000213e-03
4.613879999999999891e-03
6.579459999999999649e-03
6.749840000000000007e-03
3.710279999999999828e-03
-6.797590000000000490e-04
-3.909039999999999911e-03
-3.070559999999999956e-03
1.269579999999999971e-03
2.509940000000000001e-03
5.449619999999999638e-03
5.972909999999999678e-03
4.673469999999999881e-03
5.343650000000000136e-03
5.047890000000000189e-03
5.329440000000000392e-03
6.668740000000000258e-03
8.949500000000000857e-03
9.737990000000000188e-03
7.203320000000000035e-03
1.476059999999999959e-03
-3.804450000000000019e-03
-5.478229999999999732e-03
-2.524279999999999840e-03
1.858690000000000082e-03
4.158819999999999704e-03
4.619889999999999761e-03
1.981179999999999920e-03
-2.684259999999999945e-03
-5.362750000000000329e-03
-4.518170000000000172e-03
-4.274359999999999618e-03
-5.248430000000000109e-03
-3.142100000000000101e-03
-1.490690000000000027e-03
-1.777289999999999946e-03
-2.478000000000000168e-03
-4.457789999999999669e-03
-4.405749999999999944e-03
-2.229039999999999841e-03
1.263460000000000104e-03
4.592760000000000419e-03
3.812489999999999976e-03
4.417370000000000324e-03
5.790309999999999901e-03
4.538799999999999953e-03
3.726900000000000004e-03
1.507400000000000103e-03
-1.325119999999999944e-03
-7.620619999999999825e-04
4.180879999999999666e-03
6.931839999999999877e-03
5.923069999999999898e-03
1.912450000000000001e-03
-2.254520000000000092e-04
1.243359999999999995e-03
3.112020000000000064e-03
5.736500000000000279e-03
5.171430000000000297e-03
5.082699999999999892e-03
7.132920000000000059e-03
1.034799999999999956e-02
1.138839999999999991e-02
1.271850000000000064e-02
1.386289999999999918e-02
1.165670000000000074e-02
1.052550000000000013e-02
1.097019999999999940e-02
8.370259999999999159e-03
3.142770000000000025e-03
1.829019999999999995e-03
5.014479999999999979e-03
4.387190000000000013e-03
3.003060000000000104e-03
2.880660000000000165e-03
1.388399999999999921e-03
2.286669999999999979e-04
4.143099999999999821e-04
1.785190000000000084e-03
3.260110000000000091e-03
3.586509999999999785e-03
2.072829999999999898e-03
1.244590000000000063e-03
2.728690000000000195e-03
3.907810000000000276e-03
6.487389999999999997e-03
8.476380000000000373e-03
9.056760000000000504e-03
8.059200000000000738e-03
7.994930000000000786e-03
8.807860000000000689e-03
7.192180000000000274e-03
6.023249999999999958e-03
3.490580000000000072e-03
2.816350000000000017e-03
1.143599999999999961e-04
8.579300000000000207e-04
2.978499999999999811e-03
4.506450000000000386e-03
4.640049999999999730e-03
3.502739999999999847e-03
3.051889999999999811e-03
1.356629999999999945e-03
2.186889999999999928e-03
7.241980000000000075e-04
6.619599999999999573e-04
1.644199999999999958e-03
2.985479999999999991e-03
2.277579999999999969e-03
-6.386169999999999607e-04
-3.377339999999999943e-03
-5.706020000000000016e-03
-8.633439999999999170e-03
-7.139170000000000238e-03
-4.527989999999999966e-03
-4.573920000000000416e-03
-4.258760000000000323e-03
-4.141490000000000275e-03
-3.268399999999999864e-03
-5.771509999999999661e-03
-7.612640000000000379e-03
-1.202210000000000084e-02
-1.383269999999999986e-02
-1.266379999999999936e-02
-1.034739999999999965e-02
-9.457979999999999512e-03
-1.182440000000000054e-02
-1.392260000000000025e-02
-1.701019999999999963e-02
-1.931230000000000099e-02
-1.813330000000000150e-02
-1.545990000000000038e-02
-1.437160000000000000e-02
-1.481739999999999967e-02
-1.750919999999999907e-02
-1.770100000000000146e-02
-1.520610000000000017e-02
-1.232770000000000046e-02
-9.899140000000000716e-03
-8.685379999999999490e-03
-6.201729999999999916e-03
-5.692799999999999597e-03
-5.586769999999999584e-03
-4.386280000000000213e-03
-3.355110000000000123e-03
-7.694600000000000224e-04
-1.110190000000000048e-03
-4.676470000000000171e-04
-8.410209999999999561e-04
-1.533660000000000058e-03
-6.289740000000000261e-04
1.145769999999999948e-03
2.004549999999999908e-03
1.972869999999999832e-03
4.000570000000000168e-03
3.812830000000000125e-03
2.935570000000000193e-03
4.525679999999999807e-03
6.095399999999999950e-03
6.897050000000000056e-03
1.060569999999999916e-02
1.192859999999999927e-02
1.117680000000000062e-02
1.198860000000000030e-02
1.088489999999999944e-02
8.403179999999999678e-03
6.492640000000000043e-03
5.449110000000000065e-03
6.709760000000000377e-03
7.836779999999999788e-03
8.282440000000000288e-03
8.645480000000000526e-03
8.840229999999999269e-03
9.049240000000000061e-03
9.243980000000000599e-03
8.174940000000000331e-03
7.499620000000000244e-03
5.404449999999999879e-03
3.012470000000000165e-03
1.545619999999999937e-03
-4.872739999999999700e-05
9.997439999999998932e-04
3.434389999999999839e-03
3.206839999999999864e-03
6.332900000000000031e-04
1.156459999999999997e-03
3.507460000000000005e-03
4.233609999999999630e-03
3.067649999999999891e-03
4.951110000000000103e-04
-2.833249999999999831e-03
-4.075709999999999750e-03
-4.696989999999999846e-03
-3.608749999999999979e-03
-3.368139999999999936e-03
-3.177500000000000203e-03
-2.446269999999999955e-03
-4.913759999999999656e-03
-6.687639999999999904e-03
-8.598210000000000228e-03
-7.998560000000000045e-03
-5.296699999999999672e-03
-3.829030000000000194e-03
-4.369740000000000429e-03
-4.899240000000000018e-03
-3.713099999999999994e-03
-2.159760000000000152e-03
-7.298359999999999830e-04
-2.811569999999999781e-04
-1.486920000000000082e-03
-5.251820000000000143e-04
-1.593250000000000048e-03
-2.358369999999999824e-03
-2.756600000000000001e-04
-1.460010000000000084e-03
-2.738200000000000096e-03
-4.556990000000000346e-03
-4.505099999999999730e-03
-3.390370000000000189e-03
-1.451489999999999942e-03
2.227459999999999846e-05
-1.155630000000000047e-04
-2.401419999999999922e-04
-4.289820000000000070e-04
6.571769999999999999e-04
1.756589999999999931e-03
1.326099999999999924e-04
-8.038950000000000002e-04
1.435379999999999935e-04
8.808499999999999707e-04
2.944159999999999919e-03
-4.423900000000000250e-04
-3.602499999999999800e-03
-2.823369999999999960e-03
-1.184899999999999989e-04
2.020870000000000132e-03
2.568940000000000026e-03
1.612689999999999957e-03
-1.123440000000000072e-03
-2.456760000000000107e-03
-2.822719999999999917e-03
8.167870000000000252e-04
1.785240000000000004e-03
1.839469999999999951e-03
7.888040000000000459e-04
3.314239999999999764e-04
2.198289999999999880e-03
4.683610000000000377e-03
6.451619999999999924e-03
7.452819999999999757e-03
7.680700000000000374e-03
6.987359999999999752e-03
8.509110000000000285e-03
1.086870000000000024e-02
1.132580000000000045e-02
1.082520000000000010e-02
1.003410000000000066e-02
9.133360000000000090e-03
8.879150000000000584e-03
9.059799999999999798e-03
9.582500000000000739e-03
8.479520000000000807e-03
6.770199999999999656e-03
6.310180000000000303e-03
4.285889999999999665e-03
1.442659999999999906e-03
1.161399999999999932e-03
1.400149999999999962e-03
2.773460000000000161e-03
3.063750000000000067e-03
1.585079999999999996e-03
4.233899999999999968e-04
6.367140000000000299e-04
1.650699999999999954e-03
1.179900000000000003e-03
1.605600000000000010e-05
-2.731389999999999881e-04
-2.908019999999999984e-04
-1.848000000000000033e-03
-3.410920000000000011e-03
-2.149980000000000120e-03
-4.707339999999999962e-04
5.661009999999999523e-04
8.457239999999999550e-04
-2.404209999999999941e-04
-5.612020000000000116e-04
3.753620000000000155e-04
-2.795249999999999775e-04
-1.979659999999999840e-03
-2.851849999999999958e-03
-1.615520000000000064e-03
-6.315859999999999530e-04
4.401729999999999749e-04
1.536669999999999963e-03
-2.725989999999999967e-04
-2.114490000000000119e-03
-3.232449999999999993e-03
-2.652149999999999820e-03
-2.557499999999999878e-03
-3.098440000000000048e-03
-3.777480000000000161e-03
-3.840280000000000169e-03
-4.353690000000000337e-03
-4.207439999999999791e-03
-4.656150000000000393e-03
-6.594230000000000404e-03
-7.573060000000000382e-03
-8.000719999999999360e-03
-7.846870000000000581e-03
-6.686870000000000140e-03
-3.490720000000000107e-03
-2.087750000000000196e-03
-2.140729999999999977e-03
-2.762029999999999954e-03
-4.198659999999999892e-03
-4.349640000000000103e-03
-3.095249999999999911e-03
-1.992670000000000205e-03
-7.415100000000000207e-04
-1.030710000000000003e-03
-8.247470000000000235e-04
-1.209779999999999927e-03
-2.723619999999999947e-03
-1.878239999999999988e-03
-6.403789999999999483e-04
-4.505740000000000266e-04
3.865409999999999978e-05
-1.423639999999999976e-05
-2.474849999999999793e-04
-1.589290000000000093e-04
2.099589999999999866e-04
3.464259999999999931e-04
-1.128600000000000003e-03
-7.339510000000000478e-04
-9.835440000000000144e-05
3.591599999999999968e-05
-5.814010000000000532e-04
-2.125820000000000053e-03
-3.862910000000000215e-03
-3.832040000000000099e-03
-2.735420000000000126e-03
-1.402679999999999899e-03
-2.035150000000000056e-04
-2.574009999999999840e-04
-1.340989999999999912e-04
-2.218549999999999960e-05
-1.327679999999999865e-04
-9.328230000000000506e-04
-2.146949999999999900e-03
-3.002260000000000085e-03
-2.640319999999999820e-03
-2.093219999999999803e-03
-1.660980000000000052e-03
-1.471099999999999925e-03
-1.338009999999999937e-03
-1.519020000000000049e-03
-1.909950000000000103e-03
-1.473190000000000090e-03
-1.356540000000000046e-03
-1.530969999999999987e-03
-1.123730000000000085e-03
-7.739080000000000178e-04
-7.590210000000000229e-04
-6.501239999999999710e-04
-3.108569999999999953e-04
1.847429999999999895e-04
3.643520000000000244e-04
6.440239999999999854e-04
3.655309999999999939e-04
2.528479999999999888e-05
4.009199999999999765e-04
6.098380000000000250e-04
8.534410000000000303e-04
1.205029999999999947e-03
8.475340000000000477e-04
7.241129999999999702e-04
1.076249999999999950e-03
1.303909999999999922e-03
1.231359999999999920e-03
1.064470000000000086e-03
9.687370000000000052e-04
6.948800000000000419e-04
7.797330000000000103e-04
8.536659999999999951e-04
8.534820000000000254e-04
1.169679999999999982e-03
1.114729999999999974e-03
8.377550000000000318e-04
8.169540000000000525e-04
8.428360000000000192e-04
1.092330000000000080e-03
1.322639999999999927e-03
1.478869999999999968e-03
1.682649999999999944e-03
1.800610000000000014e-03
1.830959999999999966e-03
1.755330000000000041e-03
1.624549999999999996e-03
1.544580000000000041e-03
1.414429999999999941e-03
1.373660000000000072e-03
1.420770000000000019e-03
1.353959999999999973e-03
1.255110000000000036e-03
1.264060000000000010e-03
1.208270000000000004e-03
1.041269999999999956e-03
9.244610000000000110e-04
8.359360000000000141e-04
7.032159999999999973e-04
6.813169999999999686e-04
5.963010000000000359e-04
4.516659999999999816e-04
3.387180000000000052e-04
2.411550000000000043e-04
1.843279999999999875e-04
1.198590000000000056e-04
1.010990000000000022e-04
9.029089999999999978e-05
7.061740000000000595e-05
5.307120000000000105e-05
4.674240000000000160e-05
3.478179999999999960e-05
1.801700000000000046e-05
-1.583179999999999977e-05
-5.862349999999999869e-05
-1.003460000000000045e-04
-1.395780000000000111e-04
-1.815519999999999992e-04
-2.232059999999999904e-04
-2.618550000000000196e-04
-2.983780000000000221e-04
-3.341430000000000160e-04
-3.678199999999999851e-04
-3.995930000000000076e-04
