-1.119410000000000045e-04
-8.821169999999999435e-05
-1.211639999999999939e-04
-1.050159999999999988e-04
-1.422659999999999962e-04
-1.185670000000000051e-04
-1.465749999999999985e-04
-1.317529999999999971e-04
-1.623560000000000021e-04
-1.741179999999999887e-04
-1.855380000000000115e-04
-1.174209999999999994e-04
-1.129379999999999951e-04
-6.554689999999999410e-05
-1.462360000000000005e-04
-1.904110000000000036e-04
-2.659079999999999755e-04
-3.392639999999999827e-04
-4.574469999999999860e-04
-4.790109999999999984e-04
-5.279609999999999685e-04
-4.196320000000000237e-04
-1.908289999999999986e-04
9.775009999999999775e-05
1.906909999999999942e-04
7.032219999999999563e-05
-9.540020000000000184e-05
-1.075090000000000069e-05
1.035859999999999938e-04
2.989709999999999807e-04
1.793270000000000129e-04
6.957249999999999838e-05
-1.593040000000000048e-04
-2.761630000000000053e-04
-2.711419999999999868e-04
2.440329999999999995e-04
7.647560000000000078e-04
6.713119999999999721e-04
3.069939999999999952e-04
5.815539999999999685e-04
4.152100000000000040e-04
-6.550949999999999612e-04
-1.815229999999999925e-03
-2.188310000000000168e-03
-1.863819999999999973e-03
-8.575469999999999534e-04
-3.357650000000000218e-04
-1.513239999999999898e-03
-1.142959999999999940e-03
4.821989999999999957e-04
1.730250000000000017e-03
2.008590000000000202e-03
4.537820000000000135e-04
-2.385009999999999908e-03
-4.493569999999999683e-03
-4.660349999999999736e-03
-4.951409999999999839e-03
-4.722239999999999945e-03
-3.879360000000000100e-03
-2.225200000000000095e-03
-1.346500000000000041e-03
-1.549280000000000102e-03
-1.730729999999999985e-03
-1.042100000000000014e-03
-3.943480000000000076e-03
-6.408559999999999778e-03
-3.980039999999999793e-03
1.918830000000000058e-03
6.537300000000000229e-03
6.587349999999999629e-03
4.155169999999999697e-03
2.870329999999999930e-03
1.474700000000000013e-03
-1.474470000000000077e-03
-3.670350000000000175e-03
-1.082209999999999899e-03
2.772600000000000064e-03
3.793270000000000062e-03
1.135689999999999963e-03
4.876379999999999821e-04
1.637430000000000049e-03
-8.234030000000000038e-04
-6.058329999999999792e-03
-1.206160000000000045e-02
-1.600829999999999961e-02
-1.488160000000000004e-02
-9.010860000000000744e-03
3.068379999999999892e-03
1.135129999999999993e-02
7.666580000000000096e-03
6.152059999999999506e-05
-1.389180000000000059e-03
5.286230000000000269e-03
1.670989999999999975e-02
2.544300000000000034e-02
2.459269999999999859e-02
1.686369999999999883e-02
8.607639999999999736e-03
1.289559999999999925e-03
-7.530249999999999617e-03
-1.998039999999999886e-02
-2.709560000000000093e-02
-2.036570000000000047e-02
-3.208110000000000128e-03
8.708499999999999228e-03
1.329050000000000023e-02
1.668899999999999897e-02
2.100250000000000034e-02
2.630559999999999843e-02
3.119169999999999929e-02
3.132469999999999699e-02
2.797149999999999984e-02
2.457080000000000028e-02
1.956489999999999965e-02
7.065140000000000135e-03
-1.157230000000000064e-02
-2.390039999999999873e-02
-2.904280000000000056e-02
-2.658309999999999840e-02
-1.910500000000000045e-02
-1.564720000000000000e-02
-2.029639999999999916e-02
-2.874420000000000100e-02
-2.856979999999999936e-02
-2.048350000000000171e-02
-2.512529999999999798e-03
1.619769999999999890e-02
2.340679999999999844e-02
1.776739999999999917e-02
1.364800000000000041e-02
1.305410000000000077e-02
1.166440000000000012e-02
1.006559999999999920e-02
9.512629999999999350e-03
8.080719999999999570e-03
8.943339999999999927e-04
-1.657219999999999874e-02
-3.006630000000000066e-02
-3.183190000000000325e-02
-2.598699999999999968e-02
-1.448389999999999921e-02
-9.211199999999999249e-03
-1.579289999999999861e-02
-2.983399999999999941e-02
-3.560130000000000239e-02
-2.365389999999999854e-02
-1.199870000000000016e-03
1.237730000000000080e-02
1.670570000000000041e-02
1.899110000000000034e-02
2.584670000000000023e-02
3.610290000000000027e-02
4.100840000000000041e-02
3.898080000000000295e-02
3.163520000000000221e-02
2.203379999999999922e-02
1.875589999999999896e-02
1.800790000000000030e-02
1.298509999999999942e-02
7.090619999999999735e-03
1.236740000000000061e-02
2.265599999999999906e-02
2.273069999999999952e-02
1.438659999999999939e-02
6.916330000000000047e-03
6.261469999999999883e-03
9.319179999999999825e-03
5.518300000000000288e-03
-6.799999999999999621e-03
-2.326229999999999964e-02
-3.348679999999999712e-02
-2.751759999999999970e-02
-1.481939999999999993e-02
-9.726679999999999701e-03
-1.709149999999999905e-02
-2.648290000000000019e-02
-3.185419999999999918e-02
-3.013319999999999887e-02
-2.336660000000000126e-02
-1.937209999999999974e-02
-1.513609999999999955e-02
-5.351469999999999665e-03
9.216049999999999937e-03
2.141430000000000070e-02
2.668639999999999901e-02
2.228230000000000141e-02
6.501919999999999575e-03
-7.240429999999999956e-03
-1.054440000000000065e-02
-3.215490000000000102e-03
8.533149999999999763e-03
2.174519999999999925e-02
3.450460000000000332e-02
4.291969999999999813e-02
4.012820000000000276e-02
1.729970000000000119e-02
-1.307879999999999980e-02
-2.461790000000000159e-02
-1.991669999999999899e-02
-1.071639999999999919e-02
-4.429459999999999648e-03
-9.782539999999999292e-03
-2.046109999999999943e-02
-2.703420000000000128e-02
-2.773600000000000024e-02
-2.315640000000000059e-02
-1.592069999999999944e-02
-9.138030000000000111e-03
-6.755180000000000386e-03
-7.690660000000000204e-03
-1.589029999999999956e-02
-2.199989999999999932e-02
-2.507039999999999963e-02
-2.966809999999999933e-02
-3.425919999999999660e-02
-3.051780000000000118e-02
-1.540459999999999920e-02
1.494960000000000039e-02
3.496099999999999902e-02
4.219439999999999996e-02
4.414989999999999887e-02
4.319370000000000154e-02
4.381240000000000134e-02
3.814370000000000260e-02
2.625999999999999862e-02
1.258330000000000039e-02
1.184610000000000003e-03
-6.955519999999999758e-03
-1.431930000000000008e-02
-1.988140000000000046e-02
-2.736090000000000050e-02
-3.555350000000000177e-02
-3.940690000000000165e-02
-3.438839999999999952e-02
-2.721840000000000023e-02
-2.232999999999999916e-02
-1.512059999999999967e-02
-7.150469999999999916e-03
-3.780019999999999821e-03
-6.820770000000000305e-03
-5.774869999999999656e-03
2.730160000000000139e-03
7.111029999999999955e-03
1.001340000000000043e-02
1.434380000000000030e-02
2.139440000000000092e-02
2.403599999999999834e-02
2.081179999999999836e-02
1.388400000000000051e-02
8.462050000000000474e-03
4.955499999999999836e-03
4.032280000000000066e-03
7.740209999999999972e-03
1.467560000000000045e-02
1.996619999999999992e-02
2.214179999999999968e-02
1.890970000000000151e-02
1.668949999999999947e-02
1.258319999999999925e-02
1.045489999999999961e-02
6.250119999999999634e-03
2.193220000000000065e-03
-6.914130000000000102e-03
-1.919310000000000113e-02
-3.088729999999999948e-02
-4.294250000000000150e-02
-5.258150000000000324e-02
-5.314170000000000005e-02
-4.569680000000000269e-02
-3.451760000000000245e-02
-2.297839999999999952e-02
-1.202420000000000051e-02
-5.674750000000000107e-03
-2.275520000000000060e-03
-3.969130000000000401e-03
-1.180239999999999935e-02
-1.826859999999999942e-02
-1.782339999999999966e-02
-1.306339999999999932e-02
-9.239479999999999568e-03
-6.697110000000000042e-03
-3.248369999999999990e-03
2.535190000000000100e-03
8.951759999999999579e-03
1.653810000000000002e-02
2.671969999999999901e-02
3.410629999999999912e-02
4.412490000000000162e-02
4.266459999999999697e-02
3.110040000000000027e-02
2.207800000000000040e-02
2.063370000000000135e-02
2.424290000000000125e-02
2.333230000000000026e-02
1.750900000000000026e-02
1.159570000000000045e-02
1.502930000000000064e-02
2.031600000000000072e-02
2.060789999999999844e-02
1.382869999999999933e-02
2.590359999999999885e-03
-1.345260000000000032e-02
-2.659680000000000030e-02
-3.481540000000000329e-02
-3.613330000000000014e-02
-3.401640000000000219e-02
-3.759629999999999916e-02
-4.222580000000000083e-02
-3.663679999999999715e-02
-2.582339999999999983e-02
-1.536200000000000065e-02
-1.003000000000000072e-02
-5.409129999999999841e-03
-1.942850000000000089e-03
4.779770000000000026e-03
1.139719999999999969e-02
1.469409999999999987e-02
1.131680000000000012e-02
3.881309999999999795e-03
-1.320769999999999974e-03
-4.705370000000000386e-03
-6.846920000000000263e-03
-7.644350000000000277e-03
-6.158630000000000007e-03
-3.410250000000000087e-03
-1.565070000000000003e-03
-3.319659999999999885e-03
-1.170700000000000039e-02
-2.001980000000000079e-02
-2.282860000000000097e-02
-2.069740000000000121e-02
-1.638399999999999926e-02
-9.572920000000000387e-03
-1.017060000000000013e-02
-1.247780000000000070e-02
9.709589999999999714e-04
1.941510000000000111e-02
3.174620000000000219e-02
3.921199999999999686e-02
3.870919999999999916e-02
3.447030000000000233e-02
2.990200000000000150e-02
2.749019999999999936e-02
2.952530000000000085e-02
3.359949999999999742e-02
3.538310000000000066e-02
3.318750000000000172e-02
2.752960000000000129e-02
2.095079999999999859e-02
1.156880000000000061e-02
2.458450000000000045e-03
-5.381780000000000071e-03
-1.158700000000000008e-02
-9.406819999999999765e-03
-7.905229999999999202e-03
-1.814939999999999956e-02
-1.753369999999999929e-02
-1.761240000000000028e-02
-2.717019999999999852e-02
-4.082100000000000312e-02
-5.162180000000000241e-02
-5.059000000000000302e-02
-4.187599999999999656e-02
-4.425169999999999798e-02
-5.270670000000000216e-02
-5.424049999999999705e-02
-4.692910000000000137e-02
-3.772779999999999884e-02
-3.135299999999999893e-02
-3.097569999999999837e-02
-3.444189999999999752e-02
-3.030120000000000036e-02
-1.816049999999999956e-02
-5.975620000000000064e-03
5.603509999999999915e-03
1.260720000000000070e-02
1.217610000000000046e-02
8.508550000000000141e-03
3.149519999999999837e-03
-3.940370000000000331e-03
-7.916360000000000757e-03
-3.903729999999999787e-03
7.373440000000000202e-03
1.899340000000000056e-02
2.835930000000000048e-02
3.373720000000000191e-02
3.171659999999999757e-02
2.429490000000000122e-02
1.200449999999999955e-02
-1.104710000000000067e-02
-3.639760000000000217e-02
-5.159369999999999928e-02
-5.737230000000000107e-02
-5.473970000000000224e-02
-4.775770000000000015e-02
-4.845170000000000032e-02
-5.303909999999999875e-02
-5.102059999999999929e-02
-4.598540000000000266e-02
-4.151509999999999923e-02
-3.493779999999999802e-02
-2.471730000000000108e-02
-6.028150000000000348e-03
1.804630000000000123e-02
3.428090000000000304e-02
4.078409999999999674e-02
4.729719999999999758e-02
5.241320000000000007e-02
5.395199999999999996e-02
5.895519999999999927e-02
5.934840000000000254e-02
6.662460000000000604e-02
7.149020000000000374e-02
6.359230000000000438e-02
7.417340000000000044e-02
8.449810000000000654e-02
7.850100000000000133e-02
6.640870000000000106e-02
4.856350000000000250e-02
2.849959999999999993e-02
7.370719999999999876e-03
-1.431879999999999958e-02
-2.942780000000000049e-02
-4.224950000000000233e-02
-5.526380000000000181e-02
-6.687640000000000251e-02
-6.826569999999999860e-02
-6.970709999999999407e-02
-6.580500000000000238e-02
-5.697470000000000312e-02
-4.764170000000000210e-02
-3.570659999999999806e-02
-2.261929999999999844e-02
4.658360000000000278e-03
4.386419999999999902e-02
9.485580000000000400e-02
1.551970000000000016e-01
1.960359999999999880e-01
2.009110000000000062e-01
1.879599999999999882e-01
1.742579999999999962e-01
1.688639999999999863e-01
1.780289999999999928e-01
1.929389999999999994e-01
1.928130000000000122e-01
1.821760000000000046e-01
1.653110000000000135e-01
1.358890000000000098e-01
9.145169999999999688e-02
4.099350000000000216e-02
-1.423800000000000066e-02
-6.287579999999999558e-02
-1.148389999999999966e-01
-1.929750000000000076e-01
-2.840520000000000267e-01
-3.120749999999999913e-01
-2.985099999999999976e-01
-2.775110000000000077e-01
-2.866170000000000107e-01
-2.930909999999999904e-01
-2.721029999999999838e-01
-2.418410000000000004e-01
-1.830350000000000033e-01
-1.107299999999999951e-01
-5.866140000000000243e-02
-2.126130000000000034e-02
1.440909999999999934e-02
5.115340000000000165e-02
8.139040000000000163e-02
9.946689999999999698e-02
1.048869999999999941e-01
1.018190000000000067e-01
1.041730000000000017e-01
1.101860000000000062e-01
1.160110000000000030e-01
1.205780000000000046e-01
1.183469999999999939e-01
1.067860000000000059e-01
9.587880000000000014e-02
8.848620000000000096e-02
8.570999999999999452e-02
8.014409999999999590e-02
6.750970000000000582e-02
5.522239999999999788e-02
4.229850000000000276e-02
4.394119999999999970e-02
3.957270000000000232e-02
2.377369999999999831e-02
1.575309999999999905e-02
2.901219999999999927e-03
3.214530000000000165e-03
1.374719999999999935e-02
2.278020000000000045e-02
3.003729999999999942e-02
2.957200000000000106e-02
2.722520000000000148e-02
3.461739999999999956e-02
4.408150000000000263e-02
5.188240000000000213e-02
5.677229999999999777e-02
5.818380000000000080e-02
5.322319999999999829e-02
4.467870000000000175e-02
2.822969999999999993e-02
1.150699999999999987e-02
-2.151829999999999975e-03
-1.067659999999999963e-02
-1.639439999999999995e-02
-2.060609999999999872e-02
-2.274839999999999848e-02
-1.775059999999999832e-02
-5.559439999999999694e-03
1.331010000000000006e-02
3.822799999999999809e-02
6.072639999999999982e-02
7.442709999999999604e-02
8.013449999999999740e-02
7.970489999999999520e-02
7.620109999999999384e-02
6.902270000000000627e-02
5.645820000000000005e-02
4.187869999999999787e-02
1.622449999999999934e-02
-1.945109999999999895e-02
-6.223709999999999659e-02
-1.023730000000000057e-01
-1.320810000000000040e-01
-1.514189999999999980e-01
-1.600640000000000118e-01
-1.634859999999999924e-01
-1.523950000000000027e-01
-1.203629999999999978e-01
-6.451990000000000502e-02
-2.874940000000000134e-02
-2.424369999999999910e-03
1.462459999999999975e-02
2.631019999999999887e-02
3.082789999999999836e-02
2.098150000000000015e-02
1.638560000000000016e-02
1.539249999999999993e-02
3.650440000000000022e-03
-1.729790000000000147e-02
-5.629630000000000051e-02
-8.129580000000000140e-02
-8.712720000000000187e-02
-9.594260000000000288e-02
-1.009209999999999968e-01
-9.770790000000000031e-02
-8.627250000000000196e-02
-7.036979999999999624e-02
-3.500450000000000089e-02
1.367039999999999922e-02
3.934859999999999747e-02
5.183959999999999957e-02
6.532250000000000556e-02
7.769339999999999580e-02
8.972380000000000633e-02
9.675440000000000429e-02
9.222869999999999679e-02
7.229649999999999965e-02
4.138560000000000155e-02
8.511509999999999909e-03
-2.334839999999999832e-02
-5.714969999999999772e-02
-8.851929999999999521e-02
-1.083380000000000037e-01
-1.116700000000000054e-01
-1.024100000000000010e-01
-8.019959999999999589e-02
-5.609890000000000015e-02
-2.951809999999999851e-02
-1.044390000000000075e-02
-3.025230000000000172e-04
1.370710000000000027e-03
-5.517659999999999752e-03
-1.092680000000000040e-02
-1.156470000000000067e-02
-1.079500000000000078e-02
-7.014399999999999628e-03
2.221550000000000087e-03
1.749119999999999842e-02
2.872049999999999950e-02
2.438179999999999861e-02
1.163460000000000015e-02
4.800689999999999819e-03
-6.065430000000000127e-03
-2.911690000000000111e-02
-4.438799999999999690e-02
-3.778009999999999702e-02
-1.612939999999999860e-02
1.405460000000000043e-02
4.737639999999999907e-02
7.651729999999999643e-02
1.096590000000000065e-01
1.377220000000000111e-01
1.494119999999999893e-01
1.475690000000000057e-01
1.294549999999999867e-01
9.485440000000000538e-02
5.515180000000000082e-02
1.882609999999999839e-02
-1.131650000000000017e-02
-4.205939999999999679e-02
-7.626510000000000233e-02
-1.047349999999999948e-01
-1.190790000000000043e-01
-1.208439999999999931e-01
-1.154720000000000052e-01
-1.067199999999999954e-01
-9.830790000000000362e-02
-8.863699999999999357e-02
-6.552520000000000566e-02
-3.007210000000000091e-02
-7.533729999999999767e-03
8.471589999999999980e-04
-4.221199999999999605e-03
-1.247900000000000051e-02
-1.298999999999999981e-02
-1.081209999999999984e-02
-1.809310000000000085e-02
-4.182040000000000063e-02
-6.765480000000000105e-02
-7.656699999999999617e-02
-7.317160000000000331e-02
-5.793910000000000032e-02
-2.640320000000000167e-02
5.101699999999999811e-03
2.358390000000000139e-02
4.393090000000000189e-02
7.517490000000000283e-02
1.119829999999999992e-01
1.410480000000000067e-01
1.662959999999999994e-01
1.861939999999999984e-01
1.857880000000000087e-01
1.620199999999999974e-01
1.231040000000000051e-01
6.477439999999999587e-02
5.058069999999999580e-03
-4.318439999999999779e-02
-7.582360000000000488e-02
-1.040989999999999971e-01
-1.294949999999999990e-01
-1.443889999999999896e-01
-1.452940000000000065e-01
-1.339349999999999985e-01
-1.166299999999999976e-01
-1.018379999999999980e-01
-8.584569999999999701e-02
-6.429110000000000380e-02
-3.930430000000000035e-02
-1.380840000000000019e-02
6.449329999999999646e-03
1.818900000000000031e-02
3.208420000000000022e-02
4.624559999999999782e-02
5.259579999999999811e-02
5.022030000000000244e-02
4.670189999999999758e-02
4.537999999999999673e-02
4.071290000000000325e-02
2.508240000000000122e-02
-2.318540000000000011e-03
-3.163239999999999802e-02
-5.766299999999999898e-02
-6.883749999999999591e-02
-6.686179999999999901e-02
-5.152709999999999929e-02
-2.909890000000000046e-02
-1.449519999999999975e-02
7.334059999999999885e-03
4.258050000000000029e-02
8.076350000000000195e-02
1.031620000000000037e-01
1.097820000000000046e-01
1.118090000000000056e-01
1.072869999999999935e-01
9.842069999999999985e-02
8.141349999999999976e-02
6.152450000000000280e-02
4.009990000000000082e-02
6.993019999999999965e-03
-3.528549999999999742e-02
-6.077420000000000044e-02
-6.919830000000000425e-02
-7.379650000000000098e-02
-7.661819999999999742e-02
-8.006919999999999316e-02
-8.342629999999999491e-02
-8.697649999999999826e-02
-8.355329999999999702e-02
-6.899859999999999327e-02
-3.473249999999999948e-02
2.922950000000000114e-03
3.683140000000000025e-02
6.178349999999999814e-02
7.981169999999999931e-02
8.726470000000000060e-02
8.908019999999999827e-02
9.169209999999999861e-02
9.589789999999999426e-02
1.001930000000000043e-01
1.031849999999999989e-01
1.048489999999999978e-01
1.023909999999999959e-01
8.502569999999999573e-02
5.481110000000000149e-02
3.153969999999999690e-02
2.040190000000000059e-02
1.642619999999999844e-02
1.664910000000000001e-02
2.006049999999999847e-02
2.537259999999999863e-02
3.078619999999999968e-02
3.612569999999999670e-02
4.061830000000000301e-02
4.173400000000000026e-02
4.027220000000000105e-02
3.091529999999999972e-02
1.084740000000000010e-02
-1.147369999999999987e-02
-3.507620000000000182e-02
-5.970400000000000013e-02
-8.649859999999999494e-02
-1.106550000000000034e-01
-1.326090000000000046e-01
-1.550479999999999914e-01
-1.709589999999999999e-01
-1.700399999999999967e-01
-1.519300000000000095e-01
-1.089750000000000024e-01
-5.892270000000000146e-02
-8.761790000000000203e-03
3.195420000000000205e-02
6.523339999999999694e-02
9.228840000000000654e-02
1.059910000000000019e-01
1.144990000000000036e-01
1.174250000000000016e-01
1.128620000000000040e-01
9.866310000000000358e-02
7.642219999999999569e-02
4.345220000000000332e-02
1.060220000000000086e-02
-1.509779999999999976e-02
-2.470790000000000139e-02
-1.982120000000000062e-02
-7.056630000000000368e-03
2.130389999999999801e-03
5.023770000000000319e-03
2.720170000000000053e-03
-8.796190000000000606e-03
-2.487380000000000146e-02
-3.933380000000000210e-02
-5.531130000000000074e-02
-6.998429999999999929e-02
-8.059189999999999410e-02
-9.241620000000000390e-02
-1.012689999999999979e-01
-9.743770000000000209e-02
-6.571849999999999914e-02
-4.776589999999999829e-03
5.649139999999999717e-02
9.597239999999999938e-02
1.133839999999999987e-01
1.078889999999999988e-01
8.717779999999999974e-02
4.675719999999999876e-02
-3.472600000000000166e-03
-3.795989999999999781e-02
-5.160950000000000260e-02
-5.440629999999999772e-02
-4.906689999999999663e-02
-3.285600000000000326e-02
-1.086349999999999989e-02
3.593260000000000030e-03
1.167460000000000025e-02
1.726400000000000157e-02
2.173049999999999982e-02
3.276099999999999846e-02
5.342050000000000270e-02
7.756369999999999931e-02
9.112439999999999429e-02
8.914360000000000339e-02
6.205469999999999736e-02
1.068389999999999965e-02
-3.546389999999999959e-02
-6.816319999999999324e-02
-8.750900000000000345e-02
-9.683460000000000678e-02
-9.724019999999999886e-02
-8.019600000000000339e-02
-3.581299999999999761e-02
-8.763069999999999540e-03
1.882949999999999902e-02
6.076170000000000182e-02
8.979260000000000019e-02
1.026949999999999946e-01
1.038680000000000020e-01
9.795879999999999865e-02
8.494809999999999861e-02
7.007259999999999878e-02
5.055779999999999996e-02
1.683969999999999911e-02
-2.282110000000000041e-02
-5.958059999999999745e-02
-1.000960000000000044e-01
-1.428099999999999925e-01
-1.691930000000000101e-01
-1.844359999999999888e-01
-1.936690000000000078e-01
-1.931279999999999941e-01
-1.771629999999999872e-01
-1.423570000000000113e-01
-8.838369999999999560e-02
-3.487910000000000316e-02
1.196119999999999996e-02
6.424069999999999780e-02
1.169270000000000032e-01
1.645260000000000056e-01
1.946599999999999997e-01
2.130769999999999886e-01
1.998030000000000084e-01
1.532959999999999878e-01
1.136719999999999953e-01
8.527150000000000007e-02
3.398020000000000207e-02
-1.867720000000000144e-02
-4.877469999999999722e-02
-7.363409999999999400e-02
-1.113309999999999994e-01
-1.572969999999999924e-01
-1.857449999999999934e-01
-1.856970000000000010e-01
-1.760919999999999985e-01
-1.532260000000000011e-01
-1.022860000000000019e-01
-3.978809999999999986e-02
1.425249999999999954e-02
5.531989999999999824e-02
9.996059999999999668e-02
1.381550000000000000e-01
1.747650000000000037e-01
1.956279999999999963e-01
2.021940000000000126e-01
1.952949999999999964e-01
1.659940000000000027e-01
9.881769999999999443e-02
3.378230000000000122e-02
-1.889390000000000167e-02
-4.893039999999999889e-02
-5.672050000000000008e-02
-5.134240000000000331e-02
-4.398980000000000251e-02
-5.031000000000000055e-02
-6.588470000000000437e-02
-6.515899999999999470e-02
-3.174099999999999838e-02
2.512690000000000062e-02
6.614399999999999447e-02
8.604330000000000311e-02
9.317939999999999556e-02
7.860209999999999420e-02
4.148029999999999773e-02
-1.314219999999999972e-02
-6.137279999999999819e-02
-9.993620000000000281e-02
-1.397639999999999993e-01
-1.677279999999999882e-01
-1.779469999999999941e-01
-1.777859999999999996e-01
-1.713639999999999886e-01
-1.533309999999999951e-01
-1.130440000000000056e-01
-7.014969999999999539e-02
-3.382399999999999990e-02
1.446000000000000063e-02
7.298459999999999670e-02
1.274319999999999897e-01
1.811750000000000027e-01
2.280119999999999925e-01
2.435910000000000020e-01
1.960189999999999988e-01
1.273170000000000135e-01
7.219810000000000116e-02
8.877970000000000653e-03
-5.462020000000000070e-02
-9.807810000000000139e-02
-1.351529999999999954e-01
-1.814399999999999902e-01
-1.999650000000000039e-01
-1.741910000000000125e-01
-1.309609999999999941e-01
-8.734820000000000084e-02
-3.290660000000000113e-02
3.160009999999999902e-02
6.884940000000000504e-02
8.770970000000000155e-02
1.078510000000000024e-01
1.159680000000000016e-01
1.096450000000000063e-01
7.856040000000000245e-02
3.218440000000000190e-02
-1.417790000000000022e-02
-4.899320000000000064e-02
-9.676110000000000266e-02
-1.473389999999999977e-01
-1.851099999999999968e-01
-2.016459999999999919e-01
-1.983709999999999918e-01
-1.527239999999999986e-01
-7.681899999999999840e-02
2.219010000000000080e-02
9.075650000000000384e-02
1.393629999999999869e-01
1.856230000000000102e-01
2.065939999999999999e-01
2.135650000000000048e-01
2.076709999999999945e-01
1.759560000000000013e-01
1.144880000000000064e-01
3.209390000000000159e-02
-5.027159999999999962e-02
-1.097120000000000040e-01
-1.554449999999999998e-01
-1.901829999999999909e-01
-2.094459999999999933e-01
-2.175980000000000136e-01
-2.218120000000000092e-01
-2.078820000000000112e-01
-1.682470000000000077e-01
-9.116889999999999716e-02
-1.237410000000000072e-02
4.213979999999999809e-02
9.081839999999999358e-02
1.337689999999999990e-01
1.683800000000000019e-01
1.854119999999999935e-01
1.908040000000000014e-01
1.687809999999999866e-01
1.225939999999999946e-01
3.168409999999999976e-02
-4.435959999999999903e-02
-7.742609999999999770e-02
-1.086020000000000041e-01
-1.450839999999999907e-01
-1.674309999999999965e-01
-1.707440000000000069e-01
-1.663030000000000064e-01
-1.403659999999999908e-01
-9.756239999999999357e-02
-4.954650000000000026e-02
-7.943129999999999635e-03
2.797600000000000087e-02
8.497839999999999561e-02
1.706880000000000064e-01
2.400930000000000009e-01
2.731899999999999884e-01
3.014999999999999902e-01
3.294650000000000079e-01
3.294190000000000174e-01
2.672669999999999768e-01
2.035530000000000117e-01
2.025490000000000068e-01
2.421030000000000126e-01
2.599500000000000144e-01
2.588300000000000045e-01
2.648190000000000266e-01
2.603610000000000091e-01
2.497060000000000113e-01
2.147519999999999984e-01
1.583400000000000085e-01
6.979870000000000518e-02
-6.490479999999999861e-03
-5.196970000000000062e-02
-9.214540000000000231e-02
-1.491740000000000010e-01
-2.362960000000000060e-01
-3.232650000000000245e-01
-3.874909999999999743e-01
-4.300559999999999938e-01
-4.686290000000000178e-01
-4.657870000000000066e-01
-4.210979999999999723e-01
-3.875179999999999736e-01
-3.689239999999999742e-01
-3.150600000000000067e-01
-1.983910000000000118e-01
-8.962480000000000446e-02
-3.151960000000000178e-02
3.233980000000000188e-02
1.169420000000000043e-01
2.004799999999999915e-01
2.542530000000000068e-01
2.962739999999999818e-01
2.870920000000000138e-01
2.102040000000000020e-01
7.269029999999999936e-02
-8.333210000000000617e-03
-3.799870000000000331e-02
-1.111160000000000064e-01
-1.843589999999999951e-01
-2.249700000000000033e-01
-2.487419999999999909e-01
-2.671780000000000266e-01
-2.659619999999999762e-01
-2.391770000000000007e-01
-1.848289999999999933e-01
-1.162689999999999974e-01
-5.272820000000000285e-02
-4.148970000000000088e-03
4.160210000000000297e-02
8.555699999999999417e-02
1.323600000000000054e-01
1.801359999999999906e-01
2.153899999999999981e-01
2.397620000000000029e-01
2.525370000000000115e-01
2.550009999999999777e-01
2.539100000000000246e-01
2.361959999999999893e-01
1.916130000000000055e-01
1.311839999999999951e-01
7.228500000000000203e-02
2.871759999999999938e-02
-8.736749999999999725e-03
-3.875320000000000153e-02
-6.265139999999999598e-02
-7.678669999999999940e-02
-8.043200000000000349e-02
-8.630699999999999483e-02
-9.505669999999999398e-02
-1.147549999999999959e-01
-1.276569999999999927e-01
-1.370339999999999892e-01
-1.467859999999999998e-01
-1.542270000000000030e-01
-1.550400000000000111e-01
-1.499399999999999900e-01
-1.485070000000000001e-01
-1.407710000000000072e-01
-1.080959999999999976e-01
-7.023189999999999988e-02
-3.437640000000000140e-02
4.958849999999999890e-03
4.666870000000000046e-02
7.703100000000000225e-02
1.039700000000000069e-01
1.295689999999999897e-01
1.524379999999999902e-01
1.697609999999999952e-01
1.779870000000000063e-01
1.793109999999999982e-01
1.597600000000000131e-01
1.071060000000000068e-01
5.363590000000000024e-02
1.010660000000000031e-02
-3.110320000000000099e-02
-7.324730000000000130e-02
-1.120189999999999936e-01
-1.451040000000000108e-01
-1.682740000000000069e-01
-1.865469999999999906e-01
-1.979059999999999986e-01
-1.974859999999999949e-01
-1.774030000000000051e-01
-1.447489999999999888e-01
-1.036730000000000013e-01
-6.213790000000000285e-02
-2.221110000000000098e-02
1.150400000000000034e-02
4.548350000000000309e-02
8.084769999999999457e-02
1.138020000000000004e-01
1.501540000000000097e-01
1.746749999999999969e-01
1.853239999999999887e-01
1.753589999999999871e-01
1.611150000000000082e-01
1.445889999999999953e-01
1.224490000000000023e-01
9.873569999999999569e-02
7.472679999999999600e-02
4.852209999999999857e-02
2.720200000000000048e-02
1.470650000000000082e-02
7.985290000000000790e-03
8.797710000000000035e-04
-6.336709999999999739e-03
-8.981370000000000672e-03
-9.527809999999999405e-03
-1.038279999999999932e-02
-1.433509999999999993e-02
-2.169590000000000060e-02
-3.116729999999999848e-02
-3.994319999999999815e-02
-4.820080000000000198e-02
-5.671459999999999696e-02
-6.095169999999999755e-02
-5.669119999999999715e-02
-3.877610000000000084e-02
-1.460679999999999965e-02
8.742889999999999689e-03
3.283769999999999745e-02
5.565690000000000220e-02
7.263980000000000437e-02
7.453039999999999665e-02
6.529400000000000481e-02
5.392090000000000077e-02
4.474469999999999836e-02
3.554410000000000208e-02
2.479879999999999932e-02
1.136299999999999984e-02
-2.636379999999999800e-03
-1.615650000000000072e-02
-2.718639999999999946e-02
-3.476850000000000079e-02
-3.945819999999999883e-02
-4.033950000000000036e-02
-3.868390000000000023e-02
-3.443890000000000146e-02
-3.029890000000000014e-02
-2.628689999999999846e-02
-2.329310000000000061e-02
-1.904230000000000159e-02
-7.080770000000000119e-03
1.400090000000000015e-02
3.396890000000000326e-02
5.352670000000000344e-02
7.584549999999999625e-02
9.854780000000000484e-02
1.145960000000000034e-01
1.243029999999999968e-01
1.295219999999999982e-01
1.312959999999999960e-01
1.261069999999999969e-01
1.125040000000000068e-01
8.091270000000000406e-02
4.524609999999999743e-02
1.171490000000000031e-02
-1.809670000000000029e-02
-4.459060000000000107e-02
-7.209350000000000480e-02
-9.479329999999999701e-02
-1.112100000000000033e-01
-1.219240000000000046e-01
-1.315560000000000063e-01
-1.390119999999999967e-01
-1.456000000000000072e-01
-1.472739999999999883e-01
-1.455180000000000085e-01
-1.346380000000000077e-01
-1.106089999999999990e-01
-6.560459999999999903e-02
-2.009580000000000047e-02
2.479390000000000066e-02
6.238749999999999851e-02
1.004260000000000014e-01
1.391259999999999997e-01
1.634420000000000039e-01
1.746850000000000069e-01
1.734310000000000018e-01
1.624919999999999976e-01
1.357770000000000088e-01
1.014739999999999948e-01
5.640669999999999712e-02
1.593009999999999912e-02
-1.700930000000000150e-02
-4.668780000000000152e-02
-7.008109999999999340e-02
-8.812250000000000638e-02
-9.896399999999999642e-02
-1.040149999999999963e-01
-1.054839999999999944e-01
-1.010140000000000066e-01
-8.696800000000000364e-02
-7.092410000000000381e-02
-5.566659999999999664e-02
-3.967419999999999974e-02
-2.817920000000000147e-02
-2.209699999999999859e-02
-1.610280000000000045e-02
-6.555479999999999814e-03
3.843749999999999944e-03
1.239619999999999958e-02
1.561350000000000064e-02
1.268030000000000025e-02
5.336879999999999576e-03
-1.727830000000000078e-03
-3.071099999999999785e-03
1.758740000000000037e-05
8.166829999999999923e-03
1.782970000000000041e-02
3.027919999999999917e-02
4.387549999999999784e-02
5.378349999999999798e-02
5.753389999999999893e-02
5.411769999999999775e-02
4.027710000000000318e-02
1.972499999999999948e-02
3.432140000000000191e-03
-5.246729999999999797e-03
-1.082209999999999943e-02
-1.671529999999999891e-02
-2.095359999999999931e-02
-2.418810000000000057e-02
-2.704629999999999881e-02
-2.811289999999999970e-02
-2.639210000000000167e-02
-2.533209999999999976e-02
-2.452000000000000013e-02
-2.229710000000000025e-02
-2.111570000000000114e-02
-2.026609999999999870e-02
-1.702789999999999859e-02
-1.383919999999999942e-02
-1.094709999999999954e-02
-7.054419999999999615e-03
-4.155869999999999877e-03
-3.061200000000000032e-03
-5.748940000000000126e-03
-1.183419999999999958e-02
-1.996150000000000008e-02
-2.807909999999999920e-02
-3.513379999999999975e-02
-3.496380000000000321e-02
-2.790669999999999956e-02
-1.085449999999999957e-02
1.194839999999999965e-02
3.561559999999999726e-02
5.884070000000000272e-02
7.793880000000000252e-02
8.833299999999999486e-02
9.308850000000000458e-02
9.371880000000000488e-02
9.052340000000000386e-02
7.924299999999999400e-02
5.870539999999999786e-02
3.745169999999999749e-02
1.710460000000000105e-02
-3.620910000000000187e-03
-2.178019999999999956e-02
-3.945250000000000146e-02
-5.371129999999999655e-02
-6.262929999999999886e-02
-6.773909999999999654e-02
-6.904760000000000064e-02
-6.739729999999999333e-02
-6.518630000000000257e-02
-6.036749999999999755e-02
-5.100149999999999822e-02
-3.413909999999999861e-02
-1.253750000000000003e-02
5.200019999999999643e-03
1.685590000000000005e-02
2.575739999999999974e-02
3.059809999999999960e-02
3.184610000000000218e-02
3.112909999999999983e-02
2.667790000000000092e-02
1.695460000000000023e-02
3.585119999999999800e-03
-7.927780000000000590e-03
-1.857790000000000136e-02
-2.624479999999999869e-02
-2.784050000000000066e-02
-2.828690000000000024e-02
-2.956270000000000078e-02
-3.066069999999999907e-02
-3.429190000000000016e-02
-4.164059999999999984e-02
-5.099540000000000323e-02
-5.929220000000000323e-02
-6.445589999999999653e-02
-6.849009999999999820e-02
-6.955509999999999471e-02
-6.917500000000000038e-02
-6.711549999999999461e-02
-6.095910000000000217e-02
-4.924549999999999761e-02
-3.152390000000000053e-02
-1.047900000000000047e-02
9.741609999999999506e-03
3.009169999999999900e-02
5.087429999999999730e-02
7.066189999999999971e-02
8.602500000000000424e-02
9.560340000000000504e-02
9.994119999999999393e-02
9.927189999999999626e-02
9.232079999999999453e-02
7.816570000000000462e-02
5.954929999999999946e-02
4.084270000000000261e-02
2.204700000000000062e-02
7.436749999999999784e-03
-3.063839999999999966e-03
-1.169770000000000011e-02
-1.740519999999999914e-02
-2.147260000000000141e-02
-2.528369999999999923e-02
-2.756159999999999860e-02
-2.981429999999999844e-02
-3.193039999999999767e-02
-3.368150000000000310e-02
-3.367789999999999673e-02
-3.416160000000000030e-02
-3.558959999999999901e-02
-3.692200000000000343e-02
-3.686910000000000187e-02
-3.554410000000000208e-02
-3.039089999999999847e-02
-2.280719999999999970e-02
-1.449169999999999972e-02
-7.254970000000000342e-03
1.694170000000000051e-03
1.094499999999999987e-02
1.821450000000000152e-02
2.443170000000000064e-02
2.906819999999999890e-02
3.266480000000000078e-02
3.487749999999999878e-02
3.440739999999999771e-02
3.242010000000000031e-02
3.144199999999999773e-02
3.336619999999999864e-02
3.706630000000000341e-02
4.411709999999999937e-02
5.212950000000000222e-02
5.825240000000000279e-02
6.179749999999999827e-02
6.328570000000000029e-02
6.197769999999999668e-02
5.673299999999999871e-02
5.025779999999999831e-02
4.089480000000000198e-02
3.230940000000000201e-02
2.434800000000000159e-02
1.454390000000000023e-02
2.744990000000000104e-03
-8.469330000000000608e-03
-1.554739999999999941e-02
-1.831930000000000017e-02
-1.733559999999999962e-02
-1.248630000000000052e-02
-3.257030000000000168e-03
8.678939999999999572e-03
1.799929999999999933e-02
2.055049999999999932e-02
1.901709999999999859e-02
1.544180000000000032e-02
1.155300000000000077e-02
8.882799999999999724e-03
6.832460000000000269e-03
5.287820000000000367e-03
9.887260000000001013e-04
-8.307419999999999388e-03
-2.028049999999999992e-02
-3.615739999999999926e-02
-5.035209999999999686e-02
-6.203970000000000318e-02
-7.120079999999999465e-02
-7.510450000000000459e-02
-7.303419999999999357e-02
-6.501070000000000459e-02
-5.210859999999999798e-02
-3.842450000000000032e-02
-2.017740000000000158e-02
-1.108810000000000004e-03
1.737769999999999940e-02
3.463019999999999987e-02
4.848539999999999794e-02
5.518180000000000307e-02
5.791410000000000308e-02
5.873489999999999961e-02
5.499590000000000034e-02
4.787980000000000014e-02
3.989279999999999909e-02
3.319310000000000316e-02
2.573560000000000084e-02
1.649300000000000072e-02
6.546780000000000307e-03
-2.534349999999999884e-03
-1.151330000000000062e-02
-2.132739999999999983e-02
-2.694929999999999895e-02
-2.897390000000000035e-02
-2.440350000000000158e-02
-1.636599999999999860e-02
-3.762890000000000072e-03
1.147680000000000054e-02
2.622560000000000169e-02
3.585390000000000105e-02
4.098700000000000260e-02
4.264079999999999954e-02
4.083719999999999711e-02
3.625590000000000063e-02
2.867609999999999951e-02
1.978500000000000050e-02
8.830670000000000533e-03
-4.649119999999999642e-03
-1.698300000000000157e-02
-2.733620000000000147e-02
-3.402270000000000294e-02
-3.595629999999999660e-02
-3.493929999999999952e-02
-3.179499999999999688e-02
-2.703099999999999947e-02
-2.021070000000000158e-02
-1.419630000000000024e-02
-1.048630000000000048e-02
-7.854629999999999598e-03
-7.393209999999999886e-03
-7.451619999999999945e-03
-8.596609999999999321e-03
-9.778649999999999842e-03
-1.099960000000000000e-02
-1.214349999999999978e-02
-1.317510000000000035e-02
-1.132249999999999923e-02
-6.470769999999999821e-03
9.197959999999999600e-04
8.520760000000000486e-03
1.576330000000000092e-02
2.282899999999999860e-02
2.687650000000000108e-02
2.928379999999999872e-02
3.036619999999999944e-02
3.111409999999999870e-02
3.227130000000000276e-02
3.367839999999999723e-02
3.395089999999999913e-02
3.034169999999999923e-02
2.194559999999999914e-02
1.135569999999999982e-02
4.156879999999999950e-03
-1.586249999999999932e-04
-3.094470000000000207e-03
-4.749080000000000142e-03
-4.703490000000000275e-03
-2.679550000000000161e-03
-8.497570000000000297e-04
8.799600000000000520e-04
-6.715480000000000017e-04
-3.180539999999999930e-03
-7.887460000000000651e-03
-1.400979999999999934e-02
-2.036910000000000109e-02
-2.623210000000000125e-02
-3.221050000000000302e-02
-3.733990000000000226e-02
-4.044439999999999841e-02
-4.013959999999999750e-02
-3.836719999999999714e-02
-3.249230000000000174e-02
-2.710910000000000056e-02
-2.130049999999999999e-02
-1.649799999999999878e-02
-1.225170000000000078e-02
-8.247499999999999623e-03
-3.409940000000000193e-03
1.232170000000000097e-03
4.434579999999999599e-03
5.207179999999999621e-03
4.595540000000000389e-03
1.502749999999999963e-03
-3.638339999999999890e-03
-9.117770000000000735e-03
-1.324829999999999931e-02
-1.614029999999999979e-02
-1.669800000000000104e-02
-1.453939999999999920e-02
-1.116739999999999920e-02
-8.079750000000000126e-03
-5.812590000000000291e-03
-5.383019999999999645e-03
-3.947479999999999739e-03
-2.593849999999999975e-03
-7.065139999999999918e-04
2.187199999999999821e-03
4.230919999999999993e-03
6.724840000000000158e-03
1.002070000000000044e-02
1.426009999999999951e-02
1.704589999999999925e-02
1.725950000000000054e-02
1.588909999999999975e-02
1.416790000000000063e-02
1.278020000000000024e-02
1.149960000000000045e-02
8.492589999999999514e-03
4.401180000000000196e-03
-4.913940000000000322e-04
-6.071469999999999818e-03
-1.129720000000000030e-02
-1.627610000000000168e-02
-2.160290000000000127e-02
-2.679739999999999900e-02
-3.012110000000000135e-02
-3.189539999999999736e-02
-2.960969999999999921e-02
-2.419409999999999963e-02
-1.493039999999999992e-02
-2.240789999999999883e-03
8.350750000000000534e-03
1.865709999999999938e-02
2.802100000000000077e-02
3.422920000000000129e-02
3.693049999999999805e-02
3.695339999999999736e-02
3.261089999999999822e-02
2.383110000000000089e-02
9.789179999999999757e-03
-4.512150000000000362e-03
-1.465630000000000058e-02
-2.329060000000000158e-02
-3.105120000000000102e-02
-3.608469999999999733e-02
-3.729829999999999951e-02
-3.472530000000000061e-02
-2.913479999999999889e-02
-2.196009999999999976e-02
-1.303960000000000015e-02
-2.303519999999999873e-03
9.020179999999999171e-03
2.133410000000000167e-02
3.111399999999999930e-02
3.571499999999999675e-02
3.728220000000000145e-02
3.740079999999999794e-02
3.534600000000000242e-02
3.253579999999999667e-02
2.956560000000000091e-02
2.746360000000000121e-02
2.593880000000000144e-02
2.523720000000000130e-02
2.307549999999999879e-02
1.980490000000000028e-02
1.676839999999999928e-02
1.251290000000000041e-02
8.706790000000000709e-03
6.054519999999999867e-03
5.068060000000000100e-03
5.451619999999999903e-03
7.036970000000000031e-03
9.349110000000000753e-03
9.906859999999999972e-03
7.805799999999999891e-03
3.039829999999999876e-03
-5.636249999999999767e-03
-1.528189999999999930e-02
-2.467940000000000064e-02
-3.376400000000000234e-02
-4.085869999999999780e-02
-4.584950000000000137e-02
-4.780530000000000196e-02
-4.747690000000000243e-02
-4.730809999999999876e-02
-4.684230000000000338e-02
-4.747219999999999912e-02
-4.790049999999999863e-02
-4.588969999999999855e-02
-3.945819999999999883e-02
-2.948500000000000079e-02
-1.465250000000000059e-02
2.693179999999999880e-03
1.952829999999999844e-02
3.393630000000000257e-02
4.459729999999999944e-02
5.033409999999999968e-02
5.142549999999999899e-02
5.042449999999999710e-02
4.776779999999999915e-02
4.331920000000000215e-02
3.717530000000000140e-02
3.000850000000000045e-02
2.130299999999999902e-02
1.021260000000000050e-02
-8.260620000000000202e-05
-7.829209999999999642e-03
-1.300920000000000028e-02
-1.577380000000000101e-02
-1.672360000000000166e-02
-1.592170000000000044e-02
-1.438889999999999961e-02
-1.101479999999999994e-02
-6.064260000000000136e-03
-9.860100000000000548e-04
4.729210000000000184e-03
9.737710000000000116e-03
1.163310000000000038e-02
1.148979999999999967e-02
7.728559999999999770e-03
5.635349999999999908e-04
-7.370520000000000196e-03
-1.353430000000000084e-02
-1.659029999999999880e-02
-1.930010000000000059e-02
-2.152410000000000087e-02
-2.211339999999999834e-02
-2.164690000000000017e-02
-2.113610000000000141e-02
-1.905690000000000162e-02
-1.530549999999999966e-02
-9.874239999999999406e-03
-1.272770000000000108e-03
8.173619999999999497e-03
1.511020000000000071e-02
1.916440000000000157e-02
2.068209999999999840e-02
1.977359999999999882e-02
1.773299999999999876e-02
1.372800000000000062e-02
8.636170000000000305e-03
3.103390000000000142e-03
-3.821279999999999816e-03
-1.208650000000000002e-02
-1.993839999999999849e-02
-2.799060000000000090e-02
-3.465229999999999699e-02
-3.832490000000000202e-02
-3.872810000000000141e-02
-3.697410000000000280e-02
-3.340850000000000070e-02
-2.715709999999999999e-02
-2.056269999999999973e-02
-1.536949999999999948e-02
-1.042979999999999949e-02
-4.735249999999999876e-03
7.800180000000000525e-04
5.021829999999999697e-03
8.166289999999999660e-03
1.209380000000000004e-02
1.672159999999999966e-02
2.136570000000000136e-02
2.734239999999999934e-02
3.197080000000000061e-02
3.559419999999999945e-02
3.778419999999999696e-02
3.879849999999999965e-02
3.781890000000000251e-02
3.540209999999999885e-02
3.136760000000000242e-02
2.612389999999999851e-02
2.052910000000000151e-02
1.432620000000000074e-02
8.717980000000000174e-03
3.370689999999999971e-03
-2.640430000000000034e-03
-7.247690000000000209e-03
-1.252389999999999927e-02
-1.914690000000000142e-02
-2.726069999999999882e-02
-3.463120000000000087e-02
-4.079370000000000218e-02
-4.451139999999999958e-02
-4.569899999999999657e-02
-4.332330000000000209e-02
-3.948429999999999995e-02
-3.171310000000000101e-02
-2.227169999999999844e-02
-1.109019999999999971e-02
-8.839129999999999513e-04
1.039099999999999920e-02
2.246760000000000077e-02
3.110699999999999923e-02
3.648479999999999779e-02
3.855019999999999974e-02
3.878270000000000328e-02
3.755349999999999661e-02
3.443840000000000096e-02
3.002250000000000058e-02
2.521680000000000102e-02
2.010690000000000047e-02
1.571120000000000155e-02
1.136309999999999924e-02
6.333669999999999578e-03
-3.503049999999999740e-04
-4.676129999999999697e-03
-6.303350000000000099e-03
-5.696370000000000079e-03
-4.312189999999999600e-03
-2.970599999999999890e-03
-4.102100000000000017e-03
-6.803130000000000115e-03
-1.000569999999999932e-02
-1.318639999999999916e-02
-1.465100000000000083e-02
-1.332730000000000026e-02
-1.117899999999999970e-02
-8.434540000000000787e-03
-6.420790000000000004e-03
-3.476830000000000198e-03
1.468150000000000097e-03
7.023839999999999945e-03
1.267320000000000078e-02
1.633559999999999873e-02
1.780079999999999857e-02
1.752220000000000166e-02
1.326399999999999975e-02
5.186449999999999567e-03
-2.686560000000000163e-03
-1.151169999999999971e-02
-2.044570000000000068e-02
-2.728519999999999904e-02
-2.946520000000000042e-02
-2.759930000000000022e-02
-1.981799999999999881e-02
-8.158689999999999692e-03
3.798170000000000018e-03
1.387979999999999943e-02
2.449120000000000116e-02
3.336370000000000308e-02
3.894729999999999720e-02
4.201490000000000086e-02
4.163850000000000190e-02
3.600790000000000241e-02
2.771229999999999874e-02
1.556130000000000013e-02
2.323289999999999991e-03
-7.311119999999999945e-03
-1.558780000000000061e-02
-2.138810000000000017e-02
-2.441360000000000058e-02
-2.355749999999999858e-02
-1.930230000000000140e-02
-1.253480000000000046e-02
-4.676450000000000398e-03
3.983300000000000382e-03
1.013700000000000018e-02
1.292790000000000085e-02
1.264840000000000061e-02
1.134059999999999929e-02
9.817680000000000504e-03
8.180649999999999381e-03
6.127529999999999956e-03
3.639509999999999881e-03
1.504670000000000053e-03
-7.347820000000000133e-04
-2.256960000000000129e-03
-1.638990000000000108e-03
8.078150000000000304e-04
4.421429999999999631e-03
1.121409999999999942e-02
1.849730000000000124e-02
2.406250000000000056e-02
2.791839999999999947e-02
2.856349999999999861e-02
2.646849999999999897e-02
2.290220000000000103e-02
1.620819999999999900e-02
7.755869999999999778e-03
-1.729660000000000052e-03
-1.082729999999999977e-02
-1.636409999999999948e-02
-1.779330000000000148e-02
-1.832599999999999854e-02
-1.830340000000000092e-02
-1.823489999999999833e-02
-1.883260000000000142e-02
-1.950429999999999872e-02
-1.951019999999999838e-02
-1.946820000000000148e-02
-1.747649999999999898e-02
-1.226589999999999972e-02
-4.076770000000000393e-03
4.264510000000000002e-03
1.084470000000000052e-02
1.564329999999999887e-02
1.764059999999999934e-02
1.911289999999999864e-02
1.955089999999999953e-02
2.065080000000000041e-02
2.118859999999999841e-02
2.096780000000000171e-02
1.982050000000000131e-02
1.722589999999999885e-02
1.312020000000000026e-02
8.220250000000000126e-03
3.487179999999999881e-03
-1.457369999999999933e-03
-6.003549999999999859e-03
-9.621990000000000404e-03
-1.236010000000000060e-02
-1.424790000000000084e-02
-1.723409999999999873e-02
-2.081289999999999876e-02
-2.329229999999999842e-02
-2.570290000000000075e-02
-2.886270000000000155e-02
-3.155709999999999765e-02
-3.394429999999999670e-02
-3.592759999999999704e-02
-3.606150000000000327e-02
-3.465069999999999956e-02
-3.225299999999999695e-02
-2.838380000000000070e-02
-2.156929999999999958e-02
-1.425189999999999964e-02
-7.066239999999999674e-03
-9.228209999999999929e-04
4.258539999999999895e-03
7.717390000000000187e-03
8.726350000000000773e-03
8.595020000000000091e-03
7.961779999999999899e-03
6.557499999999999961e-03
5.313120000000000169e-03
5.287140000000000069e-03
4.995720000000000369e-03
3.844209999999999815e-03
1.697860000000000038e-03
6.232780000000000048e-04
2.602770000000000018e-04
4.113729999999999796e-04
6.194259999999999610e-04
1.166530000000000041e-03
4.364029999999999646e-03
8.995460000000000261e-03
1.427020000000000025e-02
1.746560000000000126e-02
1.954080000000000053e-02
2.043259999999999868e-02
1.873000000000000012e-02
1.719470000000000026e-02
1.552779999999999959e-02
1.123739999999999982e-02
3.517220000000000155e-03
-5.194749999999999715e-03
-1.333209999999999951e-02
-1.966740000000000155e-02
-2.480749999999999969e-02
-2.721669999999999992e-02
-2.669449999999999948e-02
-2.390269999999999895e-02
-1.915330000000000157e-02
-1.292729999999999921e-02
-6.360379999999999680e-03
-1.049440000000000008e-03
3.720139999999999818e-03
8.623989999999999781e-03
1.365899999999999927e-02
1.742869999999999836e-02
2.067230000000000109e-02
2.170949999999999963e-02
2.105809999999999974e-02
1.842819999999999875e-02
1.259440000000000039e-02
5.226970000000000054e-03
-2.672100000000000170e-03
-1.174299999999999997e-02
-2.041010000000000046e-02
-2.767779999999999893e-02
-3.111840000000000092e-02
-3.148800000000000210e-02
-2.987089999999999884e-02
-2.427539999999999906e-02
-1.277690000000000076e-02
-3.218370000000000020e-04
9.005040000000000613e-03
1.692350000000000104e-02
2.353299999999999836e-02
2.880599999999999827e-02
3.298840000000000106e-02
3.716400000000000259e-02
3.956330000000000263e-02
3.752429999999999655e-02
3.136420000000000180e-02
2.188429999999999889e-02
8.875920000000000684e-03
-3.928769999999999832e-03
-1.729609999999999828e-02
-2.715139999999999915e-02
-3.709880000000000122e-02
-4.510109999999999814e-02
-4.887989999999999696e-02
-4.979829999999999673e-02
-4.819760000000000016e-02
-4.398320000000000007e-02
-3.582350000000000118e-02
-2.760330000000000075e-02
-1.996809999999999904e-02
-1.106850000000000021e-02
-4.205999999999999778e-04
1.123110000000000080e-02
2.293649999999999856e-02
3.099489999999999884e-02
3.622020000000000101e-02
3.824439999999999784e-02
3.649199999999999666e-02
3.101670000000000121e-02
2.343129999999999866e-02
1.322259999999999928e-02
3.484450000000000047e-03
-3.327500000000000163e-03
-7.024719999999999923e-03
-8.430109999999999340e-03
-7.771100000000000403e-03
-3.835569999999999952e-03
2.532579999999999987e-03
6.846500000000000155e-03
9.110590000000000008e-03
8.762340000000000406e-03
7.467510000000000120e-03
7.226849999999999941e-03
6.837049999999999898e-03
4.181990000000000013e-03
1.528749999999999944e-03
-3.129659999999999821e-03
-8.396900000000000544e-03
-1.352579999999999928e-02
-1.741169999999999871e-02
-2.078599999999999892e-02
-2.099869999999999862e-02
-1.867829999999999838e-02
-1.261879999999999946e-02
-5.866599999999999593e-03
2.280569999999999993e-03
8.945949999999999389e-03
1.609529999999999988e-02
2.309589999999999907e-02
2.553800000000000167e-02
2.409079999999999902e-02
1.791039999999999993e-02
6.563549999999999593e-03
-4.988199999999999926e-03
-1.564420000000000047e-02
-2.625960000000000100e-02
-3.389759999999999995e-02
-3.545899999999999747e-02
-3.146079999999999710e-02
-2.367350000000000010e-02
-1.112430000000000016e-02
3.162349999999999970e-03
1.649849999999999928e-02
2.679509999999999878e-02
3.493319999999999759e-02
4.005910000000000026e-02
4.246729999999999949e-02
4.159849999999999659e-02
3.898130000000000345e-02
3.369130000000000041e-02
2.526230000000000142e-02
1.459249999999999957e-02
1.710280000000000003e-03
-9.263439999999999522e-03
-1.769449999999999842e-02
-2.320169999999999871e-02
-2.519849999999999868e-02
-2.496900000000000161e-02
-2.303670000000000023e-02
-2.048739999999999936e-02
-1.754729999999999832e-02
-1.533149999999999964e-02
-1.436959999999999973e-02
-1.421539999999999956e-02
-1.362569999999999927e-02
-1.222469999999999980e-02
-1.008170000000000073e-02
-9.275300000000000211e-03
-9.080950000000000827e-03
-7.014310000000000163e-03
-5.090879999999999884e-03
-3.200129999999999815e-03
-6.185579999999999551e-04
1.508669999999999933e-03
2.382500000000000069e-03
1.080739999999999956e-03
-9.966709999999999719e-04
-5.260530000000000241e-03
-1.026250000000000079e-02
-1.552590000000000046e-02
-2.002800000000000066e-02
-2.309270000000000073e-02
-2.433789999999999912e-02
-2.396819999999999853e-02
-2.346629999999999897e-02
-2.305159999999999848e-02
-2.176049999999999859e-02
-1.973799999999999860e-02
-1.654040000000000024e-02
-1.261250000000000045e-02
-8.405690000000000384e-03
-3.603149999999999843e-03
-5.404500000000000449e-04
1.603269999999999956e-03
4.923539999999999688e-03
7.037650000000000329e-03
9.593920000000000572e-03
1.111299999999999961e-02
9.613210000000000505e-03
8.472640000000000032e-03
7.070420000000000003e-03
4.714649999999999917e-03
2.238200000000000085e-03
-1.190560000000000012e-03
-5.675409999999999656e-03
-9.806900000000000339e-03
-1.199760000000000063e-02
-1.363319999999999983e-02
-1.521109999999999997e-02
-1.642439999999999872e-02
-1.643100000000000116e-02
-1.625340000000000118e-02
-1.627369999999999858e-02
-1.607230000000000117e-02
-1.611939999999999901e-02
-1.498159999999999943e-02
-1.333890000000000076e-02
-1.241360000000000033e-02
-1.213640000000000031e-02
-1.164689999999999996e-02
-1.084859999999999991e-02
-1.096019999999999980e-02
-1.064239999999999978e-02
-9.214319999999999802e-03
-6.457580000000000091e-03
-2.750049999999999977e-03
1.125179999999999930e-03
6.200660000000000199e-03
1.132720000000000081e-02
1.511900000000000049e-02
1.912590000000000123e-02
2.207550000000000137e-02
2.428419999999999884e-02
2.494330000000000158e-02
2.424149999999999916e-02
2.184089999999999990e-02
1.903010000000000118e-02
1.636620000000000089e-02
1.353840000000000078e-02
9.657310000000000547e-03
4.374099999999999690e-03
1.460039999999999906e-03
-2.758679999999999900e-03
-7.614749999999999991e-03
-1.225230000000000069e-02
-1.647619999999999987e-02
-2.002649999999999916e-02
-2.253190000000000054e-02
-2.255650000000000016e-02
-2.194470000000000101e-02
-1.946519999999999848e-02
-1.648909999999999959e-02
-1.290329999999999949e-02
-9.733159999999999382e-03
-5.922740000000000123e-03
-2.005920000000000012e-03
2.226399999999999907e-03
7.045889999999999966e-03
1.229689999999999950e-02
1.614809999999999857e-02
1.906280000000000127e-02
1.925819999999999962e-02
1.955749999999999850e-02
1.964079999999999993e-02
1.921439999999999954e-02
1.872470000000000037e-02
1.834459999999999910e-02
1.814659999999999884e-02
1.758269999999999972e-02
1.523470000000000033e-02
1.329250000000000050e-02
1.063590000000000022e-02
8.045880000000000046e-03
7.879129999999999814e-03
6.295700000000000428e-03
5.402910000000000351e-03
5.354740000000000194e-03
5.444710000000000175e-03
6.343070000000000132e-03
6.592729999999999771e-03
5.657640000000000238e-03
5.015209999999999980e-03
3.107749999999999835e-03
2.012030000000000155e-03
-1.448060000000000091e-04
-2.182659999999999895e-03
-2.215990000000000147e-03
-8.655939999999999663e-05
3.072109999999999858e-03
6.995059999999999993e-03
1.082550000000000005e-02
1.472490000000000084e-02
1.823129999999999890e-02
1.991909999999999861e-02
2.211319999999999952e-02
2.337329999999999963e-02
2.316649999999999959e-02
2.136300000000000004e-02
1.792679999999999968e-02
1.227540000000000055e-02
3.749010000000000103e-03
-4.808950000000000204e-03
-1.309929999999999949e-02
-1.780259999999999829e-02
-1.895909999999999956e-02
-1.856069999999999942e-02
-1.614180000000000129e-02
-1.225880000000000025e-02
-8.566030000000000519e-03
-4.473419999999999654e-03
-7.745109999999999712e-04
1.940440000000000090e-03
5.565859999999999731e-03
8.396650000000000294e-03
9.788490000000000385e-03
1.120209999999999956e-02
1.239099999999999924e-02
1.264069999999999951e-02
1.112619999999999928e-02
9.141230000000000189e-03
5.858610000000000206e-03
1.361419999999999905e-03
-4.428520000000000026e-03
-9.572570000000000731e-03
-1.588180000000000147e-02
-2.115030000000000035e-02
-2.525979999999999892e-02
-2.795450000000000018e-02
-2.852060000000000012e-02
-2.811670000000000141e-02
-2.599910000000000068e-02
-2.089900000000000091e-02
-1.511350000000000020e-02
-6.555280000000000135e-03
-1.921450000000000111e-04
5.977780000000000246e-03
1.184849999999999966e-02
1.677820000000000006e-02
2.154999999999999971e-02
2.532560000000000019e-02
2.602259999999999990e-02
2.512220000000000078e-02
2.152219999999999828e-02
1.700580000000000147e-02
1.254609999999999927e-02
8.936380000000000712e-03
5.947489999999999721e-03
2.077589999999999819e-03
-1.925099999999999902e-03
-5.994290000000000208e-03
-9.471149999999999361e-03
-1.163589999999999937e-02
-1.199150000000000042e-02
-9.883380000000000637e-03
-6.297030000000000335e-03
-2.194409999999999937e-03
1.788539999999999922e-03
4.238750000000000330e-03
6.718019999999999894e-03
9.225229999999999195e-03
1.055769999999999972e-02
1.326689999999999987e-02
1.446850000000000046e-02
1.543749999999999983e-02
1.700060000000000113e-02
1.723910000000000026e-02
1.566199999999999884e-02
1.358690000000000071e-02
1.044340000000000025e-02
7.093959999999999849e-03
4.348519999999999816e-03
1.344350000000000015e-03
-1.168109999999999982e-03
-4.475749999999999694e-03
-9.297969999999999152e-03
-1.453029999999999947e-02
-1.771659999999999902e-02
-1.922969999999999888e-02
-1.985910000000000106e-02
-1.850500000000000062e-02
-1.604070000000000148e-02
-1.157530000000000017e-02
-5.869179999999999883e-03
3.973240000000000062e-04
5.197900000000000090e-03
8.437000000000000055e-03
1.144960000000000075e-02
1.395689999999999951e-02
1.676920000000000147e-02
1.932309999999999930e-02
2.120299999999999963e-02
2.333390000000000117e-02
2.413730000000000042e-02
2.229010000000000019e-02
1.836300000000000085e-02
1.382809999999999942e-02
9.631670000000000162e-03
4.402050000000000234e-03
-2.376689999999999879e-03
-9.540079999999999394e-03
-1.549219999999999937e-02
-2.008029999999999884e-02
-2.122160000000000019e-02
-2.246650000000000036e-02
-2.348190000000000000e-02
-2.342460000000000028e-02
-2.261600000000000069e-02
-2.092279999999999834e-02
-1.851550000000000071e-02
-1.424729999999999920e-02
-9.313029999999999919e-03
-4.781320000000000361e-03
3.402909999999999984e-04
3.130770000000000167e-03
5.189100000000000310e-03
6.646489999999999690e-03
6.690360000000000230e-03
6.613370000000000359e-03
8.399850000000000372e-03
1.036549999999999971e-02
1.117719999999999998e-02
1.163939999999999940e-02
1.140620000000000002e-02
1.043670000000000014e-02
7.502810000000000382e-03
2.870979999999999973e-03
-1.008970000000000092e-03
-3.933439999999999853e-03
-5.874660000000000298e-03
-6.123380000000000316e-03
-6.788780000000000335e-03
-7.453379999999999901e-03
-7.465949999999999843e-03
-6.949259999999999639e-03
-6.158489999999999971e-03
-6.349569999999999693e-03
-5.436479999999999611e-03
-4.199129999999999703e-03
-2.536249999999999876e-03
-1.797540000000000032e-03
-1.788040000000000072e-03
-2.504510000000000156e-03
-3.728280000000000049e-03
-4.383409999999999911e-03
-5.737120000000000067e-03
-8.029180000000000345e-03
-8.712809999999999652e-03
-1.045470000000000080e-02
-1.154179999999999963e-02
-1.132030000000000015e-02
-1.096659999999999996e-02
-9.532290000000000554e-03
-7.069309999999999657e-03
-3.119359999999999841e-03
2.757330000000000111e-03
8.595280000000000281e-03
1.386330000000000028e-02
1.901850000000000068e-02
2.136889999999999970e-02
2.249790000000000123e-02
2.239330000000000140e-02
2.064140000000000072e-02
1.777770000000000045e-02
1.334899999999999975e-02
8.814699999999999966e-03
3.593779999999999978e-03
-2.211279999999999930e-03
-7.280359999999999610e-03
-1.059930000000000073e-02
-1.295939999999999939e-02
-1.473769999999999941e-02
-1.707320000000000018e-02
-1.760590000000000072e-02
-1.540569999999999960e-02
-1.335120000000000057e-02
-1.135569999999999982e-02
-7.135439999999999838e-03
-2.783149999999999860e-03
4.488280000000000199e-04
2.697329999999999953e-03
4.607120000000000139e-03
5.056500000000000231e-03
5.969580000000000372e-03
8.972890000000000726e-03
1.228360000000000042e-02
1.337739999999999936e-02
1.503540000000000085e-02
1.717429999999999998e-02
1.700760000000000119e-02
1.663419999999999829e-02
1.639519999999999866e-02
1.600889999999999952e-02
1.572000000000000133e-02
1.551199999999999975e-02
1.544829999999999988e-02
1.347940000000000076e-02
1.040160000000000043e-02
7.215159999999999976e-03
4.954019999999999951e-03
2.118790000000000170e-03
4.537020000000000007e-04
-1.800729999999999952e-03
-3.418469999999999842e-03
-3.361589999999999804e-03
-3.468070000000000180e-03
-3.462320000000000068e-03
-3.525749999999999804e-03
-3.511639999999999900e-03
-3.480549999999999790e-03
-3.238019999999999874e-03
-2.025560000000000034e-03
-4.842900000000000134e-04
4.570919999999999801e-04
1.092120000000000027e-03
2.002589999999999839e-03
2.764679999999999829e-03
2.887400000000000036e-03
2.113519999999999809e-03
2.291679999999999932e-03
2.915539999999999885e-03
3.341269999999999917e-03
3.324500000000000198e-03
4.569710000000000265e-03
7.341559999999999579e-03
9.781619999999999551e-03
1.221430000000000085e-02
1.404610000000000060e-02
1.575549999999999867e-02
1.666350000000000123e-02
1.770269999999999830e-02
1.727930000000000091e-02
1.578270000000000020e-02
1.353730000000000037e-02
1.078310000000000032e-02
8.100599999999999468e-03
5.041310000000000235e-03
1.806569999999999964e-03
2.535510000000000259e-04
-1.391670000000000016e-03
-2.318929999999999863e-03
-1.251869999999999979e-03
1.175080000000000005e-04
2.397470000000000070e-03
3.489330000000000123e-03
4.528980000000000158e-03
4.681270000000000396e-03
4.291490000000000235e-03
3.176379999999999915e-03
1.687209999999999968e-03
-5.590760000000000391e-04
-3.767869999999999987e-03
-7.185719999999999608e-03
-9.643310000000000423e-03
-1.123460000000000084e-02
-1.219680000000000070e-02
-1.196290000000000027e-02
-1.136200000000000057e-02
-9.726449999999999332e-03
-7.116879999999999908e-03
-4.817499999999999734e-03
-3.266230000000000175e-03
-2.106289999999999812e-03
-1.927820000000000011e-03
-9.406770000000000062e-04
-9.753510000000000066e-05
4.552329999999999832e-05
3.273030000000000069e-05
-2.697660000000000054e-04
-1.104659999999999930e-03
-2.475750000000000086e-03
-4.600619999999999710e-03
-6.801390000000000040e-03
-8.603410000000000571e-03
-9.370389999999999275e-03
-1.034739999999999965e-02
-1.091430000000000004e-02
-1.056209999999999961e-02
-1.031720000000000033e-02
-9.905119999999999897e-03
-9.155780000000000515e-03
-8.735319999999999543e-03
-8.500900000000000470e-03
-8.519409999999999830e-03
-8.059979999999999575e-03
-7.356409999999999859e-03
-7.652349999999999604e-03
-8.327589999999999298e-03
-8.690190000000000414e-03
-9.563459999999999323e-03
-1.011729999999999921e-02
-1.054779999999999954e-02
-1.018059999999999972e-02
-8.954169999999999144e-03
-7.881169999999999842e-03
-6.280370000000000397e-03
-4.578930000000000153e-03
-3.796750000000000212e-03
-3.620760000000000211e-03
-3.166899999999999837e-03
-2.943190000000000042e-03
-2.854059999999999844e-03
-2.722179999999999826e-03
-2.611699999999999786e-03
-2.261930000000000104e-03
-1.642400000000000023e-03
-1.340190000000000001e-03
-9.288880000000000010e-04
-7.393789999999999694e-04
-3.407020000000000187e-04
-1.217889999999999956e-04
5.117179999999999684e-05
4.338689999999999756e-04
8.450919999999999786e-04
8.562729999999999517e-04
6.736980000000000269e-04
5.448539999999999980e-04
-2.787909999999999876e-05
-6.905249999999999930e-04
-1.567269999999999948e-03
-2.194329999999999978e-03
-2.737970000000000161e-03
-3.070970000000000123e-03
-2.976939999999999968e-03
-2.793209999999999964e-03
-2.505330000000000057e-03
-2.199650000000000043e-03
-1.910449999999999952e-03
-1.638120000000000071e-03
-1.435979999999999895e-03
-1.290130000000000009e-03
-1.110340000000000025e-03
-9.186039999999999484e-04
-7.611869999999999747e-04
-4.519430000000000062e-04
-2.865729999999999818e-04
-3.074320000000000069e-04
-3.056670000000000264e-04
-1.830780000000000113e-04
-5.676060000000000336e-06
1.548789999999999922e-04
2.678250000000000183e-04
3.949350000000000126e-04
6.560819999999999977e-04
8.333530000000000017e-04
9.723689999999999460e-04
1.035949999999999892e-03
1.054699999999999995e-03
1.040799999999999928e-03
9.510879999999999985e-04
8.799359999999999994e-04
8.272489999999999531e-04
7.881910000000000435e-04
7.325629999999999859e-04
7.569159999999999474e-04
7.998019999999999565e-04
8.362320000000000126e-04
8.938309999999999875e-04
9.531669999999999900e-04
9.835519999999999506e-04
1.006970000000000044e-03
1.021479999999999957e-03
1.020819999999999974e-03
1.014300000000000097e-03
1.030649999999999926e-03
1.044479999999999974e-03
1.059730000000000047e-03
1.067720000000000084e-03
1.071279999999999975e-03
1.072899999999999895e-03
1.085500000000000093e-03
1.089789999999999986e-03
1.094899999999999997e-03
1.103349999999999904e-03
1.117699999999999900e-03
1.113019999999999938e-03
1.110129999999999971e-03
1.100169999999999924e-03
1.084300000000000064e-03
1.064889999999999977e-03
1.047760000000000011e-03
1.025770000000000067e-03
1.003919999999999943e-03
9.818970000000000215e-04
9.597310000000000172e-04
9.352629999999999798e-04
9.113100000000000280e-04
8.867319999999999933e-04
8.639719999999999605e-04
8.403590000000000495e-04
8.168939999999999752e-04
7.931369999999999653e-04
7.687819999999999723e-04
7.435080000000000378e-04
7.176539999999999699e-04
6.908850000000000234e-04
6.632749999999999540e-04
6.348799999999999930e-04
6.057770000000000515e-04
5.759489999999999705e-04
5.455450000000000360e-04
5.145250000000000518e-04
4.829640000000000061e-04
4.508520000000000127e-04
4.182300000000000123e-04
3.851060000000000225e-04
3.515020000000000102e-04
