-1.925689999999999921e-04
1.246399999999999939e-02
1.086280000000000015e-03
7.963579999999999617e-03
1.701260000000000012e-03
4.687320000000000028e-03
-4.190199999999999828e-03
-1.763030000000000066e-03
-2.526729999999999948e-02
-1.881410000000000027e-02
-1.228609999999999989e-03
9.094510000000000094e-03
1.287179999999999965e-03
1.168280000000000013e-02
1.565240000000000034e-02
-1.600649999999999989e-02
2.932929999999999912e-02
5.386789999999999808e-03
4.543199999999999843e-03
-2.050799999999999845e-02
1.058459999999999956e-02
-2.125259999999999996e-02
-1.649520000000000153e-02
6.486500000000000078e-03
-5.970620000000000267e-03
-2.011069999999999872e-02
-4.355010000000000131e-02
3.329290000000000027e-02
2.786160000000000025e-02
-1.352930000000000018e-03
-5.773959999999999856e-04
8.520349999999999452e-03
-6.949630000000000477e-04
-1.041820000000000072e-02
1.273930000000000028e-02
9.812370000000000380e-04
2.047649999999999818e-03
-1.519430000000000054e-04
-4.943330000000000120e-03
1.504109999999999996e-02
9.685730000000000034e-03
9.137640000000000692e-03
-3.386249999999999937e-03
-2.523619999999999856e-03
-2.780930000000000034e-03
1.467140000000000024e-03
-1.958990000000000037e-02
-1.500519999999999979e-02
-1.500229999999999966e-02
-1.964039999999999883e-02
1.576680000000000095e-02
-9.083529999999999383e-03
-1.613089999999999967e-03
1.398779999999999989e-02
1.353090000000000022e-02
1.883530000000000013e-03
-3.408980000000000343e-02
2.264170000000000071e-02
-1.158529999999999976e-02
1.798319999999999953e-03
-7.258070000000000147e-03
5.635049999999999521e-04
-1.365300000000000021e-02
-6.059010000000000090e-02
3.947629999999999889e-02
1.415609999999999959e-02
1.114749999999999942e-02
-3.616790000000000282e-02
-6.131570000000000249e-03
2.513079999999999828e-02
6.460190000000000203e-03
-1.339160000000000003e-02
-7.859629999999999395e-03
-3.062959999999999988e-02
2.559639999999999832e-02
3.483409999999999979e-02
-1.974450000000000163e-02
-5.135380000000000153e-03
2.568250000000000047e-02
2.841949999999999988e-04
2.690999999999999989e-02
8.167169999999999638e-03
-1.258090000000000076e-02
1.562490000000000059e-02
-3.249590000000000117e-02
3.673239999999999839e-02
-5.553950000000000206e-03
1.305579999999999935e-02
-4.126029999999999975e-02
-9.745199999999999869e-04
6.500979999999999953e-03
-3.594019999999999854e-02
-1.741710000000000133e-02
-4.559049999999999908e-02
4.793530000000000013e-02
-4.217219999999999823e-03
-1.932230000000000059e-02
1.534139999999999983e-02
1.294350000000000014e-02
1.600980000000000111e-02
-1.778580000000000091e-02
3.908219999999999793e-04
-2.831989999999999855e-02
-2.704470000000000051e-03
8.451510000000000619e-03
-1.607520000000000129e-02
2.854599999999999846e-02
-9.465990000000000515e-03
9.303350000000000161e-03
-1.116980000000000056e-02
2.348680000000000125e-03
-2.519400000000000198e-03
-4.269989999999999897e-02
-1.694340000000000082e-02
-1.928900000000000059e-02
1.073110000000000036e-02
1.918539999999999829e-02
-3.197000000000000189e-03
-4.129649999999999987e-02
-3.258140000000000081e-03
2.274730000000000155e-02
2.303660000000000083e-02
-1.676409999999999923e-03
-4.733740000000000170e-03
1.290980000000000079e-02
1.557910000000000024e-03
2.055919999999999970e-02
1.574590000000000061e-03
5.552289999999999656e-03
-2.551000000000000142e-02
-2.403129999999999850e-02
1.795779999999999946e-02
-9.637539999999999996e-03
-7.443729999999999965e-03
-5.698700000000000120e-03
1.770199999999999899e-02
-2.301399999999999887e-03
4.700760000000000008e-03
-8.682779999999999318e-03
-1.647159999999999944e-02
2.674270000000000119e-02
8.914019999999999930e-03
1.495540000000000064e-02
2.539920000000000025e-02
1.259919999999999964e-02
1.601210000000000133e-02
1.019100000000000041e-02
3.420179999999999748e-02
-4.112389999999999622e-03
-8.832879999999999551e-03
-2.174900000000000097e-02
-5.013349999999999751e-02
-3.732629999999999976e-02
-5.393169999999999908e-02
-4.019120000000000331e-02
-5.763610000000000261e-02
-2.356279999999999833e-02
-1.838199999999999903e-02
-2.433650000000000049e-02
-2.006490000000000096e-03
6.597169999999999424e-02
1.299420000000000019e-01
2.023409999999999931e-01
2.121580000000000132e-01
2.507530000000000037e-01
3.256049999999999778e-01
3.315750000000000086e-01
3.246379999999999821e-01
3.532029999999999892e-01
3.251109999999999833e-01
1.893700000000000105e-01
-7.473680000000000601e-02
-2.894849999999999923e-01
-2.703519999999999812e-01
-2.716609999999999858e-01
-3.430170000000000163e-01
-3.599649999999999794e-01
-4.153249999999999997e-01
-3.856160000000000143e-01
-3.061519999999999797e-01
-2.460070000000000034e-01
-2.471140000000000003e-01
-4.628870000000000207e-02
3.399969999999999937e-01
2.595899999999999874e-01
2.305300000000000127e-01
2.313250000000000028e-01
1.687960000000000016e-01
1.845310000000000006e-01
1.575229999999999964e-01
-7.875859999999999805e-02
-1.748029999999999862e-01
1.673209999999999975e-02
-7.148909999999999987e-02
-1.510209999999999886e-01
-7.834820000000000673e-02
-5.786379999999999996e-02
-4.930930000000000035e-02
1.036349999999999945e-02
-1.263680000000000012e-02
-1.098289999999999961e-01
-1.297389999999999932e-01
-1.656380000000000075e-01
-9.761899999999999744e-02
-6.289839999999999320e-02
-9.668210000000000692e-02
2.917760000000000145e-02
1.116150000000000059e-01
1.382470000000000088e-01
1.267699999999999938e-01
1.332139999999999991e-01
1.402110000000000023e-01
1.468839999999999868e-01
1.454890000000000072e-01
1.333650000000000113e-01
1.449749999999999928e-01
1.015999999999999959e-01
-6.753099999999999381e-02
-1.369299999999999962e-01
-9.490690000000000237e-02
-8.183970000000000133e-02
-6.493319999999999648e-02
-1.053469999999999962e-01
-5.469450000000000006e-02
-4.892130000000000090e-02
-6.882560000000000067e-02
-5.637339999999999712e-02
-8.931429999999999925e-02
-8.663780000000000092e-02
2.177810000000000162e-02
7.569230000000000402e-02
7.773539999999999617e-02
4.976300000000000168e-02
6.782269999999999965e-03
-2.850529999999999991e-03
-5.257850000000000024e-02
-4.868809999999999805e-02
-4.435299999999999659e-02
-2.240970000000000115e-02
-2.483919999999999878e-02
-1.328350000000000017e-02
2.563069999999999932e-02
4.564780000000000053e-03
-7.150789999999999751e-03
3.473770000000000330e-02
2.196849999999999845e-02
3.761660000000000004e-03
4.311240000000000211e-02
2.158960000000000046e-02
1.418660000000000060e-02
-3.176520000000000038e-02
-1.047939999999999983e-01
-1.066379999999999967e-01
-6.516139999999999433e-02
1.948249999999999982e-02
2.196949999999999945e-02
7.695869999999999621e-03
-1.066079999999999979e-02
1.428049999999999979e-02
-1.330210000000000073e-02
-2.782259999999999942e-02
-1.619330000000000075e-02
-8.161520000000000233e-03
4.985839999999999717e-02
1.620380000000000084e-02
1.786360000000000031e-02
6.844880000000000235e-03
8.260939999999999603e-03
-1.733729999999999950e-03
1.318429999999999993e-03
-6.328190000000000030e-03
-2.572620000000000115e-02
9.031640000000000501e-03
1.990520000000000136e-02
-9.487819999999999240e-03
8.768490000000000312e-03
3.060910000000000020e-02
1.325920000000000050e-02
-6.108149999999999691e-03
1.652140000000000076e-04
-2.605749999999999993e-03
-1.291040000000000069e-02
-7.273100000000000398e-02
-3.379010000000000347e-02
-1.689130000000000145e-02
-1.572609999999999980e-02
3.854640000000000150e-02
3.944650000000000239e-02
4.717849999999999822e-02
4.276939999999999908e-02
6.959179999999999533e-02
3.055269999999999861e-02
5.677329999999999877e-02
-8.206090000000000302e-04
-1.585090000000000110e-02
-7.720040000000000062e-03
-2.439349999999999852e-02
3.816250000000000198e-02
2.003239999999999882e-02
3.331119999999999914e-02
3.802710000000000118e-02
3.400679999999999675e-02
2.594820000000000113e-02
2.295700000000000171e-02
2.803910000000000083e-02
2.133919999999999914e-02
2.500039999999999901e-02
2.705209999999999906e-02
3.600520000000000109e-02
1.948269999999999863e-02
5.494849999999999908e-03
3.529670000000000030e-02
3.458420000000000244e-02
3.700509999999999911e-02
1.876799999999999996e-02
-4.371200000000000432e-03
1.044480000000000061e-02
1.257510000000000051e-02
2.114860000000000004e-02
8.593979999999999328e-03
-3.226300000000000088e-03
-7.648509999999999857e-03
-2.067579999999999852e-03
2.685090000000000046e-02
3.287459999999999688e-02
6.324150000000000604e-02
5.431699999999999723e-02
2.732829999999999981e-02
3.444330000000000308e-02
2.547189999999999871e-02
3.285520000000000107e-02
3.424089999999999773e-02
1.094359999999999951e-02
-6.699820000000000428e-03
-5.646649999999999586e-03
-1.279429999999999977e-02
2.751769999999999911e-02
1.525370000000000024e-02
-3.459820000000000256e-02
-4.551890000000000103e-02
-2.525399999999999867e-02
2.631160000000000096e-02
6.237319999999999670e-02
-1.485649999999999991e-02
-7.760949999999999793e-02
-4.092459999999999848e-02
-5.597930000000000267e-02
-7.418569999999999331e-02
-7.079169999999999907e-02
-4.876319999999999960e-02
-8.534799999999999331e-02
-1.140649999999999997e-01
-6.759080000000000643e-02
-8.991799999999999793e-02
-1.157320000000000015e-01
-9.217119999999999480e-02
-5.845659999999999745e-02
-2.529170000000000029e-02
-1.840819999999999956e-02
1.182610000000000085e-02
3.277340000000000114e-02
7.130849999999999689e-02
6.249110000000000081e-02
5.806789999999999868e-02
5.776250000000000134e-02
8.777520000000000461e-03
8.047240000000000426e-04
2.829959999999999854e-03
3.942709999999999965e-02
3.828220000000000234e-02
-6.365759999999999821e-03
-1.644999999999999934e-02
-1.106589999999999961e-03
3.445730000000000320e-02
5.512299999999999839e-02
4.954209999999999864e-02
2.097550000000000109e-02
-1.923949999999999966e-02
-3.665550000000000058e-02
-3.998630000000000240e-02
-4.964919999999999750e-02
-3.554720000000000102e-02
-2.956440000000000110e-02
-2.126209999999999906e-02
-3.146770000000000123e-02
-8.527210000000000345e-02
-9.684450000000000003e-02
-1.089999999999999997e-01
-1.133959999999999968e-01
-8.997330000000000605e-02
-7.475030000000000563e-02
2.345910000000000096e-03
6.355560000000000376e-02
6.265039999999999498e-02
8.450030000000000041e-02
7.103779999999999817e-02
5.293839999999999657e-02
4.060529999999999695e-03
-3.352600000000000025e-02
5.583379999999999767e-03
2.509849999999999928e-02
2.356089999999999920e-02
2.177120000000000097e-02
-8.273739999999999697e-04
-2.198069999999999885e-02
-3.043289999999999884e-02
-3.915749999999999786e-02
-5.297600000000000225e-02
-6.597949999999999648e-02
-4.061059999999999670e-02
5.912109999999999935e-03
1.541189999999999921e-02
1.275109999999999959e-02
2.046890000000000168e-02
1.655459999999999918e-02
-1.173249999999999987e-02
1.383090000000000014e-03
2.178559999999999872e-02
1.534680000000000072e-02
-2.880150000000000158e-03
2.191749999999999948e-02
3.933140000000000247e-02
5.012760000000000132e-02
3.658240000000000103e-02
1.773220000000000005e-02
2.177670000000000040e-03
1.508209999999999933e-02
6.051639999999999797e-02
4.709270000000000123e-02
3.794669999999999987e-02
3.550629999999999759e-02
1.195799999999999988e-02
-2.548019999999999799e-03
-9.856919999999999918e-03
-3.490769999999999984e-02
-1.577720000000000164e-02
1.061169999999999995e-02
3.460350000000000231e-02
2.175090000000000010e-02
2.331489999999999865e-03
2.119729999999999791e-03
-2.609610000000000055e-03
-1.162599999999999918e-02
-7.299800000000000386e-03
8.391249999999999404e-03
2.414429999999999962e-03
-1.660609999999999864e-02
1.410439999999999958e-02
3.444660000000000083e-02
2.096869999999999984e-02
3.834109999999999949e-03
1.289099999999999968e-02
2.458569999999999853e-02
1.953910000000000022e-02
8.599970000000000184e-03
-6.928160000000000047e-03
-7.188929999999999626e-03
-2.473120000000000093e-03
1.373599999999999995e-02
7.910139999999999533e-03
6.670149999999999690e-03
-2.292259999999999957e-03
-4.477789999999999722e-03
-2.125749999999999862e-02
-1.364390000000000047e-02
-2.254309999999999994e-02
-2.056909999999999988e-02
-3.415619999999999767e-02
-2.433839999999999962e-02
3.410020000000000152e-03
7.634140000000000197e-03
3.315379999999999716e-02
1.773989999999999942e-02
2.164270000000000083e-02
4.094880000000000395e-03
-1.076930000000000075e-02
-1.175329999999999951e-02
-1.371960000000000020e-02
-2.043459999999999981e-04
-8.650700000000000750e-03
-2.172170000000000004e-02
-2.105339999999999989e-02
-1.530749999999999993e-02
-8.930179999999999368e-03
-6.374839999999999673e-03
-1.115529999999999994e-02
-1.302269999999999990e-02
-6.841279999999999931e-03
-3.886109999999999912e-03
8.918169999999999570e-03
1.177639999999999937e-02
1.854439999999999908e-02
2.593449999999999922e-02
1.433830000000000000e-02
3.537719999999999840e-03
8.008579999999999519e-03
1.620960000000000109e-02
2.593950000000000075e-02
2.621209999999999860e-02
2.207109999999999975e-02
1.955490000000000006e-02
5.521919999999999606e-03
1.552259999999999968e-03
-2.383230000000000071e-02
-2.830080000000000096e-02
-2.272530000000000036e-02
-1.307189999999999915e-02
-8.660199999999999843e-03
-1.334190000000000029e-02
6.332049999999999658e-03
1.130369999999999986e-02
1.705609999999999982e-03
-6.395099999999999917e-03
-2.604650000000000021e-03
2.736189999999999890e-03
1.319529999999999965e-03
1.225809999999999921e-03
5.376299999999999656e-03
9.461499999999999425e-03
1.710860000000000158e-02
7.760350000000000061e-03
1.229330000000000006e-02
-3.928670000000000426e-03
-1.281479999999999946e-02
-8.520540000000000058e-03
-8.432739999999999334e-03
6.281850000000000281e-03
5.138189999999999945e-04
-4.387209999999999895e-03
-2.889800000000000094e-03
-6.349579999999999634e-03
-1.917859999999999964e-04
6.366860000000000228e-03
3.443589999999999846e-03
-1.396270000000000020e-03
-4.713280000000000247e-03
-8.940129999999999258e-03
-7.277500000000000115e-03
3.146920000000000099e-03
1.328280000000000042e-03
9.356720000000000662e-03
1.706279999999999950e-02
1.351019999999999999e-02
-2.822619999999999752e-04
-1.819400000000000097e-03
1.435370000000000049e-02
1.019310000000000008e-02
9.240430000000000865e-03
2.733830000000000027e-03
-4.198119999999999630e-03
-1.517579999999999927e-03
-1.505100000000000014e-02
1.032350000000000021e-03
-2.033810000000000045e-03
-2.664210000000000189e-03
-5.054119999999999620e-03
-1.775489999999999902e-04
5.714930000000000010e-03
-1.284399999999999951e-02
2.807809999999999993e-03
-7.512620000000000235e-03
-6.662010000000000327e-03
-9.519100000000000825e-03
-6.874319999999999736e-03
-5.633069999999999571e-03
-4.781449999999999589e-03
3.926200000000000349e-03
-3.762079999999999732e-05
-4.895810000000000006e-04
6.098499999999999754e-03
3.031250000000000090e-03
-7.610519999999999959e-03
8.393160000000000204e-03
1.140000000000000041e-02
1.910500000000000045e-02
8.457050000000000678e-03
-4.558389999999999838e-04
2.369430000000000060e-03
1.485410000000000029e-02
5.344480000000000411e-03
-2.774860000000000087e-03
-9.446829999999999811e-03
-4.794770000000000282e-03
7.940799999999999595e-03
7.599950000000000282e-03
1.859950000000000145e-02
6.498020000000000185e-03
7.253670000000000256e-03
-5.670930000000000241e-03
-1.875889999999999958e-04
5.422230000000000105e-03
2.548700000000000097e-03
-2.543329999999999896e-03
-9.573369999999999450e-03
-5.402780000000000256e-03
1.393270000000000055e-03
-4.588209999999999684e-03
-8.271640000000000242e-03
2.595230000000000019e-03
1.664770000000000095e-03
4.267589999999999925e-03
-5.021770000000000053e-03
-6.667260000000000374e-03
-7.315190000000000060e-03
-9.930700000000000638e-03
-3.516150000000000005e-03
-6.169410000000000172e-03
-5.583160000000000206e-03
1.353620000000000040e-03
1.672630000000000037e-03
-5.005569999999999985e-03
-4.471339999999999863e-03
-4.061559999999999650e-03
-5.510219999999999702e-03
5.105669999999999653e-03
7.115820000000000131e-03
4.661690000000000018e-04
-1.543499999999999950e-03
-1.472379999999999913e-03
-3.312839999999999947e-04
-3.829149999999999915e-03
-4.984070000000000167e-03
-1.597960000000000049e-03
5.070219999999999849e-04
6.831860000000000146e-04
-2.567849999999999994e-03
-3.322949999999999862e-03
-1.090480000000000008e-03
-5.183029999999999929e-03
-1.282930000000000008e-02
-1.192990000000000023e-02
-1.135090000000000057e-02
-1.281999999999999980e-02
-7.277640000000000151e-03
-5.292029999999999651e-03
-9.850730000000000250e-03
-8.083399999999999266e-03
-3.067369999999999819e-03
-1.209239999999999962e-04
-2.375459999999999811e-03
-3.657940000000000150e-03
-5.056699999999999910e-03
-3.311820000000000042e-03
-2.167730000000000091e-03
-3.448169999999999968e-03
-7.108460000000000039e-04
-2.042579999999999949e-04
-3.440050000000000052e-03
-8.373690000000000256e-04
3.046720000000000266e-04
-6.564369999999999927e-03
-7.926429999999999934e-03
-8.679559999999999359e-03
-4.360219999999999721e-03
4.467510000000000057e-03
2.292499999999999833e-03
5.872320000000000317e-03
4.873370000000000132e-03
3.756090000000000123e-03
5.958920000000000362e-03
1.015480000000000028e-02
6.657869999999999761e-03
7.961050000000000765e-03
1.157960000000000066e-02
1.346319999999999982e-02
9.312410000000000132e-03
9.264079999999999190e-03
1.029290000000000066e-02
1.055969999999999999e-02
8.323489999999999361e-03
5.388549999999999764e-03
5.296350000000000016e-03
-1.821600000000000042e-03
-1.402779999999999956e-03
-2.765899999999999956e-03
-2.781599999999999958e-03
1.736590000000000095e-03
2.752109999999999886e-03
-2.146330000000000113e-03
-6.694920000000000038e-03
-8.141690000000000038e-03
-4.678169999999999724e-03
-7.495410000000000527e-04
-5.039049999999999779e-03
-3.403380000000000120e-03
1.593189999999999971e-03
3.418580000000000056e-03
-1.171529999999999946e-04
-1.039920000000000080e-02
-1.427250000000000046e-02
-1.289700000000000048e-02
-1.264340000000000082e-02
-1.648720000000000047e-02
-9.921829999999999539e-03
-1.042709999999999991e-02
-5.285739999999999710e-03
-7.039540000000000380e-03
-6.962430000000000355e-03
-9.703589999999999785e-03
-6.485900000000000172e-03
-2.242099999999999909e-03
2.728959999999999893e-03
1.051930000000000053e-02
3.461510000000000108e-03
-2.680210000000000144e-04
1.283999999999999985e-03
3.380709999999999878e-03
5.272400000000000003e-03
8.722640000000000254e-03
4.782989999999999985e-03
3.524919999999999963e-03
5.731779999999999688e-03
1.065289999999999987e-02
7.672019999999999881e-03
1.437300000000000036e-02
1.250090000000000055e-02
1.066139999999999970e-02
6.229120000000000316e-03
7.680179999999999993e-03
6.624070000000000132e-03
2.335589999999999802e-03
3.408220000000000000e-03
3.539399999999999838e-03
6.560240000000000168e-03
-4.751040000000000102e-04
2.775239999999999999e-03
4.503740000000000000e-03
8.933200000000000515e-03
9.875290000000000110e-03
1.262070000000000032e-02
5.974020000000000025e-03
6.069270000000000253e-05
-2.231640000000000013e-03
-5.052319999999999901e-03
-7.890350000000000835e-03
-1.226250000000000083e-02
-8.251170000000000379e-03
-2.697649999999999788e-03
-4.998129999999999934e-03
-7.924880000000000466e-03
-4.657180000000000347e-03
7.790540000000000529e-04
6.592690000000000008e-03
2.520479999999999856e-03
3.666599999999999894e-03
2.340239999999999942e-03
-7.996820000000000187e-04
-8.081979999999999893e-04
-1.782649999999999990e-03
2.181740000000000155e-03
-2.030189999999999859e-03
-8.208140000000000054e-04
-9.027560000000000012e-04
4.953250000000000187e-04
1.652690000000000062e-03
1.781900000000000107e-03
-2.584330000000000242e-04
4.169059999999999606e-03
6.200579999999999807e-03
1.472559999999999928e-03
5.022219999999999766e-04
5.641290000000000193e-04
1.909200000000000003e-03
1.242830000000000107e-03
9.814129999999999902e-04
3.670750000000000185e-04
-8.609969999999999830e-05
-2.289590000000000201e-03
5.977439999999999880e-04
1.884409999999999937e-04
4.454819999999999960e-03
3.625290000000000196e-03
6.477959999999999621e-03
5.353649999999999728e-03
4.399690000000000371e-03
3.369239999999999909e-03
-2.615360000000000167e-03
6.565569999999999956e-04
-1.951830000000000101e-03
-2.901679999999999798e-03
3.824829999999999766e-04
2.139709999999999963e-03
-1.421329999999999946e-03
-8.569709999999999481e-03
-3.540300000000000131e-03
-5.180670000000000067e-03
-2.185710000000000051e-04
-4.096810000000000208e-03
-7.470140000000000113e-03
-4.082910000000000358e-03
-6.190410000000000357e-03
5.355819999999999852e-03
2.954260000000000002e-04
4.164120000000000321e-03
7.918579999999999716e-03
1.329379999999999971e-02
-8.159740000000000179e-04
-3.652729999999999866e-03
1.266589999999999947e-03
-2.415739999999999988e-03
5.756380000000000177e-03
1.401469999999999984e-04
7.941000000000000142e-03
2.745760000000000084e-04
6.253609999999999508e-04
-5.698729999999999941e-03
-1.815669999999999914e-03
-4.400430000000000313e-03
-6.638370000000000208e-03
-2.517629999999999868e-03
-1.175789999999999995e-02
-7.218910000000000257e-03
-8.850959999999999731e-03
-1.540649999999999962e-03
-5.873630000000000344e-03
1.463900000000000130e-04
3.907120000000000037e-03
1.143939999999999974e-03
5.297379999999999971e-03
6.412260000000000355e-03
7.823959999999999596e-03
3.019790000000000061e-03
4.465160000000000136e-03
-4.997330000000000348e-03
-2.334049999999999840e-03
2.068270000000000037e-04
5.031500000000000382e-03
5.845539999999999764e-03
3.763799999999999871e-03
2.236960000000000077e-03
-1.005510000000000041e-03
-5.085400000000000337e-03
-9.000040000000000817e-03
-9.166169999999999526e-03
-1.055219999999999943e-02
-6.803560000000000163e-03
-6.411720000000000093e-03
-4.734669999999999851e-03
-6.956050000000000080e-03
-1.476700000000000061e-02
-9.453639999999999266e-03
-4.183100000000000360e-03
-6.156580000000000039e-03
-8.975630000000000067e-03
-5.898060000000000108e-03
-4.001629999999999944e-03
-6.644190000000000339e-03
-2.197740000000000110e-03
6.285409999999999847e-05
2.669239999999999807e-03
4.806440000000000365e-03
-2.123129999999999983e-03
-1.706650000000000094e-03
7.855409999999999520e-04
-1.987500000000000117e-03
1.874580000000000040e-03
3.660959999999999995e-03
2.558710000000000064e-03
5.924079999999999971e-03
2.538079999999999850e-03
6.474080000000000329e-04
3.867090000000000002e-04
3.279859999999999894e-03
5.912930000000000269e-03
-2.122179999999999987e-03
1.371789999999999902e-03
-2.573090000000000099e-03
1.072880000000000014e-03
-4.496830000000000271e-03
-2.807200000000000147e-03
-2.396629999999999854e-03
8.923930000000000057e-04
4.377269999999999946e-03
3.018180000000000082e-03
-2.666650000000000227e-04
-2.468249999999999958e-03
1.802730000000000001e-04
-4.715109999999999787e-03
-1.829920000000000071e-03
1.841710000000000092e-03
3.053109999999999939e-03
3.698420000000000006e-03
-1.321329999999999900e-03
-3.497310000000000002e-03
-1.738020000000000005e-05
-3.435689999999999925e-03
2.554489999999999972e-03
-2.528439999999999854e-03
-3.699650000000000074e-03
-6.868020000000000288e-04
-1.460179999999999942e-03
-1.782710000000000067e-03
-2.303100000000000199e-03
-3.377969999999999779e-05
-2.606380000000000155e-03
1.553029999999999949e-03
-2.750480000000000026e-03
1.941400000000000027e-03
2.852159999999999852e-03
3.198869999999999925e-03
4.522660000000000395e-03
4.281160000000000000e-03
3.771180000000000170e-04
1.279720000000000033e-03
1.763569999999999895e-03
2.206050000000000198e-03
4.398039999999999762e-03
5.185040000000000135e-03
5.598999999999999810e-03
3.952569999999999868e-03
5.220869999999999851e-03
6.274730000000000064e-03
6.113480000000000129e-03
3.128399999999999931e-03
8.796500000000000499e-04
9.467889999999999640e-03
3.135300000000000153e-03
4.305980000000000051e-03
5.706499999999999767e-03
2.298609999999999976e-03
8.729970000000000091e-03
3.592399999999999934e-03
4.417609999999999766e-03
4.206409999999999837e-03
1.299220000000000019e-03
6.587309999999999650e-04
1.694839999999999975e-03
4.168200000000000377e-03
4.593800000000000314e-03
-9.369380000000000069e-04
2.035490000000000042e-03
4.799059999999999958e-03
5.004549999999999971e-03
4.092389999999999570e-03
-1.396700000000000068e-03
-1.151600000000000019e-03
-2.728030000000000212e-03
1.215179999999999949e-03
3.181349999999999890e-03
1.434670000000000086e-03
1.527729999999999930e-03
2.423400000000000033e-03
-5.570230000000000233e-04
-9.810240000000000453e-04
-1.288890000000000001e-03
-4.629589999999999834e-04
7.022180000000000045e-04
-3.572879999999999849e-04
-6.081279999999999889e-04
-9.438629999999999720e-04
-6.266590000000000051e-04
-2.236530000000000028e-03
-2.405280000000000092e-03
-2.412070000000000099e-03
-2.779279999999999858e-03
-1.955979999999999958e-03
-2.740610000000000095e-03
-2.392630000000000191e-03
-2.822750000000000172e-03
-2.850559999999999813e-03
-3.626900000000000176e-03
-3.591640000000000110e-03
-3.469380000000000207e-03
-4.897669999999999801e-03
-4.319370000000000327e-03
-4.249890000000000091e-03
-3.714980000000000105e-03
-2.195429999999999951e-03
-2.285070000000000157e-03
-2.148300000000000123e-03
-1.474199999999999946e-03
-1.678760000000000061e-03
-9.528060000000000522e-04
-1.009359999999999945e-03
-5.147040000000000512e-04
-7.107450000000000399e-04
-2.759080000000000018e-04
5.228060000000000221e-05
-5.876460000000000451e-04
-4.313570000000000105e-05
1.589630000000000025e-04
-4.890759999999999910e-05
4.090740000000000072e-05
-7.022430000000000458e-05
7.398730000000000396e-06
-1.084509999999999955e-04
-6.521610000000000059e-05
1.964740000000000030e-04
1.637580000000000134e-04
1.481400000000000013e-04
2.604430000000000135e-04
2.726319999999999742e-04
3.014919999999999926e-04
3.531000000000000176e-04
3.861930000000000072e-04
3.755459999999999853e-04
3.887520000000000212e-04
3.860739999999999767e-04
3.939190000000000074e-04
4.080399999999999761e-04
