4.088269999999999907e-06
-7.534980000000000150e-06
2.507210000000000174e-06
-1.700660000000000079e-05
-6.332969999999999778e-06
-9.750710000000000364e-06
1.582910000000000062e-05
6.470949999999999853e-07
-8.721119999999999944e-06
-3.551760000000000025e-05
-1.233029999999999950e-05
1.240270000000000070e-05
3.992870000000000279e-05
1.988589999999999878e-05
-5.476579999999999664e-06
-3.674870000000000274e-05
2.779879999999999886e-05
4.177799999999999878e-05
4.463579999999999707e-05
3.438529999999999755e-05
1.274119999999999924e-05
-6.912780000000000584e-05
-1.604549999999999943e-04
-2.156840000000000038e-04
-1.233209999999999938e-04
6.587529999999999590e-05
4.587430000000000088e-04
5.637630000000000028e-04
1.187779999999999934e-04
-4.712559999999999753e-04
-4.943369999999999665e-04
1.331700000000000006e-04
5.569960000000000319e-04
5.362989999999999554e-04
1.526440000000000110e-04
-1.691169999999999870e-04
3.789309999999999808e-05
3.981670000000000115e-05
-2.285420000000000084e-04
-5.350300000000000325e-04
-9.474919999999999740e-04
-1.229019999999999939e-03
-1.112450000000000071e-03
-8.552219999999999918e-04
-8.924410000000000025e-04
-8.222900000000000435e-04
-8.453440000000000433e-04
-1.522219999999999910e-03
-1.443520000000000003e-03
-4.614290000000000167e-04
2.833290000000000244e-04
1.238979999999999986e-03
1.465139999999999975e-03
5.961970000000000247e-04
-4.861290000000000207e-04
-1.027069999999999936e-03
-8.101840000000000343e-04
-6.706060000000000233e-04
-1.599039999999999923e-04
1.120059999999999979e-03
1.868700000000000049e-03
1.228160000000000059e-03
9.521459999999999603e-04
-3.516349999999999901e-04
-1.465230000000000091e-03
-5.621460000000000215e-05
3.084280000000000008e-03
3.349120000000000135e-03
8.415640000000000490e-04
-1.055720000000000009e-03
-1.744000000000000107e-03
-2.086070000000000036e-04
1.479250000000000096e-03
1.160790000000000086e-03
-5.930980000000000193e-04
-3.030549999999999911e-03
-4.033529999999999581e-03
-1.092139999999999908e-03
1.135930000000000056e-03
1.733720000000000009e-03
9.284799999999999737e-04
-3.089160000000000083e-03
-5.875420000000000122e-03
-3.021999999999999947e-03
1.165119999999999958e-03
3.667109999999999901e-03
6.033909999999999968e-03
7.222110000000000335e-03
5.146279999999999605e-03
3.062200000000000165e-03
1.905819999999999910e-03
2.486130000000000024e-03
4.744840000000000169e-03
4.787200000000000136e-03
3.276670000000000190e-03
1.163160000000000105e-03
-4.615609999999999808e-04
-2.424830000000000214e-03
-4.155650000000000316e-03
-5.809520000000000309e-03
-4.178890000000000209e-03
3.062720000000000112e-04
4.003750000000000364e-03
3.118570000000000196e-03
-8.789099999999999994e-04
-2.700730000000000144e-03
-3.073370000000000182e-03
-1.017939999999999947e-03
6.134259999999999778e-05
2.557649999999999746e-04
7.511110000000000529e-04
-4.853440000000000206e-04
-2.268099999999999890e-03
-4.572259999999999866e-03
-5.131020000000000025e-03
-1.810669999999999901e-03
2.258329999999999799e-03
3.551640000000000005e-03
3.494909999999999944e-03
8.701670000000000325e-04
-1.929149999999999919e-03
-3.454259999999999796e-03
-4.571640000000000079e-03
-6.427119999999999708e-03
-5.267589999999999946e-03
-6.222590000000000066e-04
5.139900000000000198e-03
1.041139999999999947e-02
9.091439999999999244e-03
2.538550000000000095e-03
-3.377559999999999937e-03
-4.855179999999999739e-03
-4.761709999999999728e-03
-2.612510000000000179e-03
2.886709999999999797e-03
1.833540000000000040e-03
-2.781239999999999928e-03
-6.536319999999999977e-03
-8.514129999999999962e-03
-3.396619999999999934e-03
5.422040000000000366e-03
9.134450000000000555e-03
8.420600000000000307e-03
8.832839999999999789e-03
1.003710000000000019e-02
3.073470000000000021e-03
-4.330050000000000218e-03
-6.598999999999999831e-03
-7.039290000000000130e-03
-8.451520000000000560e-03
-7.169430000000000074e-03
-4.297399999999999831e-03
-1.829450000000000043e-03
2.439660000000000179e-03
5.999909999999999792e-03
8.160680000000000017e-03
6.785860000000000329e-03
4.153750000000000324e-03
1.447930000000000050e-03
4.669990000000000057e-04
1.568060000000000027e-04
-5.867049999999999739e-04
-2.984980000000000142e-04
-8.920669999999999685e-04
-3.218729999999999942e-03
2.450759999999999961e-04
7.229450000000000112e-03
9.518449999999999481e-03
9.316390000000000782e-03
6.242840000000000368e-03
-8.064310000000000315e-04
-5.930249999999999758e-03
-8.019979999999999470e-03
-8.761959999999999193e-03
-9.393870000000000345e-03
-1.053340000000000005e-02
-1.164500000000000084e-02
-1.021569999999999943e-02
-6.885669999999999985e-03
-2.764260000000000154e-03
8.961100000000000651e-05
1.103150000000000007e-03
-2.639860000000000166e-04
-3.535980000000000199e-03
-5.133529999999999864e-03
-4.371240000000000195e-03
-2.134640000000000148e-03
-2.015219999999999859e-03
-3.996409999999999720e-03
-6.598689999999999937e-03
-7.638309999999999718e-03
-4.855980000000000192e-03
-1.857909999999999943e-03
-1.679240000000000030e-03
-1.338089999999999896e-03
3.258800000000000065e-03
8.121200000000000294e-03
1.141200000000000027e-02
1.072210000000000003e-02
4.247680000000000206e-03
-7.021040000000000093e-03
-8.443849999999999273e-03
-8.282950000000000512e-04
2.967710000000000140e-03
3.715330000000000195e-03
6.535270000000000142e-03
8.645359999999999503e-03
9.478399999999999673e-03
1.211250000000000000e-02
1.152360000000000016e-02
5.235629999999999798e-03
1.899910000000000097e-03
2.183919999999999785e-03
-1.421170000000000029e-03
-8.333820000000000464e-03
-9.604269999999999821e-03
-4.618889999999999628e-03
-2.938880000000000051e-03
-6.426610000000000135e-03
-8.154420000000000765e-03
-4.807170000000000366e-03
-6.280249999999999375e-05
8.099310000000000190e-03
1.634439999999999851e-02
2.013950000000000115e-02
1.570500000000000021e-02
1.102539999999999944e-02
6.910069999999999928e-03
2.197559999999999878e-03
-2.294800000000000119e-05
1.439240000000000051e-03
3.228659999999999950e-03
8.583209999999999971e-04
2.763559999999999975e-03
2.445430000000000173e-03
-1.155540000000000039e-03
7.680439999999999533e-04
4.118969999999999576e-03
8.835829999999999379e-03
3.735669999999999963e-03
2.708789999999999983e-03
8.483900000000000816e-03
2.999910000000000163e-03
-6.880400000000000058e-03
-8.772749999999999299e-03
-1.476970000000000019e-02
-1.629869999999999930e-02
-8.928739999999999247e-03
-1.090260000000000014e-03
3.406320000000000008e-03
4.564430000000000397e-03
2.311269999999999818e-03
9.320199999999999297e-06
-4.606739999999999793e-03
-9.586509999999999476e-03
-9.304110000000000852e-03
-2.481859999999999795e-03
-9.711420000000000339e-04
2.781959999999999988e-03
4.372690000000000257e-03
7.382409999999999840e-03
1.167299999999999935e-02
1.234329999999999976e-02
1.632770000000000055e-02
8.889360000000000664e-03
7.833770000000000316e-03
7.779040000000000087e-03
5.988319999999999884e-04
-7.732850000000000314e-03
-1.593829999999999900e-02
-2.235169999999999865e-02
-1.826550000000000049e-02
-1.521740000000000072e-02
-2.237789999999999918e-02
-1.949079999999999910e-02
-7.730129999999999987e-03
7.257799999999999798e-04
4.192369999999999951e-03
-1.595580000000000089e-03
-9.824519999999999781e-03
-1.393379999999999966e-02
-7.676930000000000212e-03
2.690849999999999839e-03
6.548209999999999621e-03
1.196550000000000001e-03
-2.056580000000000127e-03
4.708200000000000059e-03
1.275979999999999996e-02
1.112819999999999955e-02
4.223219999999999752e-03
3.463110000000000147e-03
5.950750000000000310e-03
1.164970000000000068e-02
1.931969999999999868e-02
2.104200000000000167e-02
1.386289999999999918e-02
3.573240000000000097e-03
-5.201879999999999872e-03
-1.181429999999999980e-02
-1.533860000000000084e-02
-1.491989999999999983e-02
-1.594949999999999840e-02
-1.623590000000000103e-02
-1.044759999999999960e-02
-1.699720000000000050e-03
3.164070000000000164e-03
-9.488399999999999482e-04
-4.537239999999999676e-03
-7.803009999999999547e-04
8.636480000000000198e-03
1.345679999999999966e-02
5.011810000000000223e-03
-1.260110000000000050e-03
-2.350469999999999903e-03
-2.792429999999999825e-03
-1.121649999999999942e-04
5.565780000000000206e-03
9.689839999999999912e-03
1.343390000000000035e-02
1.338540000000000042e-02
7.756039999999999636e-03
7.769699999999999488e-06
-7.985199999999999590e-03
-1.425960000000000075e-02
-1.080129999999999979e-02
-2.563370000000000145e-03
3.897310000000000184e-03
7.634110000000000375e-03
8.064959999999999490e-03
6.538659999999999958e-03
1.560659999999999955e-03
-5.098349999999999757e-03
-6.056409999999999919e-03
-2.254260000000000118e-03
4.220350000000000208e-04
6.748520000000000039e-03
8.732969999999999622e-03
5.140340000000000187e-03
9.321050000000000212e-04
-1.703639999999999972e-03
-2.792950000000000207e-03
-5.854749999999999711e-03
-6.229700000000000341e-03
-4.180429999999999736e-03
-1.812500000000000092e-03
-4.986489999999999673e-03
-6.795380000000000170e-03
-6.275769999999999960e-03
-1.530239999999999986e-03
3.277250000000000215e-03
1.302759999999999975e-04
-2.935210000000000163e-03
1.384940000000000086e-03
5.896489999999999891e-03
4.138949999999999747e-03
-6.693440000000000153e-03
-1.253920000000000035e-02
-4.542069999999999615e-03
5.419580000000000231e-03
4.896690000000000417e-03
-5.126709999999999601e-03
-1.330160000000000023e-02
-1.070740000000000060e-02
-3.953609999999999980e-04
4.721140000000000406e-03
4.963460000000000268e-03
7.064550000000000170e-03
7.172219999999999984e-03
9.433290000000000208e-04
-2.783219999999999878e-03
3.393490000000000200e-04
4.034629999999999987e-03
6.802179999999999685e-03
8.483529999999999544e-03
1.488259999999999930e-02
1.807320000000000107e-02
1.425850000000000034e-02
1.186899999999999934e-02
3.776719999999999904e-03
-2.470519999999999921e-04
1.213190000000000058e-03
-4.310249999999999845e-03
-1.870590000000000100e-02
-2.653449999999999906e-02
-1.947799999999999879e-02
-5.859330000000000267e-03
-3.593670000000000198e-03
-9.967820000000000499e-03
-1.454139999999999947e-02
-2.238160000000000149e-02
-2.256939999999999988e-02
-1.754230000000000025e-02
-2.371409999999999837e-02
-3.418039999999999967e-02
-3.635830000000000312e-02
-3.433930000000000315e-02
-3.672500000000000070e-02
-4.426499999999999879e-02
-5.105610000000000009e-02
-6.105800000000000116e-02
-6.216359999999999941e-02
-5.695990000000000081e-02
-6.345230000000000314e-02
-7.021670000000000689e-02
-6.806800000000000350e-02
-6.107699999999999935e-02
-4.488990000000000341e-02
-2.940169999999999936e-02
4.720369999999999774e-03
5.497960000000000347e-02
9.451640000000000041e-02
1.143080000000000068e-01
1.311509999999999898e-01
1.269039999999999890e-01
1.299500000000000099e-01
1.322220000000000062e-01
1.187140000000000001e-01
1.068230000000000013e-01
1.091619999999999951e-01
1.184260000000000035e-01
1.212310000000000054e-01
1.150779999999999997e-01
8.288660000000000472e-02
7.280980000000000264e-03
-4.960549999999999682e-02
-5.932350000000000123e-02
-1.230539999999999932e-02
3.485409999999999897e-02
3.515419999999999656e-02
4.567070000000000157e-02
7.276680000000000648e-02
7.434830000000000605e-02
6.002169999999999728e-02
3.093219999999999997e-02
8.163250000000000367e-03
1.064709999999999962e-03
-3.028920000000000050e-03
-9.750850000000000142e-03
-3.580119999999999830e-02
-6.661530000000000229e-02
-7.042289999999999661e-02
-5.447189999999999671e-02
-4.916849999999999693e-02
-5.760660000000000086e-02
-7.755549999999999944e-02
-9.606660000000000199e-02
-9.359099999999999364e-02
-7.782740000000000491e-02
-6.150810000000000305e-02
-5.856700000000000100e-02
-6.918130000000000113e-02
-8.378879999999999661e-02
-9.863840000000000108e-02
-1.267900000000000138e-01
-1.492169999999999885e-01
-1.436910000000000132e-01
-1.198140000000000038e-01
-9.321519999999999806e-02
-6.646649999999999781e-02
-4.769310000000000216e-02
-1.114949999999999969e-02
5.771239999999999704e-02
1.248210000000000014e-01
1.489199999999999968e-01
1.389080000000000037e-01
1.219979999999999953e-01
1.102940000000000031e-01
1.033229999999999982e-01
1.005569999999999936e-01
9.976409999999999445e-02
9.321250000000000369e-02
8.466700000000000614e-02
7.392650000000000610e-02
5.275380000000000347e-02
1.448409999999999975e-02
-3.159819999999999990e-02
-7.618039999999999534e-02
-9.979390000000000482e-02
-9.687790000000000290e-02
-7.676379999999999315e-02
-5.747599999999999931e-02
-3.489479999999999665e-02
-8.747660000000000852e-03
8.993620000000000780e-03
1.046009999999999995e-02
3.265249999999999923e-03
-4.219510000000000101e-03
-6.130189999999999771e-03
-5.280970000000000282e-03
2.618290000000000114e-03
1.086409999999999980e-02
6.346120000000000233e-03
-1.584189999999999904e-02
-4.785230000000000039e-02
-8.466120000000000589e-02
-1.085290000000000005e-01
-1.286889999999999978e-01
-1.422039999999999971e-01
-1.385750000000000037e-01
-1.140860000000000068e-01
-8.501229999999999898e-02
-6.977339999999999931e-02
-6.094200000000000311e-02
-5.433810000000000029e-02
-4.573970000000000119e-02
-8.971440000000000664e-03
5.247609999999999775e-02
9.940060000000000562e-02
1.155589999999999951e-01
1.222160000000000052e-01
1.268199999999999883e-01
1.337710000000000010e-01
1.414489999999999914e-01
1.435849999999999904e-01
1.469070000000000098e-01
1.438530000000000086e-01
1.298600000000000032e-01
9.858480000000000021e-02
4.547609999999999847e-02
1.122929999999999935e-02
1.123009999999999980e-02
1.883369999999999836e-02
2.573920000000000027e-02
5.763569999999999804e-02
1.142559999999999965e-01
1.587099999999999900e-01
1.782100000000000073e-01
1.684809999999999919e-01
1.193079999999999974e-01
4.936949999999999672e-02
-2.672580000000000094e-02
-9.616030000000000411e-02
-1.220559999999999978e-01
-1.222030000000000061e-01
-1.073380000000000029e-01
-7.838849999999999985e-02
-6.794659999999999589e-02
-7.934330000000000549e-02
-9.691009999999999902e-02
-1.038450000000000067e-01
-1.109900000000000053e-01
-1.164150000000000046e-01
-1.129359999999999947e-01
-1.127839999999999954e-01
-1.206070000000000059e-01
-1.219039999999999985e-01
-9.608679999999999999e-02
-5.960370000000000251e-02
-2.640640000000000001e-02
-8.484659999999999772e-03
1.082789999999999924e-03
7.210720000000000324e-03
9.273230000000000361e-03
1.504639999999999971e-02
3.260489999999999916e-02
5.609689999999999815e-02
6.767249999999999654e-02
6.466850000000000376e-02
5.842370000000000202e-02
5.607240000000000141e-02
5.892000000000000015e-02
6.332409999999999428e-02
6.167430000000000134e-02
5.777430000000000065e-02
5.430299999999999710e-02
5.081789999999999918e-02
4.890570000000000334e-02
5.410090000000000038e-02
6.264200000000000323e-02
6.154280000000000167e-02
5.099929999999999741e-02
3.290520000000000250e-02
2.049859999999999877e-02
7.877979999999999705e-03
-2.201780000000000057e-02
-5.660500000000000254e-02
-7.204439999999999455e-02
-5.821699999999999792e-02
-4.486319999999999891e-02
-4.355089999999999656e-02
-5.158480000000000010e-02
-7.584670000000000301e-02
-9.995089999999999530e-02
-1.224780000000000035e-01
-1.286380000000000023e-01
-1.201429999999999998e-01
-1.106440000000000062e-01
-1.020660000000000039e-01
-8.392579999999999485e-02
-5.934650000000000342e-02
-1.854870000000000130e-02
2.652090000000000003e-02
3.927850000000000091e-02
3.729099999999999776e-02
3.861620000000000330e-02
4.160350000000000159e-02
4.337869999999999920e-02
4.132480000000000181e-02
3.615979999999999889e-02
2.779809999999999920e-02
1.721709999999999907e-02
1.279130000000000024e-02
1.354039999999999931e-02
2.413529999999999842e-02
4.088930000000000342e-02
6.128959999999999964e-02
8.414610000000000145e-02
1.048779999999999990e-01
1.198639999999999983e-01
1.198349999999999971e-01
9.878030000000000144e-02
7.396540000000000059e-02
5.924700000000000105e-02
4.393070000000000308e-02
2.374700000000000075e-02
5.421460000000000341e-03
-1.100579999999999961e-02
-1.940980000000000136e-02
-2.368299999999999919e-02
-2.638439999999999883e-02
-2.142080000000000026e-02
-1.367439999999999975e-02
-2.050110000000000127e-02
-2.772120000000000140e-02
-2.511620000000000172e-02
-2.065880000000000147e-02
-2.912249999999999908e-02
-4.661950000000000122e-02
-6.956610000000000571e-02
-9.040339999999999487e-02
-9.726219999999999311e-02
-8.908019999999999827e-02
-5.892359999999999959e-02
-2.453210000000000113e-02
-2.679270000000000089e-03
-1.996710000000000065e-04
-1.186680000000000026e-02
-3.825459999999999972e-02
-5.497479999999999728e-02
-6.177019999999999733e-02
-7.009859999999999702e-02
-6.442979999999999541e-02
-2.139140000000000139e-02
3.001579999999999873e-02
7.396769999999999734e-02
1.044100000000000028e-01
1.162289999999999990e-01
1.108910000000000035e-01
9.429049999999999931e-02
8.043659999999999699e-02
6.673260000000000303e-02
6.005920000000000009e-02
6.109309999999999741e-02
7.319409999999999805e-02
7.570899999999999852e-02
5.701559999999999961e-02
2.247590000000000005e-02
-1.216719999999999954e-02
-2.884429999999999980e-02
-3.370709999999999679e-02
-3.899249999999999938e-02
-4.373590000000000116e-02
-4.373869999999999841e-02
-3.378760000000000097e-02
-2.211700000000000124e-02
-2.532159999999999966e-02
-4.044600000000000278e-02
-4.803190000000000237e-02
-4.526009999999999756e-02
-3.840090000000000170e-02
-3.220850000000000102e-02
-2.225670000000000079e-02
-5.957810000000000016e-03
9.228379999999999569e-03
1.403770000000000018e-02
8.798429999999999446e-03
-1.408960000000000073e-02
-4.111839999999999939e-02
-6.377539999999999598e-02
-7.082929999999999782e-02
-6.520900000000000307e-02
-5.656549999999999773e-02
-4.264769999999999672e-02
-2.232390000000000069e-02
-2.579140000000000165e-03
7.920409999999999257e-03
1.095059999999999957e-02
8.524280000000000398e-03
4.548589999999999925e-03
6.376840000000000156e-04
-2.896469999999999947e-03
-6.090769999999999691e-03
-1.310749999999999936e-02
-3.285840000000000288e-02
-4.764020000000000060e-02
-4.988410000000000066e-02
-4.967970000000000025e-02
-3.383540000000000159e-02
-4.907090000000000236e-03
1.385899999999999979e-02
4.110160000000000202e-02
7.427309999999999468e-02
9.264450000000000462e-02
9.343260000000000454e-02
8.535239999999999494e-02
6.232739999999999808e-02
3.140069999999999667e-02
1.056009999999999935e-02
7.820080000000000087e-03
6.839630000000000189e-03
1.464030000000000008e-04
-4.608870000000000154e-03
-7.920460000000000694e-03
-1.954219999999999915e-02
-2.030879999999999838e-02
6.478519999999999765e-03
3.736860000000000182e-02
6.460589999999999389e-02
8.392810000000000548e-02
8.391229999999999523e-02
6.952990000000000559e-02
4.522240000000000287e-02
3.176890000000000269e-02
2.985370000000000038e-02
2.571410000000000015e-02
1.195850000000000038e-02
-2.752919999999999846e-03
-1.067979999999999971e-02
-2.329519999999999855e-02
-3.791920000000000013e-02
-4.719340000000000340e-02
-5.252160000000000162e-02
-5.155930000000000235e-02
-4.678539999999999782e-02
-3.927409999999999929e-02
-2.790559999999999916e-02
-2.862149999999999937e-03
2.296360000000000068e-02
4.678720000000000101e-02
6.214610000000000273e-02
6.774520000000000541e-02
6.394969999999999821e-02
5.545490000000000141e-02
4.655229999999999785e-02
3.642800000000000205e-02
1.762460000000000068e-02
-7.525590000000000404e-03
-3.313440000000000135e-02
-5.448440000000000227e-02
-6.924120000000000275e-02
-7.594670000000000587e-02
-6.523859999999999382e-02
-5.412499999999999950e-02
-4.940259999999999790e-02
-4.540580000000000310e-02
-4.215490000000000209e-02
-4.018039999999999806e-02
-3.644859999999999767e-02
-3.178570000000000007e-02
-3.409310000000000118e-02
-4.517070000000000113e-02
-6.166710000000000247e-02
-7.005079999999999640e-02
-7.339189999999999603e-02
-7.732029999999999459e-02
-7.184260000000000645e-02
-4.438240000000000240e-02
-2.925210000000000136e-03
3.580180000000000168e-02
5.272249999999999853e-02
5.010160000000000308e-02
4.590380000000000155e-02
4.225219999999999670e-02
3.534759999999999985e-02
2.137750000000000067e-02
1.025410000000000037e-02
1.044959999999999986e-02
1.750789999999999985e-02
2.473830000000000126e-02
3.667539999999999689e-02
4.895379999999999870e-02
4.982120000000000298e-02
3.539389999999999897e-02
2.091569999999999888e-02
7.955999999999999531e-03
-7.948159999999999470e-04
-4.714320000000000142e-03
-1.834359999999999940e-03
9.123579999999999190e-03
2.005590000000000150e-02
2.256410000000000013e-02
1.867380000000000081e-02
1.517600000000000025e-02
1.164809999999999977e-02
1.023800000000000057e-02
1.059949999999999955e-02
1.274669999999999970e-02
1.915369999999999920e-02
2.251589999999999842e-02
1.873199999999999865e-02
3.053300000000000111e-03
-6.964989999999999896e-03
-2.432129999999999796e-03
3.115880000000000125e-03
5.073659999999999802e-03
7.659309999999999903e-03
1.240699999999999963e-02
1.858069999999999861e-02
2.425120000000000053e-02
2.573730000000000115e-02
2.759019999999999875e-02
2.758390000000000147e-02
2.536630000000000135e-02
1.939789999999999917e-02
4.724420000000000008e-03
-1.157970000000000006e-02
-2.236049999999999843e-02
-2.604230000000000086e-02
-2.655039999999999831e-02
-2.248139999999999861e-02
-1.367860000000000083e-02
-1.397149999999999998e-03
1.246330000000000007e-02
1.525250000000000043e-02
1.034140000000000059e-02
8.561849999999999322e-03
1.271300000000000034e-02
1.683789999999999940e-02
1.954020000000000062e-02
2.793150000000000147e-02
4.419379999999999836e-02
5.341429999999999789e-02
4.631609999999999894e-02
2.275270000000000070e-02
-1.737150000000000022e-03
-1.981499999999999928e-02
-3.236649999999999944e-02
-4.149959999999999760e-02
-5.046719999999999678e-02
-5.705009999999999942e-02
-5.585699999999999693e-02
-4.129080000000000250e-02
-2.612340000000000148e-02
-2.240179999999999949e-02
-2.641659999999999842e-02
-3.453710000000000113e-02
-4.991369999999999835e-02
-6.797930000000000639e-02
-8.549249999999999905e-02
-9.586840000000000639e-02
-1.001009999999999955e-01
-9.371809999999999863e-02
-8.102130000000000443e-02
-7.139270000000000338e-02
-5.766860000000000042e-02
-4.152489999999999654e-02
-1.811070000000000041e-02
1.047859999999999937e-02
3.651990000000000097e-02
4.365610000000000324e-02
3.826410000000000228e-02
3.013789999999999872e-02
1.587500000000000022e-02
3.170290000000000087e-03
3.727849999999999892e-04
7.379179999999999941e-03
2.937640000000000043e-02
5.635579999999999756e-02
6.963389999999999858e-02
6.709800000000000486e-02
5.592629999999999824e-02
3.652840000000000253e-02
8.540489999999999540e-03
-2.589050000000000032e-02
-5.577479999999999938e-02
-7.843940000000000634e-02
-8.499850000000000461e-02
-6.642290000000000694e-02
-1.738879999999999940e-02
3.947259999999999658e-02
8.058930000000000260e-02
1.065870000000000012e-01
1.124150000000000010e-01
1.127329999999999999e-01
1.164140000000000036e-01
1.181279999999999969e-01
1.170999999999999958e-01
1.202720000000000039e-01
1.149509999999999976e-01
9.014110000000000178e-02
5.340639999999999971e-02
2.646489999999999954e-02
4.875830000000000268e-03
-6.051380000000000300e-03
-2.857589999999999859e-05
2.796679999999999999e-02
3.823800000000000116e-02
2.590819999999999929e-02
-2.224370000000000167e-02
-6.968820000000000570e-02
-1.032349999999999934e-01
-1.158160000000000023e-01
-1.037140000000000006e-01
-8.303620000000000445e-02
-6.050679999999999947e-02
-4.223890000000000283e-02
-3.011139999999999997e-02
-2.436289999999999983e-02
-2.057310000000000041e-02
-1.982590000000000047e-02
-2.675529999999999922e-02
-3.411200000000000343e-02
-2.970969999999999861e-02
-2.443060000000000023e-02
-1.936080000000000093e-02
-1.199719999999999953e-02
-5.869240000000000394e-03
2.624179999999999829e-03
2.767700000000000021e-02
4.068469999999999726e-02
4.131220000000000031e-02
4.568980000000000263e-02
5.065150000000000208e-02
4.834850000000000259e-02
3.307489999999999736e-02
1.261830000000000026e-03
-2.762490000000000084e-02
-2.978290000000000104e-02
-1.720419999999999935e-02
-1.081419999999999951e-02
-6.085769999999999895e-03
2.754069999999999956e-03
1.468649999999999990e-02
2.599840000000000137e-02
2.964030000000000137e-02
2.040540000000000062e-02
-2.901860000000000030e-03
-2.895850000000000160e-02
-3.640899999999999692e-02
-3.173600000000000032e-02
-1.193710000000000084e-02
1.317660000000000012e-02
2.305300000000000057e-02
7.008259999999999663e-03
-1.928960000000000050e-02
-4.405819999999999875e-02
-6.709339999999999749e-02
-9.015739999999999865e-02
-9.967280000000000584e-02
-9.347719999999999640e-02
-6.938270000000000548e-02
-3.792050000000000282e-02
-7.567850000000000098e-03
1.804209999999999842e-02
2.917020000000000030e-02
2.701759999999999926e-02
2.075319999999999943e-02
1.254629999999999981e-02
-9.186750000000000471e-03
-3.295889999999999931e-02
-3.387389999999999846e-02
-1.451739999999999975e-02
1.355559999999999925e-02
2.066870000000000165e-02
9.820979999999999988e-03
1.135010000000000012e-02
2.389710000000000098e-02
2.957860000000000003e-02
2.845429999999999834e-02
2.866619999999999932e-02
3.582199999999999968e-02
4.394010000000000277e-02
5.153749999999999998e-02
5.716240000000000210e-02
6.081419999999999881e-02
6.115129999999999871e-02
5.776989999999999903e-02
5.162189999999999834e-02
4.901200000000000001e-02
5.658010000000000123e-02
7.105219999999999592e-02
8.572939999999999727e-02
9.318840000000000456e-02
8.609700000000000686e-02
6.850100000000000633e-02
3.820470000000000116e-02
5.783449999999999876e-03
-3.349080000000000112e-02
-8.052109999999999823e-02
-1.131940000000000029e-01
-1.156429999999999958e-01
-8.694620000000000126e-02
-4.497280000000000028e-02
-2.928829999999999975e-02
-3.074970000000000134e-02
-3.514509999999999856e-02
-4.570550000000000307e-02
-6.063179999999999958e-02
-7.557079999999999353e-02
-8.004940000000000666e-02
-7.231500000000000428e-02
-6.356489999999999363e-02
-5.958630000000000176e-02
-6.569560000000000677e-02
-6.861509999999999831e-02
-6.413009999999999544e-02
-4.065169999999999895e-02
6.041399999999999722e-04
3.800429999999999781e-02
5.485849999999999754e-02
5.415919999999999762e-02
4.948149999999999771e-02
3.242169999999999774e-02
4.443909999999999701e-03
-3.431800000000000128e-02
-6.256059999999999399e-02
-7.352799999999999614e-02
-7.532890000000000419e-02
-6.837390000000000134e-02
-1.995390000000000011e-02
2.976789999999999992e-02
6.201260000000000105e-02
7.633700000000000208e-02
7.019770000000000176e-02
3.735460000000000169e-02
8.556110000000000451e-03
5.848960000000000270e-03
5.910119999999999610e-03
6.642740000000000276e-03
1.076610000000000067e-02
1.431209999999999948e-02
8.926969999999999350e-03
-3.100819999999999792e-03
-1.446330000000000011e-02
-1.988070000000000115e-02
-1.983709999999999987e-02
-1.832289999999999960e-02
-1.549329999999999978e-02
-9.329900000000000346e-03
-7.680029999999999583e-04
2.647000000000000047e-03
-4.970109999999999806e-03
-1.496890000000000026e-02
-2.488860000000000031e-02
-2.943039999999999892e-02
-2.714280000000000165e-02
-2.152650000000000050e-02
-4.620260000000000165e-03
2.418270000000000142e-02
3.675559999999999938e-02
3.575040000000000162e-02
3.053140000000000021e-02
1.578070000000000167e-02
-1.559760000000000096e-03
-6.633649999999999616e-03
6.493350000000000163e-03
4.747389999999999943e-02
8.730839999999999435e-02
1.098409999999999942e-01
1.237160000000000065e-01
1.260280000000000011e-01
1.108490000000000031e-01
8.410620000000000596e-02
6.491520000000000623e-02
5.497819999999999790e-02
5.127720000000000194e-02
4.568400000000000238e-02
4.232410000000000339e-02
4.417469999999999730e-02
4.298590000000000050e-02
3.160290000000000321e-02
1.706540000000000140e-02
5.879470000000000356e-03
1.712479999999999948e-03
-4.031019999999999742e-03
-1.236169999999999977e-02
-2.061230000000000007e-02
-3.017219999999999971e-02
-5.045619999999999966e-02
-7.257500000000000062e-02
-7.702670000000000350e-02
-7.024550000000000238e-02
-6.115960000000000146e-02
-5.521670000000000050e-02
-5.546620000000000023e-02
-5.934779999999999917e-02
-6.688669999999999338e-02
-7.155749999999999611e-02
-7.262169999999999737e-02
-7.006279999999999453e-02
-5.356539999999999913e-02
-2.114850000000000063e-02
1.054979999999999980e-02
3.592479999999999979e-02
4.616839999999999833e-02
4.463960000000000150e-02
3.444529999999999814e-02
1.961800000000000002e-02
1.093030000000000043e-02
5.423749999999999752e-03
-1.243849999999999904e-03
-3.921850000000000162e-03
-5.473960000000000154e-04
4.811369999999999710e-03
3.579740000000000092e-03
-3.526909999999999854e-03
-1.481030000000000020e-02
-2.696720000000000020e-02
-3.100179999999999950e-02
-2.747940000000000105e-02
-1.162599999999999918e-02
1.070220000000000025e-02
2.909049999999999830e-02
3.312469999999999998e-02
8.334269999999999526e-03
-2.730000000000000135e-02
-4.105520000000000003e-02
-3.157739999999999853e-02
-2.123890000000000153e-02
-1.804160000000000139e-02
-1.362359999999999960e-02
-9.034509999999999937e-04
1.240650000000000086e-02
2.061429999999999860e-02
2.044380000000000155e-02
1.416940000000000040e-02
6.677670000000000133e-03
4.743129999999999916e-03
8.509330000000000713e-03
1.002119999999999921e-02
1.157900000000000075e-02
1.155860000000000047e-02
6.142289999999999903e-03
-6.441910000000000344e-03
-1.856069999999999942e-02
-2.033159999999999829e-02
-1.317399999999999995e-02
-1.974449999999999990e-03
4.601690000000000294e-03
2.818800000000000212e-03
-1.279689999999999994e-03
-1.010830000000000062e-02
-1.992839999999999889e-02
-2.228909999999999919e-02
-1.689739999999999992e-02
-8.975579999999999876e-05
2.286509999999999931e-02
3.691599999999999743e-02
3.848979999999999763e-02
3.361770000000000036e-02
1.898429999999999909e-02
-6.123769999999999734e-03
-3.091970000000000135e-02
-4.536760000000000098e-02
-4.033869999999999817e-02
-2.119630000000000125e-02
4.512679999999999816e-03
2.036100000000000063e-02
2.181800000000000059e-02
1.118030000000000065e-02
-4.153959999999999944e-03
-9.997419999999999918e-03
-3.241430000000000006e-03
1.586999999999999869e-02
3.949969999999999870e-02
5.060900000000000121e-02
4.613289999999999752e-02
2.533459999999999879e-02
3.744910000000000166e-03
-6.366290000000000143e-03
-8.824210000000000734e-03
-7.664500000000000306e-03
1.140380000000000083e-03
1.229150000000000034e-02
1.911660000000000095e-02
1.151019999999999995e-02
-4.933139999999999921e-03
-2.464169999999999902e-02
-4.225609999999999783e-02
-5.156249999999999722e-02
-5.789649999999999658e-02
-5.811310000000000087e-02
-4.845569999999999738e-02
-3.595559999999999728e-02
-2.533509999999999929e-02
-1.440860000000000057e-02
-5.199679999999999927e-03
3.253810000000000209e-03
1.083660000000000005e-02
1.688260000000000108e-02
1.664310000000000095e-02
8.611900000000000457e-03
-5.209090000000000421e-03
-1.867790000000000075e-02
-2.363969999999999960e-02
-1.834020000000000095e-02
-7.784120000000000275e-03
9.416030000000000580e-03
2.834079999999999933e-02
4.072939999999999894e-02
3.964449999999999918e-02
3.275619999999999921e-02
2.702310000000000129e-02
2.537769999999999956e-02
2.721809999999999855e-02
3.095639999999999850e-02
3.077080000000000093e-02
2.915819999999999870e-02
2.726519999999999985e-02
2.228130000000000041e-02
1.109130000000000012e-02
5.158220000000000226e-05
-7.038289999999999998e-03
-8.370709999999999956e-03
-6.498050000000000007e-03
1.377060000000000046e-03
7.417830000000000257e-03
1.171239999999999955e-02
1.427959999999999993e-02
1.347199999999999960e-02
5.213060000000000263e-03
-1.329160000000000064e-02
-2.766539999999999971e-02
-2.610399999999999873e-02
-1.293330000000000000e-02
9.306049999999999739e-03
2.603849999999999915e-02
3.425849999999999729e-02
3.664860000000000340e-02
3.085150000000000045e-02
1.685340000000000102e-02
1.926399999999999987e-03
-1.175780000000000054e-02
-2.186410000000000090e-02
-2.559379999999999988e-02
-2.419800000000000076e-02
-1.941259999999999861e-02
-1.421440000000000030e-02
-8.101459999999999564e-03
-3.070029999999999743e-04
7.035880000000000432e-03
7.645889999999999805e-03
2.412420000000000189e-03
-2.986350000000000029e-03
-6.924920000000000207e-03
-9.802260000000000140e-03
-1.020579999999999925e-02
-5.531519999999999840e-03
1.490800000000000024e-03
1.089069999999999969e-02
1.632180000000000089e-02
2.185449999999999893e-02
2.716019999999999893e-02
3.099920000000000106e-02
3.366609999999999742e-02
3.262509999999999716e-02
1.893830000000000166e-02
-5.969999999999999613e-03
-3.062459999999999835e-02
-5.048319999999999891e-02
-6.047349999999999948e-02
-6.217210000000000097e-02
-5.749309999999999837e-02
-4.139790000000000136e-02
-1.547079999999999983e-02
5.374720000000000365e-03
1.915620000000000170e-02
2.505790000000000101e-02
2.523670000000000080e-02
1.827969999999999942e-02
3.848190000000000031e-03
-1.279510000000000022e-02
-2.280470000000000066e-02
-2.342860000000000081e-02
-1.683930000000000149e-02
-1.116209999999999945e-02
-8.852010000000000434e-03
-9.368120000000000613e-03
-1.078160000000000056e-02
-1.620129999999999834e-02
-1.801410000000000164e-02
-1.437249999999999986e-02
-8.276129999999999598e-03
-5.836929999999999723e-03
-8.545729999999999646e-03
-1.614780000000000035e-02
-1.995560000000000042e-02
-1.567520000000000024e-02
-7.889490000000000738e-03
2.436919999999999972e-03
1.292440000000000082e-02
2.216059999999999905e-02
2.177089999999999928e-02
1.043509999999999924e-02
-5.642000000000000313e-03
-2.221669999999999895e-02
-2.989719999999999878e-02
-3.053329999999999933e-02
-2.630909999999999846e-02
-2.035429999999999878e-02
-1.271809999999999954e-02
-7.552719999999999746e-03
-3.587959999999999847e-03
5.276750000000000190e-03
1.472279999999999943e-02
1.778789999999999885e-02
1.895669999999999994e-02
2.415020000000000014e-02
3.698570000000000330e-02
4.482139999999999735e-02
4.945780000000000315e-02
5.175180000000000058e-02
4.337930000000000258e-02
2.051040000000000155e-02
2.665610000000000115e-03
-2.598880000000000027e-03
-5.271439999999999633e-03
-5.826010000000000390e-03
-1.964640000000000136e-03
5.780050000000000118e-03
1.333119999999999965e-02
2.054759999999999920e-02
2.775649999999999992e-02
3.171550000000000064e-02
2.988729999999999859e-02
2.366120000000000029e-02
5.094760000000000261e-03
-1.446380000000000061e-02
-2.897229999999999944e-02
-3.249090000000000311e-02
-2.690769999999999967e-02
-1.135650000000000028e-02
1.371430000000000045e-02
3.066699999999999982e-02
3.257319999999999660e-02
2.640740000000000101e-02
1.510489999999999923e-02
7.173620000000000343e-03
6.445349999999999864e-03
1.357889999999999965e-02
1.896329999999999891e-02
1.977850000000000094e-02
1.586359999999999854e-02
8.774169999999999539e-03
-1.660790000000000096e-03
-1.320759999999999990e-02
-2.356360000000000052e-02
-2.712559999999999971e-02
-2.085220000000000129e-02
-1.181089999999999918e-02
-7.296699999999999714e-03
-4.016589999999999570e-03
-7.725839999999999878e-04
2.576449999999999769e-04
2.820430000000000072e-03
7.891840000000000660e-03
1.049150000000000083e-02
5.783429999999999994e-03
-6.211200000000000054e-03
-1.656219999999999914e-02
-2.119659999999999947e-02
-2.171319999999999847e-02
-1.940429999999999933e-02
-1.587999999999999828e-02
-9.307609999999999148e-03
-2.485669999999999937e-04
7.978890000000000635e-03
1.587179999999999841e-02
2.358769999999999964e-02
2.644250000000000073e-02
2.582550000000000123e-02
2.372389999999999916e-02
1.893150000000000041e-02
1.051930000000000053e-02
2.845190000000000045e-03
-2.749169999999999999e-03
-7.457550000000000290e-03
-1.337700000000000000e-02
-1.973729999999999929e-02
-2.525430000000000036e-02
-2.749729999999999883e-02
-2.549409999999999871e-02
-2.122349999999999931e-02
-1.852289999999999839e-02
-1.583029999999999854e-02
-1.130330000000000050e-02
-5.269020000000000127e-03
2.779100000000000060e-03
9.355350000000000124e-03
1.109570000000000001e-02
9.102370000000000252e-03
1.452610000000000012e-03
-5.971040000000000375e-03
-7.987650000000000652e-03
-6.695259999999999753e-03
-5.568359999999999629e-03
-5.720120000000000413e-03
-6.016129999999999742e-03
-7.082159999999999671e-03
-7.653329999999999855e-03
-6.579159999999999696e-03
-5.203649999999999769e-03
-4.848859999999999976e-03
-4.917069999999999948e-03
-4.187820000000000084e-03
-2.084089999999999814e-03
2.201369999999999803e-03
7.430449999999999902e-03
8.265649999999999387e-03
5.702869999999999641e-03
5.421640000000000140e-03
6.938999999999999856e-03
5.074519999999999899e-03
1.402199999999999931e-03
-3.811409999999999885e-03
-8.644109999999999988e-03
-1.544680000000000011e-02
-2.185930000000000165e-02
-2.757369999999999960e-02
-3.671050000000000008e-02
-4.594689999999999885e-02
-5.397210000000000202e-02
-6.022149999999999725e-02
-6.155549999999999911e-02
-6.011849999999999833e-02
-5.125060000000000032e-02
-3.564980000000000232e-02
-1.996890000000000123e-02
-4.733359999999999825e-03
7.248189999999999841e-03
1.056449999999999924e-02
8.684060000000000390e-03
3.314339999999999821e-03
-4.630070000000000019e-03
-1.138020000000000004e-02
-1.419780000000000000e-02
-1.072309999999999930e-02
-4.294420000000000182e-03
3.922690000000000378e-03
1.014070000000000076e-02
1.706380000000000050e-02
2.692790000000000114e-02
3.643840000000000273e-02
4.291729999999999851e-02
4.258809999999999679e-02
3.864900000000000280e-02
3.370999999999999691e-02
2.766769999999999993e-02
2.256510000000000113e-02
1.923810000000000103e-02
1.795410000000000061e-02
1.801269999999999954e-02
2.220110000000000139e-02
2.946259999999999851e-02
3.566489999999999938e-02
4.218090000000000034e-02
4.444990000000000052e-02
4.439520000000000272e-02
4.216949999999999865e-02
3.380179999999999990e-02
2.073010000000000130e-02
9.655679999999999819e-03
1.126880000000000026e-03
-2.506249999999999797e-03
-5.168009999999999791e-03
-5.314319999999999981e-03
-2.677259999999999883e-03
4.393859999999999975e-04
-7.732869999999999978e-04
-6.870239999999999680e-03
-1.434829999999999960e-02
-2.187969999999999846e-02
-2.667519999999999961e-02
-2.810659999999999895e-02
-2.561930000000000110e-02
-1.861919999999999895e-02
-1.135360000000000015e-02
-6.411440000000000021e-03
-7.288039999999999970e-03
-1.037289999999999913e-02
-1.523730000000000050e-02
-2.312480000000000091e-02
-2.777949999999999864e-02
-2.667819999999999914e-02
-1.993659999999999877e-02
-1.331060000000000056e-02
-7.992219999999999533e-03
-2.496500000000000021e-03
-7.620340000000000295e-05
1.461730000000000115e-04
4.453889999999999737e-04
1.086979999999999977e-03
3.866740000000000021e-03
6.255990000000000335e-03
4.105700000000000321e-03
1.183580000000000049e-03
-3.913189999999999984e-04
7.290219999999999600e-04
2.788469999999999924e-03
4.140630000000000178e-03
1.531610000000000089e-03
-2.162890000000000212e-03
-4.471929999999999829e-03
-4.317449999999999587e-03
-1.151340000000000046e-03
3.037910000000000003e-03
5.708030000000000222e-03
8.039229999999999640e-03
8.772749999999999299e-03
7.577160000000000319e-03
4.576669999999999697e-03
-1.443519999999999894e-04
-5.813669999999999949e-03
-1.132090000000000006e-02
-1.256119999999999980e-02
-5.949959999999999798e-03
2.401289999999999935e-03
1.018969999999999945e-02
1.673509999999999928e-02
2.186600000000000002e-02
2.327859999999999999e-02
2.113069999999999879e-02
1.782080000000000122e-02
1.664509999999999948e-02
1.384340000000000050e-02
7.736640000000000357e-03
3.996930000000000101e-03
1.357319999999999968e-03
-1.635289999999999964e-03
-2.904640000000000000e-03
-3.737839999999999978e-04
1.450960000000000054e-03
1.050549999999999921e-03
1.390320000000000011e-03
5.292359999999999860e-04
-7.560149999999999640e-04
3.421210000000000266e-04
4.106819999999999742e-03
7.910939999999999986e-03
9.888779999999999792e-03
8.268160000000000093e-03
5.837600000000000081e-03
8.909039999999999798e-04
-4.672710000000000058e-03
-9.277880000000000502e-03
-1.038329999999999982e-02
-8.030439999999999801e-03
-6.603079999999999887e-03
-2.899239999999999977e-03
2.266450000000000149e-03
7.304599999999999635e-03
9.212279999999999774e-03
7.511529999999999770e-03
4.616780000000000016e-03
-2.651169999999999894e-05
-2.636770000000000086e-03
-5.049610000000000383e-03
-9.410389999999999380e-03
-1.459380000000000052e-02
-1.733010000000000106e-02
-1.700509999999999869e-02
-1.529789999999999969e-02
-1.293799999999999985e-02
-9.163849999999999427e-03
-3.946260000000000046e-03
8.149299999999999513e-04
1.482730000000000029e-03
-1.237169999999999893e-03
-5.667250000000000412e-03
-9.841179999999999720e-03
-1.207229999999999935e-02
-1.335959999999999925e-02
-1.425170000000000083e-02
-1.307129999999999924e-02
-1.137310000000000057e-02
-7.136720000000000043e-03
-4.470759999999999838e-03
-3.492920000000000053e-03
-1.914960000000000056e-03
1.498659999999999966e-03
7.055920000000000247e-03
1.371709999999999943e-02
1.827519999999999839e-02
2.018949999999999911e-02
1.984090000000000159e-02
1.879219999999999849e-02
1.722490000000000132e-02
1.575110000000000052e-02
1.369470000000000062e-02
1.102670000000000039e-02
6.783130000000000062e-03
2.319359999999999911e-03
-7.943489999999999666e-04
7.633749999999999477e-04
6.449719999999999932e-03
1.535629999999999981e-02
2.464589999999999836e-02
3.327410000000000090e-02
3.652060000000000028e-02
3.077579999999999899e-02
2.363979999999999901e-02
1.775480000000000114e-02
1.255479999999999964e-02
6.286700000000000101e-03
5.679220000000000015e-04
-3.030970000000000018e-03
-3.581289999999999994e-03
-5.809730000000000363e-04
8.213050000000000385e-04
2.743859999999999875e-03
5.383599999999999670e-03
6.683510000000000145e-03
1.527300000000000098e-03
-8.682350000000000137e-03
-1.921459999999999835e-02
-2.705470000000000097e-02
-2.894359999999999988e-02
-2.588390000000000135e-02
-1.986780000000000143e-02
-1.430730000000000023e-02
-9.887480000000000574e-03
-5.353840000000000335e-03
-1.072760000000000076e-03
3.799949999999999856e-03
8.332400000000000223e-03
1.267279999999999969e-02
1.837170000000000122e-02
2.328660000000000105e-02
2.349390000000000159e-02
2.122780000000000153e-02
1.886780000000000054e-02
1.638270000000000004e-02
1.666230000000000142e-02
1.630049999999999902e-02
1.471219999999999993e-02
1.284479999999999997e-02
8.354830000000000589e-03
6.372090000000000393e-03
5.060689999999999633e-03
2.699480000000000195e-03
-3.642909999999999855e-04
-4.013469999999999885e-03
-7.679329999999999837e-03
-1.049630000000000007e-02
-1.184879999999999961e-02
-1.371589999999999962e-02
-1.402559999999999918e-02
-1.068339999999999915e-02
-8.903470000000000134e-03
-8.713639999999999927e-03
-1.070089999999999930e-02
-1.356070000000000018e-02
-1.642539999999999972e-02
-1.893330000000000013e-02
-2.295410000000000159e-02
-2.587419999999999998e-02
-2.662259999999999974e-02
-2.280389999999999848e-02
-1.794660000000000005e-02
-1.035200000000000009e-02
-3.962789999999999889e-03
-1.247590000000000027e-03
-9.123570000000000334e-04
-1.122879999999999929e-03
6.018829999999999970e-04
4.682640000000000066e-03
7.348079999999999889e-03
7.760610000000000251e-03
5.853299999999999649e-03
9.848030000000000238e-04
-6.709070000000000138e-03
-1.326079999999999967e-02
-1.624909999999999896e-02
-1.324969999999999967e-02
-7.993500000000000605e-03
-4.099030000000000035e-03
9.022240000000000544e-05
3.427669999999999849e-03
5.374849999999999593e-03
6.928799999999999716e-03
4.427539999999999774e-03
3.106189999999999884e-04
-3.632910000000000045e-03
-8.603319999999999371e-03
-1.270480000000000047e-02
-1.571670000000000011e-02
-1.573199999999999946e-02
-1.245300000000000053e-02
-8.376120000000000787e-03
-4.820620000000000287e-03
-2.597229999999999851e-03
-2.140979999999999793e-03
-2.408299999999999937e-03
-5.402459999999999771e-04
6.483570000000000132e-04
1.808109999999999926e-03
3.403950000000000205e-03
4.563479999999999967e-03
4.618589999999999675e-03
4.183250000000000336e-03
1.717009999999999934e-03
-1.374699999999999967e-03
-3.659550000000000129e-03
-3.800099999999999832e-03
-3.213779999999999849e-03
-3.991569999999999840e-03
-5.376240000000000012e-03
-8.283109999999999778e-03
-1.336629999999999936e-02
-1.812980000000000147e-02
-2.099130000000000093e-02
-2.033209999999999879e-02
-1.895550000000000013e-02
-1.560470000000000086e-02
-1.095119999999999948e-02
-7.613970000000000286e-03
-5.969409999999999647e-03
-8.047999999999999599e-03
-1.200739999999999967e-02
-1.557689999999999943e-02
-1.657720000000000027e-02
-1.464599999999999930e-02
-1.178889999999999973e-02
-9.474089999999999248e-03
-5.220550000000000017e-03
9.459930000000000075e-04
7.285409999999999976e-03
1.226730000000000008e-02
1.427840000000000012e-02
1.430960000000000044e-02
1.303570000000000076e-02
1.133759999999999976e-02
6.645080000000000257e-03
4.831060000000000194e-04
-4.355140000000000400e-03
-6.962300000000000259e-03
-8.522989999999999386e-03
-1.012889999999999971e-02
-9.981689999999999660e-03
-1.204790000000000028e-02
-1.197370000000000032e-02
-1.018059999999999972e-02
-6.368900000000000255e-03
-2.547450000000000148e-03
2.371390000000000130e-03
8.406759999999999233e-03
1.173139999999999947e-02
1.356760000000000084e-02
1.550260000000000006e-02
1.915570000000000120e-02
2.515589999999999840e-02
3.117059999999999970e-02
3.659599999999999659e-02
3.885469999999999896e-02
3.573810000000000181e-02
3.119660000000000141e-02
2.462869999999999990e-02
1.590269999999999878e-02
7.948190000000000810e-03
3.258120000000000200e-03
2.538950000000000145e-05
-2.478170000000000026e-03
-5.563509999999999810e-03
-8.941430000000000211e-03
-9.714109999999999759e-03
-7.091199999999999760e-03
1.189659999999999990e-04
8.472699999999999676e-03
1.361620000000000018e-02
1.789910000000000112e-02
1.937240000000000142e-02
2.002270000000000091e-02
2.090720000000000078e-02
2.086949999999999916e-02
1.900140000000000162e-02
1.396589999999999984e-02
3.663009999999999964e-03
-7.279749999999999763e-03
-1.482419999999999918e-02
-1.975429999999999894e-02
-2.044119999999999965e-02
-1.852070000000000105e-02
-1.738779999999999840e-02
-1.653680000000000080e-02
-1.536049999999999915e-02
-1.440110000000000001e-02
-1.328260000000000031e-02
-1.249699999999999943e-02
-1.096250000000000002e-02
-7.931320000000000384e-03
-2.816819999999999827e-03
1.916120000000000106e-03
4.559739999999999627e-03
1.991950000000000144e-03
-4.523580000000000136e-03
-1.069580000000000010e-02
-1.464730000000000025e-02
-1.459489999999999919e-02
-9.686510000000000606e-03
-2.114979999999999812e-03
5.080450000000000244e-03
9.577989999999999768e-03
9.701229999999999923e-03
9.598910000000000428e-03
9.300589999999999205e-03
1.079669999999999935e-02
1.337209999999999961e-02
1.560680000000000053e-02
1.766459999999999905e-02
1.756819999999999909e-02
1.513360000000000052e-02
1.098009999999999958e-02
9.268699999999999509e-03
1.090129999999999919e-02
1.318189999999999987e-02
1.504660000000000025e-02
1.637080000000000132e-02
1.349479999999999950e-02
6.855560000000000126e-03
-2.288000000000000103e-03
-9.291070000000000231e-03
-1.100690000000000002e-02
-7.065710000000000220e-03
-5.410810000000000055e-04
7.829100000000000295e-03
1.420609999999999928e-02
1.611090000000000091e-02
1.437929999999999937e-02
8.656769999999999396e-03
1.669370000000000099e-03
-4.720829999999999645e-03
-8.075389999999999999e-03
-1.010690000000000026e-02
-1.065319999999999982e-02
-1.033500000000000044e-02
-6.969140000000000404e-03
-3.685250000000000158e-03
-4.514109999999999781e-04
2.410129999999999911e-03
5.758970000000000408e-03
8.977310000000000498e-03
1.208580000000000071e-02
1.241259999999999933e-02
1.099059999999999968e-02
8.648460000000000175e-03
5.927400000000000203e-03
1.929720000000000003e-03
-4.150840000000000259e-03
-9.860839999999999189e-03
-1.401089999999999974e-02
-1.749320000000000042e-02
-1.889340000000000117e-02
-1.827219999999999886e-02
-1.449650000000000070e-02
-9.681959999999999872e-03
-5.528520000000000309e-03
-3.236740000000000103e-03
-1.696330000000000017e-03
-4.215299999999999841e-04
2.878099999999999973e-04
2.302540000000000055e-03
5.136629999999999668e-03
6.765829999999999587e-03
8.197750000000000176e-03
6.266970000000000179e-03
3.398930000000000094e-03
6.101220000000000514e-04
-3.869899999999999902e-03
-8.456210000000000462e-03
-1.296920000000000017e-02
-1.744400000000000117e-02
-1.983240000000000003e-02
-2.016789999999999902e-02
-1.792770000000000127e-02
-1.547439999999999927e-02
-1.470669999999999963e-02
-1.235729999999999988e-02
-8.089229999999999338e-03
-4.666860000000000105e-03
-9.541670000000000143e-04
2.775960000000000059e-03
7.680539999999999590e-03
1.123779999999999918e-02
1.135440000000000060e-02
7.296399999999999761e-03
2.022760000000000183e-03
-2.771000000000000026e-03
-4.696480000000000272e-03
-5.715139999999999630e-03
-5.217560000000000427e-03
-5.632999999999999986e-03
-6.667130000000000278e-03
-5.776139999999999920e-03
-2.751480000000000158e-03
7.863849999999999595e-05
4.045609999999999831e-03
7.577010000000000342e-03
8.046460000000000071e-03
4.528599999999999813e-03
3.070189999999999985e-03
2.050240000000000049e-03
1.052250000000000017e-03
8.853840000000000191e-04
-7.922559999999999715e-04
-1.271720000000000055e-03
-2.160399999999999820e-03
-2.900180000000000032e-03
-2.670870000000000102e-03
-1.298419999999999999e-03
2.540579999999999857e-04
2.290880000000000130e-04
4.735849999999999999e-04
2.770839999999999783e-04
-4.588670000000000097e-04
-2.496250000000000205e-03
-7.076320000000000309e-04
1.508510000000000016e-03
4.158150000000000214e-03
6.536769999999999907e-03
9.040120000000000447e-03
1.024210000000000051e-02
9.908049999999999843e-03
9.608570000000000305e-03
8.870799999999999866e-03
8.287020000000000844e-03
9.162190000000000611e-03
1.264799999999999952e-02
1.599369999999999958e-02
1.416869999999999935e-02
1.049789999999999925e-02
5.944460000000000369e-03
1.983850000000000110e-03
-7.995979999999999971e-04
-1.735039999999999976e-03
-4.364790000000000336e-03
-6.956419999999999618e-03
-8.051249999999999379e-03
-7.886779999999999485e-03
-5.311060000000000260e-03
-6.939370000000000477e-04
4.138949999999999747e-03
6.636620000000000193e-03
5.952700000000000005e-03
2.482030000000000087e-03
-8.335979999999999562e-04
-2.825579999999999845e-03
-5.265719999999999776e-03
-5.778010000000000090e-03
-5.387829999999999703e-03
-5.235339999999999785e-03
-5.059029999999999951e-03
-4.824099999999999569e-03
-4.568410000000000179e-03
-4.406219999999999755e-03
-3.166079999999999936e-03
3.485389999999999777e-04
9.352609999999999483e-04
6.525399999999999560e-04
-8.635449999999999593e-04
-3.957030000000000269e-03
-7.506770000000000283e-03
-8.272230000000000208e-03
-7.559549999999999950e-03
-6.761719999999999710e-03
-5.001399999999999596e-03
-3.715299999999999939e-03
-2.890540000000000036e-03
-2.315059999999999861e-03
-1.271629999999999939e-03
1.260840000000000051e-03
4.232600000000000424e-03
6.108299999999999667e-03
7.254290000000000044e-03
4.275779999999999859e-03
1.002330000000000061e-03
-3.310909999999999808e-03
-6.868830000000000248e-03
-6.614959999999999590e-03
-6.355060000000000049e-03
-2.890590000000000173e-03
1.642110000000000011e-03
2.998840000000000013e-03
4.946360000000000123e-04
-3.796920000000000069e-03
-8.181060000000000415e-03
-1.152139999999999935e-02
-1.162490000000000051e-02
-8.635890000000000233e-03
-6.942339999999999969e-03
-5.448419999999999826e-03
-5.005380000000000246e-03
-4.937839999999999764e-03
-2.588599999999999929e-03
2.252309999999999989e-03
6.907319999999999779e-03
9.985489999999999644e-03
1.212719999999999944e-02
1.240909999999999930e-02
1.026750000000000058e-02
5.756070000000000284e-03
7.716830000000000044e-04
-3.387569999999999904e-03
-3.842390000000000215e-03
-2.965380000000000099e-03
-1.276070000000000134e-04
3.528869999999999924e-03
8.387129999999999586e-03
1.236609999999999966e-02
1.511730000000000018e-02
1.414900000000000012e-02
1.009589999999999967e-02
4.196889999999999996e-03
-3.164329999999999921e-03
-9.128999999999999962e-03
-1.205449999999999924e-02
-1.023830000000000053e-02
-4.131609999999999970e-03
2.599419999999999856e-03
6.333029999999999909e-03
5.762350000000000284e-03
2.324310000000000005e-03
-2.642600000000000157e-03
-5.647199999999999789e-03
-5.775620000000000406e-03
-3.997180000000000351e-03
-2.679210000000000012e-03
-1.288349999999999955e-03
-3.538740000000000071e-04
-2.489209999999999947e-03
-2.964850000000000211e-03
-2.417390000000000164e-03
4.629740000000000027e-04
4.183830000000000361e-03
6.288969999999999630e-03
5.802149999999999842e-03
1.711939999999999903e-03
-5.217119999999999570e-03
-1.207959999999999937e-02
-1.615429999999999991e-02
-1.611610000000000126e-02
-1.368839999999999987e-02
-8.887229999999999436e-03
-3.951849999999999807e-03
1.192109999999999942e-04
1.765279999999999931e-03
6.832119999999999903e-04
-1.171039999999999928e-03
-1.182059999999999968e-03
1.125689999999999937e-03
3.504409999999999904e-03
6.820090000000000006e-03
8.749150000000000676e-03
1.019399999999999994e-02
7.823369999999999630e-03
4.384820000000000211e-03
6.755939999999999558e-04
-3.241579999999999982e-03
-6.035709999999999686e-03
-7.189339999999999793e-03
-5.748070000000000089e-03
-2.836029999999999801e-03
4.858369999999999768e-04
3.629509999999999854e-03
4.705589999999999946e-03
4.161830000000000043e-03
3.379660000000000043e-03
3.175499999999999937e-03
3.689580000000000030e-03
5.754770000000000198e-03
9.677089999999999304e-03
1.482419999999999918e-02
1.777520000000000142e-02
1.617340000000000097e-02
1.126019999999999972e-02
4.338400000000000069e-03
4.091599999999999925e-04
-3.205249999999999983e-04
1.584439999999999894e-03
1.832010000000000019e-03
1.507230000000000028e-03
5.368589999999999907e-04
-3.787339999999999826e-04
-8.463130000000000132e-04
-1.625499999999999992e-03
-5.137049999999999776e-03
-8.588820000000000482e-03
-1.239069999999999928e-02
-1.440810000000000007e-02
-1.466839999999999984e-02
-1.229880000000000036e-02
-1.061029999999999959e-02
-8.976559999999999748e-03
-7.895420000000000216e-03
-8.360319999999999210e-03
-7.961330000000000837e-03
-7.323729999999999650e-03
-5.249909999999999993e-03
-1.964430000000000082e-03
-1.082129999999999941e-03
-8.201359999999999553e-04
-4.816290000000000198e-04
1.608490000000000078e-06
-1.036300000000000056e-05
2.641530000000000006e-03
4.882759999999999878e-03
6.639690000000000175e-03
9.613299999999999970e-03
1.246629999999999960e-02
1.383249999999999931e-02
1.285490000000000070e-02
1.365959999999999917e-02
1.489219999999999954e-02
1.541129999999999931e-02
1.504969999999999919e-02
1.419439999999999938e-02
1.448900000000000014e-02
1.666370000000000004e-02
1.653939999999999924e-02
1.404440000000000029e-02
1.071949999999999986e-02
8.868199999999999694e-03
8.557910000000000170e-03
5.710830000000000073e-03
1.692759999999999968e-03
-2.905440000000000019e-03
-6.865910000000000242e-03
-8.891919999999999338e-03
-9.576829999999999718e-03
-1.093809999999999921e-02
-1.077589999999999971e-02
-9.906599999999999781e-03
-7.382620000000000328e-03
-5.729680000000000016e-03
-4.786539999999999719e-03
-3.303649999999999989e-03
-3.230910000000000140e-04
2.804780000000000207e-03
4.959390000000000152e-03
3.845270000000000025e-03
1.366220000000000021e-03
-4.684370000000000011e-05
-4.880420000000000006e-04
-4.053910000000000087e-04
-6.613269999999999652e-04
9.007439999999999804e-04
2.355649999999999931e-03
1.136910000000000091e-03
-1.499960000000000052e-03
-4.437240000000000281e-03
-7.286489999999999634e-03
-9.639280000000000070e-03
-9.935299999999999340e-03
-5.977220000000000102e-03
-4.045400000000000211e-03
-1.873749999999999982e-03
-8.314000000000000426e-04
-1.346429999999999914e-04
9.783459999999999466e-04
2.239039999999999867e-03
6.374059999999999752e-04
-2.178180000000000047e-03
-6.247800000000000402e-03
-8.886019999999999683e-03
-9.467549999999999924e-03
-9.145270000000000482e-03
-7.332309999999999869e-03
-2.436470000000000042e-03
1.680969999999999947e-03
2.250400000000000057e-03
1.984010000000000135e-04
-3.218509999999999947e-03
-6.843479999999999876e-03
-8.412690000000000445e-03
-9.730910000000000601e-03
-8.214420000000000055e-03
-5.069500000000000221e-03
-2.034039999999999980e-03
2.474919999999999811e-03
5.351469999999999665e-03
5.135050000000000378e-03
3.124570000000000125e-03
-1.606510000000000013e-03
-5.524330000000000039e-03
-6.207360000000000308e-03
-5.393919999999999965e-03
-3.460389999999999820e-03
1.261760000000000008e-03
6.240619999999999674e-03
8.874240000000000253e-03
8.646549999999999375e-03
5.027219999999999779e-03
1.060890000000000097e-03
-1.407320000000000099e-03
-2.928009999999999988e-03
-3.282240000000000071e-03
-1.479209999999999900e-03
5.461609999999999772e-04
3.649649999999999943e-03
4.284930000000000162e-03
5.455869999999999817e-03
7.187380000000000158e-03
6.276539999999999724e-03
3.760480000000000073e-03
2.323340000000000019e-05
-3.105039999999999883e-03
-6.288590000000000152e-03
-4.654349999999999807e-03
-3.054180000000000089e-03
-2.593489999999999945e-03
-2.368069999999999897e-03
-2.225289999999999994e-03
-3.634050000000000214e-03
-6.504620000000000020e-03
-1.147150000000000079e-02
-1.539480000000000015e-02
-1.554350000000000002e-02
-1.243819999999999995e-02
-9.320329999999999934e-03
-6.458730000000000200e-03
-6.376729999999999725e-03
-7.059649999999999780e-03
-7.868230000000000363e-03
-7.131890000000000104e-03
-5.241950000000000429e-03
-1.566979999999999935e-03
7.546789999999999618e-04
2.099240000000000047e-03
2.772150000000000135e-03
2.204039999999999992e-03
1.152419999999999920e-03
1.539830000000000062e-03
3.975959999999999737e-03
5.375129999999999665e-03
6.436830000000000156e-03
8.526030000000000414e-03
9.366819999999999660e-03
9.152230000000000781e-03
6.630969999999999920e-03
3.710569999999999841e-03
6.962399999999999882e-04
-9.081080000000000272e-04
-6.304530000000000030e-04
-1.917970000000000070e-04
-7.178870000000000607e-05
8.822479999999999732e-04
2.152499999999999900e-03
1.067730000000000025e-03
-2.541339999999999965e-05
1.693649999999999886e-04
1.773990000000000029e-03
4.193670000000000037e-03
4.978469999999999597e-03
4.569440000000000134e-03
4.542960000000000401e-03
3.693600000000000008e-03
2.671209999999999817e-03
1.451929999999999931e-03
1.651689999999999929e-03
3.436499999999999885e-03
5.435419999999999835e-03
7.559660000000000164e-03
8.477679999999999591e-03
7.731120000000000179e-03
5.208950000000000385e-03
2.795140000000000211e-03
2.882619999999999801e-03
3.442139999999999783e-03
2.526350000000000123e-03
8.678860000000000047e-04
-8.245219999999999503e-04
-1.220759999999999987e-03
-9.075939999999999572e-04
4.880300000000000013e-05
8.557330000000000145e-04
1.980280000000000061e-03
3.504759999999999993e-03
6.435309999999999642e-03
7.003470000000000355e-03
5.660270000000000232e-03
3.791720000000000160e-03
1.327099999999999894e-03
-6.353209999999999435e-05
-2.847389999999999990e-03
-4.494660000000000148e-03
-7.189759999999999901e-03
-8.169130000000000141e-03
-8.752269999999999495e-03
-9.325419999999999196e-03
-1.039220000000000074e-02
-9.481629999999999572e-03
-7.392430000000000181e-03
-5.978879999999999785e-03
-5.820960000000000023e-03
-3.571389999999999808e-03
-2.595870000000000122e-03
-6.007789999999999615e-04
2.622680000000000063e-03
4.619769999999999606e-03
4.983460000000000320e-03
5.242270000000000263e-03
3.377660000000000211e-03
1.134250000000000059e-03
3.398869999999999799e-04
1.983330000000000162e-03
2.807819999999999934e-03
2.827689999999999891e-03
3.198990000000000080e-03
3.784490000000000163e-03
2.995260000000000023e-03
1.755810000000000010e-03
-1.237320000000000086e-03
-2.562440000000000030e-03
-2.701559999999999986e-03
-1.717830000000000051e-03
-1.144470000000000079e-03
6.300280000000000333e-04
3.646930000000000050e-03
4.445679999999999597e-03
5.352430000000000035e-03
6.702900000000000351e-03
8.045379999999999546e-03
8.132719999999999533e-03
7.872850000000000681e-03
7.003210000000000164e-03
5.302420000000000397e-03
2.254229999999999862e-03
5.350520000000000536e-04
-5.971390000000000031e-04
-1.338870000000000034e-03
-1.608690000000000076e-04
2.956939999999999916e-03
5.730719999999999911e-03
7.891340000000000160e-03
9.004589999999999816e-03
7.560660000000000297e-03
2.876430000000000133e-03
-1.671090000000000075e-03
-4.994290000000000188e-03
-7.048780000000000150e-03
-7.181919999999999624e-03
-5.436120000000000015e-03
-4.287769999999999776e-03
-5.364800000000000298e-03
-6.102520000000000167e-03
-5.755630000000000294e-03
-3.299719999999999910e-03
-1.566319999999999952e-03
1.273550000000000029e-03
4.935870000000000188e-03
6.605790000000000273e-03
7.434549999999999839e-03
7.391769999999999764e-03
6.937310000000000351e-03
6.491300000000000195e-03
4.973860000000000087e-03
3.128300000000000091e-03
1.659649999999999927e-03
6.386550000000000170e-04
-9.267249999999999880e-04
-3.250600000000000191e-03
-4.580279999999999942e-03
-5.572999999999999829e-03
-7.195980000000000258e-03
-7.061399999999999795e-03
-6.628339999999999926e-03
-5.493409999999999786e-03
-2.331540000000000001e-03
-5.835369999999999663e-04
5.882920000000000250e-04
1.878410000000000062e-03
1.960500000000000003e-03
2.818960000000000129e-03
3.278749999999999980e-03
5.299899999999999750e-03
7.422080000000000170e-03
9.842889999999999973e-03
1.140320000000000049e-02
1.241240000000000052e-02
1.069580000000000010e-02
7.463159999999999933e-03
4.850160000000000061e-03
4.258190000000000239e-03
3.996689999999999791e-03
3.121720000000000137e-03
7.241940000000000530e-04
-3.314800000000000125e-03
-7.047659999999999862e-03
-9.385499999999999746e-03
-9.314130000000000326e-03
-7.765410000000000368e-03
-3.772450000000000109e-03
-1.507040000000000072e-03
-1.419139999999999941e-03
-4.567439999999999760e-04
1.095449999999999983e-03
2.654999999999999808e-03
2.789610000000000093e-03
2.258630000000000186e-03
1.350349999999999944e-03
-1.104610000000000010e-03
-2.827580000000000111e-03
-3.915049999999999780e-03
-4.929949999999999784e-03
-5.934359999999999635e-03
-4.820139999999999668e-03
-3.290930000000000070e-03
-2.392940000000000084e-03
-3.323079999999999957e-03
-6.345410000000000113e-03
-7.291800000000000191e-03
-7.869030000000000816e-03
-7.036019999999999601e-03
-5.883740000000000150e-03
-5.119829999999999694e-03
-4.358970000000000206e-03
-2.175690000000000089e-03
5.422019999999999834e-04
1.038770000000000058e-03
-1.412640000000000082e-05
-4.066329999999999945e-04
-2.479949999999999863e-04
-7.652209999999999568e-04
-2.467609999999999856e-03
-3.933619999999999652e-03
-4.612019999999999662e-03
-4.854360000000000272e-03
-4.534840000000000051e-03
-5.473310000000000328e-03
-6.965019999999999718e-03
-6.775909999999999572e-03
-4.860609999999999584e-03
-3.501119999999999927e-03
-1.283779999999999991e-03
1.920620000000000053e-03
4.906549999999999974e-03
6.331269999999999953e-03
5.214830000000000160e-03
2.822410000000000023e-03
3.325800000000000175e-04
-1.447780000000000074e-03
-1.271699999999999957e-03
4.392110000000000068e-04
1.085220000000000021e-03
2.109179999999999996e-03
3.464290000000000078e-03
2.909010000000000068e-03
2.195490000000000028e-03
1.040439999999999898e-03
1.477070000000000032e-03
1.636950000000000080e-03
2.683169999999999913e-03
3.336449999999999919e-03
3.346739999999999958e-03
2.599789999999999827e-03
1.697680000000000022e-03
1.576570000000000011e-03
1.916139999999999987e-03
2.730999999999999921e-03
4.162800000000000354e-03
3.953500000000000417e-03
1.483219999999999938e-03
-3.844329999999999969e-04
-2.824979999999999939e-03
-2.769440000000000183e-03
-2.205780000000000067e-03
-1.334249999999999933e-03
1.214110000000000016e-03
3.464849999999999788e-03
3.149930000000000004e-03
1.263479999999999985e-03
-1.148399999999999942e-03
-3.185930000000000012e-03
-3.966080000000000300e-03
-2.661160000000000088e-03
-6.898460000000000356e-04
1.012899999999999955e-03
2.301800000000000113e-03
1.621959999999999982e-03
-1.727360000000000050e-03
-5.014330000000000002e-03
-8.413540000000000602e-03
-1.046170000000000086e-02
-1.103020000000000042e-02
-1.160809999999999967e-02
-1.093599999999999954e-02
-1.085790000000000019e-02
-8.470649999999999707e-03
-7.019609999999999912e-03
-5.808869999999999832e-03
-5.348649999999999932e-03
-6.214860000000000002e-03
-5.573269999999999960e-03
-4.634160000000000015e-03
-3.288090000000000023e-03
-1.367200000000000056e-03
1.886580000000000155e-05
8.303289999999999846e-04
9.170299999999999936e-04
9.254180000000000088e-04
9.676150000000000116e-04
5.954789999999999953e-04
-2.096610000000000108e-04
-1.502780000000000001e-03
-2.156869999999999968e-03
-2.085630000000000209e-03
1.637909999999999909e-04
7.265050000000000110e-04
6.849090000000000386e-04
9.228649999999999809e-05
-4.742039999999999884e-04
-1.247840000000000060e-03
-4.025330000000000032e-04
1.533199999999999971e-03
4.858539999999999734e-03
6.014870000000000286e-03
7.042060000000000160e-03
7.014539999999999664e-03
5.756859999999999929e-03
4.779570000000000346e-03
3.879590000000000035e-03
3.290110000000000170e-03
3.239829999999999967e-03
4.435040000000000336e-03
4.544710000000000416e-03
4.810530000000000361e-03
4.456080000000000284e-03
4.343020000000000387e-03
3.907060000000000394e-03
2.156110000000000144e-03
1.632259999999999961e-03
3.808619999999999974e-03
5.930150000000000352e-03
7.076889999999999743e-03
9.060159999999999395e-03
8.558140000000000538e-03
6.890320000000000125e-03
3.857610000000000032e-03
1.554229999999999978e-03
-1.603999999999999957e-03
-3.937600000000000301e-03
-5.766300000000000245e-03
-6.772239999999999684e-03
-8.585799999999999335e-03
-1.011369999999999977e-02
-1.009449999999999931e-02
-9.844739999999999394e-03
-9.353329999999999977e-03
-8.882289999999999283e-03
-8.298369999999999358e-03
-7.883150000000000227e-03
-7.378599999999999916e-03
-6.852859999999999681e-03
-5.571419999999999671e-03
-4.184769999999999983e-03
-3.022120000000000101e-03
-1.090510000000000047e-03
-3.665179999999999762e-04
-4.793600000000000183e-04
-2.365470000000000105e-04
-2.144380000000000092e-04
4.288939999999999766e-04
5.536070000000000140e-04
7.047400000000000322e-04
1.300359999999999971e-03
5.304949999999999683e-04
1.047319999999999995e-04
1.896880000000000094e-03
3.951350000000000175e-03
4.668620000000000062e-03
4.893989999999999972e-03
4.427529999999999834e-03
3.147189999999999797e-03
6.178239999999999990e-04
-1.887290000000000018e-04
-1.796559999999999889e-04
1.457299999999999915e-03
5.014239999999999670e-03
8.065269999999999384e-03
8.671270000000000019e-03
8.146979999999999847e-03
7.723490000000000390e-03
8.456319999999999809e-03
9.339480000000000698e-03
8.841029999999999722e-03
7.618409999999999939e-03
5.298640000000000294e-03
2.748599999999999915e-03
-3.330249999999999769e-04
-3.124590000000000006e-03
-4.301130000000000231e-03
-4.124700000000000241e-03
-3.267079999999999897e-03
-3.726550000000000023e-04
1.427759999999999923e-03
8.408820000000000443e-04
6.830130000000000012e-04
2.219110000000000104e-04
-2.006729999999999972e-03
-3.894780000000000030e-03
-3.529889999999999937e-03
-2.240639999999999906e-03
-5.627100000000000114e-04
1.187389999999999973e-03
2.443610000000000140e-03
1.734429999999999913e-03
9.917240000000000343e-04
5.787910000000000494e-04
-3.263790000000000137e-04
-2.524460000000000072e-03
-2.605350000000000200e-03
-2.881649999999999923e-03
-3.047059999999999873e-03
-3.250750000000000167e-03
-3.259189999999999917e-03
-5.304350000000000211e-03
-6.605399999999999987e-03
-5.242049999999999835e-03
-5.064599999999999831e-03
-5.739610000000000024e-03
-5.365380000000000323e-03
-4.214719999999999925e-03
-2.335079999999999795e-03
-1.394660000000000040e-03
-7.285300000000000196e-04
-1.084689999999999916e-03
-1.836500000000000025e-03
-1.532200000000000055e-03
8.130470000000000102e-04
2.213189999999999862e-03
3.200709999999999840e-03
4.356269999999999760e-03
5.813109999999999805e-03
6.483400000000000274e-03
6.142569999999999975e-03
5.976590000000000374e-03
5.764299999999999979e-03
5.539020000000000402e-03
5.710269999999999929e-03
6.525999999999999683e-03
7.123820000000000326e-03
6.866810000000000101e-03
6.432499999999999850e-03
6.608730000000000160e-03
7.519480000000000261e-03
8.133670000000000830e-03
9.455979999999999247e-03
1.130530000000000077e-02
1.088010000000000019e-02
1.007830000000000011e-02
9.568349999999999772e-03
8.928069999999999756e-03
8.313869999999999247e-03
7.664070000000000257e-03
7.264940000000000113e-03
5.624480000000000278e-03
2.665569999999999919e-03
9.717659999999999926e-04
-2.561789999999999879e-04
-1.506350000000000050e-03
-1.904789999999999955e-03
-3.047779999999999934e-03
-4.249329999999999948e-03
-4.133699999999999701e-03
-3.997770000000000316e-03
-4.312640000000000397e-03
-5.670549999999999896e-03
-6.203229999999999682e-03
-6.059830000000000425e-03
-7.400829999999999735e-03
-8.442599999999999758e-03
-9.858570000000000527e-03
-1.102419999999999962e-02
-1.063009999999999997e-02
-9.692910000000000761e-03
-8.009950000000000056e-03
-7.012130000000000099e-03
-6.511529999999999749e-03
-6.084140000000000034e-03
-6.043350000000000284e-03
-6.317829999999999974e-03
-3.749160000000000079e-03
5.308140000000000037e-04
2.591930000000000102e-03
2.608339999999999791e-03
3.220399999999999999e-03
3.169089999999999841e-03
2.218190000000000092e-03
1.499459999999999986e-03
7.486909999999999778e-05
-1.673110000000000005e-03
-1.044540000000000052e-03
1.777949999999999876e-04
1.986920000000000092e-03
2.268679999999999915e-03
4.342060000000000017e-03
6.371560000000000071e-03
7.471239999999999652e-03
8.790360000000000534e-03
9.970939999999999317e-03
9.533309999999999701e-03
8.848810000000000356e-03
8.365279999999999244e-03
7.791580000000000207e-03
6.865989999999999767e-03
4.593700000000000040e-03
2.230670000000000135e-03
9.849209999999999302e-04
6.021050000000000230e-04
1.111229999999999943e-03
3.220859999999999869e-03
4.714539999999999703e-03
4.994229999999999677e-03
4.252129999999999799e-03
2.727520000000000205e-03
-8.329659999999999799e-04
-2.045969999999999820e-03
-2.043640000000000213e-03
-2.543370000000000093e-03
-2.534269999999999926e-03
-2.506710000000000101e-03
-3.110180000000000149e-03
-4.921880000000000005e-03
-6.121680000000000003e-03
-6.429709999999999939e-03
-6.289730000000000321e-03
-6.143400000000000249e-03
-5.587019999999999834e-03
-5.639879999999999893e-03
-6.112280000000000317e-03
-6.834579999999999822e-03
-6.098459999999999992e-03
-5.184509999999999813e-03
-4.653990000000000210e-03
-4.248690000000000279e-03
-4.326720000000000045e-03
-4.211780000000000038e-03
-3.735399999999999832e-03
-3.529730000000000020e-03
-3.318569999999999853e-03
-2.860740000000000071e-03
-2.978680000000000043e-03
-2.918809999999999981e-03
-3.499159999999999857e-03
-3.630120000000000135e-03
-2.512159999999999827e-03
-2.033370000000000056e-03
-2.061550000000000101e-03
-1.885350000000000047e-03
-1.690349999999999969e-03
-1.625020000000000023e-03
-1.541870000000000089e-03
-1.389980000000000078e-03
-1.271060000000000072e-03
-1.157409999999999993e-03
-1.116470000000000049e-03
4.264940000000000267e-04
2.862920000000000135e-03
3.113830000000000157e-03
2.800879999999999950e-03
2.915880000000000034e-03
4.916339999999999946e-03
6.494839999999999988e-03
6.273919999999999671e-03
5.884219999999999902e-03
5.321949999999999771e-03
3.912729999999999680e-03
1.710570000000000016e-03
2.330400000000000050e-04
-1.068020000000000037e-03
-2.110620000000000118e-03
-2.051900000000000165e-03
-1.907599999999999964e-03
-1.911729999999999940e-03
-2.377579999999999798e-03
-3.708299999999999878e-03
-3.605629999999999859e-03
-3.430540000000000152e-03
-2.323679999999999843e-03
-3.706809999999999836e-04
-1.250930000000000032e-04
1.694169999999999942e-04
7.791070000000000200e-04
6.728349999999999912e-04
5.426629999999999779e-04
5.401590000000000167e-04
5.623629999999999688e-04
3.759500000000000038e-04
3.712610000000000085e-04
2.687240000000000245e-04
2.737950000000000171e-04
1.661300000000000103e-04
6.155130000000000139e-05
-5.401260000000000392e-04
-5.656790000000000299e-04
-1.463499999999999957e-03
-1.560189999999999928e-03
-2.315900000000000077e-03
-3.277099999999999805e-03
-3.546440000000000096e-03
-3.694880000000000213e-03
-4.169579999999999988e-03
-3.087470000000000145e-03
-1.599799999999999963e-03
-8.057809999999999344e-05
1.642800000000000033e-03
2.064149999999999839e-03
2.627860000000000092e-03
2.064219999999999857e-03
1.427209999999999937e-03
1.481969999999999989e-03
1.326549999999999908e-03
1.879210000000000082e-03
2.699309999999999904e-03
3.712889999999999940e-03
3.988539999999999620e-03
3.495849999999999999e-03
3.458680000000000001e-03
3.200569999999999804e-03
2.630210000000000013e-03
2.445849999999999847e-03
1.704240000000000095e-03
1.070159999999999905e-03
1.484230000000000011e-03
7.751659999999999844e-04
-1.020270000000000042e-04
-1.289760000000000038e-03
-1.733450000000000095e-03
-1.580720000000000085e-03
-1.492049999999999974e-03
-1.481120000000000049e-03
-1.391490000000000001e-03
-1.385549999999999933e-03
-4.538920000000000107e-04
3.787999999999999918e-04
9.291689999999999802e-04
1.009890000000000050e-03
-1.647470000000000000e-05
-4.129110000000000180e-04
-4.919870000000000449e-04
-4.119589999999999906e-04
-1.275960000000000028e-03
-1.872390000000000035e-03
-1.727149999999999996e-03
-1.608730000000000056e-03
-1.447710000000000056e-03
-2.679399999999999859e-04
6.595270000000000299e-04
4.170870000000000133e-04
-9.612530000000000206e-04
-2.423639999999999909e-03
-3.569689999999999929e-03
-3.820399999999999838e-03
-4.233759999999999607e-03
-3.621339999999999802e-03
-3.036140000000000106e-03
-2.560950000000000205e-03
-2.333860000000000101e-03
-2.296879999999999842e-03
-2.015780000000000002e-03
-1.766240000000000084e-03
-1.207769999999999937e-03
-7.011510000000000095e-04
-3.229770000000000080e-04
8.191099999999999553e-04
1.511909999999999990e-03
1.462289999999999987e-03
1.494569999999999970e-03
1.608199999999999951e-03
9.868839999999999384e-04
-2.201949999999999882e-04
-2.979710000000000106e-04
6.689370000000000635e-05
1.030710000000000003e-03
1.577010000000000000e-03
1.543539999999999929e-03
1.508240000000000101e-03
1.442790000000000001e-03
1.407199999999999944e-03
1.312149999999999992e-03
1.482519999999999975e-03
2.035250000000000167e-03
2.447069999999999974e-03
2.236489999999999832e-03
2.036089999999999949e-03
1.862909999999999957e-03
1.330739999999999961e-03
7.156540000000000297e-04
7.473500000000000325e-04
8.337919999999999750e-04
1.103880000000000009e-03
1.200099999999999952e-03
7.830870000000000192e-04
1.347119999999999936e-04
-1.506660000000000106e-04
-7.196729999999999924e-04
-1.321689999999999931e-03
-1.609060000000000048e-03
-1.506530000000000065e-03
-1.038819999999999978e-03
-5.255630000000000501e-04
-1.144519999999999945e-04
3.082809999999999847e-04
3.932839999999999839e-04
1.900279999999999905e-04
-3.482729999999999772e-05
1.324369999999999993e-06
7.951500000000000018e-05
1.148989999999999989e-05
-1.290850000000000016e-04
9.702780000000000638e-05
2.881030000000000028e-04
2.891169999999999764e-04
3.296400000000000220e-04
5.207810000000000000e-04
6.124600000000000009e-04
7.476639999999999892e-04
7.781759999999999979e-04
8.453920000000000401e-04
7.125200000000000153e-04
5.151409999999999930e-04
3.121879999999999729e-04
2.044890000000000000e-04
1.996789999999999969e-04
2.040760000000000024e-04
2.192259999999999912e-04
3.341619999999999899e-04
3.892699999999999915e-04
4.357750000000000078e-04
4.430300000000000188e-04
3.691890000000000189e-04
3.344129999999999846e-04
3.301169999999999972e-04
3.023349999999999844e-04
2.621200000000000179e-04
1.650110000000000097e-04
4.778450000000000303e-05
4.519740000000000369e-06
-1.661489999999999910e-05
8.647580000000000306e-06
5.886769999999999883e-05
9.622110000000000613e-05
8.332630000000000212e-05
8.688469999999999841e-05
3.717780000000000173e-05
2.943869999999999904e-06
-2.607389999999999951e-06
1.529300000000000079e-05
2.375010000000000153e-05
6.187399999999999747e-05
5.835670000000000321e-05
4.475139999999999983e-05
3.373850000000000232e-05
3.645339999999999898e-05
3.464879999999999935e-05
3.577140000000000110e-05
1.853239999999999895e-05
7.712289999999999982e-06
-3.734819999999999823e-07
1.142280000000000014e-05
2.728439999999999918e-05
2.904210000000000100e-05
2.885640000000000039e-05
3.013839999999999930e-05
2.482299999999999934e-05
1.814090000000000109e-05
3.556240000000000192e-06
-7.942550000000000722e-06
-2.046910000000000024e-05
-3.211310000000000260e-05
-4.358639999999999997e-05
-5.263200000000000024e-05
-6.168389999999999399e-05
-7.029890000000000552e-05
-7.981050000000000438e-05
-8.522689999999999541e-05
-8.985589999999999463e-05
-9.172840000000000084e-05
-9.321920000000000358e-05
-9.398710000000000007e-05
-9.486240000000000167e-05
-9.501499999999999746e-05
-9.517949999999999902e-05
-9.452289999999999586e-05
-9.391109999999999606e-05
-9.293019999999999330e-05
-9.190579999999999681e-05
-9.025490000000000216e-05
-8.838859999999999599e-05
-8.595780000000000564e-05
-8.319839999999999950e-05
-7.997039999999999585e-05
-7.647710000000000001e-05
-7.260569999999999503e-05
-6.845710000000000564e-05
-6.397760000000000220e-05
-5.922239999999999731e-05
-5.417609999999999787e-05
-4.886709999999999839e-05
-4.330260000000000109e-05
