1.604039999999999936e-03
-9.481690000000000083e-04
-2.678269999999999956e-03
-1.287170000000000024e-03
1.506430000000000009e-03
-1.340580000000000070e-03
-3.277749999999999848e-03
5.513439999999999661e-03
7.121780000000000298e-03
-1.681020000000000084e-03
-3.994580000000000179e-03
5.936949999999999866e-03
1.031559999999999942e-02
1.056850000000000020e-03
-1.349370000000000083e-02
-1.582050000000000123e-02
4.170260000000000286e-03
1.026859999999999926e-02
6.568850000000000210e-03
-2.888819999999999843e-03
-4.402739999999999605e-03
1.401850000000000058e-03
1.014100000000000071e-02
8.712720000000000187e-03
-2.076310000000000116e-05
-5.729950000000000147e-03
-1.929420000000000093e-02
-3.083670000000000161e-02
-7.756439999999999863e-03
2.824520000000000156e-02
3.089389999999999845e-02
1.496119999999999915e-02
-6.860920000000000386e-03
-1.814440000000000150e-02
-2.319680000000000006e-02
-5.836430000000000090e-04
1.742109999999999839e-02
5.596989999999999604e-03
-1.034320000000000031e-03
-4.786170000000000181e-03
-1.171430000000000041e-02
-6.807380000000000028e-03
1.737040000000000112e-02
9.014259999999999634e-03
-1.621780000000000097e-02
-2.211269999999999902e-02
-2.539229999999999959e-02
-5.718830000000000267e-03
1.548049999999999947e-02
2.702869999999999925e-02
2.562690000000000107e-02
9.704320000000000654e-03
-1.074499999999999934e-02
-1.705299999999999871e-02
-1.441970000000000057e-02
-1.286649999999999947e-02
-7.195680000000000305e-03
1.373540000000000004e-02
2.223680000000000101e-02
8.743839999999999252e-03
1.174069999999999931e-03
1.843619999999999981e-02
1.307879999999999980e-02
-2.398020000000000013e-02
-2.740669999999999912e-02
-9.085200000000000090e-04
1.852410000000000168e-02
2.773130000000000039e-02
1.602850000000000108e-02
4.048219999999999943e-03
-1.562209999999999905e-06
-6.434060000000000126e-03
-5.561329999999999746e-03
1.445779999999999982e-02
3.713000000000000328e-02
1.347680000000000058e-02
-3.483689999999999704e-02
-3.889080000000000314e-02
6.297900000000000373e-03
2.512870000000000034e-02
3.504170000000000201e-02
4.141419999999999824e-03
-1.650070000000000009e-02
-2.271190000000000014e-02
-2.408829999999999999e-02
3.000430000000000111e-03
3.215359999999999746e-02
3.049570000000000058e-02
1.573200000000000076e-03
5.096869999999999873e-03
1.145310000000000078e-02
-5.916939999999999873e-03
-1.034320000000000031e-02
1.613969999999999988e-02
2.960530000000000106e-02
1.726789999999999922e-02
-3.990550000000000347e-02
-2.952650000000000066e-02
2.611520000000000096e-04
8.265659999999999327e-03
3.151509999999999728e-02
6.687390000000000001e-02
5.909090000000000176e-02
-2.926199999999999982e-02
-7.015929999999999389e-02
-8.316579999999999806e-02
-4.520190000000000319e-02
1.612610000000000085e-02
4.772730000000000028e-02
6.282179999999999709e-02
2.227319999999999994e-02
-1.587119999999999850e-02
-2.998229999999999992e-02
-2.989709999999999937e-02
3.230960000000000169e-03
1.344470000000000040e-02
2.632250000000000041e-03
1.504109999999999996e-02
2.184190000000000090e-02
1.060409999999999998e-02
-1.640509999999999972e-03
4.467760000000000307e-03
1.592079999999999884e-02
1.817800000000000058e-03
-3.732010000000000188e-02
-5.598050000000000248e-02
-5.106569999999999859e-02
-2.654640000000000125e-02
8.032090000000000410e-03
3.678839999999999888e-02
5.587509999999999699e-02
2.983610000000000081e-02
1.398369999999999995e-02
7.282779999999999983e-03
1.508010000000000080e-02
2.200950000000000129e-02
1.927229999999999915e-02
2.617919999999999969e-02
3.396430000000000282e-02
1.476330000000000003e-02
-3.986950000000000389e-03
-2.208130000000000162e-02
-6.767789999999999917e-02
-7.976949999999999319e-02
-5.937930000000000291e-02
-5.275080000000000047e-02
-2.796030000000000043e-02
2.502710000000000004e-02
2.705940000000000081e-02
2.431190000000000087e-02
3.971439999999999693e-02
6.055950000000000222e-02
5.994590000000000335e-02
6.099389999999999673e-02
4.056680000000000008e-02
-1.698830000000000132e-02
-4.196659999999999974e-02
-4.171939999999999676e-02
-4.644149999999999667e-02
-1.419179999999999921e-02
2.385460000000000011e-02
2.670700000000000157e-02
7.594619999999999843e-03
-3.338139999999999857e-02
-3.946020000000000083e-02
-2.386809999999999973e-02
1.171289999999999961e-03
1.171540000000000081e-02
-4.378739999999999889e-03
-2.572390000000000093e-02
-7.334919999999999982e-03
4.387859999999999677e-02
6.236959999999999726e-02
1.799999999999999864e-02
-1.676839999999999928e-02
-4.138320000000000019e-03
-1.499280000000000057e-02
-4.765280000000000210e-02
-6.611240000000000172e-02
-6.430249999999999855e-02
-6.643390000000000406e-02
-7.294009999999999383e-02
-7.215639999999999554e-02
-7.183169999999999833e-02
-7.763509999999999855e-02
-8.699830000000000063e-02
-9.795479999999999465e-02
-1.075569999999999998e-01
-1.014570000000000055e-01
-6.409479999999999345e-02
1.985359999999999903e-02
1.181490000000000040e-01
1.933759999999999923e-01
2.449230000000000018e-01
2.718789999999999818e-01
2.790030000000000010e-01
2.730500000000000149e-01
2.493259999999999921e-01
1.776419999999999944e-01
1.339599999999999992e-02
-1.719860000000000000e-01
-3.681920000000000193e-01
-4.875999999999999779e-01
-5.149860000000000548e-01
-4.401720000000000077e-01
-3.201649999999999774e-01
-2.123180000000000067e-01
-2.710550000000000112e-02
1.323960000000000137e-01
2.370369999999999977e-01
3.043270000000000142e-01
2.503130000000000077e-01
1.005120000000000041e-01
-5.329009999999999997e-02
-2.433909999999999962e-01
-2.805389999999999828e-01
-2.885829999999999784e-01
-2.260790000000000022e-01
-1.019700000000000051e-01
6.547129999999999617e-02
2.361739999999999950e-01
3.346750000000000003e-01
3.771289999999999920e-01
4.316159999999999997e-01
5.008559999999999679e-01
5.191519999999999468e-01
4.511569999999999747e-01
2.188809999999999922e-01
-3.560800000000000076e-02
-3.272419999999999773e-01
-5.266290000000000138e-01
-5.341350000000000264e-01
-4.165960000000000218e-01
-2.556769999999999876e-01
-1.537980000000000076e-02
1.249210000000000043e-01
2.277359999999999940e-01
2.945400000000000240e-01
2.995920000000000250e-01
2.757609999999999784e-01
2.091409999999999936e-01
1.219350000000000017e-01
1.551199999999999975e-02
-4.788280000000000314e-02
-6.965540000000000620e-02
-6.593830000000000524e-02
-8.002529999999999366e-02
-1.146070000000000005e-01
-1.500529999999999919e-01
-1.765160000000000062e-01
-1.792719999999999869e-01
-1.557630000000000126e-01
-1.279470000000000052e-01
-9.184539999999999371e-02
-5.585240000000000343e-02
-3.702090000000000242e-02
-3.804880000000000068e-02
-5.813340000000000174e-02
-8.902490000000000403e-02
-1.243080000000000018e-01
-1.684120000000000061e-01
-1.999710000000000099e-01
-2.421159999999999979e-01
-2.927449999999999775e-01
-3.746650000000000258e-01
-4.253950000000000231e-01
-5.266459999999999475e-01
-5.830300000000000482e-01
-3.089979999999999949e-01
9.622179999999999622e-02
4.170220000000000038e-01
5.313499999999999890e-01
5.655419999999999892e-01
5.653890000000000304e-01
5.329540000000000388e-01
4.630480000000000151e-01
3.460179999999999922e-01
2.610759999999999748e-01
2.333369999999999889e-01
1.798649999999999971e-01
1.569260000000000099e-01
1.972970000000000002e-01
2.228370000000000073e-01
2.460189999999999877e-01
1.968149999999999900e-01
7.582389999999999963e-02
4.721959999999999873e-03
-1.129379999999999967e-01
-3.221209999999999907e-01
-5.064330000000000220e-01
-5.129160000000000386e-01
-3.440369999999999817e-01
-1.085249999999999965e-01
9.252069999999999739e-02
2.556550000000000211e-01
3.018529999999999824e-01
1.383230000000000015e-01
8.777329999999999854e-02
8.073039999999999383e-02
6.852120000000000433e-02
2.450729999999999922e-02
-9.954259999999999498e-03
-9.668500000000000011e-03
-6.448200000000000286e-03
9.692440000000000083e-03
8.063359999999999972e-02
1.335320000000000118e-01
1.263430000000000109e-01
1.349799999999999889e-01
1.152080000000000048e-01
8.803039999999999476e-02
5.165630000000000221e-02
-7.939779999999999798e-04
-6.599829999999999586e-02
-1.270239999999999980e-01
-2.006660000000000110e-01
-2.865460000000000229e-01
-3.094740000000000268e-01
-2.882939999999999947e-01
-2.904700000000000060e-01
-2.519069999999999920e-01
-9.451640000000000041e-02
5.025940000000000268e-02
1.059839999999999949e-01
1.055460000000000009e-01
5.462650000000000144e-02
8.984640000000000334e-03
-5.701939999999999786e-02
-1.356739999999999891e-01
-1.535980000000000123e-01
-1.605419999999999903e-01
-1.339269999999999905e-01
-9.995469999999999355e-02
-8.124679999999999402e-02
9.944410000000000749e-03
7.853440000000000420e-02
1.311900000000000011e-01
1.865030000000000021e-01
2.330039999999999889e-01
3.117820000000000036e-01
3.669520000000000004e-01
4.419259999999999855e-01
4.419219999999999815e-01
2.934089999999999754e-01
1.132610000000000006e-01
-4.087890000000000273e-02
-1.733480000000000021e-01
-2.450529999999999931e-01
-1.725049999999999917e-01
-6.127139999999999670e-02
4.095510000000000123e-02
7.078919999999999657e-02
7.594439999999999524e-02
6.620449999999999946e-02
1.147159999999999985e-01
2.002039999999999931e-01
2.422880000000000034e-01
2.410229999999999873e-01
2.117570000000000008e-01
1.850219999999999920e-01
1.485889999999999989e-01
1.324009999999999909e-01
1.281029999999999947e-01
1.219620000000000010e-01
7.059859999999999747e-02
2.129079999999999862e-02
-3.216009999999999702e-02
-9.625889999999999447e-02
-1.775930000000000009e-01
-2.192409999999999914e-01
-2.057910000000000017e-01
-1.731489999999999974e-01
-1.448669999999999958e-01
-1.274879999999999902e-01
-1.137330000000000008e-01
-1.251819999999999877e-01
-1.582590000000000108e-01
-1.831260000000000110e-01
-1.803790000000000115e-01
-1.683709999999999929e-01
-1.500100000000000044e-01
-1.334230000000000138e-01
-9.465650000000000452e-02
-2.701109999999999969e-02
7.284439999999999665e-03
7.603760000000000206e-03
-1.853780000000000011e-02
-7.306490000000000207e-02
-1.593080000000000052e-01
-2.008340000000000125e-01
-2.089040000000000064e-01
-2.227109999999999923e-01
-2.276559999999999973e-01
-1.723929999999999907e-01
-3.702690000000000148e-02
4.905190000000000244e-02
1.139610000000000067e-01
1.467440000000000133e-01
1.649899999999999978e-01
1.579349999999999921e-01
1.545469999999999899e-01
8.755110000000000670e-02
-6.587519999999999487e-02
-1.959760000000000113e-01
-2.816489999999999827e-01
-3.111479999999999801e-01
-3.335879999999999956e-01
-3.273440000000000238e-01
-2.843229999999999924e-01
-1.537759999999999960e-01
-2.654279999999999834e-02
1.980509999999999909e-02
2.453579999999999997e-02
4.441869999999999673e-03
-1.826739999999999961e-02
-3.802370000000000055e-02
-4.855009999999999881e-02
-4.087770000000000292e-02
1.876579999999999915e-02
8.765870000000000606e-02
1.256970000000000032e-01
1.503009999999999902e-01
1.609960000000000002e-01
1.584969999999999990e-01
1.510479999999999878e-01
1.522280000000000022e-01
1.527189999999999936e-01
1.621889999999999998e-01
1.613100000000000089e-01
1.274869999999999892e-01
1.101580000000000059e-01
8.351970000000000227e-02
5.802480000000000138e-02
4.224750000000000033e-02
3.318780000000000341e-02
3.459340000000000331e-02
2.601219999999999921e-02
4.213870000000000094e-04
-7.342659999999999465e-02
-1.614210000000000089e-01
-1.824389999999999901e-01
-1.117540000000000061e-01
-5.974430000000000018e-02
1.075710000000000034e-02
8.021910000000000152e-02
1.070470000000000033e-01
1.362140000000000017e-01
1.481339999999999879e-01
1.533799999999999886e-01
1.376570000000000016e-01
1.176090000000000052e-01
1.032959999999999989e-01
8.581469999999999376e-02
4.677320000000000089e-02
3.102030000000000065e-02
8.920419999999999738e-02
7.609509999999999885e-02
2.227679999999999938e-02
-2.565200000000000119e-02
-7.521990000000000620e-02
-8.304839999999999445e-02
-1.019430000000000058e-01
-7.766489999999999505e-02
-1.156869999999999982e-01
-1.750730000000000064e-01
-1.528049999999999964e-01
-6.552800000000000291e-02
-1.315810000000000070e-02
1.178489999999999920e-02
3.901380000000000126e-02
7.064499999999999946e-02
1.324309999999999932e-01
1.692790000000000128e-01
2.022460000000000091e-01
2.096149999999999958e-01
1.948809999999999987e-01
1.504479999999999984e-01
1.024290000000000062e-01
3.691749999999999893e-02
-1.782289999999999916e-02
-3.995689999999999659e-02
-1.247919999999999932e-02
3.198360000000000092e-02
3.275270000000000264e-02
2.552469999999999826e-03
-3.720099999999999796e-02
-6.726250000000000284e-02
-8.211269999999999680e-02
-6.538170000000000093e-02
-4.949830000000000202e-02
-5.959740000000000176e-02
-8.422019999999999507e-02
-1.054950000000000054e-01
-1.108999999999999986e-01
-9.610430000000000361e-02
-8.718349999999999711e-02
-9.037409999999999888e-02
-1.006159999999999971e-01
-1.084210000000000035e-01
-1.133870000000000017e-01
-1.186650000000000066e-01
-1.050320000000000004e-01
-8.323129999999999418e-02
-6.350150000000000239e-02
-3.388990000000000058e-02
7.717190000000000291e-04
3.003849999999999923e-02
5.025999999999999912e-02
6.067720000000000058e-02
6.802619999999999501e-02
7.744080000000000408e-02
8.665440000000000642e-02
9.371889999999999388e-02
9.724289999999999323e-02
9.288849999999999885e-02
5.917440000000000200e-02
-1.505480000000000013e-03
-4.272170000000000134e-02
-6.071759999999999657e-02
-6.380520000000000636e-02
-6.227529999999999871e-02
-6.496399999999999397e-02
-6.447749999999999315e-02
-6.054650000000000309e-02
-5.562299999999999883e-02
-5.162370000000000153e-02
-4.956329999999999764e-02
-4.659010000000000234e-02
-3.377390000000000253e-02
-1.419909999999999922e-02
3.159190000000000088e-03
6.982089999999999824e-03
-2.368310000000000207e-03
-1.638519999999999907e-02
-2.092940000000000078e-02
-1.173719999999999972e-02
5.375269999999999701e-03
2.001220000000000082e-02
2.657580000000000012e-02
3.435529999999999834e-02
4.378819999999999935e-02
5.548140000000000016e-02
6.694609999999999450e-02
7.112499999999999378e-02
6.998970000000000191e-02
7.438379999999999992e-02
8.107390000000000430e-02
8.319749999999999368e-02
7.237520000000000064e-02
4.099579999999999891e-02
1.200739999999999967e-02
6.203499999999999813e-03
1.503149999999999972e-02
2.369740000000000041e-02
2.632179999999999936e-02
1.694889999999999938e-02
8.593480000000000129e-04
-1.216710000000000014e-02
3.048120000000000083e-03
2.861839999999999870e-02
4.042590000000000072e-02
4.062269999999999770e-02
2.808679999999999857e-02
1.770719999999999933e-02
1.327829999999999983e-02
1.675640000000000115e-02
1.712349999999999983e-02
1.062699999999999929e-02
4.488599999999999708e-03
-7.588280000000000199e-03
-2.071370000000000156e-02
-2.912980000000000083e-02
-3.327419999999999684e-02
-2.840989999999999835e-02
-2.698909999999999851e-02
-3.111299999999999830e-02
-4.069810000000000094e-02
-5.513620000000000326e-02
-7.148999999999999799e-02
-8.691150000000000264e-02
-9.390769999999999673e-02
-9.473710000000000464e-02
-8.617529999999999635e-02
-6.523270000000000457e-02
-4.183810000000000306e-02
-2.425849999999999881e-02
-1.265299999999999932e-02
-1.972660000000000212e-03
1.058959999999999936e-02
2.499289999999999845e-02
3.878220000000000278e-02
4.651369999999999810e-02
4.845669999999999839e-02
3.775280000000000302e-02
2.054829999999999851e-02
7.912469999999999573e-03
6.469180000000000156e-04
-5.314049999999999850e-03
-1.404739999999999982e-02
-1.605989999999999848e-02
-7.773549999999999731e-03
6.706280000000000227e-03
2.016509999999999830e-02
2.151339999999999850e-02
1.121340000000000010e-02
-3.535119999999999994e-04
-7.121309999999999620e-03
-6.732779999999999841e-03
-1.987829999999999892e-03
5.138809999999999732e-03
1.571300000000000127e-02
2.574469999999999884e-02
3.294679999999999831e-02
3.582099999999999868e-02
3.072199999999999931e-02
2.291170000000000012e-02
1.876430000000000112e-02
1.717609999999999970e-02
1.729119999999999963e-02
1.504310000000000022e-02
7.465389999999999700e-03
-2.520510000000000111e-03
-9.358689999999999370e-03
-1.289919999999999956e-02
-1.550950000000000072e-02
-1.451709999999999980e-02
-9.818079999999999863e-03
-2.791429999999999801e-04
9.020099999999999646e-03
1.378539999999999974e-02
1.257460000000000001e-02
7.268460000000000025e-03
6.740000000000000331e-03
8.198489999999999250e-03
1.828490000000000107e-03
-6.897709999999999606e-03
-1.688359999999999861e-02
-2.217749999999999930e-02
-1.606580000000000161e-02
-9.444040000000000767e-03
-8.416999999999999135e-03
-1.259500000000000029e-02
-2.114169999999999938e-02
-2.418340000000000073e-02
-1.108780000000000009e-02
1.650820000000000065e-02
4.701629999999999698e-02
6.801699999999999413e-02
7.609939999999999760e-02
6.967429999999999457e-02
5.379989999999999772e-02
3.219419999999999921e-02
6.818509999999999849e-03
-1.331640000000000081e-02
-2.135410000000000086e-02
-2.447130000000000138e-02
-2.544350000000000084e-02
-2.827920000000000086e-02
-3.392599999999999782e-02
-3.523269999999999874e-02
-3.000840000000000105e-02
-2.083159999999999873e-02
-1.007270000000000040e-02
-1.338580000000000022e-03
3.042219999999999994e-03
5.625770000000000423e-03
1.094900000000000040e-02
2.534729999999999969e-02
4.116940000000000183e-02
5.166810000000000153e-02
5.029209999999999930e-02
3.766540000000000166e-02
2.020080000000000139e-02
6.581659999999999594e-03
1.816120000000000061e-03
-1.084869999999999932e-03
-7.371240000000000257e-03
-1.646469999999999878e-02
-1.831810000000000035e-02
-3.189570000000000079e-03
2.257959999999999828e-02
4.257760000000000017e-02
5.541730000000000267e-02
5.754789999999999905e-02
4.752839999999999843e-02
2.951300000000000104e-02
1.165169999999999921e-02
-9.382859999999999812e-04
-6.051660000000000372e-03
1.151469999999999924e-03
1.599640000000000090e-02
2.894930000000000073e-02
3.800989999999999924e-02
4.098820000000000241e-02
3.850329999999999725e-02
3.381429999999999853e-02
2.474530000000000132e-02
1.026119999999999984e-02
-9.877759999999999319e-03
-3.279320000000000151e-02
-5.378489999999999660e-02
-6.914109999999999701e-02
-7.644140000000000656e-02
-7.380169999999999786e-02
-6.575100000000000389e-02
-5.503190000000000165e-02
-4.581020000000000231e-02
-3.835310000000000108e-02
-2.921709999999999932e-02
-1.559299999999999922e-02
2.263999999999999953e-03
1.752820000000000072e-02
2.552180000000000074e-02
2.595619999999999872e-02
2.220350000000000101e-02
1.719729999999999870e-02
8.436370000000000327e-03
-9.862539999999999502e-03
-3.478019999999999723e-02
-5.578829999999999900e-02
-6.964410000000000045e-02
-6.551519999999999566e-02
-5.655049999999999660e-02
-4.838250000000000189e-02
-3.369049999999999823e-02
-1.717679999999999901e-02
-3.175410000000000038e-03
1.565439999999999974e-03
-3.795789999999999841e-03
-1.881129999999999955e-02
-3.610859999999999764e-02
-3.942679999999999796e-02
-2.373209999999999903e-02
-8.313930000000000625e-03
1.794979999999999948e-04
-3.592569999999999791e-03
-1.507990000000000025e-02
-2.189769999999999911e-02
-2.010670000000000165e-02
-1.347270000000000065e-02
-9.126630000000000159e-03
-1.084139999999999930e-02
-1.899939999999999962e-02
-2.453920000000000060e-02
-1.822340000000000071e-02
-3.101029999999999846e-03
1.111460000000000052e-02
1.651029999999999859e-02
1.463539999999999980e-02
1.004940000000000000e-02
7.700209999999999867e-03
7.537920000000000037e-03
2.473509999999999945e-03
-3.622129999999999881e-03
-1.219939999999999913e-02
-2.017189999999999955e-02
-2.142449999999999910e-02
-1.723349999999999882e-02
-1.612179999999999863e-02
-1.608000000000000054e-02
-9.386919999999999986e-03
1.334179999999999915e-03
1.343429999999999971e-02
2.560180000000000095e-02
4.088540000000000230e-02
5.680240000000000289e-02
7.189109999999999945e-02
7.501929999999999710e-02
6.681030000000000302e-02
3.639989999999999892e-02
-3.671950000000000214e-03
-2.467590000000000061e-02
-3.690890000000000143e-02
-3.749450000000000005e-02
-3.039330000000000157e-02
-1.856649999999999967e-02
-6.907029999999999767e-03
3.341820000000000120e-03
1.352949999999999986e-02
2.267260000000000109e-02
2.803670000000000120e-02
2.915039999999999992e-02
2.564050000000000010e-02
1.678069999999999909e-02
6.378609999999999836e-03
2.072060000000000134e-03
3.412230000000000037e-03
2.556350000000000202e-03
2.232899999999999902e-03
5.955789999999999869e-03
1.615979999999999847e-02
3.228070000000000245e-02
4.896380000000000177e-02
5.897390000000000271e-02
6.421659999999999868e-02
6.313230000000000230e-02
5.984570000000000167e-02
5.056259999999999921e-02
3.108150000000000149e-02
-7.813250000000000750e-03
-4.640099999999999780e-02
-6.314029999999999643e-02
-6.611980000000000635e-02
-5.423999999999999655e-02
-3.668180000000000052e-02
-1.669910000000000144e-02
-2.264180000000000186e-03
4.053600000000000085e-03
5.283610000000000216e-03
8.252540000000000103e-05
-1.272880000000000018e-02
-2.840929999999999844e-02
-3.802699999999999830e-02
-3.835149999999999670e-02
-3.199899999999999967e-02
-2.707559999999999828e-02
-2.608840000000000117e-02
-3.084059999999999926e-02
-3.681389999999999663e-02
-4.041249999999999704e-02
-4.119699999999999751e-02
-3.525360000000000299e-02
-3.051169999999999924e-02
-3.023330000000000115e-02
-3.022530000000000008e-02
-2.503970000000000154e-02
-1.111380000000000007e-02
3.078430000000000055e-03
1.423609999999999980e-02
2.358630000000000101e-02
3.283760000000000151e-02
4.188800000000000162e-02
5.052530000000000215e-02
5.822610000000000285e-02
6.154409999999999742e-02
5.623800000000000326e-02
4.795649999999999913e-02
4.220360000000000084e-02
3.673429999999999751e-02
3.012050000000000144e-02
2.159319999999999989e-02
1.447649999999999978e-02
9.740570000000000478e-03
1.099709999999999924e-02
1.870820000000000122e-02
2.642639999999999920e-02
3.325319999999999665e-02
3.950370000000000270e-02
4.585410000000000180e-02
4.557250000000000190e-02
3.459820000000000256e-02
1.665729999999999988e-02
-5.310529999999999938e-03
-2.416630000000000167e-02
-3.421649999999999692e-02
-3.043039999999999981e-02
-2.109240000000000073e-02
-1.011719999999999980e-02
-1.431030000000000019e-03
2.530549999999999900e-03
1.894999999999999983e-03
1.002400000000000079e-03
3.050470000000000004e-03
7.620990000000000229e-03
1.330429999999999981e-02
1.546359999999999922e-02
1.611730000000000107e-02
1.112229999999999989e-02
6.418949999999999656e-03
4.366619999999999877e-03
-7.242929999999999854e-04
-1.000430000000000069e-02
-1.921499999999999944e-02
-2.460379999999999859e-02
-2.448149999999999979e-02
-1.697540000000000160e-02
-9.728389999999999954e-03
-1.114929999999999914e-02
-2.082519999999999857e-02
-3.087739999999999929e-02
-3.820309999999999678e-02
-4.170689999999999814e-02
-4.406109999999999888e-02
-4.853600000000000275e-02
-5.093810000000000004e-02
-4.528739999999999849e-02
-3.306789999999999730e-02
-1.575249999999999914e-02
1.937279999999999992e-03
6.196710000000000239e-03
4.077060000000000406e-03
3.456809999999999831e-03
4.273739999999999831e-03
6.444209999999999695e-03
1.049959999999999956e-02
1.451430000000000081e-02
1.494670000000000026e-02
1.507310000000000073e-02
1.299220000000000062e-02
7.470830000000000352e-03
-2.036679999999999914e-03
-9.996839999999999893e-03
-1.132909999999999993e-02
-7.105320000000000039e-03
1.476880000000000076e-03
8.867709999999999135e-03
9.654050000000000825e-03
8.615599999999999301e-03
8.756279999999999966e-03
1.014649999999999927e-02
1.292790000000000085e-02
1.265960000000000002e-02
9.434249999999999928e-03
7.806239999999999880e-03
1.317439999999999931e-02
2.151080000000000006e-02
2.728999999999999829e-02
2.544170000000000112e-02
1.513250000000000012e-02
1.206349999999999914e-03
-1.467210000000000042e-02
-2.885729999999999892e-02
-4.117080000000000045e-02
-4.828339999999999715e-02
-4.917080000000000062e-02
-4.337219999999999964e-02
-3.159639999999999671e-02
-1.576400000000000023e-02
-1.642229999999999894e-04
7.982440000000000369e-03
1.121680000000000073e-02
1.156549999999999939e-02
1.183990000000000042e-02
1.001400000000000033e-02
4.298830000000000012e-03
3.095369999999999741e-04
6.185210000000000230e-04
3.423439999999999817e-03
7.878730000000000455e-03
1.203820000000000064e-02
1.510320000000000065e-02
1.707890000000000102e-02
1.953809999999999922e-02
2.187679999999999833e-02
2.609650000000000164e-02
2.956649999999999903e-02
2.669099999999999945e-02
2.125130000000000075e-02
1.498939999999999995e-02
1.032590000000000070e-02
8.473529999999999951e-03
8.214380000000000293e-03
6.663910000000000319e-03
4.954319999999999904e-03
3.041750000000000183e-03
-2.613199999999999985e-03
-1.413820000000000007e-02
-2.881709999999999827e-02
-4.027490000000000236e-02
-4.452430000000000276e-02
-3.730270000000000113e-02
-2.432230000000000156e-02
-1.060329999999999953e-02
-1.214309999999999912e-03
2.969659999999999835e-03
3.290889999999999874e-03
2.713510000000000141e-03
2.093279999999999880e-03
-4.527040000000000079e-04
-5.757789999999999610e-03
-1.572830000000000061e-02
-2.663319999999999924e-02
-3.322150000000000103e-02
-3.164360000000000089e-02
-2.543389999999999887e-02
-1.956079999999999972e-02
-1.437719999999999970e-02
-6.449859999999999968e-03
3.038120000000000057e-03
8.363469999999999585e-03
8.277730000000000504e-03
6.282549999999999593e-03
3.622329999999999994e-03
2.644089999999999982e-03
2.985729999999999808e-03
8.701890000000000536e-04
-1.389169999999999901e-03
-3.479209999999999942e-03
-4.905230000000000007e-03
-5.994649999999999805e-03
-1.118859999999999993e-02
-1.744220000000000145e-02
-1.768300000000000080e-02
-9.664839999999999196e-03
2.948420000000000207e-03
1.185300000000000069e-02
1.534849999999999930e-02
1.653769999999999893e-02
1.865620000000000125e-02
2.058190000000000019e-02
2.148150000000000059e-02
1.898549999999999890e-02
1.293279999999999950e-02
1.030520000000000047e-02
1.381489999999999975e-02
1.949630000000000113e-02
2.101810000000000136e-02
2.078649999999999942e-02
1.806100000000000066e-02
1.381469999999999920e-02
9.314400000000000457e-03
3.897129999999999952e-03
-3.428560000000000201e-03
-1.164169999999999962e-02
-1.883369999999999836e-02
-2.291270000000000112e-02
-2.115329999999999988e-02
-1.238030000000000033e-02
3.130759999999999793e-03
2.250560000000000060e-02
3.961810000000000331e-02
4.783420000000000033e-02
4.800549999999999956e-02
4.173650000000000276e-02
3.093670000000000100e-02
2.077949999999999936e-02
1.082630000000000051e-02
7.988600000000000215e-03
1.078130000000000061e-02
1.195019999999999936e-02
1.068539999999999941e-02
1.096480000000000024e-02
1.113710000000000047e-02
6.438949999999999708e-03
2.020269999999999792e-03
-3.677489999999999839e-03
-9.557829999999999798e-03
-1.412129999999999982e-02
-1.633070000000000008e-02
-1.639499999999999985e-02
-1.630329999999999974e-02
-1.595550000000000093e-02
-1.340449999999999975e-02
-9.870240000000000610e-03
-7.300899999999999924e-03
-6.533889999999999663e-03
-7.391749999999999883e-03
-1.056909999999999968e-02
-1.492659999999999994e-02
-1.869760000000000172e-02
-1.898829999999999962e-02
-1.702789999999999859e-02
-1.107320000000000006e-02
-2.862190000000000133e-03
1.869549999999999988e-03
3.144520000000000041e-03
-3.601800000000000054e-03
-1.544200000000000086e-02
-2.924360000000000154e-02
-3.920810000000000267e-02
-4.495380000000000209e-02
-4.670110000000000233e-02
-4.671639999999999820e-02
-4.349519999999999775e-02
-3.550969999999999821e-02
-2.737929999999999878e-02
-1.680500000000000049e-02
-5.602379999999999687e-03
2.820749999999999907e-03
6.920100000000000209e-03
7.660590000000000108e-03
4.790280000000000059e-03
-2.646569999999999999e-03
-6.889799999999999744e-03
-4.652960000000000255e-03
2.618590000000000067e-03
1.030939999999999981e-02
1.442809999999999926e-02
1.783689999999999928e-02
1.906499999999999861e-02
1.720139999999999864e-02
1.634460000000000079e-02
1.619359999999999897e-02
1.440349999999999964e-02
1.210540000000000053e-02
9.182030000000000747e-03
1.050390000000000004e-02
1.696459999999999982e-02
2.183509999999999965e-02
2.305389999999999870e-02
1.850370000000000140e-02
1.228880000000000076e-02
6.227950000000000326e-03
-5.356920000000000475e-04
-6.241589999999999985e-03
-1.214540000000000064e-02
-1.339180000000000058e-02
-6.598650000000000175e-03
4.804929999999999791e-03
1.859730000000000064e-02
3.031609999999999860e-02
3.628409999999999969e-02
3.800379999999999731e-02
3.766819999999999891e-02
3.821700000000000097e-02
3.836380000000000345e-02
3.856779999999999931e-02
3.819750000000000228e-02
3.427659999999999735e-02
3.079840000000000008e-02
2.589930000000000010e-02
1.887870000000000173e-02
1.197630000000000049e-02
3.627599999999999922e-03
-3.040160000000000085e-03
-8.296229999999999924e-03
-9.450880000000000045e-03
-7.521060000000000419e-03
-6.436810000000000274e-03
-5.042480000000000226e-03
-5.332169999999999792e-03
-8.374839999999999715e-03
-1.273329999999999948e-02
-1.728760000000000019e-02
-1.798019999999999827e-02
-1.344330000000000004e-02
-5.871809999999999877e-03
-6.802259999999999481e-05
3.906870000000000086e-05
-1.642919999999999971e-03
-1.873450000000000028e-03
-2.992400000000000095e-03
-3.429980000000000008e-03
-5.569949999999999728e-03
-5.833119999999999798e-03
-9.707820000000000034e-04
2.662449999999999799e-03
4.096569999999999899e-03
1.450679999999999982e-03
-2.908800000000000014e-03
-6.746049999999999963e-03
-9.012489999999999737e-03
-1.095660000000000037e-02
-8.033300000000000163e-03
-4.302140000000000304e-03
-2.935449999999999822e-04
1.744410000000000058e-03
1.664710000000000126e-04
4.712900000000000227e-05
-1.560390000000000041e-03
-2.588730000000000133e-04
2.619569999999999885e-03
3.796649999999999938e-03
3.826229999999999909e-03
6.643460000000000337e-03
8.473349999999999285e-03
6.662849999999999676e-03
1.420049999999999958e-03
-5.840309999999999599e-03
-1.412270000000000018e-02
-2.100870000000000168e-02
-2.425539999999999988e-02
-2.310579999999999926e-02
-1.715519999999999892e-02
-1.073939999999999964e-02
-5.845389999999999787e-03
-3.652380000000000210e-03
-1.751100000000000009e-03
-1.248229999999999913e-03
-2.143780000000000078e-03
-5.356780000000000222e-03
-6.891869999999999594e-03
-4.367369999999999759e-03
-8.493799999999999484e-04
3.144469999999999796e-04
-3.942000000000000191e-03
-8.845139999999999600e-03
-1.371870000000000034e-02
-1.537310000000000065e-02
-1.703270000000000131e-02
-2.217550000000000077e-02
-2.647479999999999972e-02
-2.973980000000000026e-02
-3.265089999999999659e-02
-3.291809999999999875e-02
-3.235299999999999981e-02
-3.137380000000000030e-02
-2.909710000000000074e-02
-2.506709999999999841e-02
-1.996910000000000004e-02
-1.729469999999999966e-02
-1.644910000000000122e-02
-1.492519999999999958e-02
-1.318509999999999995e-02
-9.879219999999999322e-03
-9.666020000000000861e-03
-9.816969999999999516e-03
-6.006230000000000423e-03
-1.127560000000000107e-03
3.458380000000000048e-03
2.645450000000000145e-03
1.944079999999999994e-04
-4.052860000000000143e-03
-6.372319999999999894e-03
-8.369460000000000441e-03
-6.963880000000000417e-03
-1.469129999999999915e-03
2.546629999999999814e-03
5.673970000000000402e-03
4.504049999999999894e-03
3.206629999999999810e-03
2.642590000000000217e-03
3.207690000000000020e-03
5.237509999999999909e-03
9.662290000000000462e-03
1.585369999999999835e-02
2.146270000000000122e-02
2.588539999999999938e-02
2.897709999999999869e-02
3.098549999999999915e-02
3.123439999999999897e-02
3.126700000000000312e-02
2.946680000000000132e-02
2.782360000000000042e-02
2.573869999999999977e-02
2.265119999999999981e-02
2.182200000000000112e-02
2.007979999999999834e-02
2.038689999999999947e-02
2.170880000000000032e-02
2.330619999999999914e-02
2.374990000000000087e-02
1.972399999999999848e-02
1.497899999999999926e-02
1.089590000000000003e-02
8.974279999999999410e-03
8.560180000000000566e-03
8.020630000000000814e-03
5.164659999999999737e-03
1.679350000000000027e-03
-8.920449999999999473e-04
-3.373679999999999995e-03
-4.814910000000000370e-03
-6.036839999999999914e-03
-6.497850000000000327e-03
-6.081660000000000017e-03
-5.325810000000000266e-03
-5.959199999999999567e-03
-5.495070000000000336e-03
-4.648440000000000211e-03
-6.394649999999999987e-03
-7.308539999999999655e-03
-9.829950000000000493e-03
-1.098350000000000021e-02
-9.873750000000000582e-03
-6.045659999999999576e-03
-2.862200000000000074e-03
-3.543530000000000030e-03
-3.838279999999999904e-03
-5.168319999999999685e-03
-5.835370000000000314e-03
-9.214599999999999874e-03
-1.380660000000000047e-02
-1.512340000000000038e-02
-1.058440000000000075e-02
-2.694620000000000001e-03
4.941130000000000175e-03
1.113160000000000018e-02
1.504740000000000071e-02
1.555229999999999980e-02
1.197009999999999914e-02
9.417069999999999608e-03
6.623330000000000189e-03
3.386899999999999980e-03
1.923010000000000008e-04
-3.801979999999999943e-03
-6.188739999999999866e-03
-5.510410000000000308e-03
-8.714099999999999797e-04
4.914070000000000417e-03
9.625490000000000435e-03
1.347500000000000087e-02
1.388200000000000024e-02
7.042960000000000019e-03
-2.135979999999999997e-03
-7.732679999999999589e-03
-9.336080000000000073e-03
-7.420480000000000131e-03
-2.876339999999999800e-03
1.982980000000000072e-03
4.710500000000000277e-03
5.773379999999999831e-03
2.333979999999999822e-03
-3.723760000000000004e-03
-6.188029999999999746e-03
-5.215929999999999699e-03
-6.330310000000000450e-04
4.382350000000000134e-03
7.428109999999999921e-03
1.018619999999999942e-02
1.223239999999999918e-02
1.257409999999999951e-02
7.539460000000000432e-03
9.360279999999999902e-04
-5.957089999999999955e-03
-8.400960000000000719e-03
-7.633880000000000006e-03
-5.568339999999999748e-03
-3.487490000000000208e-03
-3.475209999999999844e-03
-4.898060000000000087e-03
-7.109380000000000213e-03
-1.070379999999999943e-02
-1.430539999999999937e-02
-1.527129999999999981e-02
-1.451339999999999922e-02
-1.076069999999999978e-02
-8.010790000000000272e-03
-6.299179999999999710e-03
-5.914589999999999952e-03
-4.830280000000000164e-03
-1.889580000000000079e-03
-1.473710000000000092e-04
1.281699999999999983e-03
1.809080000000000020e-03
9.370309999999999534e-04
1.257359999999999901e-03
1.818409999999999905e-03
4.060410000000000408e-03
6.151460000000000088e-03
6.695170000000000288e-03
7.349040000000000260e-03
4.933729999999999886e-03
3.772000000000000179e-03
3.860789999999999795e-03
4.977739999999999596e-03
6.056940000000000240e-03
4.194469999999999622e-03
1.594539999999999976e-03
-2.039669999999999938e-03
-4.005159999999999797e-03
-6.304190000000000314e-03
-8.219699999999999923e-03
-9.201910000000000645e-03
-9.539479999999999488e-03
-5.686880000000000060e-03
-1.431390000000000049e-03
1.838779999999999928e-03
4.891689999999999754e-03
6.415620000000000350e-03
3.261829999999999851e-03
-2.759179999999999966e-03
-9.306500000000000536e-03
-1.261639999999999984e-02
-1.199509999999999986e-02
-1.006420000000000058e-02
-7.629419999999999605e-03
-6.844979999999999641e-03
-3.454449999999999969e-03
-1.185920000000000030e-03
-9.941080000000000576e-04
-1.928379999999999938e-03
-2.854479999999999951e-03
-2.061889999999999817e-03
-1.283580000000000094e-03
1.298099999999999948e-03
1.147189999999999972e-03
6.535640000000000329e-04
1.794999999999999938e-03
3.697349999999999855e-03
4.251269999999999702e-03
4.126880000000000305e-03
2.514310000000000069e-03
2.169610000000000202e-03
4.162799999999999920e-04
-2.384579999999999859e-03
-4.168510000000000271e-03
-4.255160000000000019e-03
-1.232840000000000021e-03
7.062319999999999969e-04
4.651650000000000229e-03
6.528499999999999581e-03
7.544480000000000110e-03
7.239549999999999978e-03
6.105369999999999721e-03
3.464640000000000167e-03
2.078519999999999934e-03
3.449450000000000172e-03
7.272469999999999629e-03
1.122300000000000034e-02
1.314470000000000048e-02
1.299480000000000079e-02
1.142310000000000027e-02
9.854359999999999509e-03
4.746260000000000409e-03
7.581149999999999608e-04
3.828099999999999754e-04
1.676229999999999908e-03
6.525360000000000014e-03
1.085840000000000069e-02
1.005160000000000081e-02
6.893749999999999704e-03
3.355420000000000017e-03
1.011519999999999911e-03
-1.645519999999999925e-03
-4.366830000000000364e-03
-6.415950000000000125e-03
-7.697009999999999789e-03
-9.114759999999999529e-03
-9.899079999999999338e-03
-7.548949999999999584e-03
-1.367689999999999965e-03
5.179750000000000326e-03
9.579060000000000352e-03
1.164869999999999968e-02
1.053800000000000049e-02
7.554530000000000273e-03
3.159410000000000083e-03
-2.044960000000000018e-04
-2.518820000000000173e-03
-3.200119999999999874e-03
-3.386730000000000122e-03
-6.189629999999999785e-03
-5.977409999999999841e-03
-6.039580000000000122e-03
-5.732499999999999749e-03
-5.303020000000000303e-03
-6.339290000000000029e-03
-7.689709999999999775e-03
-1.161260000000000070e-02
-1.395240000000000022e-02
-1.450820000000000061e-02
-1.338720000000000014e-02
-1.218050000000000035e-02
-1.161230000000000075e-02
-1.057489999999999992e-02
-9.512009999999999563e-03
-9.876090000000000563e-03
-9.454769999999999494e-03
-8.003259999999999888e-03
-5.106399999999999655e-03
-2.157520000000000011e-03
-8.263689999999999751e-04
-2.472590000000000204e-03
-3.218159999999999858e-03
-4.348259999999999625e-03
-5.598729999999999679e-03
-4.122729999999999798e-03
-4.063510000000000212e-03
-3.710540000000000019e-03
-5.056879999999999709e-03
-6.852030000000000273e-03
-6.789749999999999779e-03
-6.885579999999999652e-03
-6.375519999999999972e-03
-5.640049999999999751e-03
-3.003290000000000039e-03
-2.339390000000000111e-04
2.512980000000000162e-03
4.421450000000000380e-03
4.611230000000000016e-03
4.592920000000000336e-03
5.503830000000000354e-03
7.431690000000000344e-03
7.470499999999999710e-03
8.111119999999999441e-03
8.551809999999999967e-03
7.303379999999999941e-03
5.562300000000000057e-03
3.582530000000000003e-03
2.107669999999999856e-03
1.045899999999999998e-03
5.675730000000000358e-04
1.863029999999999894e-03
2.754560000000000081e-03
4.614069999999999630e-03
4.861980000000000121e-03
5.519940000000000090e-03
7.171369999999999828e-03
7.066359999999999829e-03
5.917900000000000243e-03
2.847750000000000021e-03
3.518600000000000091e-04
-2.506130000000000076e-03
-3.912660000000000096e-03
-2.899740000000000043e-03
-1.935789999999999950e-03
-1.308439999999999907e-03
-1.698029999999999895e-03
-4.688620000000000114e-03
-7.715930000000000184e-03
-9.674280000000000379e-03
-9.613029999999999839e-03
-6.434660000000000032e-03
-1.632449999999999917e-03
1.099160000000000068e-03
2.599629999999999910e-03
4.957920000000000209e-03
6.790909999999999828e-03
8.531079999999999913e-03
8.950349999999999279e-03
7.488739999999999807e-03
5.758870000000000135e-03
5.199959999999999999e-03
5.677360000000000219e-03
6.740249999999999714e-03
7.972460000000000657e-03
1.065920000000000062e-02
1.266250000000000014e-02
1.251979999999999933e-02
1.262890000000000019e-02
1.201289999999999997e-02
1.317270000000000073e-02
1.403060000000000071e-02
1.355630000000000029e-02
1.141439999999999989e-02
9.588609999999999148e-03
8.173909999999999509e-03
7.767999999999999731e-03
7.964900000000000452e-03
9.212410000000000737e-03
1.013859999999999935e-02
9.616420000000000523e-03
7.292899999999999730e-03
3.382270000000000155e-03
1.738069999999999980e-03
-9.890719999999999384e-05
-9.954440000000000597e-04
-2.967010000000000177e-04
1.726000000000000104e-03
2.772559999999999868e-03
4.412769999999999887e-03
4.040509999999999761e-03
2.224949999999999845e-03
-9.390499999999999759e-04
-5.581029999999999845e-03
-9.590609999999999413e-03
-1.270770000000000059e-02
-1.286170000000000022e-02
-1.116130000000000073e-02
-8.951930000000000304e-03
-7.209730000000000132e-03
-4.687229999999999695e-03
-3.164329999999999921e-03
-1.985170000000000077e-03
-7.448160000000000327e-04
-6.774590000000000473e-04
9.963990000000000260e-04
2.835499999999999913e-03
5.911849999999999744e-03
8.172209999999999197e-03
1.046519999999999916e-02
1.088450000000000008e-02
9.019940000000000596e-03
7.766389999999999752e-03
5.471420000000000276e-03
4.196459999999999947e-03
2.913329999999999999e-03
2.102469999999999947e-03
2.319760000000000138e-03
2.179030000000000203e-03
2.169889999999999840e-03
3.269479999999999956e-03
1.944530000000000087e-03
5.583819999999999539e-04
-1.342869999999999914e-03
-2.928940000000000102e-03
-3.038040000000000098e-03
-1.806880000000000075e-03
-1.067349999999999896e-03
-3.270519999999999851e-03
-7.141390000000000064e-03
-1.084290000000000080e-02
-1.216990000000000086e-02
-1.213930000000000044e-02
-1.155579999999999975e-02
-8.492750000000000299e-03
-4.344380000000000117e-03
-1.928999999999999942e-03
9.872089999999999598e-04
2.577410000000000031e-03
3.041540000000000129e-03
1.771659999999999988e-03
-1.730989999999999959e-03
-2.495970000000000133e-03
-3.029410000000000176e-03
-3.754599999999999865e-03
-2.280680000000000207e-03
-3.584219999999999941e-03
-3.243520000000000170e-03
-4.161500000000000268e-03
-4.919340000000000344e-03
-5.249799999999999779e-03
-6.665540000000000180e-03
-7.670220000000000163e-03
-8.236300000000000218e-03
-9.533720000000000735e-03
-1.026099999999999929e-02
-1.023340000000000014e-02
-9.865169999999999495e-03
-7.359010000000000030e-03
-4.404059999999999572e-03
-1.768360000000000071e-03
-2.804669999999999993e-03
-3.617589999999999955e-03
-5.702460000000000341e-03
-6.552099999999999938e-03
-7.058009999999999978e-03
-8.009660000000000044e-03
-7.470069999999999662e-03
-7.933139999999999983e-03
-8.313589999999999175e-03
-8.629770000000000149e-03
-9.183629999999999918e-03
-9.579370000000000246e-03
-1.171520000000000027e-02
-1.286379999999999989e-02
-1.190390000000000024e-02
-1.061460000000000008e-02
-9.980199999999999835e-03
-9.650729999999999725e-03
-8.457320000000000809e-03
-6.882440000000000085e-03
-7.803499999999999673e-03
-7.177209999999999840e-03
-5.050510000000000242e-03
-4.267149999999999936e-03
-8.450439999999999818e-04
-6.502219999999999962e-04
3.044990000000000131e-04
1.026659999999999986e-03
9.634199999999999882e-04
4.238390000000000191e-04
-1.308120000000000073e-03
-3.330040000000000257e-04
1.781449999999999961e-03
4.065230000000000406e-03
4.349809999999999961e-03
2.195560000000000046e-03
-2.046619999999999863e-03
-4.202909999999999806e-03
-4.674150000000000180e-03
-5.990979999999999916e-03
-4.802690000000000084e-03
-4.074419999999999605e-03
-2.647440000000000036e-03
-5.574729999999999529e-04
2.554570000000000039e-04
1.793609999999999953e-03
2.610620000000000128e-03
5.063699999999999972e-03
6.440689999999999783e-03
7.997199999999999448e-03
7.985960000000000281e-03
7.229110000000000397e-03
8.779500000000000845e-03
8.498979999999999729e-03
7.522820000000000375e-03
7.593189999999999662e-03
8.747809999999999961e-03
1.184250000000000060e-02
1.347450000000000037e-02
1.171799999999999925e-02
7.290149999999999582e-03
3.991449999999999686e-03
1.743350000000000065e-03
2.612649999999999998e-04
4.703420000000000040e-04
1.351599999999999894e-03
3.726129999999999807e-03
5.091889999999999958e-03
3.055940000000000045e-03
1.188299999999999990e-03
7.323269999999999563e-04
8.036989999999999499e-04
6.221100000000000458e-04
-1.191479999999999970e-03
-1.518929999999999933e-03
-1.659719999999999945e-03
-1.348540000000000069e-04
1.144190000000000007e-03
1.912220000000000066e-03
4.816130000000000064e-03
5.698390000000000226e-03
6.688770000000000132e-03
5.597340000000000128e-03
2.882060000000000091e-03
2.598459999999999919e-03
4.136579999999999945e-03
5.874619999999999669e-03
6.614079999999999612e-03
7.139340000000000096e-03
6.297800000000000099e-03
5.398120000000000175e-03
5.745890000000000025e-03
4.696269999999999785e-03
3.775160000000000061e-03
4.025019999999999813e-03
3.252829999999999958e-03
2.077739999999999795e-03
8.118739999999999724e-04
1.893029999999999973e-03
4.749989999999999941e-03
6.397240000000000218e-03
6.160549999999999880e-03
5.538300000000000341e-03
3.836889999999999919e-03
3.596110000000000018e-03
4.286599999999999785e-03
5.758400000000000324e-03
8.410340000000000524e-03
8.341940000000000813e-03
8.512230000000000837e-03
7.954229999999999634e-03
8.142869999999999969e-03
8.230519999999999850e-03
9.306560000000000180e-03
8.760799999999999144e-03
7.858030000000000223e-03
6.384070000000000369e-03
5.183459999999999977e-03
4.207250000000000052e-03
3.013790000000000132e-03
2.861740000000000204e-03
2.477130000000000130e-03
2.648419999999999854e-03
1.372329999999999947e-03
-9.400860000000000249e-04
-5.182339999999999690e-03
-6.255450000000000073e-03
-6.097430000000000037e-03
-6.024070000000000293e-03
-4.432939999999999797e-03
-2.993800000000000020e-03
-6.545930000000000531e-05
1.449159999999999901e-03
6.850989999999999944e-04
-5.114429999999999888e-04
-2.495429999999999870e-03
-3.980629999999999759e-03
-6.525610000000000264e-03
-7.808859999999999933e-03
-6.789970000000000207e-03
-4.854100000000000081e-03
-2.183819999999999945e-03
-3.458739999999999753e-04
-4.326649999999999919e-04
-1.797519999999999934e-03
-2.307609999999999870e-03
-3.548019999999999820e-03
-4.211119999999999620e-03
-4.518229999999999816e-03
-2.889389999999999927e-03
-1.547170000000000056e-03
-7.302499999999999963e-04
-5.294100000000000151e-04
-1.969750000000000147e-03
-3.070429999999999861e-03
-5.997940000000000216e-03
-7.293439999999999993e-03
-9.934329999999999897e-03
-1.077179999999999978e-02
-1.036800000000000048e-02
-9.537870000000000376e-03
-8.088559999999999847e-03
-7.472590000000000308e-03
-5.249099999999999600e-03
-4.722900000000000362e-03
-3.249109999999999932e-03
-2.542369999999999960e-03
-1.845819999999999969e-03
-2.177440000000000105e-03
-1.059639999999999931e-03
1.024100000000000010e-03
3.312859999999999937e-03
4.965139999999999831e-03
4.654939999999999772e-03
5.383090000000000097e-03
6.601870000000000134e-03
6.560940000000000348e-03
6.705649999999999632e-03
7.572520000000000119e-03
9.203370000000000647e-03
9.874400000000000191e-03
9.549909999999999996e-03
1.093489999999999913e-02
9.520060000000000328e-03
7.338139999999999941e-03
6.136449999999999891e-03
4.245230000000000010e-03
3.852389999999999808e-03
3.564610000000000174e-03
4.117299999999999953e-03
4.863799999999999721e-03
6.157020000000000028e-03
4.075050000000000200e-03
4.192239999999999964e-04
-1.623979999999999911e-03
-3.620270000000000085e-03
-3.652040000000000061e-03
-4.903069999999999824e-03
-6.124260000000000294e-03
-5.734920000000000122e-03
-4.205519999999999918e-03
-4.876649999999999735e-03
-5.108530000000000015e-03
-5.149240000000000241e-03
-5.334440000000000189e-03
-5.523339999999999847e-03
-6.441589999999999643e-03
-5.340919999999999869e-03
-2.985779999999999944e-03
-1.840859999999999936e-03
-3.569160000000000041e-03
-5.775100000000000025e-03
-6.912569999999999826e-03
-6.466379999999999871e-03
-5.955410000000000391e-03
-8.119380000000000694e-03
-9.780489999999999323e-03
-1.034960000000000047e-02
-6.682829999999999847e-03
-2.684740000000000130e-03
-3.541220000000000088e-04
1.345569999999999926e-04
-1.309349999999999924e-03
-2.392609999999999876e-03
-3.021849999999999970e-03
-3.533740000000000058e-03
-5.010399999999999923e-03
-6.108480000000000333e-03
-6.775309999999999666e-03
-6.953739999999999921e-03
-6.590870000000000409e-03
-6.157440000000000135e-03
-5.010330000000000339e-03
-3.903160000000000136e-03
-3.765699999999999863e-03
-3.557550000000000035e-03
-2.377419999999999881e-03
-3.927739999999999769e-04
6.737839999999999715e-04
1.308740000000000077e-03
1.662709999999999969e-03
1.900819999999999897e-03
1.885739999999999899e-03
9.061359999999999857e-04
9.284050000000000668e-05
-1.146270000000000015e-03
-2.605409999999999844e-03
-3.895109999999999805e-03
-4.647939999999999711e-03
-2.828729999999999786e-03
8.322260000000000378e-04
3.167010000000000051e-03
2.623739999999999840e-03
2.456579999999999875e-03
1.866000000000000037e-03
2.632740000000000167e-03
2.472719999999999866e-03
2.412520000000000029e-03
2.284720000000000067e-03
2.238739999999999914e-03
2.700680000000000008e-03
3.097860000000000023e-03
4.122259999999999987e-03
3.972670000000000194e-03
3.348779999999999986e-03
2.170940000000000109e-03
2.488349999999999850e-03
3.221159999999999822e-03
4.631989999999999892e-03
5.202080000000000419e-03
5.245139999999999698e-03
5.382149999999999608e-03
5.279019999999999720e-03
4.740450000000000219e-03
3.554090000000000200e-03
3.749769999999999926e-03
4.017599999999999644e-03
4.346560000000000180e-03
4.597079999999999916e-03
3.076469999999999986e-03
1.685609999999999930e-03
7.747350000000000287e-04
6.384010000000000292e-04
4.985659999999999831e-04
1.055139999999999984e-03
2.012460000000000204e-03
2.711760000000000125e-03
3.824399999999999935e-03
3.045079999999999922e-03
1.788700000000000056e-03
1.314740000000000006e-03
1.407019999999999929e-03
1.240999999999999916e-03
1.237169999999999893e-03
5.387340000000000228e-04
-4.194399999999999821e-04
-9.146510000000000491e-04
-1.677799999999999908e-03
-1.889199999999999951e-03
-2.270390000000000168e-03
-1.798700000000000082e-03
-6.042699999999999591e-04
-6.232450000000000273e-04
-6.309109999999999501e-04
-3.775590000000000218e-04
-6.323089999999999527e-04
-1.284610000000000049e-03
-2.394460000000000165e-03
-2.529439999999999987e-03
-2.780279999999999991e-03
-2.433199999999999946e-03
-2.557980000000000063e-03
-1.967430000000000047e-03
-1.607420000000000029e-03
-2.079409999999999852e-03
-2.339540000000000196e-03
-2.899380000000000013e-03
-2.717550000000000000e-03
-2.454599999999999924e-03
-2.315380000000000129e-03
-1.801929999999999981e-03
-8.764270000000000437e-04
-2.411679999999999922e-05
1.016130000000000071e-03
9.846620000000000806e-04
5.741150000000000420e-04
5.497050000000000504e-04
5.369220000000000069e-04
2.142470000000000106e-04
-2.334120000000000075e-04
-7.970800000000000324e-04
-6.694399999999999873e-04
-1.102389999999999967e-03
-9.275629999999999552e-04
-3.755140000000000236e-04
-4.251480000000000162e-05
2.439110000000000030e-04
-6.323500000000000019e-05
-1.294160000000000091e-04
4.826860000000000064e-05
5.806849999999999469e-04
9.372399999999999915e-04
1.212919999999999927e-03
1.307489999999999911e-03
1.432019999999999994e-03
1.447630000000000097e-03
1.212289999999999982e-03
1.010830000000000105e-03
8.626740000000000146e-04
9.014399999999999887e-04
7.743340000000000032e-04
7.890840000000000094e-04
6.034010000000000458e-04
5.043180000000000189e-04
4.698309999999999813e-04
2.525970000000000212e-04
2.760929999999999873e-04
1.844240000000000083e-04
1.558139999999999959e-04
2.150879999999999979e-04
2.154459999999999969e-04
2.737279999999999922e-04
3.098229999999999778e-04
2.470610000000000254e-04
2.488699999999999940e-04
1.560509999999999870e-04
1.685240000000000013e-04
2.627640000000000206e-04
3.082129999999999983e-04
3.342110000000000024e-04
2.386129999999999870e-04
1.133420000000000000e-04
8.115139999999999691e-05
7.963650000000000232e-05
2.961899999999999882e-05
-2.487480000000000111e-05
-6.944160000000000274e-05
-1.405760000000000039e-04
-2.015709999999999984e-04
-2.190310000000000108e-04
-2.242830000000000073e-04
-2.093479999999999885e-04
-2.008199999999999916e-04
-2.168879999999999875e-04
-2.246930000000000119e-04
-2.350610000000000047e-04
-2.339160000000000013e-04
-2.331009999999999896e-04
-2.213120000000000115e-04
-2.014899999999999970e-04
-1.719600000000000002e-04
-1.389729999999999991e-04
-1.033579999999999953e-04
-6.541169999999999580e-05
-2.802919999999999923e-05
7.475980000000000376e-06
4.110469999999999966e-05
