1.567929999999999931e-03
6.624810000000000291e-04
-3.918479999999999793e-04
-5.651439999999999545e-04
9.277759999999999480e-04
1.486640000000000010e-03
-2.162370000000000101e-04
2.396289999999999922e-04
1.809019999999999942e-03
9.984010000000001061e-04
-1.127659999999999947e-03
9.401219999999999412e-05
1.247360000000000092e-03
-1.067349999999999896e-03
-8.368450000000000151e-04
-1.162089999999999955e-03
-1.924790000000000008e-03
-1.890079999999999929e-03
-2.181670000000000137e-03
-2.222420000000000125e-03
-2.319250000000000131e-03
-2.357960000000000091e-03
-2.699519999999999958e-03
-1.149510000000000072e-03
-7.877059999999999423e-05
-6.293790000000000062e-04
1.073579999999999977e-03
2.083139999999999818e-03
2.251430000000000011e-03
5.964650000000000160e-04
-6.934410000000000443e-04
1.253229999999999926e-03
1.629540000000000068e-03
1.486810000000000085e-03
1.635720000000000013e-03
1.306379999999999998e-03
1.727559999999999946e-03
-5.677949999999999534e-04
-6.911519999999999990e-04
4.948049999999999627e-04
-1.524200000000000077e-03
4.163409999999999767e-04
1.581900000000000016e-03
1.527879999999999907e-03
4.082590000000000090e-04
-1.797360000000000017e-03
-5.991730000000000450e-04
1.780869999999999936e-03
1.815559999999999917e-03
1.738079999999999920e-03
1.584120000000000059e-03
1.139550000000000025e-03
2.830059999999999802e-04
-1.697290000000000007e-04
7.429350000000000146e-04
7.929179999999999865e-04
4.880400000000000233e-04
6.297969999999999740e-04
7.113889999999999884e-04
1.050970000000000029e-03
-4.378019999999999937e-04
-1.952069999999999977e-03
-1.252529999999999963e-03
5.635990000000000227e-04
1.380399999999999943e-03
1.445180000000000011e-04
-1.810270000000000108e-03
-4.203529999999999593e-03
-2.435329999999999873e-03
-1.580800000000000044e-03
-4.085219999999999650e-03
-3.916949999999999772e-03
-1.690909999999999896e-03
-1.796950000000000066e-03
-2.593339999999999968e-03
-7.731450000000000388e-04
-4.101209999999999990e-04
-9.604420000000000448e-05
1.633399999999999913e-03
2.903970000000000076e-03
2.445099999999999964e-03
3.093639999999999932e-03
5.424710000000000122e-03
5.377810000000000229e-03
2.624580000000000055e-03
7.936390000000000089e-05
-1.176930000000000077e-03
-3.159260000000000106e-03
-3.427439999999999914e-03
-4.293179999999999739e-03
-3.928130000000000163e-03
-2.325129999999999905e-03
-5.212599999999999525e-04
-1.482859999999999907e-03
-4.036230000000000026e-03
-1.284020000000000083e-03
9.667030000000000176e-05
-1.487969999999999918e-03
-3.785290000000000074e-04
2.858040000000000060e-03
2.510309999999999972e-03
2.801940000000000160e-03
5.207449999999999753e-03
6.180249999999999980e-03
4.283570000000000433e-03
6.564290000000000402e-04
2.144179999999999871e-03
1.176469999999999990e-03
-4.346970000000000022e-04
-1.042460000000000045e-03
-1.302500000000000055e-03
7.777119999999999563e-04
7.277339999999999547e-04
1.211070000000000072e-03
3.950010000000000326e-03
4.853470000000000353e-03
2.979219999999999872e-03
-8.019050000000000006e-04
-8.325109999999999715e-04
-4.632429999999999962e-05
-3.380810000000000152e-03
-3.982460000000000166e-03
-3.123869999999999945e-03
-4.389770000000000087e-04
-2.741509999999999954e-03
-2.907739999999999804e-03
-8.764859999999999969e-04
6.938590000000000122e-04
2.900509999999999807e-03
1.164930000000000002e-03
4.322600000000000254e-05
-2.047209999999999828e-03
-2.315419999999999891e-03
-2.308300000000000109e-03
-1.684249999999999983e-03
-2.370539999999999974e-03
-4.430390000000000196e-03
-2.011639999999999869e-03
-1.057210000000000051e-03
-1.254029999999999945e-03
-5.901919999999999736e-03
-7.181690000000000122e-03
-2.682719999999999983e-03
-1.722039999999999931e-04
-3.558529999999999961e-05
4.436579999999999864e-04
2.908290000000000007e-03
5.425939999999999756e-03
3.942229999999999693e-03
1.089040000000000103e-03
6.862300000000000214e-04
1.123660000000000067e-03
1.558039999999999902e-03
3.358830000000000149e-03
7.137870000000000152e-03
1.036630000000000017e-02
1.275339999999999981e-02
1.325400000000000016e-02
1.475910000000000069e-02
1.205889999999999913e-02
3.446339999999999994e-03
-5.390550000000000029e-03
-1.099699999999999983e-02
-1.180969999999999936e-02
-1.237569999999999990e-02
-1.422649999999999956e-02
-9.351260000000000128e-03
-1.844139999999999972e-03
-3.104539999999999817e-03
6.673609999999999959e-04
2.061599999999999891e-02
3.240799999999999931e-02
2.044059999999999974e-02
4.645149999999999800e-03
-2.096220000000000201e-03
-6.111890000000000031e-03
-1.137260000000000007e-02
-2.891379999999999992e-02
-4.741759999999999725e-02
-5.413660000000000000e-02
-4.871879999999999961e-02
-2.393469999999999973e-02
-9.936040000000000150e-03
-1.582290000000000085e-02
7.997640000000000304e-03
7.212140000000000217e-02
1.135980000000000045e-01
8.281610000000000360e-02
1.244959999999999990e-02
-1.660719999999999905e-02
-2.117969999999999922e-02
-2.091969999999999941e-02
-1.562129999999999942e-02
-1.730380000000000112e-02
-2.625800000000000009e-02
-2.530460000000000001e-02
2.023749999999999941e-03
1.650369999999999962e-02
7.871750000000000275e-03
2.030779999999999825e-03
-2.916909999999999989e-03
9.333920000000000758e-03
2.823530000000000137e-02
1.113470000000000085e-02
-1.421749999999999924e-02
-3.279080000000000189e-03
1.063899999999999915e-02
-8.576580000000000314e-03
-2.481560000000000016e-02
-2.131800000000000014e-02
-1.815179999999999919e-02
-1.534970000000000084e-02
6.068080000000000218e-04
3.735259999999999796e-03
3.823940000000000065e-03
1.338879999999999931e-02
9.354809999999999862e-03
-1.530590000000000130e-04
5.089259999999999964e-03
1.638770000000000157e-02
1.508750000000000022e-02
1.612939999999999990e-03
-3.557049999999999969e-03
-3.286669999999999891e-04
2.263409999999999988e-03
5.154269999999999859e-03
4.841179999999999616e-03
1.055960000000000102e-03
-1.098080000000000063e-02
-2.298089999999999855e-02
-2.012059999999999890e-02
-1.272460000000000084e-02
-5.107379999999999906e-03
2.100949999999999866e-03
2.295680000000000030e-03
7.133180000000000250e-03
1.768520000000000161e-02
2.341079999999999897e-02
2.077889999999999945e-02
1.071429999999999952e-02
2.397429999999999874e-03
3.548649999999999981e-03
1.849769999999999930e-03
-5.611529999999999990e-03
-6.324350000000000284e-03
-5.514729999999999806e-03
-9.718040000000000705e-03
-1.741900000000000046e-02
-1.645949999999999844e-02
-9.670220000000000204e-03
-1.069920000000000072e-02
-1.096740000000000041e-02
-8.277400000000000729e-03
-7.386779999999999909e-04
7.361910000000000155e-03
9.931560000000000735e-03
1.212899999999999916e-02
1.240330000000000078e-02
5.848500000000000400e-03
1.011949999999999959e-03
-4.843290000000000095e-03
-5.140070000000000056e-03
-3.048669999999999852e-03
-3.464749999999999948e-03
-3.484160000000000035e-03
2.280260000000000099e-03
1.265890000000000071e-02
1.205819999999999982e-02
1.005750000000000047e-02
1.224680000000000039e-02
1.130459999999999972e-02
6.492490000000000067e-03
1.053279999999999971e-03
-5.352609999999999833e-03
-1.221129999999999959e-02
-1.121100000000000048e-02
-8.638240000000000154e-03
-9.880289999999999906e-03
-1.379200000000000044e-02
-1.233479999999999993e-02
-5.598610000000000392e-03
-2.920479999999999929e-04
8.744639999999999705e-03
1.914980000000000154e-02
2.014399999999999871e-02
1.347500000000000087e-02
7.231239999999999890e-03
1.574310000000000043e-04
-1.068829999999999954e-02
-2.022569999999999923e-02
-2.069589999999999971e-02
-1.901639999999999928e-02
-1.649269999999999903e-02
-9.932869999999999894e-03
1.082070000000000080e-03
9.623170000000000335e-03
1.576999999999999930e-02
2.225840000000000110e-02
2.727639999999999926e-02
2.604450000000000168e-02
1.880760000000000071e-02
1.124430000000000048e-02
2.434350000000000164e-05
-1.100600000000000016e-02
-1.960730000000000112e-02
-2.413689999999999933e-02
-2.154179999999999984e-02
-1.602719999999999839e-02
-7.145480000000000061e-03
3.984679999999999993e-03
1.018960000000000005e-02
1.173650000000000040e-02
1.386770000000000017e-02
1.296620000000000064e-02
5.128640000000000282e-03
-5.979159999999999857e-03
-1.150610000000000001e-02
-1.438880000000000020e-02
-1.015089999999999916e-02
-5.584659999999999971e-03
-4.395709999999999722e-03
-1.201990000000000003e-03
1.678680000000000103e-03
5.725899999999999913e-03
7.570529999999999794e-03
9.446780000000000108e-03
6.702689999999999863e-03
2.340309999999999960e-03
-8.187970000000000144e-04
-1.657030000000000091e-03
-1.526540000000000058e-03
-1.672389999999999944e-03
-4.272699999999999936e-03
-9.336640000000000217e-03
-8.015120000000000577e-03
-1.547090000000000097e-03
2.117739999999999900e-03
6.880669999999999972e-04
2.515989999999999741e-04
2.243069999999999786e-03
2.928290000000000060e-03
6.239279999999999826e-03
8.395949999999999247e-03
7.700479999999999998e-03
4.304790000000000179e-03
-4.743179999999999619e-03
-1.018950000000000064e-02
-7.390419999999999975e-03
-3.095360000000000125e-04
6.105469999999999994e-03
6.026919999999999847e-03
6.507180000000000429e-03
5.551679999999999809e-03
1.114870000000000010e-03
-3.734930000000000021e-03
-7.017419999999999908e-03
-2.026959999999999960e-03
-1.495720000000000079e-03
-2.929460000000000050e-03
-1.871019999999999931e-03
1.356350000000000090e-03
4.414450000000000318e-03
2.231209999999999964e-03
-2.236189999999999879e-03
-4.186930000000000165e-03
-3.500689999999999878e-03
-3.845379999999999805e-03
-7.353229999999999662e-03
-6.472219999999999883e-03
8.044530000000000040e-04
5.790840000000000223e-03
8.376810000000000159e-03
6.475019999999999734e-03
6.834960000000000167e-03
1.038150000000000010e-02
1.210480000000000063e-02
1.302760000000000029e-02
9.222019999999999176e-03
5.870369999999999972e-04
-2.745420000000000152e-03
-2.096900000000000066e-03
-3.286929999999999973e-03
-4.936860000000000380e-03
-4.977670000000000011e-03
-4.948120000000000296e-03
-5.369279999999999713e-03
-7.503570000000000205e-03
-1.093290000000000060e-02
-1.305289999999999923e-02
-9.693989999999999552e-03
-6.285100000000000062e-03
-3.840860000000000194e-03
-3.486019999999999831e-03
-2.563189999999999913e-03
-1.644449999999999992e-03
-3.802189999999999997e-03
-1.960599999999999843e-03
-6.829190000000000390e-04
1.101559999999999909e-03
2.627040000000000191e-03
5.053949999999999762e-03
8.882960000000000508e-03
1.001379999999999978e-02
6.138870000000000264e-03
1.367600000000000066e-03
1.102450000000000045e-03
2.655460000000000112e-03
6.283590000000000356e-03
4.882489999999999747e-03
-2.487419999999999844e-04
-7.219079999999999464e-04
2.614589999999999970e-03
4.105390000000000428e-03
4.873220000000000156e-03
7.848739999999999883e-03
6.022409999999999743e-03
2.227010000000000187e-03
-1.937520000000000084e-03
-1.144330000000000000e-02
-1.635330000000000117e-02
-1.127000000000000050e-02
-4.416630000000000165e-04
7.059349999999999827e-03
6.598429999999999747e-03
8.124930000000000693e-03
8.290109999999999840e-03
4.653789999999999663e-03
-6.844419999999999497e-04
-5.269099999999999652e-03
-9.940430000000000099e-03
-1.258360000000000034e-02
-1.222460000000000040e-02
-8.184520000000000683e-03
-4.651220000000000181e-03
-3.065570000000000100e-03
3.361899999999999914e-04
1.643450000000000076e-03
5.431680000000000145e-04
4.279290000000000155e-04
2.871160000000000205e-03
3.655310000000000156e-03
1.971749999999999978e-03
1.149840000000000063e-03
1.457790000000000041e-03
-1.666310000000000111e-04
-1.545300000000000102e-03
-1.248570000000000062e-03
-1.413769999999999957e-03
2.473369999999999909e-03
4.243590000000000209e-03
1.922710000000000001e-03
4.392450000000000000e-03
9.907070000000000459e-03
1.090739999999999939e-02
9.648040000000000088e-03
1.000090000000000007e-02
9.862169999999999964e-03
7.392410000000000300e-03
4.200689999999999980e-03
2.238749999999999855e-03
-2.471329999999999881e-03
-8.782359999999999473e-03
-1.158859999999999925e-02
-1.032620000000000066e-02
-1.096360000000000043e-02
-1.424399999999999972e-02
-1.321310000000000019e-02
-9.914279999999999274e-03
-7.065199999999999779e-03
-4.757589999999999909e-03
-2.483630000000000126e-03
8.824500000000000096e-04
2.951449999999999994e-03
1.215890000000000070e-03
-6.206259999999999902e-04
-6.226699999999999726e-04
-6.420479999999999894e-04
-8.388570000000000358e-04
6.682790000000000301e-04
2.640410000000000153e-03
4.613550000000000116e-03
6.724360000000000406e-03
7.449380000000000238e-03
4.644139999999999727e-03
2.227409999999999980e-03
1.753240000000000093e-03
2.958539999999999955e-03
4.687979999999999578e-03
4.587019999999999813e-03
4.386140000000000178e-03
1.456489999999999955e-03
1.458529999999999983e-03
2.402780000000000193e-03
5.023449999999999617e-03
7.525839999999999787e-03
7.776690000000000165e-03
4.782800000000000246e-03
5.856480000000000279e-04
-6.737009999999999657e-04
-4.006130000000000108e-03
-5.677449999999999684e-03
-5.476560000000000109e-03
-5.855899999999999821e-03
-8.050319999999999698e-03
-1.035900000000000015e-02
-1.094529999999999982e-02
-9.404499999999999665e-03
-6.096540000000000119e-03
-1.192729999999999919e-03
2.629170000000000118e-03
2.978939999999999800e-03
4.557460000000000157e-03
4.562560000000000227e-03
3.280780000000000068e-03
1.710420000000000039e-03
-3.014769999999999733e-04
-1.786180000000000059e-03
-4.634240000000000408e-03
-6.816430000000000058e-03
-9.832749999999999477e-03
-9.972450000000000758e-03
-8.072710000000000302e-03
-5.358220000000000344e-03
9.150739999999999872e-04
5.296799999999999946e-03
8.383480000000000446e-03
1.112140000000000004e-02
1.364319999999999942e-02
1.440490000000000000e-02
1.444269999999999929e-02
1.281110000000000061e-02
1.031589999999999938e-02
6.477669999999999609e-03
2.526280000000000105e-03
-5.838500000000000157e-04
-4.294590000000000039e-03
-5.988330000000000042e-03
-5.101170000000000357e-03
-1.784030000000000034e-03
3.820950000000000068e-05
-1.381940000000000121e-04
3.380200000000000197e-04
-1.353679999999999901e-03
-2.737429999999999898e-03
-5.296910000000000160e-03
-1.086149999999999963e-02
-1.214630000000000050e-02
-1.283669999999999950e-02
-1.286009999999999931e-02
-9.942700000000000496e-03
-7.138470000000000058e-03
-4.277139999999999588e-03
1.103910000000000047e-03
6.702160000000000409e-03
1.015079999999999975e-02
1.274089999999999945e-02
1.411549999999999958e-02
1.362709999999999963e-02
8.297040000000000318e-03
2.805880000000000180e-03
5.125519999999999946e-04
-3.969089999999999771e-03
-4.196479999999999828e-03
-3.570359999999999853e-03
-3.889520000000000043e-03
-1.646139999999999930e-03
-1.330019999999999900e-03
-6.355780000000000327e-04
-1.036320000000000080e-03
-1.553300000000000080e-03
-4.819440000000000356e-03
-7.054649999999999983e-03
-6.911879999999999587e-03
-4.502279999999999997e-03
-6.895480000000000055e-04
1.878109999999999892e-03
3.438290000000000096e-03
3.226199999999999814e-03
4.488619999999999589e-03
4.962799999999999850e-03
5.642959999999999816e-03
5.880559999999999954e-03
5.769429999999999871e-03
3.546459999999999977e-03
2.848980000000000089e-03
2.329959999999999844e-03
1.314640000000000003e-04
8.864790000000000213e-05
-1.428149999999999938e-04
-5.612710000000000003e-05
-2.162099999999999916e-04
-8.465419999999999326e-05
-2.421829999999999816e-03
-1.282799999999999956e-03
-3.069139999999999824e-04
-2.226010000000000055e-03
-8.167470000000000459e-04
-1.345969999999999936e-03
-2.703199999999999787e-03
-5.367700000000000422e-03
-6.613779999999999659e-03
-6.561759999999999815e-03
-6.929870000000000300e-03
-4.105239999999999584e-03
-1.903659999999999944e-03
-2.068840000000000175e-03
9.056850000000000404e-04
3.033849999999999828e-03
2.363909999999999883e-03
2.196689999999999841e-03
2.844220000000000168e-03
1.965240000000000042e-03
2.143989999999999915e-04
-5.350790000000000450e-04
-5.727949999999999665e-04
-2.265510000000000093e-03
-2.652990000000000036e-03
-1.496910000000000039e-05
3.384779999999999994e-03
6.487790000000000223e-03
4.645169999999999681e-03
3.846749999999999909e-03
4.053769999999999943e-03
2.684300000000000141e-03
1.105800000000000099e-03
1.191460000000000088e-03
9.110569999999999476e-04
-1.210960000000000075e-03
-1.768730000000000042e-03
-1.564770000000000050e-03
3.625049999999999995e-04
3.339069999999999972e-03
4.475050000000000382e-03
4.395519999999999983e-03
2.171540000000000015e-03
1.296630000000000005e-03
4.074549999999999808e-04
-3.211499999999999945e-03
-3.891640000000000030e-03
-2.560900000000000069e-03
-3.690730000000000139e-03
-4.547279999999999898e-03
-4.739990000000000349e-03
-6.065609999999999925e-03
-6.481640000000000318e-03
-6.027850000000000395e-03
-4.021040000000000031e-03
-3.321499999999999800e-03
-3.068589999999999946e-03
-4.570880000000000255e-04
2.225800000000000001e-03
3.165990000000000037e-03
4.764919999999999746e-03
5.198310000000000257e-03
5.079020000000000062e-03
3.427089999999999824e-03
2.239130000000000200e-03
3.031460000000000144e-03
1.093000000000000005e-03
2.405270000000000097e-04
-1.372649999999999999e-03
-1.085079999999999985e-03
4.771390000000000136e-04
2.334389999999999989e-04
6.760079999999999692e-04
4.965510000000000236e-04
8.911929999999999765e-04
7.086759999999999891e-04
1.154300000000000031e-03
8.545189999999999817e-04
1.480640000000000081e-03
2.805259999999999958e-03
3.298810000000000110e-03
2.071089999999999823e-03
2.582989999999999852e-03
2.971520000000000064e-03
1.923259999999999987e-03
1.899819999999999981e-03
4.446939999999999812e-04
-1.056319999999999915e-03
-2.687849999999999875e-03
-4.014489999999999899e-03
-6.912520000000000123e-03
-9.103870000000000018e-03
-8.654169999999999224e-03
-7.861840000000000148e-03
-4.652779999999999590e-03
-8.390370000000000510e-04
8.220900000000000386e-04
2.868669999999999814e-03
3.914909999999999744e-03
6.165430000000000389e-03
4.242250000000000361e-03
1.338109999999999994e-03
6.467520000000000040e-04
-1.161200000000000036e-03
-2.337940000000000157e-03
-1.446699999999999982e-03
1.512019999999999933e-04
2.223269999999999847e-03
3.256250000000000030e-03
3.255239999999999956e-03
2.868780000000000028e-03
9.506960000000000063e-04
6.762810000000000392e-05
2.235550000000000211e-03
2.239640000000000207e-03
4.174089999999999875e-04
5.285640000000000303e-04
-1.199690000000000028e-04
-1.474959999999999986e-04
-1.798729999999999971e-05
-1.065229999999999910e-03
-2.993510000000000008e-03
-3.212739999999999953e-03
-3.507440000000000124e-03
-3.617560000000000133e-03
-2.270509999999999889e-03
-1.129449999999999942e-03
-1.042769999999999938e-03
-1.076420000000000024e-03
7.488780000000000220e-04
1.556499999999999941e-03
2.267239999999999794e-03
8.202650000000000349e-04
-5.216790000000000446e-04
7.233959999999999566e-04
1.340330000000000037e-03
1.141480000000000055e-03
-1.711679999999999929e-03
-2.752810000000000066e-03
-2.641660000000000102e-03
-2.205219999999999923e-03
-1.895229999999999918e-03
-2.249379999999999934e-04
1.128220000000000091e-03
2.348820000000000161e-03
3.657119999999999815e-03
4.917480000000000115e-03
5.842359999999999567e-03
4.440249999999999753e-03
3.640790000000000085e-03
1.991909999999999948e-03
2.340650000000000109e-03
-4.549169999999999679e-05
1.421320000000000005e-04
-2.178319999999999974e-04
4.806680000000000132e-04
2.366120000000000202e-03
2.403839999999999970e-03
1.398399999999999947e-03
-3.432849999999999769e-04
-1.499649999999999941e-03
-3.702239999999999871e-03
-5.530600000000000099e-03
-5.953789999999999603e-03
-4.460930000000000104e-03
-5.891600000000000309e-03
-4.866800000000000119e-03
-4.011269999999999940e-03
-3.578920000000000191e-03
-3.425969999999999970e-03
-1.885189999999999913e-03
9.373759999999999645e-04
9.445019999999999501e-04
9.026830000000000444e-04
7.028069999999999543e-04
5.416789999999999886e-04
4.855819999999999733e-04
-1.803060000000000047e-04
-2.473659999999999921e-03
-1.288759999999999906e-03
2.173420000000000072e-04
-1.365150000000000033e-04
1.792769999999999954e-03
2.538170000000000183e-03
2.560590000000000175e-03
2.360709999999999805e-03
2.493249999999999807e-03
5.313009999999999738e-04
-3.415940000000000231e-04
-4.323670000000000161e-04
1.155310000000000104e-03
4.284800000000000067e-03
6.009119999999999739e-03
8.601219999999999699e-03
7.195009999999999947e-03
5.901990000000000187e-03
4.193940000000000168e-03
2.061690000000000137e-03
1.456250000000000025e-04
-1.644000000000000062e-03
-1.745999999999999939e-03
-1.613459999999999938e-03
4.014779999999999803e-04
-6.335590000000000102e-04
-1.888860000000000018e-03
-2.258019999999999906e-03
-3.603050000000000003e-03
-3.293079999999999879e-03
-4.267960000000000330e-03
-5.623190000000000133e-03
-5.751710000000000156e-03
-5.585520000000000068e-03
-5.540680000000000084e-03
-5.446900000000000179e-03
-3.719529999999999972e-03
-1.339549999999999899e-03
2.134480000000000069e-04
2.603220000000000056e-04
1.739899999999999954e-03
2.849309999999999864e-03
3.064439999999999872e-03
1.335980000000000067e-03
2.621880000000000044e-04
5.412900000000000301e-05
-4.231349999999999933e-04
1.896769999999999934e-04
4.177940000000000185e-05
1.435690000000000100e-03
1.950609999999999974e-03
2.605230000000000046e-03
2.481800000000000152e-03
2.424659999999999923e-03
2.704020000000000121e-03
2.267529999999999806e-03
2.803860000000000033e-03
2.672270000000000027e-03
2.507039999999999876e-03
8.295569999999999724e-04
-2.218160000000000054e-04
-6.919520000000000184e-04
3.511699999999999869e-04
-1.556770000000000072e-04
4.204139999999999765e-04
1.918329999999999992e-03
1.741869999999999963e-03
1.314559999999999991e-03
-9.941340000000000333e-04
-9.064900000000000301e-04
-1.222659999999999979e-03
-9.688000000000000214e-04
-2.982789999999999921e-03
-2.268029999999999873e-03
-1.553260000000000101e-03
-2.052979999999999822e-03
-1.688999999999999963e-03
-1.965399999999999960e-03
-1.985849999999999942e-03
-1.834990000000000102e-03
-2.344909999999999963e-03
-4.796370000000000321e-03
-2.852850000000000091e-03
-3.709270000000000080e-04
-8.954860000000000521e-05
-2.568539999999999799e-03
-4.143049999999999684e-03
-6.017149999999999810e-05
3.490410000000000214e-03
4.925090000000000023e-03
3.278179999999999896e-03
2.704010000000000181e-03
2.552000000000000015e-03
-3.269629999999999932e-03
-9.061690000000000716e-03
-7.557679999999999780e-03
3.841460000000000042e-07
4.449329999999999605e-03
7.152519999999999885e-03
1.009739999999999943e-02
9.579300000000000662e-03
5.749169999999999628e-03
2.247380000000000211e-03
-4.061679999999999804e-03
-5.078420000000000156e-03
2.778409999999999821e-03
8.463250000000000287e-03
6.267720000000000062e-03
2.850570000000000187e-03
4.574820000000000275e-03
2.676029999999999815e-03
-4.733320000000000062e-03
-6.508729999999999898e-03
-2.545180000000000185e-03
-2.572800000000000087e-03
-7.467530000000000001e-03
-9.103240000000000290e-03
-6.660100000000000395e-03
-4.569769999999999908e-03
-4.412830000000000398e-03
-3.210680000000000044e-03
-1.446660000000000003e-03
-2.985509999999999813e-03
-1.871059999999999911e-03
-1.273599999999999949e-03
-1.942640000000000035e-03
4.607340000000000242e-04
5.262479999999999936e-03
5.126750000000000231e-03
2.370360000000000175e-03
1.703359999999999900e-03
3.838540000000000094e-03
3.581459999999999852e-03
-3.618870000000000268e-04
-2.315769999999999981e-03
-9.289909999999999965e-05
3.437250000000000201e-03
3.996959999999999923e-03
3.401330000000000152e-03
1.878780000000000033e-03
5.683339999999999833e-04
-4.912659999999999683e-04
-3.187510000000000170e-03
-2.919440000000000143e-03
6.321070000000000248e-04
4.157150000000000081e-03
7.219230000000000091e-03
7.468940000000000301e-03
7.033400000000000415e-03
5.162100000000000195e-03
1.526680000000000094e-03
-2.253530000000000116e-03
-3.458960000000000073e-03
-1.556300000000000044e-03
7.522050000000000394e-04
3.870149999999999936e-04
-1.994150000000000089e-03
-1.845410000000000019e-03
-3.466889999999999816e-03
-4.673349999999999727e-03
-4.504209999999999811e-03
-4.222909999999999858e-03
-4.465740000000000161e-03
-6.785740000000000174e-03
-7.740330000000000127e-03
-7.362160000000000405e-03
-4.537689999999999606e-03
-2.273049999999999984e-03
-4.417840000000000243e-04
-6.565619999999999660e-05
-3.808969999999999956e-04
1.799110000000000032e-03
2.125259999999999910e-03
2.112870000000000199e-03
1.642629999999999958e-03
1.222350000000000086e-03
1.580119999999999962e-03
1.342370000000000065e-03
1.947919999999999903e-03
2.922609999999999965e-03
3.963900000000000236e-03
3.258549999999999815e-03
3.291200000000000202e-03
4.091149999999999995e-03
3.671199999999999897e-03
3.942619999999999979e-03
3.410049999999999974e-03
1.827260000000000039e-03
1.415709999999999929e-03
1.594050000000000068e-03
1.381110000000000063e-03
-6.323420000000000386e-04
-1.285319999999999952e-03
-1.638630000000000078e-03
-2.345229999999999797e-03
-3.214079999999999802e-03
-3.921069999999999590e-03
-2.932329999999999919e-03
-1.759410000000000097e-03
-6.210099999999999648e-04
-5.439400000000000268e-04
-4.218579999999999986e-04
9.008020000000000534e-05
-6.710159999999999736e-04
-1.126419999999999939e-03
-9.635950000000000331e-04
-3.063389999999999820e-04
-2.273250000000000097e-04
-3.215380000000000104e-04
-5.623169999999999899e-05
1.762440000000000104e-06
6.601390000000000166e-04
7.983820000000000413e-04
7.362650000000000531e-04
5.995139999999999931e-04
4.329480000000000025e-04
2.742560000000000115e-04
2.581999999999999877e-04
1.985830000000000060e-04
1.047429999999999965e-04
2.173980000000000148e-05
-4.406920000000000151e-05
-9.745010000000000402e-05
-1.311109999999999988e-04
-1.556209999999999928e-04
-1.690290000000000108e-04
-1.139879999999999935e-04
-6.325179999999999637e-05
-1.900399999999999965e-05
1.778639999999999966e-05
