-3.942000000000000191e-03
-1.903549999999999947e-03
-1.184520000000000104e-03
-1.171060000000000026e-03
-1.286009999999999974e-03
-1.157159999999999959e-03
-1.419810000000000082e-03
-1.092979999999999906e-03
-1.705240000000000011e-03
4.419329999999999851e-04
1.225809999999999921e-03
-1.096289999999999982e-03
1.249939999999999949e-03
1.321260000000000099e-03
1.211129999999999932e-03
1.325409999999999956e-03
8.513760000000000425e-04
2.579999999999999828e-03
4.064970000000000215e-03
3.682910000000000177e-03
3.945370000000000127e-03
3.594019999999999854e-03
3.841300000000000183e-03
1.501629999999999892e-03
5.172139999999999984e-04
4.108329999999999881e-04
5.349660000000000006e-04
-4.859880000000000233e-04
-2.255360000000000090e-03
-2.375790000000000020e-03
-2.962189999999999962e-03
-2.862260000000000151e-03
-3.052899999999999885e-03
-3.196580000000000081e-03
-3.135250000000000016e-03
-3.625530000000000072e-03
-2.337389999999999954e-03
-1.001270000000000068e-03
9.008380000000000510e-04
-2.010930000000000074e-04
-7.400949999999999673e-04
1.845360000000000099e-03
1.819359999999999901e-03
7.604299999999999818e-04
-1.288599999999999988e-03
2.375339999999999928e-04
1.244670000000000021e-03
1.384070000000000049e-03
1.068720000000000000e-03
1.443749999999999938e-03
1.122350000000000040e-03
-1.330220000000000014e-03
3.817720000000000033e-04
9.853649999999999822e-04
8.242049999999999464e-04
-8.501799999999999679e-04
-1.251400000000000114e-04
2.639369999999999824e-03
-1.277279999999999995e-03
-5.664170000000000489e-04
3.621710000000000207e-03
-5.630290000000000468e-04
-1.874180000000000030e-03
8.150539999999999521e-04
-1.624860000000000106e-03
-2.560670000000000134e-03
-4.454530000000000056e-04
-5.134259999999999866e-04
-7.588029999999999515e-04
-9.817210000000000693e-04
4.473260000000000062e-04
3.439620000000000004e-03
2.572319999999999902e-03
7.465040000000000477e-04
8.857059999999999933e-04
9.300960000000000477e-04
-1.425899999999999911e-03
-1.768959999999999977e-03
6.932419999999999468e-04
4.479059999999999986e-03
2.775759999999999946e-03
-1.173949999999999994e-03
-1.652529999999999928e-03
-3.578070000000000035e-03
-4.307459999999999935e-03
-3.388969999999999830e-03
-1.034710000000000100e-03
-1.361259999999999987e-03
-5.915970000000000213e-04
4.812689999999999677e-03
1.571839999999999913e-03
-8.318089999999999772e-04
6.445780000000000346e-04
3.006089999999999891e-03
-5.202180000000000259e-04
-1.998919999999999950e-03
1.333399999999999993e-03
-2.615259999999999894e-04
1.974629999999999788e-03
2.434459999999999836e-03
2.089740000000000087e-03
4.336799999999999813e-04
-2.487839999999999843e-03
-2.236999999999999839e-03
-1.342719999999999938e-03
-3.649320000000000168e-03
-1.675129999999999935e-03
-5.274150000000000317e-05
-2.945639999999999804e-03
-1.379320000000000069e-03
6.155419999999999989e-03
1.888989999999999897e-03
-5.223460000000000082e-03
-3.485789999999999896e-03
3.493229999999999946e-03
7.450850000000000181e-03
5.071950000000000416e-03
7.321549999999999586e-03
-1.889430000000000102e-03
-1.099329999999999925e-02
-3.867419999999999886e-03
-8.744220000000000248e-04
3.350399999999999906e-03
9.246470000000000123e-04
-6.569089999999999652e-03
-3.410869999999999874e-03
2.165509999999999872e-05
9.477259999999999721e-04
-4.399329999999999907e-04
2.011639999999999869e-03
2.317739999999999991e-03
4.192620000000000018e-06
3.623039999999999789e-04
4.257220000000000145e-04
4.178480000000000041e-03
2.290159999999999852e-03
3.535439999999999937e-03
7.881680000000000283e-03
3.558299999999999918e-03
2.219619999999999840e-03
6.861890000000000264e-04
-3.659620000000000147e-03
-3.357559999999999885e-03
-1.427019999999999981e-03
-5.262959999999999687e-03
-6.927929999999999679e-03
-2.951829999999999905e-03
-1.227259999999999983e-03
-9.415040000000000171e-04
1.399999999999999986e-03
-7.350520000000000361e-04
-1.242629999999999993e-03
-4.412690000000000362e-03
-5.902260000000000319e-03
-1.803970000000000009e-04
-5.421570000000000339e-04
-1.379100000000000074e-03
3.864509999999999820e-03
1.186980000000000023e-03
-1.777090000000000050e-03
3.640899999999999866e-03
2.500080000000000011e-03
9.921549999999999900e-04
1.343180000000000025e-03
2.978020000000000059e-03
5.402119999999999839e-03
5.419700000000000385e-03
1.266629999999999926e-03
-2.571340000000000084e-03
-2.359009999999999926e-03
-1.349249999999999972e-03
-1.919039999999999895e-03
5.489069999999999540e-04
3.472659999999999809e-03
1.680230000000000005e-03
1.692700000000000107e-03
1.942759999999999973e-03
7.682719999999999654e-04
-2.069370000000000064e-03
-6.126600000000000275e-03
-3.984970000000000005e-03
-5.799209999999999521e-04
-8.794989999999999492e-04
-4.649170000000000212e-03
-1.964039999999999796e-03
4.733659999999999778e-03
2.445629999999999853e-03
-1.680950000000000066e-03
-1.837990000000000066e-04
-3.661229999999999910e-04
2.228239999999999821e-03
1.681870000000000023e-03
1.990019999999999897e-03
8.710149999999999837e-03
4.186890000000000403e-03
-1.905730000000000011e-03
-5.584910000000000438e-04
3.584209999999999892e-04
1.069349999999999945e-03
-2.378130000000000001e-03
-3.057080000000000214e-03
-8.135240000000000396e-04
-5.517300000000000156e-03
-5.489589999999999921e-03
-1.913280000000000059e-03
-4.513389999999999937e-03
-6.879979999999999950e-03
-2.886609999999999957e-03
-7.783130000000000083e-03
-7.480109999999999884e-03
1.831069999999999963e-03
4.073580000000000256e-03
4.318459999999999660e-03
1.063680000000000007e-03
5.996190000000000200e-03
8.553780000000000411e-03
-4.675079999999999969e-04
-9.165549999999999739e-03
-5.351680000000000152e-03
1.190000000000000085e-02
1.892599999999999838e-02
1.059910000000000019e-02
6.838519999999999842e-03
9.499080000000000024e-03
8.077720000000000039e-03
7.795370000000000250e-03
1.176519999999999996e-02
1.208859999999999969e-02
-4.626479999999999655e-03
-2.238779999999999937e-02
-2.489620000000000027e-02
-2.024110000000000145e-02
-2.355509999999999896e-02
-2.078440000000000148e-02
-3.113639999999999984e-03
2.117000000000000132e-02
4.328060000000000240e-02
5.026880000000000237e-02
4.895240000000000008e-02
3.725839999999999708e-02
-7.820709999999999598e-04
-5.187689999999999663e-02
-7.636229999999999407e-02
-7.673130000000000228e-02
-7.457350000000000090e-02
-6.506259999999999821e-02
-3.917289999999999661e-02
-1.141520000000000035e-02
1.139689999999999974e-02
3.488209999999999922e-02
3.962689999999999962e-02
5.605860000000000010e-02
8.801549999999999652e-02
1.007170000000000010e-01
6.046089999999999798e-02
9.746339999999999171e-03
-2.352390000000000037e-02
-4.515709999999999863e-02
-5.378999999999999754e-02
-3.081990000000000077e-02
2.190260000000000123e-02
2.753040000000000001e-02
1.435870000000000028e-02
1.876699999999999896e-02
1.047159999999999931e-02
-1.340700000000000051e-02
-2.765240000000000059e-02
-5.092440000000000161e-02
-7.631119999999999570e-02
-7.069050000000000333e-02
-2.595859999999999834e-02
2.212710000000000024e-02
6.682119999999999727e-02
1.112350000000000005e-01
8.810780000000000001e-02
1.910869999999999930e-02
-2.636039999999999911e-02
-5.985189999999999955e-02
-5.325950000000000129e-02
-2.511429999999999912e-02
-3.438220000000000078e-03
2.610729999999999908e-03
-5.902890000000000047e-03
-1.262789999999999919e-02
-1.710040000000000171e-02
-2.423439999999999969e-02
-1.975779999999999897e-02
1.353180000000000008e-02
3.129010000000000125e-02
2.774659999999999974e-02
2.676359999999999850e-02
2.930160000000000056e-02
2.192799999999999958e-02
1.389570000000000041e-02
1.289739999999999984e-02
3.128689999999999943e-02
1.937449999999999936e-02
-3.108309999999999892e-02
-5.272149999999999753e-02
-4.100600000000000078e-02
-3.060090000000000032e-02
-1.592000000000000012e-02
9.249570000000000361e-03
5.679509999999999594e-03
-7.684930000000000407e-03
4.313009999999999934e-03
1.785480000000000053e-02
2.064670000000000047e-02
3.150870000000000060e-02
3.556410000000000127e-02
1.340970000000000009e-02
-9.146480000000000235e-03
-1.696879999999999916e-02
-3.083079999999999848e-02
-3.638829999999999842e-02
-2.157699999999999896e-02
-7.814979999999999150e-03
-7.020669999999999689e-03
-2.542120000000000143e-03
5.093460000000000175e-03
1.140339999999999930e-02
9.011099999999999319e-03
-1.126969999999999925e-03
-9.679379999999999581e-03
-1.364609999999999955e-02
-1.881820000000000020e-02
-2.376589999999999953e-02
-1.136520000000000065e-02
5.313230000000000383e-03
7.379120000000000297e-03
8.133649999999999214e-03
1.928420000000000134e-02
3.430559999999999859e-02
3.985679999999999779e-02
2.975449999999999970e-02
1.288319999999999917e-02
2.529959999999999935e-03
-3.109119999999999939e-03
3.633180000000000177e-03
1.883709999999999898e-02
2.203890000000000016e-02
1.093719999999999935e-02
1.108439999999999979e-04
-6.124779999999999808e-03
-9.347140000000000309e-03
-1.296920000000000017e-02
-2.369059999999999916e-02
-2.683139999999999831e-02
-2.297890000000000002e-02
-1.986579999999999943e-02
-1.723699999999999885e-02
-1.271569999999999992e-02
-2.249370000000000102e-03
1.034299999999999976e-02
1.516009999999999927e-02
1.187560000000000004e-02
8.972370000000000345e-03
1.175099999999999929e-02
1.344979999999999960e-02
4.672049999999999641e-03
-1.466489999999999981e-02
-2.839130000000000126e-02
-3.511539999999999800e-02
-3.528680000000000011e-02
-2.968149999999999955e-02
-2.254549999999999957e-02
-7.260039999999999723e-03
9.628440000000000262e-03
2.104920000000000055e-02
2.594279999999999850e-02
2.645660000000000026e-02
2.478630000000000069e-02
2.199629999999999988e-02
1.824780000000000152e-02
1.707200000000000037e-02
1.093940000000000017e-02
4.780229999999999896e-03
1.708710000000000112e-05
-2.797379999999999919e-03
1.392580000000000033e-03
5.692680000000000309e-03
1.010289999999999973e-02
1.201789999999999976e-02
6.267649999999999610e-03
-1.683119999999999972e-03
-5.567270000000000031e-03
-5.252220000000000152e-03
-2.557160000000000162e-03
7.171089999999999539e-04
2.228280000000000018e-03
-4.587109999999999929e-04
-2.720479999999999947e-03
-9.024410000000000071e-03
-1.788170000000000037e-02
-2.489540000000000156e-02
-3.245760000000000312e-02
-3.731659999999999838e-02
-3.914089999999999930e-02
-3.676700000000000107e-02
-2.565629999999999994e-02
-1.055329999999999983e-02
5.770299999999999908e-03
2.956019999999999828e-02
4.702900000000000136e-02
5.242220000000000213e-02
5.032459999999999711e-02
4.450300000000000089e-02
3.712229999999999697e-02
2.759810000000000041e-02
2.130750000000000005e-02
1.188630000000000068e-02
2.528310000000000193e-03
-5.448960000000000088e-03
-1.507000000000000006e-02
-2.297690000000000149e-02
-2.854359999999999883e-02
-2.762070000000000150e-02
-2.347770000000000065e-02
-2.624929999999999972e-02
-3.260620000000000185e-02
-3.489339999999999803e-02
-3.023129999999999915e-02
-1.844550000000000009e-02
-6.867629999999999568e-03
4.277849999999999708e-03
1.483390000000000056e-02
2.406130000000000074e-02
3.048249999999999918e-02
2.463229999999999933e-02
1.298099999999999948e-02
-1.964940000000000089e-03
-9.006089999999999582e-03
-9.310999999999999832e-03
-9.343640000000000279e-03
-7.100279999999999613e-03
-5.384100000000000170e-03
2.009850000000000091e-03
4.226709999999999842e-03
6.219230000000000071e-03
1.004829999999999959e-02
1.642050000000000107e-02
2.243469999999999839e-02
2.467810000000000142e-02
2.340450000000000169e-02
1.339489999999999952e-02
6.969720000000000429e-03
1.288880000000000060e-03
-5.231180000000000205e-03
-1.154119999999999972e-02
-1.041949999999999994e-02
-9.821939999999999490e-03
-9.114250000000000823e-03
-5.834839999999999992e-03
-1.085389999999999966e-02
-1.337559999999999964e-02
-1.022059999999999982e-02
-6.813740000000000421e-03
-6.025489999999999666e-03
-7.360290000000000235e-03
-8.602290000000000283e-03
-7.299080000000000325e-03
-4.099199999999999892e-03
-9.272580000000000590e-05
7.570450000000000269e-03
1.595250000000000140e-02
1.898719999999999922e-02
1.888729999999999923e-02
1.523270000000000006e-02
1.109880000000000068e-02
6.873060000000000280e-03
-3.934149999999999865e-04
-7.061320000000000270e-03
-1.028560000000000065e-02
-1.502019999999999918e-02
-1.795079999999999940e-02
-1.252080000000000033e-02
-3.556450000000000063e-03
1.985729999999999787e-03
3.269569999999999855e-03
6.481699999999999962e-03
5.765890000000000078e-03
7.703249999999999811e-04
-3.897910000000000090e-03
-7.205839999999999815e-03
-7.409759999999999611e-03
-7.993010000000000045e-03
-4.613639999999999582e-03
-3.202590000000000113e-05
3.161750000000000064e-03
3.802170000000000116e-03
6.872559999999999780e-03
9.109849999999999198e-03
5.751960000000000406e-03
1.856669999999999935e-03
1.539570000000000088e-03
-3.652220000000000076e-04
-3.039899999999999894e-03
-1.895750000000000083e-03
-5.476479999999999716e-04
-1.264469999999999960e-03
-1.408219999999999958e-03
-1.598870000000000065e-03
-1.889449999999999984e-03
-2.131089999999999981e-03
-4.862870000000000040e-03
-5.336999999999999730e-03
-3.336280000000000062e-03
-7.212850000000000576e-05
5.825949999999999879e-03
1.013630000000000086e-02
1.096639999999999941e-02
1.082170000000000007e-02
9.269690000000000568e-03
3.371690000000000104e-03
-1.909380000000000018e-03
-3.456240000000000180e-03
-5.592510000000000189e-03
-8.449709999999999166e-03
-1.182489999999999930e-02
-1.284150000000000048e-02
-1.011070000000000024e-02
-5.182370000000000379e-03
-1.506249999999999993e-03
3.435339999999999835e-03
7.653949999999999643e-03
1.116789999999999970e-02
1.659390000000000170e-02
1.845590000000000078e-02
1.544270000000000018e-02
1.141389999999999939e-02
6.484600000000000086e-03
9.567659999999999533e-04
-3.302540000000000076e-03
-6.745059999999999771e-03
-8.190970000000000542e-03
-7.906420000000000808e-03
-8.080749999999999392e-03
-6.075940000000000160e-03
-4.144550000000000317e-03
-3.550010000000000145e-03
-6.646840000000000213e-03
-9.394929999999999254e-03
-9.114459999999999576e-03
-5.934939999999999660e-03
-1.495049999999999938e-03
-2.540110000000000046e-04
2.115859999999999790e-03
3.293669999999999844e-03
3.476250000000000173e-03
2.392340000000000178e-03
1.418729999999999883e-04
-1.684390000000000019e-03
-2.451169999999999911e-03
-4.620059999999999618e-03
-4.887179999999999649e-03
-4.768849999999999825e-03
-2.314339999999999800e-03
1.748250000000000021e-03
2.435590000000000064e-03
3.567519999999999806e-03
1.413919999999999934e-03
-2.734240000000000195e-03
-4.241329999999999753e-03
-1.342230000000000029e-03
3.068089999999999880e-03
5.110619999999999746e-03
1.047739999999999956e-02
1.724639999999999854e-02
2.106929999999999914e-02
2.133449999999999930e-02
1.627980000000000052e-02
8.198590000000000391e-03
2.434180000000000198e-03
-3.159489999999999933e-04
-2.487899999999999921e-03
-6.297149999999999840e-05
2.375209999999999995e-03
2.341610000000000046e-03
-3.328989999999999987e-03
-9.774579999999999727e-03
-1.564099999999999865e-02
-2.041729999999999934e-02
-2.061199999999999838e-02
-2.072919999999999971e-02
-1.687359999999999902e-02
-9.278740000000000598e-03
-1.287189999999999905e-03
3.763509999999999859e-03
4.433499999999999941e-03
4.046049999999999820e-03
-2.397789999999999958e-04
-6.187739999999999733e-03
-8.030330000000000454e-03
-5.846060000000000145e-03
-8.198430000000000040e-04
3.263139999999999877e-03
4.850870000000000182e-03
7.045339999999999762e-03
9.546739999999999740e-03
9.503950000000000592e-03
9.385700000000000293e-03
9.373489999999999947e-03
8.107039999999999386e-03
5.937119999999999724e-03
4.146529999999999834e-03
1.934799999999999975e-03
-4.137359999999999974e-05
-1.420000000000000038e-03
-5.410110000000000093e-03
-4.718710000000000092e-03
-3.015760000000000142e-03
-1.287310000000000060e-03
-1.368850000000000015e-03
-2.632250000000000041e-03
-2.277359999999999975e-03
6.227410000000000063e-04
3.512649999999999974e-03
3.062979999999999869e-03
3.591220000000000002e-03
3.220069999999999790e-03
5.797939999999999691e-03
5.762279999999999833e-03
6.106969999999999760e-03
3.571980000000000207e-03
-9.137289999999999518e-04
-5.164900000000000047e-03
-7.759030000000000094e-03
-9.060169999999999335e-03
-1.114549999999999916e-02
-9.998270000000000074e-03
-1.091289999999999968e-02
-9.607670000000000446e-03
-3.783030000000000160e-03
6.915050000000000276e-04
5.746260000000000430e-03
6.538600000000000315e-03
8.993070000000000577e-03
9.052229999999999652e-03
6.908809999999999604e-03
5.622959999999999764e-03
3.706930000000000208e-03
4.331009999999999721e-03
1.990780000000000154e-03
5.040500000000000275e-04
-2.047259999999999965e-03
-5.880360000000000274e-03
-8.112509999999999860e-03
-8.172659999999999994e-03
-6.696099999999999969e-03
-1.928910000000000043e-03
2.105089999999999999e-03
3.433789999999999933e-03
3.599000000000000202e-03
8.998190000000000528e-04
-9.856269999999999875e-04
-2.980179999999999808e-03
-5.046120000000000293e-03
-7.679019999999999943e-03
-1.069739999999999927e-02
-8.139920000000000141e-03
-3.067850000000000004e-03
-2.952340000000000129e-04
7.193879999999999502e-04
3.270719999999999964e-03
6.043330000000000403e-03
6.692889999999999950e-03
6.856049999999999818e-03
1.069630000000000060e-02
1.306410000000000037e-02
1.323030000000000039e-02
1.181800000000000038e-02
9.619479999999999698e-03
6.455299999999999754e-03
2.984189999999999846e-03
8.611380000000000076e-04
-1.761570000000000063e-03
-1.983879999999999932e-03
-2.463149999999999888e-03
-6.283010000000000331e-03
-6.935629999999999920e-03
-6.720480000000000030e-03
-8.456039999999999737e-03
-9.461489999999999484e-03
-8.628379999999999730e-03
-6.314659999999999718e-03
-3.932609999999999578e-03
-2.147309999999999876e-04
8.865529999999999938e-04
3.511289999999999811e-03
4.252620000000000358e-03
4.379049999999999783e-03
3.039130000000000130e-03
-7.203240000000000511e-05
-2.168579999999999813e-03
-4.370159999999999670e-03
-3.965350000000000298e-03
-4.293710000000000061e-03
-3.837909999999999933e-03
-4.318210000000000277e-03
-2.774369999999999961e-03
-8.022590000000000450e-04
3.043070000000000150e-03
7.557340000000000065e-03
6.628359999999999808e-03
4.302369999999999806e-03
1.639880000000000027e-03
9.280970000000000148e-04
1.120810000000000079e-03
-1.745639999999999909e-03
-9.859669999999999199e-04
6.251650000000000089e-04
2.236300000000000093e-03
3.316149999999999914e-03
4.992550000000000113e-03
6.053030000000000042e-03
6.041790000000000008e-03
2.579829999999999970e-03
-2.094570000000000026e-03
-4.426679999999999678e-03
-6.715969999999999926e-03
-7.152430000000000419e-03
-6.821050000000000377e-03
-4.885650000000000062e-03
-4.289140000000000313e-03
-2.452660000000000170e-03
-7.385399999999999864e-04
3.072109999999999858e-03
7.095889999999999663e-03
7.641410000000000390e-03
5.478560000000000374e-03
3.950999999999999651e-03
7.684400000000000085e-04
-1.167019999999999950e-04
-2.152079999999999792e-03
-3.668429999999999868e-03
-3.724540000000000142e-03
-3.466579999999999922e-03
-1.219159999999999949e-03
6.387349999999999755e-04
1.656380000000000048e-03
1.340239999999999921e-03
-1.526549999999999945e-04
-3.991920000000000364e-03
-3.063999999999999883e-03
-1.732290000000000045e-03
-2.044349999999999900e-03
-2.054579999999999861e-03
-1.288810000000000042e-03
8.189160000000000449e-04
2.621190000000000022e-04
8.086550000000000292e-04
2.202460000000000051e-04
9.676650000000000399e-04
-5.180939999999999764e-04
-2.051780000000000010e-03
2.914950000000000136e-04
6.340859999999999596e-04
3.668869999999999857e-04
3.423799999999999847e-04
2.591840000000000203e-03
4.386509999999999715e-03
6.194429999999999902e-03
6.715470000000000293e-03
5.613120000000000089e-03
3.566520000000000107e-03
1.359820000000000082e-03
-1.167070000000000086e-03
-1.510749999999999940e-03
-1.304800000000000057e-03
-1.178390000000000080e-03
-2.699839999999999792e-03
-4.431359999999999640e-03
-2.331789999999999818e-03
-7.553489999999999944e-04
-3.209849999999999769e-04
-5.096680000000000134e-04
3.590959999999999920e-04
-2.008719999999999863e-03
-5.356480000000000269e-03
-5.430960000000000301e-03
-3.561850000000000085e-03
-2.118989999999999849e-03
-1.799849999999999974e-03
-8.199400000000000134e-04
1.104230000000000099e-03
1.416230000000000093e-03
1.693559999999999987e-03
3.926699999999999982e-03
2.430739999999999811e-03
2.067690000000000066e-03
2.355209999999999942e-03
2.101270000000000134e-03
2.596279999999999747e-04
-6.887420000000000000e-04
1.014149999999999904e-03
2.687469999999999963e-03
3.939650000000000270e-03
3.983460000000000299e-03
2.955549999999999931e-03
1.430030000000000103e-03
-7.022340000000000396e-04
-2.342990000000000090e-03
-2.244110000000000115e-03
-2.267599999999999824e-03
-2.207470000000000005e-03
-2.167730000000000091e-03
-2.159599999999999801e-03
-2.050530000000000061e-03
-2.192299999999999891e-03
1.229469999999999936e-05
3.036740000000000012e-03
3.654660000000000113e-03
1.635589999999999917e-03
2.201919999999999952e-04
1.602899999999999985e-03
3.042700000000000179e-03
4.495370000000000160e-04
-1.122900000000000027e-03
5.952969999999999486e-04
-2.392500000000000095e-03
-5.537330000000000030e-03
-5.739270000000000309e-03
-5.804560000000000275e-03
-6.359309999999999963e-03
-4.247510000000000348e-03
-3.532710000000000104e-03
-2.961699999999999836e-03
-9.692029999999999699e-04
7.275779999999999921e-04
2.105189999999999839e-03
2.571169999999999792e-03
5.388620000000000215e-03
4.850189999999999883e-03
4.264839999999999777e-03
5.165229999999999821e-03
7.727750000000000244e-03
8.219229999999999245e-03
3.272559999999999879e-03
8.282780000000000004e-04
4.825709999999999982e-04
-1.289720000000000059e-03
-3.842089999999999828e-03
-4.760880000000000320e-03
-4.728269999999999695e-03
-2.858129999999999959e-03
-1.817019999999999920e-03
-2.262839999999999904e-04
3.269279999999999842e-03
3.826029999999999796e-03
3.806630000000000083e-03
3.408930000000000120e-03
4.099249999999999595e-03
2.798080000000000098e-03
6.138289999999999805e-04
-2.773690000000000096e-03
-7.006540000000000337e-03
-6.215260000000000229e-03
-4.230910000000000053e-03
-2.321000000000000146e-03
1.319370000000000048e-03
3.198700000000000068e-03
3.037569999999999854e-03
-1.827119999999999949e-04
-3.125629999999999901e-03
-3.155209999999999872e-03
-3.474389999999999944e-03
-3.565159999999999944e-03
-3.744640000000000035e-03
-3.941459999999999929e-03
-4.017950000000000167e-03
-4.210689999999999572e-03
-3.487720000000000143e-03
2.158799999999999998e-04
1.371210000000000094e-03
8.745989999999999927e-04
2.288940000000000159e-03
4.034679999999999690e-03
3.955140000000000218e-03
3.475859999999999887e-03
1.372179999999999971e-03
8.529589999999999763e-05
5.125509999999999788e-04
1.158770000000000020e-04
5.676060000000000133e-04
-1.227459999999999934e-04
-1.747549999999999896e-04
1.532249999999999975e-03
4.811649999999999781e-03
4.346659999999999587e-03
3.829659999999999922e-03
5.415320000000000376e-03
2.082880000000000061e-03
-1.535069999999999924e-03
-2.043909999999999911e-03
1.143729999999999920e-03
5.009470000000000242e-03
6.745029999999999949e-03
7.679090000000000395e-03
3.113820000000000216e-03
-5.400799999999999872e-03
-9.856659999999999727e-03
-3.802910000000000058e-03
-3.560259999999999987e-03
-1.572379999999999958e-02
-2.080660000000000148e-02
-8.066850000000000409e-03
1.305480000000000008e-02
2.176619999999999944e-02
1.166629999999999924e-02
3.738780000000000141e-03
4.122579999999999821e-03
-4.703380000000000061e-03
-1.416749999999999954e-02
-6.302849999999999599e-03
4.939419999999999922e-03
4.872569999999999679e-03
4.672459999999999916e-04
-3.107550000000000156e-03
-7.738809999999999613e-03
-1.101270000000000027e-02
-5.956740000000000299e-03
-1.687579999999999939e-03
2.846899999999999865e-03
4.816550000000000172e-03
4.666530000000000331e-03
6.292840000000000066e-03
4.773310000000000226e-03
-1.561969999999999982e-03
-6.992120000000000106e-03
-8.130109999999999421e-03
-4.708740000000000321e-03
4.113930000000000017e-03
1.030999999999999972e-02
1.310820000000000041e-02
1.664529999999999829e-02
1.285260000000000048e-02
-8.352629999999999777e-03
-2.333249999999999907e-02
-1.413820000000000007e-02
8.950100000000000113e-04
6.191949999999999885e-03
7.351199999999999575e-03
3.758370000000000027e-03
-4.105390000000000428e-03
-6.030230000000000139e-03
-2.416950000000000175e-03
6.537370000000000464e-04
1.897239999999999907e-03
1.457989999999999937e-03
-2.143139999999999976e-03
-2.899239999999999977e-03
1.345070000000000076e-03
2.498660000000000204e-03
1.817279999999999894e-03
3.440079999999999874e-03
3.469079999999999820e-03
-4.909870000000000206e-04
-3.719559999999999794e-03
-2.859219999999999991e-03
1.481189999999999959e-04
1.941980000000000052e-03
1.765679999999999941e-03
1.486540000000000001e-05
-7.732659999999999924e-04
-7.411559999999999763e-04
-5.262049999999999670e-04
-1.030249999999999916e-03
-1.868440000000000075e-03
-8.222540000000000187e-04
7.903709999999999989e-04
8.749030000000000088e-04
-8.147990000000000571e-05
8.126830000000000252e-05
2.090980000000000096e-04
-3.045100000000000237e-04
-3.956429999999999930e-04
-1.229629999999999948e-04
-1.108809999999999977e-04
7.409609999999999688e-05
5.720830000000000316e-04
3.121630000000000130e-04
-1.797690000000000063e-04
-1.033159999999999981e-04
7.082890000000000214e-05
3.583169999999999780e-04
2.656730000000000159e-04
-8.474750000000000471e-06
-1.852570000000000052e-04
-1.684160000000000084e-04
-1.394110000000000108e-04
-1.018499999999999955e-04
2.559800000000000039e-06
4.899929999999999688e-05
3.617980000000000214e-05
2.283680000000000131e-05
2.216209999999999911e-05
2.389869999999999871e-05
8.132949999999999780e-06
-8.701789999999999571e-06
-2.548349999999999919e-06
