1.681719999999999884e-04
1.459759999999999996e-04
1.664640000000000108e-04
1.484120000000000014e-04
1.692759999999999968e-04
1.491390000000000098e-04
1.713080000000000071e-04
1.524730000000000020e-04
1.747569999999999939e-04
1.558580000000000111e-04
1.869979999999999874e-04
1.982010000000000087e-04
2.313960000000000051e-04
2.137239999999999886e-04
1.996319999999999887e-04
1.120059999999999979e-04
1.210370000000000001e-04
6.526940000000000226e-05
-3.841650000000000056e-05
-1.076469999999999944e-04
-2.436389999999999894e-05
2.074799999999999854e-05
3.222609999999999966e-05
1.345529999999999974e-05
1.151720000000000012e-04
2.074699999999999906e-04
3.295980000000000112e-04
4.386039999999999904e-04
5.037210000000000515e-04
4.836430000000000178e-04
5.495359999999999915e-04
4.647079999999999831e-04
4.269019999999999998e-04
5.686579999999999890e-04
8.330409999999999681e-04
1.147589999999999982e-03
1.351959999999999924e-03
1.094619999999999925e-03
6.977899999999999988e-04
4.793700000000000131e-04
3.788749999999999800e-04
2.768800000000000189e-04
-1.418260000000000072e-04
-7.310249999999999474e-04
-1.253500000000000057e-03
-1.629250000000000056e-03
-1.775850000000000041e-03
-1.355599999999999991e-03
-6.638180000000000469e-04
-1.497310000000000069e-04
6.862339999999999759e-04
1.646279999999999966e-03
2.365250000000000165e-03
2.450690000000000160e-03
2.551949999999999878e-03
2.610270000000000038e-03
2.690249999999999933e-03
2.751360000000000004e-03
2.317270000000000180e-03
1.278309999999999950e-03
8.437470000000000516e-04
-4.214179999999999689e-05
-2.855879999999999769e-04
-5.409349999999999836e-04
-1.505489999999999953e-03
-2.251449999999999892e-03
-2.234410000000000042e-03
-3.767829999999999790e-03
-4.332739999999999855e-03
-4.280080000000000343e-03
-3.786509999999999876e-03
-3.310159999999999925e-03
-2.624280000000000102e-03
-2.313099999999999792e-03
-2.385969999999999844e-03
-2.378799999999999925e-03
-1.498189999999999938e-03
6.931780000000000233e-04
2.764029999999999786e-03
4.981919999999999925e-03
6.206159999999999628e-03
5.378100000000000241e-03
3.751469999999999805e-03
1.310310000000000077e-03
-1.792159999999999999e-04
-2.155609999999999915e-04
5.849889999999999517e-04
2.113170000000000152e-03
2.019899999999999821e-03
-6.179700000000000481e-05
-1.018519999999999972e-03
-1.675349999999999930e-03
-2.077160000000000204e-03
-2.777860000000000051e-03
-2.794839999999999824e-03
-2.625349999999999819e-03
-2.916689999999999994e-03
-3.630609999999999827e-03
-6.100719999999999581e-03
-6.935470000000000003e-03
-6.923789999999999979e-03
-5.224730000000000346e-03
-2.361939999999999873e-03
-6.191740000000000048e-04
5.397619999999999458e-04
3.578290000000000030e-03
6.224310000000000259e-03
6.190990000000000382e-03
3.089900000000000025e-03
-1.324470000000000009e-04
-3.266810000000000200e-03
-5.248499999999999693e-03
-8.390890000000000024e-04
7.930599999999999455e-03
1.541469999999999993e-02
1.819959999999999981e-02
1.414460000000000023e-02
6.076240000000000113e-03
-1.692080000000000103e-03
-8.638850000000000001e-03
-1.184540000000000072e-02
-1.231890000000000068e-02
-1.032379999999999930e-02
-8.752350000000000754e-03
-8.589050000000000851e-03
-8.651999999999999968e-03
-8.245830000000000867e-03
-5.822960000000000289e-03
-1.150759999999999939e-04
3.614190000000000198e-03
7.328720000000000373e-03
6.018530000000000234e-03
2.075270000000000153e-03
-1.529739999999999919e-03
-5.359449999999999978e-03
-6.603350000000000018e-03
-1.886059999999999950e-03
3.448629999999999838e-03
7.866309999999999622e-03
1.070489999999999983e-02
9.126040000000000194e-03
2.863670000000000018e-03
-2.439470000000000006e-03
-5.616249999999999715e-03
-4.698540000000000182e-03
-2.343519999999999978e-03
-2.985680000000000105e-03
-5.526419999999999770e-03
-6.519480000000000240e-03
-4.942629999999999940e-03
-3.750310000000000189e-03
-2.572249999999999884e-03
-1.170720000000000094e-03
1.910680000000000104e-03
7.133369999999999989e-03
6.050670000000000180e-03
3.585759999999999902e-03
6.358219999999999714e-04
-3.113939999999999937e-03
-6.979570000000000045e-03
-1.094610000000000027e-02
-1.419680000000000074e-02
-1.297880000000000041e-02
-8.580040000000000583e-03
-5.640179999999999846e-03
-4.005260000000000070e-03
-3.754739999999999901e-03
-2.250260000000000021e-03
7.803410000000000424e-04
5.498610000000000129e-03
1.212769999999999994e-02
1.748740000000000017e-02
2.244950000000000070e-02
2.602869999999999837e-02
2.501750000000000154e-02
2.010220000000000062e-02
1.456889999999999921e-02
7.169250000000000275e-03
1.594889999999999904e-04
-3.636780000000000047e-03
-1.744239999999999983e-03
-4.503180000000000073e-04
-2.615859999999999800e-03
-3.604420000000000106e-03
-4.748439999999999606e-03
-7.199090000000000003e-03
-1.106610000000000059e-02
-1.328810000000000061e-02
-1.505349999999999917e-02
-1.235130000000000082e-02
-7.581380000000000410e-03
-1.267450000000000044e-03
3.490889999999999965e-03
4.073639999999999900e-03
1.893509999999999941e-03
-3.059099999999999927e-03
-9.363039999999999558e-03
-8.761110000000000772e-03
-6.039359999999999694e-03
-4.918569999999999713e-03
-4.193480000000000298e-03
-4.126720000000000388e-03
-3.176930000000000118e-03
-7.018019999999999597e-04
3.228930000000000081e-03
6.483949999999999610e-03
6.860179999999999577e-03
6.299749999999999794e-03
4.004269999999999878e-03
1.276419999999999898e-03
-2.923149999999999794e-03
-5.765939999999999781e-03
-6.939479999999999607e-03
-7.242170000000000031e-03
-7.509949999999999612e-03
-8.698970000000000313e-03
-1.537280000000000070e-02
-2.427460000000000034e-02
-3.336750000000000133e-02
-3.847129999999999994e-02
-3.393410000000000176e-02
-2.267229999999999940e-02
-5.885109999999999821e-03
7.916930000000000842e-03
1.478810000000000020e-02
2.144510000000000166e-02
2.718320000000000111e-02
3.344779999999999975e-02
3.690750000000000280e-02
3.525989999999999680e-02
2.824660000000000018e-02
1.638090000000000032e-02
3.628360000000000179e-03
-5.977490000000000234e-03
-1.474130000000000058e-02
-1.988159999999999927e-02
-2.450300000000000047e-02
-2.814039999999999944e-02
-2.540919999999999984e-02
-1.838040000000000160e-02
-1.091100000000000056e-02
-7.838690000000000588e-03
-7.480699999999999850e-03
-7.330240000000000020e-03
-6.175929999999999614e-03
-2.751180000000000205e-03
1.322339999999999974e-03
7.032639999999999725e-03
1.533449999999999917e-02
1.897319999999999909e-02
1.846280000000000143e-02
1.106910000000000012e-02
-4.484690000000000377e-03
-1.746330000000000104e-02
-2.085319999999999882e-02
-1.447960000000000046e-02
3.870830000000000017e-03
2.247750000000000095e-02
3.374259999999999760e-02
3.550799999999999790e-02
3.051380000000000065e-02
2.345150000000000012e-02
1.548979999999999975e-02
1.879330000000000020e-03
-7.541820000000000294e-03
-1.203919999999999990e-02
-7.759910000000000072e-03
-3.130760000000000227e-04
7.247019999999999851e-03
1.081919999999999930e-02
1.307759999999999999e-02
1.364330000000000057e-02
1.352989999999999922e-02
1.221659999999999933e-02
7.815590000000000731e-03
6.382809999999999829e-04
-5.628949999999999752e-03
-1.217850000000000009e-02
-1.749969999999999998e-02
-2.111110000000000070e-02
-2.006140000000000007e-02
-1.538519999999999992e-02
-5.891600000000000309e-03
5.701509999999999911e-03
1.915570000000000120e-02
3.001399999999999901e-02
3.658539999999999709e-02
3.741780000000000106e-02
3.503549999999999720e-02
2.574879999999999877e-02
1.362020000000000071e-02
1.833480000000000071e-04
-1.277520000000000044e-02
-2.236880000000000118e-02
-2.850810000000000149e-02
-3.068569999999999978e-02
-2.724160000000000123e-02
-2.161389999999999839e-02
-1.431059999999999971e-02
-6.352700000000000187e-03
6.719609999999999993e-04
6.404250000000000220e-03
8.058620000000000713e-03
5.941720000000000161e-03
3.256269999999999911e-03
1.208029999999999911e-03
1.683940000000000090e-03
3.020530000000000003e-03
3.305339999999999927e-03
1.156920000000000084e-03
-1.844460000000000023e-04
2.123410000000000054e-03
4.047069999999999834e-03
4.322269999999999585e-03
5.030830000000000024e-03
9.321430000000000340e-03
1.263210000000000027e-02
1.451030000000000028e-02
1.056140000000000030e-02
5.223110000000000426e-03
1.352679999999999985e-03
2.480899999999999859e-03
3.969539999999999701e-03
2.972859999999999912e-03
-1.376099999999999893e-03
-7.742520000000000131e-03
-1.301440000000000062e-02
-2.022550000000000042e-02
-2.706129999999999994e-02
-2.902280000000000137e-02
-2.770799999999999999e-02
-2.055440000000000045e-02
-1.212539999999999972e-02
-7.712680000000000403e-03
-6.116049999999999829e-04
8.041539999999999799e-03
1.706850000000000034e-02
2.361330000000000026e-02
2.714719999999999980e-02
3.030609999999999901e-02
3.284390000000000226e-02
3.341589999999999838e-02
2.753359999999999835e-02
1.838909999999999850e-02
9.748980000000000840e-03
1.199430000000000027e-03
-1.150840000000000023e-02
-2.333030000000000173e-02
-3.076809999999999962e-02
-3.347979999999999706e-02
-3.114269999999999886e-02
-2.959439999999999987e-02
-2.794109999999999996e-02
-2.334560000000000107e-02
-1.582599999999999979e-02
-5.561240000000000280e-03
2.128650000000000160e-03
2.897690000000000075e-03
-1.115450000000000035e-03
-6.774409999999999807e-03
-1.301210000000000040e-02
-1.703059999999999991e-02
-1.374900000000000080e-02
-5.066069999999999775e-03
1.175799999999999935e-02
2.265009999999999940e-02
3.020060000000000106e-02
3.111639999999999892e-02
2.535340000000000163e-02
1.566719999999999918e-02
8.890949999999999895e-03
9.066700000000000453e-03
2.804970000000000033e-02
6.523160000000000069e-02
8.636249999999999483e-02
9.994980000000000531e-02
1.121909999999999991e-01
1.211139999999999994e-01
1.265739999999999921e-01
1.244949999999999946e-01
1.163440000000000030e-01
1.021989999999999982e-01
8.928999999999999437e-02
7.780710000000000404e-02
6.832870000000000610e-02
5.891009999999999996e-02
5.063909999999999939e-02
3.805660000000000293e-02
2.223440000000000139e-02
7.124819999999999591e-03
-1.021129999999999954e-02
-4.198670000000000180e-02
-7.934499999999999886e-02
-1.049070000000000003e-01
-1.114669999999999966e-01
-1.073690000000000061e-01
-9.454170000000000629e-02
-7.807379999999999876e-02
-6.508099999999999996e-02
-5.937610000000000110e-02
-6.190339999999999732e-02
-6.884200000000000041e-02
-7.888560000000000016e-02
-8.578289999999999527e-02
-8.792079999999999340e-02
-8.323379999999999668e-02
-7.479529999999999512e-02
-6.866999999999999493e-02
-6.788389999999999702e-02
-7.302450000000000607e-02
-8.080099999999999782e-02
-8.642229999999999357e-02
-8.080750000000000433e-02
-6.889800000000000091e-02
-4.351809999999999706e-02
-1.652330000000000118e-02
-5.102530000000000086e-03
-4.833920000000000231e-03
-7.079069999999999807e-03
-1.166359999999999966e-02
-1.012000000000000052e-02
-3.505090000000000202e-03
1.360730000000000099e-03
2.908700000000000174e-03
2.476560000000000046e-03
-4.982020000000000198e-03
-2.201329999999999953e-02
-4.023249999999999743e-02
-5.152349999999999985e-02
-5.767499999999999710e-02
-5.596079999999999804e-02
-4.333069999999999977e-02
-1.974350000000000063e-02
4.275160000000000071e-03
2.409530000000000005e-02
4.517129999999999757e-02
6.426129999999999343e-02
7.385410000000000585e-02
7.498140000000000360e-02
6.593519999999999937e-02
5.320570000000000160e-02
4.080469999999999930e-02
3.294180000000000025e-02
2.718349999999999933e-02
1.593179999999999943e-02
3.540059999999999821e-03
-8.915930000000000730e-03
-1.294750000000000068e-02
-1.043320000000000011e-02
-4.593660000000000278e-03
3.751720000000000055e-03
1.305180000000000055e-02
2.241670000000000121e-02
3.449019999999999864e-02
4.049479999999999746e-02
3.806230000000000030e-02
2.633160000000000014e-02
8.978929999999999551e-03
-1.418550000000000019e-02
-2.545669999999999877e-02
-2.590599999999999847e-02
-1.457110000000000002e-02
3.217569999999999892e-03
1.455069999999999975e-02
1.705960000000000115e-02
1.365000000000000067e-02
8.597320000000000309e-03
5.329480000000000155e-03
4.692830000000000265e-03
4.714799999999999894e-03
1.311410000000000050e-03
-3.136309999999999792e-03
-1.254779999999999958e-02
-2.407019999999999993e-02
-3.924969999999999848e-02
-4.798150000000000331e-02
-4.874409999999999854e-02
-4.139990000000000336e-02
-2.093110000000000109e-02
1.600499999999999839e-02
4.295619999999999994e-02
5.588540000000000174e-02
6.694899999999999463e-02
7.528700000000000669e-02
8.043190000000000062e-02
8.521140000000000658e-02
9.084749999999999770e-02
9.008940000000000003e-02
8.528059999999999807e-02
7.529810000000000669e-02
5.933780000000000304e-02
3.716010000000000146e-02
2.032449999999999882e-02
1.184379999999999981e-02
1.000129999999999943e-02
1.102730000000000030e-02
1.508160000000000056e-02
1.638519999999999907e-02
1.253310000000000014e-02
9.466830000000000730e-03
7.382679999999999972e-03
4.236209999999999802e-03
7.118460000000000282e-05
-2.476859999999999999e-03
4.436719999999999900e-04
8.129100000000000215e-03
2.229580000000000103e-02
3.419749999999999873e-02
4.312230000000000230e-02
4.624360000000000276e-02
4.509409999999999807e-02
3.491570000000000090e-02
1.892759999999999929e-02
2.942999999999999870e-03
-1.287020000000000004e-02
-2.448380000000000001e-02
-3.294029999999999875e-02
-3.930270000000000291e-02
-4.700479999999999936e-02
-5.932819999999999760e-02
-7.202600000000000668e-02
-8.113510000000000166e-02
-8.955430000000000335e-02
-9.030449999999999589e-02
-8.505809999999999760e-02
-7.484380000000000199e-02
-6.102069999999999717e-02
-5.045909999999999979e-02
-4.315920000000000173e-02
-4.096609999999999835e-02
-3.880299999999999722e-02
-3.521969999999999962e-02
-2.884849999999999914e-02
-2.524279999999999927e-02
-2.478700000000000001e-02
-3.279279999999999695e-02
-4.401929999999999732e-02
-5.601919999999999816e-02
-6.069839999999999958e-02
-5.658590000000000148e-02
-4.912140000000000256e-02
-4.105079999999999840e-02
-3.278760000000000008e-02
-2.321389999999999912e-02
-1.701930000000000109e-02
-1.395350000000000062e-02
-1.184110000000000024e-02
-1.365970000000000031e-02
-1.550909999999999962e-02
-1.121370000000000006e-02
-3.623209999999999972e-03
4.036849999999999813e-03
1.066130000000000029e-02
1.324709999999999950e-02
1.021279999999999931e-02
6.825529999999999792e-03
5.216290000000000163e-03
4.759590000000000175e-03
6.786819999999999832e-03
1.168690000000000007e-02
1.353999999999999995e-02
1.219450000000000048e-02
8.056829999999999201e-03
2.653069999999999994e-03
1.626879999999999982e-04
1.781030000000000070e-03
7.620150000000000014e-03
1.430260000000000038e-02
2.173490000000000144e-02
2.365729999999999916e-02
2.594430000000000000e-02
2.836019999999999860e-02
3.064269999999999841e-02
3.998039999999999927e-02
5.343350000000000183e-02
6.817819999999999436e-02
8.160770000000000524e-02
9.008800000000000141e-02
9.384589999999999599e-02
9.705880000000000063e-02
9.940970000000000362e-02
9.817389999999999450e-02
9.263649999999999662e-02
8.293069999999999609e-02
6.979689999999999506e-02
5.496329999999999966e-02
4.576000000000000206e-02
3.636029999999999818e-02
2.338449999999999904e-02
1.148380000000000060e-02
-4.828620000000000264e-04
-1.058380000000000085e-02
-1.726050000000000154e-02
-2.353310000000000124e-02
-2.992420000000000149e-02
-3.546660000000000090e-02
-4.428549999999999848e-02
-5.795589999999999770e-02
-7.131830000000000114e-02
-8.287390000000000034e-02
-8.884830000000000505e-02
-8.501519999999999910e-02
-7.355430000000000301e-02
-5.422550000000000286e-02
-3.606779999999999708e-02
-2.553599999999999967e-02
-2.023230000000000167e-02
-1.854019999999999974e-02
-1.899290000000000006e-02
-2.030529999999999835e-02
-2.067570000000000172e-02
-1.871079999999999965e-02
-1.339420000000000020e-02
-8.574999999999999289e-03
-1.670339999999999976e-03
6.153770000000000247e-03
1.742799999999999905e-02
2.874499999999999972e-02
3.999409999999999771e-02
4.694750000000000312e-02
5.081870000000000137e-02
5.279029999999999834e-02
5.409970000000000057e-02
5.433989999999999654e-02
5.469550000000000106e-02
4.736690000000000345e-02
3.598610000000000003e-02
-6.509349999999999685e-03
-3.661720000000000252e-02
-4.125680000000000319e-02
-4.620769999999999739e-02
-5.015399999999999719e-02
-5.587539999999999868e-02
-5.778509999999999897e-02
-6.237960000000000033e-02
-5.906299999999999745e-02
-5.054970000000000296e-02
-1.699639999999999831e-02
2.000379999999999867e-02
3.907589999999999675e-02
4.899499999999999689e-02
5.730729999999999852e-02
5.496299999999999797e-02
4.206130000000000285e-02
7.476639999999999675e-03
-1.778559999999999863e-02
-2.802529999999999952e-02
-3.524229999999999724e-02
-3.725730000000000014e-02
-3.568559999999999788e-02
-3.232809999999999850e-02
-3.043169999999999903e-02
-2.959339999999999887e-02
-2.834100000000000161e-02
-2.354469999999999827e-02
-1.718170000000000114e-02
-4.139679999999999749e-03
7.559029999999999569e-03
1.637479999999999838e-02
2.156119999999999912e-02
2.244060000000000152e-02
2.114080000000000126e-02
1.819499999999999937e-02
1.773790000000000089e-02
1.934550000000000158e-02
2.353919999999999971e-02
3.151810000000000028e-02
4.142710000000000142e-02
5.249150000000000343e-02
6.430400000000000005e-02
7.588319999999999788e-02
8.728510000000000435e-02
9.197009999999999907e-02
9.149720000000000075e-02
8.225069999999999604e-02
6.927419999999999412e-02
5.252819999999999712e-02
3.219330000000000108e-02
2.104860000000000064e-03
-3.713899999999999840e-02
-7.328659999999999342e-02
-1.064149999999999957e-01
-1.210910000000000042e-01
-1.246609999999999940e-01
-1.232430000000000053e-01
-1.142760000000000026e-01
-9.814430000000000376e-02
-8.077789999999999970e-02
-6.872580000000000355e-02
-6.052189999999999653e-02
-5.537480000000000180e-02
-5.172800000000000314e-02
-4.258340000000000042e-02
-3.179160000000000319e-02
-1.867639999999999925e-02
-1.090499999999999976e-02
-1.083079999999999980e-02
-1.341859999999999928e-02
-1.797570000000000071e-02
-2.147610000000000144e-02
-2.005880000000000163e-02
-1.326880000000000073e-02
-4.399629999999999860e-03
6.868530000000000295e-03
1.870509999999999881e-02
2.928800000000000153e-02
3.725679999999999964e-02
4.251889999999999836e-02
4.973609999999999837e-02
5.720800000000000191e-02
6.187240000000000101e-02
6.420320000000000193e-02
6.337710000000000565e-02
5.946780000000000121e-02
5.244109999999999744e-02
4.376440000000000191e-02
3.565539999999999682e-02
2.717670000000000155e-02
1.961109999999999937e-02
1.670949999999999866e-02
1.683209999999999915e-02
1.867550000000000113e-02
2.426769999999999969e-02
2.988419999999999965e-02
2.944000000000000089e-02
2.634140000000000092e-02
2.335800000000000029e-02
1.909370000000000164e-02
1.473200000000000030e-02
9.535099999999999479e-03
1.561340000000000037e-03
-9.924270000000000660e-03
-2.390460000000000154e-02
-3.365520000000000317e-02
-3.994339999999999696e-02
-4.614109999999999739e-02
-5.350719999999999782e-02
-5.925239999999999674e-02
-5.832369999999999916e-02
-5.225470000000000115e-02
-4.211949999999999722e-02
-2.628209999999999921e-02
-9.778679999999999664e-03
4.282430000000000264e-03
1.897530000000000050e-02
3.045700000000000143e-02
3.882580000000000059e-02
4.188379999999999881e-02
4.182890000000000219e-02
4.173020000000000201e-02
4.317050000000000054e-02
4.526609999999999662e-02
4.762190000000000173e-02
4.785779999999999895e-02
4.494639999999999747e-02
4.183139999999999775e-02
3.897830000000000045e-02
3.582579999999999792e-02
3.360960000000000336e-02
3.406379999999999825e-02
3.485970000000000041e-02
3.088339999999999835e-02
2.369989999999999944e-02
1.039359999999999937e-02
8.640380000000000239e-04
-1.124540000000000045e-03
1.599549999999999930e-03
6.731029999999999826e-03
1.140009999999999982e-02
1.674940000000000109e-02
2.055229999999999904e-02
2.190150000000000083e-02
2.103829999999999936e-02
2.032810000000000172e-02
2.129079999999999862e-02
2.837970000000000076e-02
4.117810000000000220e-02
6.621599999999999708e-02
8.192389999999999395e-02
8.576609999999999789e-02
8.653399999999999981e-02
8.014970000000000427e-02
6.098780000000000173e-02
3.721950000000000258e-02
2.034930000000000072e-02
3.801010000000000066e-03
-1.112830000000000069e-02
-2.204110000000000097e-02
-3.483409999999999979e-02
-5.006669999999999870e-02
-6.355750000000000288e-02
-7.859439999999999482e-02
-9.216969999999999330e-02
-1.052730000000000055e-01
-1.086720000000000047e-01
-1.067530000000000007e-01
-1.045740000000000003e-01
-1.048049999999999954e-01
-1.035770000000000024e-01
-9.949520000000000586e-02
-9.639040000000000108e-02
-9.582019999999999427e-02
-9.646689999999999432e-02
-8.939850000000000574e-02
-7.548739999999999617e-02
-6.265389999999999848e-02
-5.007729999999999820e-02
-3.719250000000000334e-02
-2.411800000000000055e-02
-1.091029999999999951e-02
9.542479999999999886e-04
9.026789999999999814e-03
1.297120000000000044e-02
1.444130000000000066e-02
1.581689999999999832e-02
1.711549999999999877e-02
1.834919999999999954e-02
2.019229999999999983e-02
2.200030000000000041e-02
2.445910000000000098e-02
3.613330000000000014e-02
4.287250000000000089e-02
4.259580000000000310e-02
4.014859999999999957e-02
3.645740000000000092e-02
2.748070000000000027e-02
1.563089999999999966e-02
4.224920000000000064e-03
-6.701219999999999920e-03
-1.803830000000000017e-02
-2.309730000000000116e-02
-2.452000000000000013e-02
-2.728150000000000019e-02
-2.997899999999999870e-02
-3.094169999999999907e-02
-3.042359999999999856e-02
-2.849519999999999831e-02
-2.600579999999999906e-02
-2.481399999999999925e-02
-2.203410000000000091e-02
-2.166440000000000032e-02
-2.553599999999999967e-02
-3.573520000000000169e-02
-5.022829999999999656e-02
-5.827659999999999785e-02
-5.793090000000000045e-02
-5.720510000000000178e-02
-5.459830000000000239e-02
-4.300670000000000187e-02
-3.468700000000000255e-02
-3.283559999999999951e-02
-3.078159999999999924e-02
-2.047989999999999880e-02
-7.055660000000000057e-03
5.138580000000000231e-03
1.845170000000000143e-02
3.111389999999999989e-02
4.273640000000000078e-02
4.917599999999999749e-02
5.233820000000000139e-02
5.631850000000000050e-02
5.715250000000000191e-02
5.662459999999999716e-02
5.474470000000000031e-02
4.638590000000000074e-02
3.320089999999999847e-02
2.554500000000000173e-02
2.061930000000000013e-02
1.642129999999999979e-02
1.172650000000000081e-02
7.744629999999999743e-03
3.818890000000000132e-03
8.627259999999999660e-04
-5.210440000000000210e-03
-1.048690000000000039e-02
-1.454049999999999961e-02
-1.681440000000000018e-02
-1.376110000000000007e-02
-9.657950000000000215e-03
-2.767840000000000144e-03
1.534240000000000083e-02
2.797770000000000118e-02
3.251239999999999686e-02
4.057469999999999827e-02
4.544650000000000079e-02
4.791720000000000007e-02
5.072109999999999813e-02
4.869470000000000048e-02
4.524539999999999812e-02
3.752239999999999742e-02
2.661439999999999986e-02
1.354490000000000034e-02
5.504539999999999607e-03
-1.152429999999999947e-02
-3.672419999999999851e-02
-5.522189999999999738e-02
-5.876730000000000148e-02
-6.083129999999999787e-02
-6.360599999999999588e-02
-6.477189999999999337e-02
-6.627650000000000208e-02
-6.570199999999999652e-02
-6.394160000000000121e-02
-5.877620000000000067e-02
-5.124109999999999776e-02
-4.437889999999999890e-02
-3.747240000000000293e-02
-3.349640000000000256e-02
-3.747400000000000037e-02
-4.496350000000000346e-02
-5.190430000000000044e-02
-5.585729999999999862e-02
-5.638100000000000056e-02
-5.184090000000000226e-02
-4.609730000000000077e-02
-3.957190000000000013e-02
-3.765399999999999997e-02
-3.739279999999999687e-02
-3.539470000000000116e-02
-3.047800000000000162e-02
-2.264599999999999946e-02
-1.218149999999999962e-02
-2.804000000000000069e-03
8.807209999999999345e-03
2.186319999999999930e-02
3.491439999999999821e-02
4.554620000000000196e-02
5.417919999999999681e-02
6.155290000000000067e-02
6.614689999999999459e-02
7.116000000000000103e-02
7.507510000000000572e-02
7.849760000000000071e-02
8.060100000000000597e-02
8.189599999999999658e-02
8.513149999999999884e-02
9.179070000000000285e-02
9.554039999999999755e-02
9.769329999999999681e-02
9.685459999999999903e-02
9.206559999999999744e-02
8.155959999999999599e-02
6.779079999999999828e-02
4.153529999999999722e-02
8.508830000000000213e-03
-1.688359999999999861e-02
-3.498300000000000021e-02
-5.529470000000000218e-02
-6.652510000000000367e-02
-6.962870000000000170e-02
-6.234640000000000321e-02
-4.563369999999999926e-02
-2.516670000000000018e-02
-1.101049999999999945e-02
1.793600000000000012e-03
1.073430000000000044e-02
1.731910000000000047e-02
2.138390000000000082e-02
2.115459999999999910e-02
1.798730000000000120e-02
1.178910000000000027e-02
4.702190000000000189e-03
-3.982979999999999680e-03
-1.745100000000000123e-02
-3.293089999999999906e-02
-5.080919999999999881e-02
-6.431149999999999367e-02
-7.682410000000000627e-02
-8.496339999999999448e-02
-8.819230000000000125e-02
-8.163320000000000298e-02
-6.750820000000000431e-02
-3.250399999999999817e-02
-7.067300000000000318e-03
8.676069999999999269e-03
2.073720000000000077e-02
2.593099999999999919e-02
2.723470000000000057e-02
2.396140000000000075e-02
1.771189999999999917e-02
1.072649999999999992e-02
6.025349999999999630e-03
4.765440000000000127e-03
7.573390000000000156e-03
1.504080000000000000e-02
2.525120000000000142e-02
3.695570000000000105e-02
4.667110000000000009e-02
5.243659999999999988e-02
5.047139999999999960e-02
3.958400000000000113e-02
1.983769999999999978e-02
-2.011680000000000065e-03
-1.393329999999999916e-02
-1.891090000000000132e-02
-1.945929999999999882e-02
-2.000909999999999841e-02
-1.836000000000000132e-02
-1.889340000000000117e-02
-1.991199999999999914e-02
-2.188089999999999827e-02
-2.414289999999999839e-02
-2.514299999999999868e-02
-2.295260000000000009e-02
-1.907390000000000127e-02
-1.190770000000000023e-02
-1.957609999999999819e-03
1.110539999999999965e-02
2.345059999999999853e-02
3.657900000000000040e-02
4.744489999999999819e-02
5.388949999999999990e-02
5.651690000000000186e-02
5.275210000000000315e-02
4.516950000000000132e-02
3.351090000000000318e-02
1.878579999999999833e-02
-9.253030000000000413e-04
-1.862339999999999829e-02
-3.467769999999999880e-02
-4.890529999999999877e-02
-6.004609999999999809e-02
-7.332400000000000029e-02
-8.888050000000000117e-02
-1.028659999999999991e-01
-1.130170000000000063e-01
-1.117569999999999952e-01
-1.050029999999999991e-01
-7.256070000000000575e-02
-3.212050000000000322e-02
-1.062079999999999969e-02
5.153010000000000403e-03
1.909030000000000102e-02
2.809719999999999926e-02
3.288610000000000144e-02
3.639450000000000324e-02
3.547940000000000121e-02
3.253969999999999779e-02
2.973419999999999883e-02
2.606040000000000093e-02
2.240899999999999836e-02
1.879209999999999908e-02
1.748320000000000082e-02
1.776279999999999873e-02
1.942520000000000011e-02
2.466640000000000152e-02
2.851719999999999949e-02
3.452879999999999838e-02
3.989870000000000222e-02
4.473320000000000074e-02
5.123300000000000076e-02
5.701359999999999761e-02
6.189730000000000232e-02
6.763679999999999692e-02
6.900430000000000452e-02
6.847040000000000071e-02
6.930659999999999599e-02
6.925059999999999549e-02
6.511859999999999871e-02
6.222869999999999790e-02
5.886190000000000172e-02
5.824000000000000010e-02
5.887579999999999897e-02
5.911820000000000269e-02
5.345579999999999776e-02
4.239300000000000013e-02
2.873550000000000063e-02
1.781500000000000097e-02
8.890969999999999776e-03
5.407590000000000313e-03
3.598940000000000125e-03
3.838439999999999821e-03
6.139750000000000242e-03
1.012240000000000015e-02
1.367069999999999917e-02
1.728740000000000138e-02
1.796100000000000127e-02
1.772630000000000039e-02
1.763570000000000068e-02
1.915640000000000051e-02
2.114939999999999876e-02
2.245629999999999848e-02
2.481670000000000056e-02
2.737059999999999840e-02
2.922459999999999988e-02
2.902309999999999959e-02
2.512850000000000153e-02
2.157890000000000155e-02
1.558320000000000018e-02
8.853649999999999368e-03
6.939070000000000090e-04
-8.264229999999999146e-03
-1.725089999999999957e-02
-2.404589999999999853e-02
-3.046710000000000043e-02
-3.655069999999999847e-02
-4.261469999999999841e-02
-4.590620000000000117e-02
-4.773709999999999759e-02
-4.736730000000000107e-02
-4.472120000000000262e-02
-3.943200000000000177e-02
-2.990090000000000109e-02
-1.713740000000000055e-02
-2.930219999999999873e-03
8.569840000000000443e-03
1.690320000000000017e-02
2.137709999999999957e-02
2.399480000000000016e-02
2.808410000000000073e-02
3.208729999999999916e-02
3.732830000000000176e-02
3.911470000000000224e-02
3.974969999999999892e-02
4.057059999999999833e-02
3.842679999999999707e-02
3.697539999999999855e-02
3.282999999999999807e-02
2.489790000000000059e-02
1.689840000000000092e-02
1.242700000000000055e-02
9.260310000000000763e-03
4.711309999999999804e-03
6.360149999999999745e-04
-5.486610000000000271e-03
-1.449660000000000011e-02
-2.512110000000000037e-02
-3.646259999999999779e-02
-4.375749999999999779e-02
-4.444959999999999883e-02
-3.943750000000000033e-02
-2.997609999999999858e-02
-1.974010000000000001e-02
-1.162949999999999921e-02
-7.442780000000000402e-03
-7.830409999999999454e-03
-1.149529999999999996e-02
-1.644639999999999991e-02
-2.136599999999999958e-02
-2.648920000000000094e-02
-3.065760000000000013e-02
-3.432709999999999928e-02
-3.926910000000000123e-02
-4.602810000000000235e-02
-5.304459999999999731e-02
-5.752879999999999799e-02
-5.803069999999999756e-02
-5.159330000000000166e-02
-4.056479999999999808e-02
-2.840269999999999948e-02
-1.816560000000000050e-02
-1.065619999999999935e-02
-1.269310000000000056e-03
7.079910000000000023e-03
1.773279999999999995e-02
2.912330000000000127e-02
3.856869999999999743e-02
4.486840000000000273e-02
4.624869999999999676e-02
4.596549999999999941e-02
4.579690000000000150e-02
4.462859999999999744e-02
3.921759999999999829e-02
2.913659999999999861e-02
1.503089999999999982e-02
1.488249999999999990e-03
-7.984929999999999459e-03
-1.517650000000000075e-02
-1.805870000000000045e-02
-1.827909999999999952e-02
-1.814750000000000044e-02
-2.123039999999999997e-02
-2.472020000000000120e-02
-2.902630000000000141e-02
-3.328160000000000146e-02
-3.678000000000000019e-02
-3.897110000000000157e-02
-3.845370000000000038e-02
-3.598169999999999841e-02
-3.089240000000000042e-02
-2.543770000000000059e-02
-1.995090000000000058e-02
-1.583439999999999848e-02
-1.164289999999999943e-02
-7.558439999999999603e-03
-2.898799999999999988e-03
2.740289999999999827e-03
6.568499999999999686e-03
1.049839999999999975e-02
1.275880000000000070e-02
1.533860000000000084e-02
1.247020000000000073e-02
5.359100000000000322e-03
2.839359999999999866e-04
-7.613990000000000168e-03
-1.467060000000000065e-02
-1.945159999999999945e-02
-2.464819999999999858e-02
-2.979160000000000141e-02
-3.737990000000000063e-02
-4.541610000000000091e-02
-5.037370000000000042e-02
-5.295930000000000082e-02
-5.430229999999999779e-02
-5.414080000000000281e-02
-5.204179999999999917e-02
-4.694559999999999705e-02
-3.976930000000000048e-02
-3.302809999999999774e-02
-2.789229999999999834e-02
-2.710500000000000062e-02
-2.679329999999999906e-02
-2.773360000000000061e-02
-2.790779999999999997e-02
-2.389799999999999910e-02
-1.707830000000000112e-02
-1.276039999999999987e-02
-8.805570000000000411e-03
-3.599740000000000145e-03
-2.508330000000000021e-03
-2.388560000000000075e-03
-3.997610000000000399e-03
-6.441289999999999689e-03
-6.420259999999999682e-03
-6.133060000000000074e-03
-6.410469999999999710e-03
-5.426659999999999817e-03
-3.922029999999999961e-03
-3.766230000000000185e-03
-5.315519999999999794e-03
-6.173969999999999979e-03
-7.777580000000000084e-03
-1.122350000000000084e-02
-1.419639999999999964e-02
-1.247350000000000021e-02
-6.515720000000000019e-03
1.411570000000000012e-03
9.443969999999999448e-03
1.896099999999999869e-02
2.632349999999999968e-02
3.532749999999999779e-02
4.451449999999999851e-02
5.653529999999999667e-02
6.629219999999999557e-02
7.537430000000000518e-02
8.455070000000000641e-02
8.991860000000000130e-02
9.030570000000000264e-02
8.361559999999999826e-02
7.371489999999999987e-02
6.191669999999999813e-02
5.202289999999999692e-02
4.365779999999999661e-02
3.696170000000000011e-02
3.116350000000000023e-02
2.670979999999999882e-02
2.508519999999999847e-02
2.467259999999999939e-02
2.976060000000000164e-02
3.536550000000000110e-02
3.842790000000000095e-02
4.133909999999999668e-02
4.162670000000000259e-02
3.691730000000000012e-02
2.885530000000000039e-02
1.904099999999999890e-02
7.865399999999999822e-03
-5.120529999999999873e-03
-1.615000000000000116e-02
-2.365870000000000126e-02
-2.985399999999999859e-02
-3.491040000000000115e-02
-3.999620000000000258e-02
-4.477570000000000161e-02
-4.968439999999999662e-02
-5.430159999999999848e-02
-5.735629999999999895e-02
-5.831580000000000097e-02
-5.607530000000000153e-02
-5.269070000000000004e-02
-4.988039999999999835e-02
-4.620799999999999907e-02
-4.199159999999999698e-02
-4.041000000000000147e-02
-3.963669999999999694e-02
-3.277929999999999733e-02
-2.331890000000000004e-02
-1.342649999999999920e-02
-1.229330000000000049e-03
8.496250000000000330e-03
1.369210000000000045e-02
1.776000000000000148e-02
1.881640000000000049e-02
1.837410000000000085e-02
1.671920000000000003e-02
1.627320000000000155e-02
1.722539999999999835e-02
1.826349999999999849e-02
1.759720000000000034e-02
1.573249999999999996e-02
1.278800000000000076e-02
9.429230000000000250e-03
4.004419999999999855e-03
1.781080000000000098e-04
-5.539190000000000259e-03
-9.270459999999999465e-03
-1.239179999999999969e-02
-1.636759999999999951e-02
-1.917440000000000117e-02
-2.193099999999999911e-02
-2.538520000000000013e-02
-2.820939999999999906e-02
-3.099350000000000022e-02
-3.191100000000000186e-02
-3.151559999999999778e-02
-2.617490000000000094e-02
-2.005070000000000116e-02
-1.482939999999999953e-02
-1.039600000000000073e-02
-7.343970000000000012e-03
-4.499259999999999718e-03
1.596029999999999964e-04
5.457260000000000236e-03
1.014080000000000016e-02
1.168280000000000013e-02
1.415609999999999959e-02
1.637100000000000014e-02
1.510719999999999945e-02
1.201570000000000069e-02
1.049830000000000034e-02
9.385400000000000340e-03
7.423110000000000125e-03
4.392000000000000071e-03
7.387980000000000371e-04
-1.373560000000000015e-03
-4.192360000000000010e-03
-3.141769999999999893e-03
-5.055000000000000221e-05
3.488880000000000193e-03
5.138239999999999648e-03
7.036159999999999637e-03
1.001100000000000080e-02
1.231709999999999923e-02
1.501949999999999986e-02
1.725760000000000141e-02
2.015569999999999862e-02
2.137469999999999995e-02
2.153340000000000115e-02
1.830479999999999954e-02
1.597530000000000130e-02
1.250509999999999990e-02
9.213499999999999468e-03
5.637760000000000341e-03
3.723789999999999934e-04
-3.236029999999999983e-03
-5.913319999999999688e-03
-1.130229999999999950e-02
-1.883119999999999933e-02
-2.755550000000000013e-02
-3.605710000000000165e-02
-4.041320000000000329e-02
-4.402169999999999694e-02
-4.600400000000000322e-02
-4.247070000000000012e-02
-3.799460000000000337e-02
-3.364790000000000142e-02
-2.660010000000000152e-02
-2.016839999999999952e-02
-1.500529999999999919e-02
-9.353020000000000084e-03
-4.123759999999999752e-03
-2.167399999999999882e-04
4.302190000000000224e-04
6.484909999999999546e-04
6.615440000000000209e-04
9.305669999999999827e-04
7.567840000000000374e-04
2.387460000000000103e-03
3.472310000000000153e-03
4.482309999999999767e-03
2.329690000000000146e-03
-2.022899999999999894e-04
-2.602189999999999885e-03
-3.837430000000000181e-03
-7.005220000000000370e-03
-7.878430000000000502e-03
-7.644810000000000147e-03
-6.425300000000000109e-03
-6.713990000000000409e-03
-7.919620000000000479e-03
-9.665210000000000468e-03
-1.145539999999999926e-02
-1.048950000000000056e-02
-6.530430000000000262e-03
-1.190349999999999958e-03
3.835180000000000099e-03
9.256870000000000376e-03
1.347989999999999952e-02
1.737920000000000090e-02
2.105440000000000089e-02
2.361569999999999989e-02
2.595389999999999850e-02
2.851820000000000049e-02
3.003300000000000067e-02
2.860019999999999923e-02
2.716709999999999958e-02
2.735069999999999862e-02
2.677970000000000003e-02
2.843829999999999969e-02
3.084809999999999983e-02
3.069159999999999944e-02
3.221070000000000183e-02
3.657500000000000334e-02
3.910269999999999718e-02
4.119550000000000295e-02
4.211360000000000103e-02
4.178799999999999876e-02
4.127510000000000207e-02
4.116120000000000195e-02
3.866030000000000161e-02
3.570340000000000319e-02
3.369540000000000035e-02
3.067160000000000025e-02
2.763749999999999887e-02
2.470850000000000130e-02
2.070740000000000081e-02
1.514060000000000059e-02
9.607489999999999780e-03
4.297729999999999606e-03
-1.040380000000000037e-03
-5.263570000000000401e-03
-8.157430000000000236e-03
-1.232759999999999932e-02
-1.563470000000000137e-02
-1.780500000000000138e-02
-2.049250000000000030e-02
-2.031459999999999863e-02
-1.717360000000000067e-02
-1.466330000000000064e-02
-1.180579999999999997e-02
-1.004999999999999991e-02
-8.471980000000000482e-03
-5.881199999999999622e-03
-3.023710000000000200e-03
-4.348350000000000067e-04
2.269629999999999911e-03
3.678869999999999883e-03
5.255909999999999922e-03
7.774170000000000386e-03
8.187770000000000464e-03
8.627390000000000406e-03
1.233199999999999921e-02
1.759180000000000119e-02
2.067199999999999940e-02
2.290319999999999856e-02
2.416449999999999848e-02
2.151509999999999881e-02
2.004600000000000132e-02
1.828250000000000014e-02
1.569680000000000034e-02
1.514040000000000004e-02
1.511509999999999937e-02
1.476919999999999969e-02
1.437719999999999970e-02
1.216809999999999940e-02
9.934850000000000278e-03
8.847300000000000650e-03
6.184689999999999632e-03
3.339410000000000121e-03
6.734749999999999851e-04
-1.437029999999999948e-03
-1.798359999999999933e-03
5.144470000000000163e-04
5.630279999999999660e-03
8.925100000000000047e-03
1.172229999999999973e-02
1.592889999999999931e-02
1.860850000000000004e-02
1.925850000000000131e-02
1.768300000000000080e-02
1.645819999999999922e-02
1.348189999999999979e-02
8.895369999999999666e-03
4.821210000000000252e-03
-4.185409999999999760e-04
-3.927810000000000329e-03
-5.701880000000000316e-03
-6.907370000000000350e-03
-8.170989999999999503e-03
-6.506070000000000082e-03
-3.307640000000000146e-03
-9.997369999999998948e-07
2.256399999999999986e-03
6.039789999999999742e-03
7.068180000000000296e-03
6.829359999999999598e-03
6.300680000000000343e-03
3.978480000000000384e-03
1.050090000000000051e-03
-3.332179999999999799e-04
-5.793650000000000015e-03
-1.183889999999999942e-02
-1.824999999999999886e-02
-2.737619999999999984e-02
-3.497789999999999927e-02
-4.072459999999999969e-02
-4.565860000000000057e-02
-4.951309999999999739e-02
-5.037679999999999936e-02
-5.249949999999999756e-02
-5.337220000000000159e-02
-5.458969999999999795e-02
-5.681630000000000014e-02
-5.895829999999999821e-02
-5.979729999999999768e-02
-5.913480000000000125e-02
-5.633950000000000069e-02
-4.872560000000000086e-02
-3.709620000000000278e-02
-2.600119999999999862e-02
-1.799069999999999836e-02
-1.323910000000000017e-02
-1.236510000000000040e-02
-1.212820000000000044e-02
-1.091130000000000051e-02
-8.163570000000000201e-03
-6.906400000000000039e-03
-5.107330000000000203e-03
-3.326239999999999839e-03
-5.301799999999999742e-03
-8.078290000000000123e-03
-1.033159999999999981e-02
-1.265409999999999972e-02
-1.285530000000000006e-02
-1.039099999999999920e-02
-7.664520000000000187e-03
-6.461119999999999884e-03
-6.330309999999999583e-03
-6.241580000000000045e-03
-5.884389999999999760e-03
-7.618179999999999570e-03
-1.031100000000000072e-02
-1.174110000000000084e-02
-1.392460000000000052e-02
-1.436909999999999923e-02
-1.483800000000000049e-02
-1.727909999999999863e-02
-1.851370000000000099e-02
-1.831529999999999964e-02
-1.932920000000000124e-02
-1.815670000000000131e-02
-1.666350000000000123e-02
-1.191479999999999970e-02
-3.677249999999999963e-03
4.736060000000000270e-03
1.407650000000000047e-02
2.067799999999999847e-02
2.324839999999999893e-02
2.574890000000000165e-02
2.666750000000000023e-02
2.626830000000000137e-02
2.612810000000000132e-02
2.595340000000000147e-02
2.707230000000000053e-02
2.929599999999999912e-02
2.987679999999999850e-02
3.184019999999999906e-02
3.339890000000000220e-02
3.422290000000000054e-02
3.499460000000000071e-02
3.413820000000000049e-02
3.223979999999999901e-02
3.160899999999999821e-02
3.040079999999999866e-02
2.731940000000000063e-02
2.630369999999999930e-02
2.567449999999999941e-02
2.212129999999999999e-02
1.768439999999999943e-02
1.498479999999999951e-02
1.211330000000000046e-02
9.356859999999999830e-03
6.403129999999999933e-03
3.733170000000000065e-03
-3.224349999999999851e-04
-2.266390000000000071e-03
-1.969980000000000082e-03
-2.839099999999999784e-03
-3.474220000000000086e-03
-2.124469999999999831e-03
-2.051690000000000111e-03
-2.192069999999999956e-03
-2.089460000000000015e-03
-2.907709999999999982e-03
-5.596140000000000315e-03
-6.689109999999999848e-03
-6.473310000000000348e-03
-6.506119999999999785e-03
-6.538580000000000433e-03
-6.372420000000000168e-03
-6.296529999999999835e-03
-6.323940000000000117e-03
-5.253810000000000251e-03
-2.164310000000000019e-03
-2.663829999999999844e-03
-5.496440000000000006e-03
-6.316559999999999710e-03
-8.041750000000000287e-03
-1.027199999999999988e-02
-1.043550000000000033e-02
-9.142549999999999288e-03
-6.634809999999999666e-03
-4.000560000000000227e-03
-1.791639999999999943e-03
-1.354809999999999912e-03
-1.411609999999999992e-03
-1.666390000000000015e-04
2.460659999999999931e-03
3.213370000000000115e-03
2.948660000000000083e-03
3.135569999999999850e-03
1.992879999999999825e-03
-6.986549999999999575e-04
-3.220119999999999927e-03
-5.915580000000000144e-03
-7.724120000000000118e-03
-8.027889999999999332e-03
-6.790530000000000350e-03
-5.782820000000000148e-03
-5.818249999999999637e-03
-5.282730000000000238e-03
-2.887990000000000002e-03
-1.162150000000000032e-03
-1.261689999999999990e-03
-1.421540000000000000e-03
-3.280640000000000032e-03
-5.184959999999999743e-03
-6.367310000000000157e-03
-7.630790000000000142e-03
-1.065819999999999962e-02
-1.570260000000000059e-02
-1.860880000000000173e-02
-2.096160000000000037e-02
-2.342549999999999841e-02
-2.467369999999999980e-02
-2.279669999999999960e-02
-2.157749999999999946e-02
-2.002409999999999954e-02
-1.958520000000000053e-02
-1.819420000000000065e-02
-1.665739999999999929e-02
-1.508939999999999934e-02
-1.425240000000000014e-02
-1.412069999999999992e-02
-1.475480000000000021e-02
-1.599779999999999952e-02
-1.581650000000000070e-02
-1.561509999999999981e-02
-1.562340000000000083e-02
-1.488470000000000071e-02
-1.226490000000000045e-02
-1.059659999999999942e-02
-1.056969999999999958e-02
-1.039729999999999994e-02
-1.023089999999999937e-02
-1.010469999999999945e-02
-1.007189999999999995e-02
-8.803240000000000370e-03
-6.142569999999999975e-03
-3.462250000000000050e-03
-1.295799999999999947e-03
3.169189999999999789e-04
4.105659999999999692e-03
7.112089999999999732e-03
9.365439999999999182e-03
1.229150000000000034e-02
1.599149999999999877e-02
1.683159999999999865e-02
1.624880000000000074e-02
1.648509999999999906e-02
1.632849999999999926e-02
1.788259999999999850e-02
2.032379999999999950e-02
2.288609999999999950e-02
2.487580000000000000e-02
2.856749999999999914e-02
3.066930000000000003e-02
3.157859999999999834e-02
2.991440000000000071e-02
2.475789999999999935e-02
1.935330000000000036e-02
1.423909999999999933e-02
1.023489999999999990e-02
5.999820000000000327e-03
2.051639999999999974e-03
-2.623840000000000113e-03
-7.325360000000000378e-03
-9.701430000000000470e-03
-1.223819999999999943e-02
-1.323670000000000055e-02
-1.312340000000000034e-02
-1.292510000000000013e-02
-1.303589999999999957e-02
-1.162260000000000029e-02
-8.880439999999999862e-03
-4.707140000000000282e-03
-9.645170000000000219e-04
3.080199999999999952e-03
6.019329999999999820e-03
7.196759999999999963e-03
5.865300000000000374e-03
5.145030000000000089e-03
4.198259999999999666e-03
1.004520000000000066e-03
5.629050000000000459e-04
-5.924739999999999521e-04
-3.328349999999999885e-03
-3.940410000000000093e-03
-3.047460000000000099e-03
3.315430000000000070e-04
4.217890000000000181e-03
8.036549999999999944e-03
1.140309999999999935e-02
1.449169999999999972e-02
1.780199999999999838e-02
1.889679999999999832e-02
2.129580000000000015e-02
2.265970000000000137e-02
2.549670000000000061e-02
2.602710000000000093e-02
2.564030000000000128e-02
2.305110000000000145e-02
2.070450000000000068e-02
2.051089999999999858e-02
1.799260000000000095e-02
1.508989999999999984e-02
1.127120000000000032e-02
7.480170000000000395e-03
5.826350000000000105e-03
2.903399999999999991e-03
1.372719999999999962e-04
-3.388589999999999918e-03
-7.535009999999999972e-03
-1.260350000000000012e-02
-1.763280000000000056e-02
-1.985779999999999837e-02
-1.920830000000000107e-02
-1.653769999999999893e-02
-1.391620000000000010e-02
-1.113839999999999969e-02
-8.417990000000000195e-03
-5.702989999999999796e-03
-2.957079999999999952e-03
-1.490580000000000030e-03
-1.782960000000000100e-03
-1.489510000000000096e-03
-2.266339999999999934e-03
-5.471750000000000051e-03
-1.065890000000000067e-02
-1.283190000000000025e-02
-1.606219999999999870e-02
-1.934419999999999890e-02
-2.172100000000000072e-02
-2.275280000000000011e-02
-2.072689999999999949e-02
-1.809360000000000135e-02
-1.371430000000000045e-02
-7.076260000000000015e-03
-4.121090000000000213e-04
6.018670000000000270e-03
1.075609999999999934e-02
1.389390000000000069e-02
1.649240000000000081e-02
1.795240000000000030e-02
1.925740000000000091e-02
2.164320000000000133e-02
2.177400000000000169e-02
2.072809999999999930e-02
1.785820000000000116e-02
1.673190000000000094e-02
1.448690000000000047e-02
1.295089999999999957e-02
1.386889999999999998e-02
1.540749999999999932e-02
1.777679999999999885e-02
2.152640000000000109e-02
2.355290000000000161e-02
2.710119999999999890e-02
2.853059999999999971e-02
2.803479999999999861e-02
2.551420000000000077e-02
2.126029999999999934e-02
1.700660000000000019e-02
1.305820000000000071e-02
8.571660000000000043e-03
3.692459999999999840e-03
1.921390000000000034e-03
-6.035349999999999737e-05
-4.394839999999999684e-03
-6.730090000000000204e-03
-9.583579999999999530e-03
-1.204269999999999993e-02
-1.392730000000000010e-02
-1.173629999999999986e-02
-7.146669999999999932e-03
-2.402379999999999967e-03
2.242470000000000097e-04
5.887779999999999793e-04
-3.034059999999999882e-04
-2.689959999999999921e-03
-5.199879999999999607e-03
-6.138789999999999872e-03
-8.267510000000000484e-03
-1.003590000000000038e-02
-9.910459999999999409e-03
-9.870119999999999588e-03
-9.478510000000000754e-03
-7.879040000000000349e-03
-6.598930000000000247e-03
-4.346449999999999966e-03
-1.572720000000000107e-03
-4.435500000000000206e-04
1.456489999999999955e-03
4.395259999999999792e-03
5.908250000000000307e-03
7.215590000000000025e-03
9.682390000000000788e-03
1.006899999999999983e-02
6.702780000000000196e-03
3.569839999999999906e-03
1.160959999999999943e-03
-2.573000000000000200e-03
-5.415419999999999782e-03
-7.377759999999999700e-03
-7.649379999999999895e-03
-7.623839999999999784e-03
-7.605419999999999889e-03
-7.682220000000000021e-03
-6.890170000000000149e-03
-5.520999999999999866e-03
-3.096729999999999795e-03
-5.419529999999999660e-04
2.686350000000000109e-03
6.165780000000000045e-03
7.881410000000000152e-03
8.182679999999999468e-03
5.695490000000000101e-03
5.019949999999999803e-04
-4.648300000000000175e-03
-7.044739999999999856e-03
-6.372870000000000097e-03
-5.072160000000000037e-03
-2.439100000000000035e-03
2.859369999999999967e-03
6.072319999999999975e-03
8.548889999999999961e-03
1.013539999999999927e-02
1.023250000000000028e-02
9.838559999999999667e-03
8.030010000000000620e-03
5.738430000000000093e-03
4.762459999999999610e-03
8.941399999999999739e-04
-4.442569999999999852e-03
-9.201430000000000026e-03
-1.040890000000000044e-02
-1.192000000000000004e-02
-1.211010000000000038e-02
-1.189669999999999964e-02
-8.771660000000000568e-03
-6.867680000000000139e-03
-4.100859999999999575e-03
1.189769999999999934e-03
6.329440000000000413e-03
8.626099999999999393e-03
1.195000000000000055e-02
1.420240000000000044e-02
1.152309999999999966e-02
9.983060000000000198e-03
8.731440000000000035e-03
7.569270000000000338e-03
8.199800000000000144e-03
8.757990000000000219e-03
6.397990000000000101e-03
3.655639999999999931e-03
2.647130000000000143e-03
1.139100000000000095e-03
-1.439920000000000132e-04
-2.564009999999999814e-03
-3.892599999999999966e-03
-3.992179999999999687e-03
-5.916949999999999814e-03
-8.806559999999999735e-03
-1.108860000000000054e-02
-1.358690000000000071e-02
-1.485470000000000020e-02
-1.859339999999999951e-02
-2.264000000000000040e-02
-2.371090000000000003e-02
-2.475339999999999832e-02
-2.482490000000000044e-02
-2.452060000000000003e-02
-2.440679999999999933e-02
-2.339700000000000113e-02
-2.073540000000000105e-02
-1.781560000000000088e-02
-1.501659999999999974e-02
-1.209829999999999933e-02
-9.480099999999999985e-03
-6.517030000000000045e-03
-4.952469999999999616e-03
-2.017899999999999989e-03
1.299290000000000057e-05
2.404809999999999847e-03
6.890860000000000388e-03
9.607630000000000683e-03
1.196149999999999991e-02
1.285569999999999942e-02
1.508390000000000078e-02
1.610639999999999988e-02
1.466130000000000037e-02
1.312800000000000078e-02
1.193939999999999932e-02
9.390370000000000314e-03
4.922450000000000089e-03
2.193539999999999900e-03
-2.476590000000000085e-04
-1.566310000000000011e-03
-3.087970000000000211e-03
-4.332319999999999748e-03
-5.695549999999999745e-03
-5.839539999999999835e-03
-5.716439999999999716e-03
-5.779499999999999915e-03
-5.214459999999999755e-03
-2.574599999999999805e-03
-9.356059999999999594e-04
-1.114669999999999897e-03
-1.015840000000000059e-03
-9.014700000000000274e-04
-8.825919999999999686e-04
-9.410119999999999683e-04
-9.837780000000000396e-04
-2.724569999999999943e-03
-4.894599999999999819e-03
-5.802899999999999725e-03
-8.136839999999999351e-03
-9.421389999999999973e-03
-9.235250000000000403e-03
-9.168930000000000483e-03
-9.208829999999999447e-03
-9.063109999999999222e-03
-8.995809999999999917e-03
-8.864050000000000054e-03
-8.593109999999999291e-03
-6.885089999999999960e-03
-6.239210000000000242e-03
-6.268310000000000028e-03
-7.348060000000000008e-03
-9.901669999999999569e-03
-1.236590000000000085e-02
-1.476560000000000025e-02
-1.660970000000000155e-02
-1.737870000000000040e-02
-1.982089999999999894e-02
-1.937869999999999870e-02
-1.756129999999999844e-02
-1.352710000000000024e-02
-7.941679999999999573e-03
-2.782699999999999931e-03
1.199149999999999956e-03
2.229259999999999835e-03
2.295209999999999785e-03
1.987290000000000063e-03
-3.002449999999999824e-04
-1.956719999999999900e-03
-3.065130000000000111e-03
-5.588440000000000074e-03
-6.262320000000000039e-03
-6.042910000000000295e-03
-6.072250000000000390e-03
-6.023829999999999983e-03
-5.782749999999999696e-03
-4.249819999999999640e-03
-1.733570000000000033e-03
-1.807009999999999953e-03
-4.216379999999999607e-03
-6.692400000000000258e-03
-8.961880000000000193e-03
-1.140850000000000024e-02
-1.364510000000000028e-02
-1.409039999999999945e-02
-1.369719999999999965e-02
-1.478080000000000019e-02
-1.575870000000000049e-02
-1.521370000000000014e-02
-1.350559999999999955e-02
-1.292049999999999969e-02
-1.207760000000000083e-02
-9.154709999999999931e-03
-6.506020000000000379e-03
-2.537660000000000176e-03
-7.578899999999999960e-04
1.366500000000000093e-03
3.221229999999999840e-03
4.525369999999999913e-03
5.685250000000000199e-03
5.326779999999999710e-03
3.897279999999999928e-03
3.287819999999999892e-03
4.396040000000000364e-03
5.520609999999999580e-03
5.551190000000000117e-03
5.612289999999999814e-03
7.781780000000000294e-03
1.045669999999999933e-02
1.274750000000000015e-02
1.516359999999999930e-02
1.777679999999999885e-02
1.856290000000000023e-02
1.869049999999999878e-02
2.061860000000000082e-02
2.254269999999999885e-02
2.118899999999999950e-02
1.979650000000000160e-02
1.957810000000000106e-02
1.830009999999999970e-02
1.894430000000000072e-02
1.947849999999999929e-02
1.904170000000000168e-02
2.031420000000000101e-02
2.094889999999999947e-02
2.079500000000000098e-02
1.994150000000000089e-02
1.854149999999999895e-02
1.694870000000000057e-02
1.570399999999999921e-02
1.553560000000000010e-02
1.502479999999999961e-02
1.388439999999999987e-02
1.491999999999999924e-02
1.509470000000000083e-02
1.469909999999999967e-02
1.467719999999999962e-02
1.444999999999999930e-02
1.498080000000000071e-02
1.626460000000000058e-02
1.640459999999999835e-02
1.474310000000000030e-02
1.375089999999999993e-02
1.374560000000000018e-02
1.316359999999999926e-02
9.582349999999999896e-03
6.682150000000000416e-03
5.353420000000000227e-03
4.336620000000000232e-03
3.726999999999999844e-03
2.134570000000000130e-03
8.150170000000000201e-04
-3.566779999999999755e-04
-1.829019999999999995e-03
-2.823120000000000143e-03
-2.549979999999999868e-03
-2.805049999999999905e-03
-1.661190000000000106e-03
-1.698740000000000016e-03
-2.756000000000000203e-03
-2.997930000000000213e-03
-4.340329999999999883e-03
-4.013229999999999575e-03
-1.295460000000000014e-03
-2.038929999999999942e-04
1.397680000000000103e-03
3.810399999999999811e-03
4.221410000000000093e-03
3.991770000000000387e-03
4.126519999999999841e-03
4.069920000000000308e-03
4.022419999999999642e-03
4.335389999999999730e-03
6.660379999999999599e-03
8.239669999999999286e-03
9.324449999999999752e-03
1.021159999999999950e-02
8.402589999999999712e-03
7.847240000000000118e-03
7.095500000000000244e-03
6.606749999999999776e-03
7.596649999999999930e-03
6.053969999999999664e-03
4.683060000000000174e-03
2.842299999999999861e-03
-9.253049999999999643e-04
-3.694180000000000033e-03
-5.112870000000000262e-03
-7.529390000000000388e-03
-8.175419999999999215e-03
-7.976699999999999763e-03
-8.000419999999999407e-03
-9.336380000000000026e-03
-1.176119999999999943e-02
-1.262940000000000070e-02
-1.452179999999999964e-02
-1.714040000000000008e-02
-1.835540000000000088e-02
-1.822220000000000090e-02
-1.827499999999999958e-02
-2.027249999999999885e-02
-2.206320000000000156e-02
-2.283440000000000122e-02
-2.513769999999999893e-02
-2.607210000000000083e-02
-2.552120000000000083e-02
-2.540469999999999881e-02
-2.519329999999999833e-02
-2.496040000000000064e-02
-2.463639999999999927e-02
-2.443369999999999917e-02
-2.417390000000000164e-02
-2.345020000000000091e-02
-2.091660000000000047e-02
-1.802580000000000154e-02
-1.524250000000000084e-02
-1.246509999999999979e-02
-1.002169999999999971e-02
-9.483039999999999872e-03
-9.420200000000000101e-03
-9.180779999999999497e-03
-9.058490000000000639e-03
-8.955579999999999444e-03
-8.926160000000000691e-03
-8.053950000000000692e-03
-5.481070000000000213e-03
-2.880989999999999940e-03
-1.781290000000000043e-03
-2.982810000000000127e-04
6.356470000000000349e-04
-5.263470000000000345e-04
-1.718600000000000032e-03
-2.986289999999999951e-03
-3.710810000000000150e-03
-3.725899999999999872e-03
-3.605479999999999883e-03
-3.707520000000000173e-03
-3.537559999999999923e-03
-3.428229999999999993e-03
-1.794730000000000023e-03
-7.550130000000000166e-04
1.223539999999999957e-03
4.028040000000000093e-03
6.572449999999999647e-03
8.990949999999999290e-03
9.851089999999999847e-03
9.620109999999999426e-03
9.751599999999999158e-03
9.607660000000000505e-03
9.514140000000000791e-03
7.952499999999999500e-03
6.392059999999999756e-03
2.619779999999999939e-03
5.643990000000000421e-04
7.447999999999999976e-04
5.930329999999999716e-04
4.855179999999999956e-04
5.187079999999999946e-04
-9.890620000000000520e-05
-2.640959999999999922e-03
-3.946999999999999988e-03
-5.353600000000000025e-03
-7.851840000000000555e-03
-8.209559999999999427e-03
-8.832470000000000251e-03
-1.137930000000000018e-02
-1.243219999999999915e-02
-1.231370000000000034e-02
-1.394880000000000078e-02
-1.503649999999999952e-02
-1.558819999999999997e-02
-1.589830000000000063e-02
-1.574959999999999902e-02
-1.562159999999999938e-02
-1.489769999999999983e-02
-1.232699999999999942e-02
-9.552649999999999336e-03
-6.977549999999999898e-03
-4.185979999999999736e-03
-1.251790000000000021e-03
5.894760000000000191e-04
1.775359999999999916e-03
3.164849999999999868e-03
3.262779999999999847e-03
2.886469999999999921e-03
7.499199999999999486e-04
-1.122549999999999937e-03
-2.096409999999999940e-03
-4.696220000000000082e-03
-5.622629999999999989e-03
-5.040079999999999734e-03
-2.705809999999999899e-03
-1.280859999999999930e-04
3.643239999999999847e-03
7.446079999999999886e-03
1.035280000000000054e-02
1.501629999999999979e-02
1.961469999999999880e-02
2.207239999999999897e-02
2.450449999999999851e-02
2.532099999999999976e-02
2.453150000000000122e-02
2.208550000000000096e-02
2.025240000000000026e-02
2.018210000000000143e-02
1.964230000000000143e-02
1.727630000000000138e-02
1.506730000000000048e-02
1.505109999999999955e-02
1.361880000000000035e-02
1.237519999999999940e-02
1.229069999999999989e-02
1.294780000000000063e-02
1.420800000000000014e-02
1.544779999999999938e-02
1.764740000000000059e-02
1.834159999999999957e-02
1.792159999999999934e-02
1.797649999999999942e-02
1.666830000000000048e-02
1.544180000000000032e-02
1.549339999999999919e-02
1.472270000000000002e-02
1.293449999999999982e-02
1.263530000000000035e-02
1.266549999999999968e-02
1.241809999999999962e-02
1.222140000000000032e-02
1.286490000000000029e-02
1.430299999999999974e-02
1.412809999999999934e-02
1.373560000000000059e-02
1.198180000000000078e-02
1.212970000000000020e-02
1.360590000000000063e-02
1.477619999999999975e-02
1.557569999999999961e-02
1.568539999999999865e-02
1.775120000000000170e-02
1.941829999999999945e-02
1.919670000000000057e-02
1.897209999999999869e-02
1.892289999999999944e-02
1.870899999999999994e-02
1.849459999999999993e-02
1.831560000000000132e-02
1.949680000000000163e-02
2.190450000000000036e-02
2.175879999999999828e-02
1.982520000000000115e-02
1.849380000000000121e-02
1.603709999999999858e-02
1.314180000000000036e-02
1.201580000000000009e-02
9.646349999999999716e-03
7.646179999999999817e-03
6.315839999999999649e-03
3.548480000000000124e-03
1.214840000000000017e-03
-6.109390000000000133e-04
-3.369309999999999927e-03
-6.071319999999999842e-03
-9.598149999999999737e-03
-1.053759999999999940e-02
-1.023169999999999982e-02
-1.107900000000000031e-02
-1.349200000000000052e-02
-1.458579999999999946e-02
-1.432669999999999950e-02
-1.387799999999999971e-02
-1.172070000000000056e-02
-8.887710000000000055e-03
-7.510760000000000006e-03
-6.027150000000000216e-03
-4.971409999999999892e-03
-5.036020000000000427e-03
-4.970539999999999854e-03
-4.871190000000000069e-03
-4.762470000000000418e-03
-2.990120000000000191e-03
-1.525049999999999908e-04
2.352050000000000061e-03
4.920850000000000050e-03
7.427399999999999801e-03
8.467819999999999167e-03
8.236669999999999756e-03
8.263390000000000665e-03
9.029169999999999557e-03
1.148030000000000057e-02
1.242410000000000042e-02
1.207270000000000044e-02
1.264030000000000015e-02
1.402169999999999979e-02
1.508100000000000065e-02
1.612150000000000041e-02
1.551630000000000023e-02
1.408210000000000017e-02
1.172959999999999975e-02
9.145739999999999426e-03
6.083739999999999808e-03
2.536580000000000085e-03
-2.890340000000000248e-04
-2.722229999999999962e-03
-5.675190000000000096e-03
-6.925480000000000351e-03
-8.427469999999999406e-03
-9.584930000000000186e-03
-1.106530000000000014e-02
-1.208069999999999977e-02
-1.437319999999999917e-02
-1.568690000000000015e-02
-1.544440000000000049e-02
-1.536689999999999931e-02
-1.535229999999999928e-02
-1.518700000000000085e-02
-1.506180000000000019e-02
-1.489459999999999916e-02
-1.483489999999999982e-02
-1.456329999999999951e-02
-1.442069999999999984e-02
-1.416219999999999979e-02
-1.546930000000000006e-02
-1.651499999999999843e-02
-1.771319999999999839e-02
-1.714440000000000061e-02
-1.754359999999999947e-02
-1.796060000000000018e-02
-1.646749999999999950e-02
-1.438440000000000031e-02
-1.265589999999999944e-02
-1.219349999999999948e-02
-1.046869999999999919e-02
-9.930790000000000103e-03
-8.931170000000000428e-03
-9.065880000000000119e-03
-1.105880000000000057e-02
-1.359349999999999968e-02
-1.592290000000000025e-02
-1.695450000000000082e-02
-1.709679999999999880e-02
-2.019920000000000049e-02
-2.105399999999999980e-02
-2.046490000000000115e-02
-2.034530000000000019e-02
-2.009340000000000084e-02
-2.001090000000000160e-02
-1.853039999999999896e-02
-1.523650000000000004e-02
-1.473730000000000005e-02
-1.482200000000000011e-02
-1.440849999999999943e-02
-1.403100000000000007e-02
-1.544519999999999921e-02
-1.815730000000000122e-02
-1.803079999999999961e-02
-1.776809999999999848e-02
-1.967819999999999986e-02
-2.162849999999999842e-02
-2.055799999999999988e-02
-1.772260000000000155e-02
-1.654370000000000146e-02
-1.632489999999999983e-02
-1.382240000000000031e-02
-1.154200000000000018e-02
-1.141600000000000080e-02
-9.970240000000000005e-03
-7.091130000000000176e-03
-6.293899999999999842e-03
-6.534980000000000129e-03
-4.377759999999999638e-03
-1.502599999999999986e-03
-1.519100000000000008e-03
-1.673500000000000074e-03
-2.520280000000000068e-04
3.019099999999999822e-03
3.231690000000000170e-03
5.637589999999999615e-03
7.878559999999999730e-03
8.299980000000000205e-03
1.165249999999999966e-02
1.214439999999999964e-02
1.307230000000000024e-02
1.420279999999999980e-02
1.414690000000000045e-02
1.347929999999999962e-02
1.190899999999999945e-02
1.170290000000000045e-02
1.171449999999999922e-02
1.149470000000000006e-02
1.146510000000000064e-02
1.138450000000000052e-02
1.129669999999999980e-02
1.117899999999999970e-02
1.121809999999999995e-02
1.119219999999999937e-02
1.103340000000000050e-02
1.175380000000000001e-02
1.312359999999999915e-02
1.170509999999999953e-02
1.057639999999999969e-02
1.091729999999999957e-02
1.021060000000000023e-02
7.575899999999999995e-03
6.048559999999999701e-03
6.083919999999999606e-03
4.223809999999999718e-03
1.851379999999999909e-03
1.645580000000000003e-03
1.792860000000000070e-03
1.578820000000000093e-03
1.881999999999999992e-03
3.344479999999999936e-03
4.781610000000000374e-03
5.965490000000000376e-03
6.251529999999999934e-03
6.301880000000000155e-03
9.482749999999999860e-03
1.074489999999999994e-02
1.023510000000000045e-02
1.036240000000000078e-02
1.041139999999999947e-02
1.025060000000000034e-02
1.083980000000000013e-02
1.396619999999999980e-02
1.458729999999999923e-02
1.413509999999999940e-02
1.444059999999999962e-02
1.602510000000000046e-02
1.825859999999999983e-02
1.831009999999999929e-02
1.904799999999999896e-02
2.147040000000000060e-02
2.255510000000000154e-02
2.187729999999999883e-02
2.216129999999999836e-02
2.027819999999999970e-02
1.740279999999999952e-02
1.448209999999999949e-02
1.215049999999999984e-02
9.042470000000000369e-03
6.494780000000000345e-03
3.032710000000000093e-03
-2.094560000000000085e-04
-1.254719999999999967e-03
-4.349350000000000091e-03
-5.653219999999999600e-03
-6.697429999999999876e-03
-9.654229999999999756e-03
-9.854790000000000424e-03
-9.493899999999999562e-03
-9.656279999999999725e-03
-9.468249999999999236e-03
-9.419490000000000848e-03
-9.217559999999999643e-03
-9.099789999999999962e-03
-6.079880000000000180e-03
-4.314199999999999806e-03
-4.713730000000000177e-03
-4.334110000000000393e-03
-4.231539999999999781e-03
-4.303480000000000152e-03
-7.301629999999999926e-03
-8.741469999999999449e-03
-8.072360000000000646e-03
-8.318719999999999934e-03
-5.906680000000000090e-03
-3.524429999999999837e-03
-3.727180000000000076e-03
-3.638769999999999939e-03
-3.332289999999999905e-03
-3.256789999999999859e-03
-4.562759999999999906e-03
-7.192269999999999740e-03
-9.608679999999999652e-03
-1.217550000000000056e-02
-1.442399999999999932e-02
-1.819609999999999977e-02
-2.059700000000000072e-02
-2.318529999999999897e-02
-2.441770000000000052e-02
-2.514860000000000012e-02
-2.809110000000000079e-02
-2.794210000000000096e-02
-2.761250000000000163e-02
-2.732120000000000035e-02
-2.628190000000000040e-02
-2.260629999999999931e-02
-2.220389999999999864e-02
-1.950609999999999844e-02
-1.668769999999999976e-02
-1.358700000000000012e-02
-1.117250000000000014e-02
-8.109869999999999926e-03
-7.532760000000000324e-03
-4.782899999999999652e-03
-2.657169999999999931e-03
-2.022159999999999843e-03
1.365050000000000031e-03
1.849539999999999995e-03
1.718729999999999911e-03
1.862979999999999975e-03
1.983089999999999853e-03
1.891110000000000100e-03
1.194629999999999911e-03
-1.311319999999999934e-03
-2.437749999999999813e-03
-2.274729999999999981e-03
-2.289310000000000130e-03
-2.375459999999999811e-03
-2.183950000000000041e-03
-2.153650000000000009e-03
-5.459710000000000214e-04
1.904029999999999915e-03
2.902249999999999882e-03
5.023480000000000306e-03
8.042969999999999980e-03
1.050320000000000073e-02
1.304220000000000032e-02
1.517100000000000046e-02
1.554939999999999968e-02
1.534100000000000047e-02
1.533520000000000022e-02
1.528039999999999954e-02
1.510079999999999929e-02
1.511380000000000015e-02
1.341849999999999987e-02
1.035930000000000011e-02
8.973240000000000383e-03
6.374730000000000327e-03
3.754809999999999919e-03
1.122069999999999968e-03
-1.370219999999999902e-03
-4.991620000000000432e-03
-7.492979999999999779e-03
-7.299189999999999671e-03
-7.421699999999999825e-03
-7.355249999999999809e-03
-7.348399999999999724e-03
-4.981120000000000339e-03
-2.426039999999999967e-03
-7.942830000000000116e-04
1.555179999999999974e-03
2.657640000000000176e-03
5.174859999999999877e-03
6.513320000000000394e-03
6.441429999999999725e-03
6.297279999999999718e-03
6.607799999999999611e-03
4.798479999999999933e-03
2.029239999999999863e-03
1.845719999999999913e-03
5.265130000000000461e-04
-2.241969999999999814e-03
-2.451529999999999942e-03
-2.378200000000000019e-03
-2.323430000000000026e-03
-5.027779999999999923e-03
-6.782390000000000120e-03
-6.449889999999999790e-03
-6.292090000000000183e-03
-6.486450000000000375e-03
-6.284640000000000191e-03
-7.431110000000000319e-03
-6.789129999999999991e-03
-5.793650000000000015e-03
-5.970569999999999697e-03
-5.830189999999999852e-03
-4.591350000000000119e-03
-1.982489999999999947e-03
-1.088390000000000061e-03
-7.867030000000000333e-04
1.700949999999999901e-03
3.521629999999999986e-03
4.656849999999999705e-03
7.238640000000000178e-03
7.983509999999999218e-03
7.273850000000000107e-03
4.907029999999999725e-03
3.393660000000000166e-03
3.454389999999999891e-03
3.505120000000000024e-03
3.134800000000000086e-03
4.530779999999999877e-03
6.627690000000000317e-03
6.652260000000000117e-03
7.568680000000000373e-03
7.747310000000000307e-03
7.663279999999999745e-03
7.533409999999999933e-03
8.454079999999999234e-03
9.740959999999999896e-03
9.535959999999999576e-03
7.660270000000000273e-03
5.516540000000000332e-03
4.513699999999999830e-03
3.070590000000000212e-03
1.626180000000000073e-03
-7.498420000000000215e-04
2.620839999999999932e-04
2.748630000000000170e-03
2.834820000000000048e-03
2.673120000000000183e-03
3.784259999999999794e-03
5.565879999999999612e-03
7.765010000000000141e-03
1.124350000000000002e-02
1.161949999999999962e-02
1.134749999999999995e-02
1.170200000000000060e-02
1.341389999999999944e-02
1.549880000000000008e-02
1.553700000000000046e-02
1.533020000000000042e-02
1.530940000000000079e-02
1.525360000000000084e-02
1.505599999999999994e-02
1.543439999999999916e-02
1.771620000000000139e-02
1.913930000000000145e-02
1.879379999999999939e-02
1.874769999999999909e-02
1.866670000000000135e-02
1.849510000000000043e-02
1.817500000000000018e-02
1.799860000000000002e-02
1.632820000000000105e-02
1.352429999999999952e-02
1.086089999999999972e-02
8.111439999999999276e-03
5.443919999999999662e-03
2.761060000000000077e-03
1.566759999999999941e-03
9.397800000000000045e-06
-6.776650000000000382e-04
-4.652960000000000255e-04
-1.609320000000000021e-03
-4.152760000000000132e-03
-5.091960000000000409e-03
-4.696520000000000035e-03
-4.881199999999999602e-03
-4.906230000000000140e-03
-4.879610000000000371e-03
-4.722689999999999874e-03
-4.706540000000000376e-03
-4.653489999999999710e-03
-4.610999999999999648e-03
-4.493519999999999980e-03
-4.569949999999999707e-03
-6.204870000000000350e-03
-8.503810000000000535e-03
-9.283140000000000489e-03
-1.155199999999999977e-02
-1.304220000000000032e-02
-1.273129999999999921e-02
-1.279240000000000065e-02
-1.152120000000000054e-02
-8.348019999999999399e-03
-7.806229999999999940e-03
-7.876980000000000440e-03
-4.497499999999999762e-03
-4.011299999999999762e-03
-7.456739999999999896e-03
-7.670800000000000188e-03
-7.174110000000000036e-03
-9.013099999999999584e-03
-1.136780000000000082e-02
-1.202270000000000075e-02
-1.417520000000000065e-02
-1.574510000000000146e-02
-1.545900000000000052e-02
-1.532359999999999972e-02
-1.530929999999999964e-02
-1.508639999999999981e-02
-1.581190000000000026e-02
-1.682890000000000080e-02
-1.371320000000000004e-02
-1.147839999999999971e-02
-1.045360000000000039e-02
-8.757759999999999850e-03
-7.483440000000000057e-03
-5.754900000000000293e-03
-4.910000000000000302e-03
-4.750940000000000371e-03
-4.897359999999999908e-03
-4.686329999999999836e-03
-7.277910000000000282e-03
-9.080619999999999317e-03
-8.564179999999999363e-03
-9.316039999999999391e-03
-1.078020000000000020e-02
-1.071830000000000005e-02
-1.062609999999999943e-02
-1.217000000000000026e-02
-1.290299999999999954e-02
-1.244800000000000073e-02
-1.235190000000000073e-02
-1.220929999999999932e-02
-1.209559999999999975e-02
-1.197860000000000071e-02
-1.038009999999999974e-02
-7.231529999999999903e-03
-6.909809999999999737e-03
-6.807500000000000183e-03
-6.620090000000000349e-03
-6.137339999999999809e-03
-7.694630000000000046e-03
-1.030000000000000013e-02
-1.015390000000000043e-02
-6.822220000000000367e-03
-5.371660000000000323e-03
-4.386179999999999940e-03
-1.125719999999999976e-03
-4.948560000000000068e-04
-7.060309999999999763e-04
-4.203429999999999970e-04
-1.297140000000000120e-04
-1.345260000000000032e-03
-4.258160000000000417e-03
-4.238419999999999688e-03
-4.002350000000000005e-03
-3.848349999999999948e-03
-3.981769999999999927e-03
-2.741770000000000145e-03
-2.366829999999999889e-03
-9.005289999999999562e-04
1.258089999999999903e-03
1.152009999999999970e-03
1.294159999999999928e-03
1.520529999999999972e-03
1.523700000000000011e-03
1.675870000000000094e-03
1.784009999999999936e-03
1.809140000000000097e-03
1.889669999999999978e-03
1.996309999999999838e-03
2.126410000000000019e-03
2.188740000000000217e-03
2.269179999999999982e-03
2.400010000000000164e-03
2.491000000000000159e-03
2.539060000000000102e-03
2.617490000000000094e-03
2.707610000000000051e-03
3.091219999999999992e-03
5.042129999999999702e-03
7.045680000000000345e-03
6.820279999999999745e-03
9.205090000000000841e-03
1.136120000000000012e-02
1.279850000000000085e-02
1.454259999999999928e-02
1.597890000000000074e-02
1.838990000000000069e-02
1.824790000000000093e-02
1.794010000000000049e-02
1.769760000000000083e-02
1.769139999999999949e-02
1.642180000000000029e-02
1.510449999999999987e-02
1.364540000000000024e-02
1.230960000000000040e-02
9.355469999999999411e-03
8.211359999999999146e-03
8.512880000000000447e-03
8.181859999999999133e-03
8.017440000000000677e-03
8.036549999999999944e-03
9.600179999999999825e-03
1.123000000000000040e-02
1.123210000000000007e-02
1.094230000000000029e-02
1.083339999999999997e-02
1.065259999999999992e-02
1.041560000000000055e-02
1.080700000000000063e-02
1.107810000000000045e-02
9.860610000000000555e-03
9.518739999999999493e-03
9.479680000000000745e-03
9.062529999999999197e-03
8.991050000000000431e-03
7.428459999999999577e-03
5.126760000000000171e-03
4.911050000000000137e-03
4.893380000000000125e-03
4.553839999999999971e-03
4.478320000000000044e-03
4.336259999999999767e-03
4.214189999999999603e-03
4.097039999999999710e-03
4.066189999999999909e-03
3.846710000000000147e-03
3.753170000000000117e-03
3.558959999999999901e-03
3.533580000000000141e-03
3.372809999999999957e-03
4.339370000000000380e-03
4.993840000000000258e-03
5.820960000000000023e-03
5.859330000000000267e-03
5.586200000000000367e-03
5.417670000000000298e-03
5.170199999999999796e-03
4.949239999999999716e-03
4.796929999999999597e-03
4.572539999999999938e-03
4.323369999999999991e-03
4.120819999999999865e-03
3.922769999999999903e-03
3.657450000000000024e-03
3.443110000000000094e-03
3.212420000000000119e-03
3.037259999999999960e-03
2.822079999999999814e-03
2.090670000000000202e-03
6.234780000000000096e-04
1.967350000000000088e-03
2.257040000000000088e-03
1.696790000000000104e-03
1.653940000000000011e-03
1.475079999999999924e-03
1.258030000000000042e-03
1.057989999999999972e-03
9.522590000000000048e-04
1.485489999999999901e-03
1.728300000000000105e-03
4.376250000000000257e-04
2.947750000000000026e-05
-5.098490000000000037e-05
-3.085109999999999741e-04
-1.287299999999999903e-03
-2.819030000000000147e-03
-3.104589999999999954e-03
-3.824070000000000160e-03
-5.587250000000000202e-03
-5.718799999999999578e-03
-5.619449999999999792e-03
-5.566139999999999803e-03
-6.204610000000000160e-03
-6.925810000000000126e-03
-5.602130000000000304e-03
-5.377599999999999741e-03
-5.584229999999999923e-03
-5.490880000000000066e-03
-5.381740000000000308e-03
-6.053239999999999663e-03
-7.397189999999999668e-03
-7.298210000000000287e-03
-7.160820000000000032e-03
-7.050370000000000248e-03
-7.502140000000000024e-03
-8.648080000000000697e-03
-8.625249999999999237e-03
-8.309350000000000069e-03
-8.198620000000000213e-03
-8.189399999999999458e-03
-8.387610000000000204e-03
-7.650559999999999826e-03
-7.350409999999999930e-03
-7.260240000000000270e-03
-6.741529999999999918e-03
-5.851760000000000121e-03
-5.867439999999999808e-03
-5.749579999999999795e-03
-6.269779999999999971e-03
-6.179070000000000049e-03
-6.144560000000000299e-03
-7.077489999999999649e-03
-7.075999999999999825e-03
-6.693069999999999749e-03
-6.921759999999999892e-03
-6.981430000000000274e-03
-6.653300000000000013e-03
-6.176039999999999829e-03
-5.479040000000000125e-03
-5.595809999999999673e-03
-5.659800000000000421e-03
-5.393769999999999988e-03
-5.555880000000000020e-03
-5.398659999999999570e-03
-5.065240000000000367e-03
-4.836100000000000294e-03
-4.990200000000000191e-03
-5.113780000000000062e-03
-4.654290000000000163e-03
-4.594260000000000184e-03
-4.373980000000000402e-03
-4.043320000000000421e-03
-3.754910000000000192e-03
-3.387910000000000053e-03
-2.652910000000000077e-03
-2.136530000000000200e-03
-1.499440000000000104e-03
-9.572660000000000197e-04
-8.678409999999999467e-04
-7.146179999999999807e-04
-6.008850000000000042e-04
-4.511049999999999847e-04
-3.554820000000000093e-04
-3.127699999999999751e-04
-6.660900000000000414e-04
-6.027730000000000241e-04
-6.855430000000000464e-04
-8.613310000000000107e-04
-6.654760000000000232e-04
-4.300560000000000038e-04
-4.732280000000000031e-05
2.808190000000000230e-04
3.950800000000000188e-04
7.817230000000000099e-04
1.020319999999999908e-03
1.035590000000000078e-03
1.108290000000000056e-03
1.158229999999999893e-03
1.184500000000000006e-03
9.983620000000000341e-04
9.726980000000000305e-04
1.019820000000000058e-03
9.160779999999999661e-04
9.109689999999999715e-04
1.003479999999999954e-03
1.098699999999999980e-03
1.284779999999999906e-03
1.427209999999999937e-03
1.459269999999999925e-03
1.494829999999999944e-03
1.561689999999999910e-03
1.705909999999999935e-03
1.736869999999999950e-03
1.720759999999999998e-03
1.724679999999999920e-03
1.715500000000000011e-03
1.714309999999999922e-03
1.675529999999999945e-03
1.657819999999999953e-03
1.676669999999999897e-03
1.661249999999999966e-03
1.648790000000000021e-03
1.677029999999999927e-03
1.699100000000000046e-03
1.703169999999999944e-03
1.676219999999999967e-03
1.635149999999999928e-03
1.612850000000000091e-03
1.580479999999999993e-03
1.544629999999999961e-03
1.478389999999999999e-03
1.420229999999999973e-03
1.364460000000000065e-03
1.328109999999999968e-03
1.297439999999999965e-03
1.253940000000000046e-03
1.215809999999999894e-03
1.181329999999999967e-03
1.140509999999999961e-03
1.105639999999999965e-03
1.067790000000000102e-03
1.029160000000000101e-03
9.930670000000000382e-04
9.567690000000000005e-04
9.220300000000000067e-04
8.877870000000000162e-04
8.552390000000000426e-04
8.229020000000000301e-04
7.917479999999999960e-04
7.611439999999999482e-04
7.314860000000000502e-04
6.999270000000000361e-04
6.716400000000000408e-04
6.453270000000000100e-04
6.190759999999999796e-04
5.934430000000000304e-04
5.682379999999999896e-04
5.435000000000000378e-04
5.190429999999999567e-04
4.952550000000000008e-04
4.715419999999999790e-04
4.483739999999999731e-04
4.254379999999999881e-04
4.026750000000000164e-04
3.804270000000000221e-04
3.584729999999999948e-04
3.367970000000000078e-04
3.155060000000000113e-04
2.945639999999999804e-04
2.739299999999999743e-04
2.536290000000000072e-04
2.336480000000000100e-04
2.139710000000000017e-04
1.945899999999999919e-04
1.754980000000000060e-04
1.566960000000000054e-04
