6.315079999999999825e-03
3.131890000000000021e-03
1.218600000000000022e-03
6.884099999999999768e-04
-9.105059999999999608e-07
-1.884029999999999917e-04
-7.023090000000000279e-04
-2.298450000000000059e-03
-1.942319999999999984e-03
1.021940000000000045e-03
-1.495299999999999971e-03
1.289420000000000106e-03
1.149969999999999985e-02
1.132129999999999942e-02
-7.013590000000000319e-04
-1.745280000000000095e-02
-1.292489999999999958e-02
-3.739790000000000215e-03
-1.266070000000000043e-02
-7.439290000000000312e-03
6.131819999999999632e-03
1.974290000000000073e-03
-6.400959999999999810e-03
9.502850000000000186e-03
3.308930000000000204e-02
2.349920000000000134e-02
-1.636349999999999957e-02
-1.588720000000000063e-02
8.404979999999999396e-03
3.379329999999999834e-03
-1.567440000000000153e-02
-1.281550000000000050e-02
2.501740000000000127e-03
-1.231609999999999953e-03
-2.412159999999999999e-02
-2.346180000000000140e-02
-3.408819999999999906e-03
1.447569999999999933e-02
3.061180000000000151e-02
3.951720000000000232e-02
3.719959999999999933e-02
1.255919999999999953e-02
-1.791660000000000127e-02
-1.555360000000000076e-02
2.188220000000000096e-02
6.554349999999999586e-03
-3.818930000000000241e-02
-5.007160000000000083e-02
-2.380689999999999890e-02
9.455989999999999188e-03
6.264050000000000173e-03
-1.221670000000000048e-02
-1.368890000000000037e-02
1.223120000000000067e-03
1.721939999999999929e-02
3.212319999999999759e-02
5.152120000000000311e-02
5.762640000000000123e-02
4.051040000000000196e-02
8.365670000000000397e-03
-1.848829999999999918e-02
-3.201500000000000179e-02
-2.026410000000000017e-02
-2.490459999999999896e-02
-3.342110000000000219e-02
-3.262210000000000196e-03
3.035030000000000019e-02
3.492350000000000315e-02
1.459330000000000002e-02
1.808929999999999913e-02
3.448629999999999751e-02
2.709779999999999828e-02
-3.778179999999999907e-03
-1.265989999999999997e-02
-1.379339999999999950e-03
-1.031720000000000033e-02
-1.204060000000000026e-02
2.068129999999999968e-02
3.648969999999999991e-02
6.657060000000000234e-03
2.971109999999999897e-03
2.933130000000000112e-02
3.121559999999999960e-02
5.812770000000000090e-03
-1.725080000000000092e-05
2.222110000000000057e-02
2.506610000000000088e-02
5.960779999999999725e-03
-2.182169999999999943e-02
-1.686119999999999980e-02
-1.007489999999999948e-02
-3.164460000000000189e-02
-4.740140000000000325e-02
2.507699999999999860e-02
5.679809999999999720e-02
2.802409999999999970e-02
2.577110000000000165e-02
6.384739999999999860e-04
-1.553649999999999996e-02
-2.668809999999999932e-02
-1.859320000000000070e-02
1.560549999999999958e-02
4.332609999999999933e-02
1.027860000000000015e-03
-3.240359999999999768e-02
-2.026040000000000132e-02
4.249109999999999693e-02
3.433730000000000115e-02
-2.363840000000000038e-02
-8.821950000000000061e-04
5.948250000000000065e-02
2.879989999999999981e-02
-2.026719999999999910e-02
-1.001319999999999988e-02
2.504829999999999904e-02
3.452199999999999713e-02
-2.628319999999999962e-02
-2.650260000000000116e-02
-1.081499999999999996e-02
-1.766540000000000124e-02
-2.753049999999999942e-03
1.603730000000000086e-02
3.284780000000000338e-02
3.159420000000000284e-02
2.130430000000000171e-02
2.866660000000000041e-02
5.118290000000000339e-02
1.275229999999999940e-02
-5.662930000000000047e-02
-3.981980000000000242e-02
1.277939999999999979e-02
3.009059999999999860e-02
2.088090000000000085e-02
5.346079999999999582e-03
-1.475530000000000071e-02
-2.211170000000000149e-02
-3.554840000000000083e-02
-4.943179999999999796e-02
-5.736870000000000164e-02
-1.630269999999999983e-02
3.011109999999999828e-02
6.365659999999999374e-02
6.213040000000000229e-02
3.393630000000000257e-02
2.066279999999999853e-02
7.765600000000000107e-03
1.078860000000000062e-02
8.194399999999999254e-03
-1.058510000000000006e-02
-1.914230000000000098e-02
-3.821179999999999976e-03
-1.510270000000000015e-02
-2.438610000000000083e-02
-1.759840000000000015e-02
-1.824030000000000096e-02
-2.108859999999999901e-02
-3.438059999999999727e-02
-6.514419999999999933e-02
-7.201939999999999731e-02
-7.274809999999999610e-02
-8.821279999999999399e-02
-1.135469999999999952e-01
-1.521609999999999907e-01
-1.800200000000000133e-01
-1.993659999999999877e-01
-2.097100000000000075e-01
-1.982019999999999893e-01
-1.690409999999999968e-01
-1.172639999999999932e-01
-5.272509999999999697e-02
1.525020000000000021e-02
6.520220000000000182e-02
7.656749999999999667e-02
7.964630000000000321e-02
8.807510000000000339e-02
1.128720000000000001e-01
1.366860000000000019e-01
1.545320000000000027e-01
1.570610000000000062e-01
1.393169999999999964e-01
9.604390000000000149e-02
2.443009999999999973e-02
-5.088220000000000243e-02
-1.442620000000000013e-01
-2.508250000000000202e-01
-3.258139999999999925e-01
-2.645569999999999866e-01
-1.808819999999999872e-01
-1.679789999999999894e-01
-1.795470000000000121e-01
-2.088710000000000011e-01
-2.287109999999999976e-01
-2.424280000000000046e-01
-2.560479999999999978e-01
-2.680460000000000065e-01
-2.765360000000000040e-01
-2.047950000000000048e-01
5.887900000000000078e-02
2.421260000000000079e-01
2.551749999999999852e-01
2.237780000000000047e-01
2.459790000000000032e-01
3.717500000000000249e-01
5.329009999999999581e-01
6.044899999999999718e-01
5.411719999999999864e-01
3.951009999999999800e-01
2.626470000000000193e-01
1.992319999999999924e-01
3.772899999999999865e-02
-3.178179999999999894e-02
-8.883430000000000493e-02
-1.636009999999999964e-01
-1.639440000000000064e-01
-1.498690000000000022e-01
-1.337990000000000013e-01
-1.246909999999999963e-01
1.621190000000000001e-03
1.098419999999999952e-01
1.293640000000000068e-01
1.168489999999999945e-01
1.586770000000000125e-01
2.587320000000000175e-01
3.013230000000000075e-01
2.255129999999999912e-01
1.089760000000000034e-01
1.521450000000000059e-02
-1.076519999999999977e-01
-1.715079999999999938e-01
-1.917850000000000110e-01
-2.013070000000000137e-01
-1.814989999999999937e-01
-1.503839999999999899e-01
-9.392520000000000036e-02
-6.727059999999999984e-02
1.356749999999999970e-02
1.157689999999999969e-01
1.250090000000000090e-01
8.437790000000000568e-02
2.236700000000000146e-02
-1.548829999999999998e-02
9.625029999999999697e-03
7.723259999999999847e-02
1.077290000000000053e-01
1.024130000000000040e-01
9.460200000000000553e-02
1.058019999999999933e-01
1.243979999999999947e-01
1.205380000000000063e-01
1.063420000000000060e-01
9.471380000000000077e-02
1.275650000000000117e-01
2.124870000000000092e-01
3.254980000000000095e-01
3.500210000000000266e-01
1.923459999999999892e-01
3.213799999999999990e-02
-7.572510000000000352e-02
-1.238879999999999981e-01
-1.166179999999999994e-01
-8.963119999999999421e-02
-8.554219999999999879e-02
-9.896560000000000079e-02
-7.459390000000000465e-02
-5.197969999999999674e-02
-5.960850000000000176e-02
-7.580530000000000601e-02
-8.083819999999999895e-02
-8.051300000000000123e-02
-7.106909999999999616e-02
-6.311129999999999518e-02
-5.448540000000000327e-02
-6.390429999999999722e-02
-1.180199999999999999e-01
-1.768139999999999989e-01
-2.005629999999999913e-01
-2.176079999999999959e-01
-2.082730000000000137e-01
-8.807790000000000064e-02
1.206950000000000037e-02
3.516709999999999975e-02
3.429780000000000328e-02
1.054470000000000060e-02
-2.298709999999999989e-02
-7.109260000000000579e-02
-8.559740000000000404e-02
-6.608410000000000672e-02
-9.449950000000000364e-03
1.475639999999999938e-02
8.839990000000000694e-03
-3.444810000000000233e-02
-9.513749999999999984e-02
-1.207690000000000013e-01
-1.277899999999999869e-01
-1.114979999999999999e-01
-7.892000000000000404e-02
-4.117019999999999708e-02
-2.371739999999999959e-02
-2.365549999999999944e-02
-1.666590000000000085e-02
8.746989999999999627e-03
2.125070000000000084e-02
8.793060000000000112e-03
-1.846280000000000143e-02
-4.781269999999999964e-02
-7.738090000000000246e-02
-1.049510000000000026e-01
-1.267149999999999943e-01
-1.429120000000000112e-01
-1.408860000000000112e-01
-1.174349999999999977e-01
-1.014359999999999984e-01
-1.019980000000000053e-01
-1.498299999999999910e-01
-2.147060000000000080e-01
-2.506490000000000107e-01
-2.754499999999999726e-01
-2.894260000000000166e-01
-2.983500000000000041e-01
-2.907420000000000004e-01
-2.791429999999999745e-01
-2.390309999999999935e-01
-1.490049999999999986e-01
-5.364019999999999899e-02
2.896699999999999969e-02
1.016640000000000044e-01
1.687569999999999903e-01
2.077980000000000105e-01
2.360430000000000028e-01
2.704739999999999922e-01
3.315699999999999759e-01
3.909230000000000205e-01
4.154439999999999800e-01
4.094510000000000094e-01
3.513859999999999761e-01
2.949120000000000075e-01
2.759750000000000258e-01
2.697519999999999918e-01
2.397179999999999866e-01
2.031769999999999965e-01
1.996290000000000009e-01
2.541450000000000098e-01
3.140700000000000158e-01
2.972020000000000217e-01
1.849280000000000090e-01
5.282230000000000258e-02
-2.734939999999999941e-02
-5.803060000000000163e-02
-6.275290000000000035e-02
-4.695579999999999893e-02
-9.511250000000000607e-03
1.726609999999999950e-02
1.585989999999999969e-02
-2.231630000000000072e-02
-6.300690000000000457e-02
-7.734470000000000234e-02
-7.123259999999999315e-02
-3.508449999999999763e-02
2.158909999999999996e-02
5.930690000000000267e-02
6.835969999999999547e-02
4.944919999999999871e-02
1.204299999999999989e-02
-1.710419999999999996e-02
-3.329750000000000071e-02
-5.671539999999999915e-02
-8.565250000000000641e-02
-1.050149999999999972e-01
-1.032129999999999992e-01
-8.578739999999999977e-02
-3.066639999999999991e-02
4.941299999999999859e-02
8.834459999999999535e-02
1.048410000000000036e-01
9.537289999999999657e-02
6.709880000000000011e-02
3.131740000000000218e-02
-2.480179999999999885e-02
-8.448490000000000166e-02
-1.335480000000000000e-01
-1.681549999999999989e-01
-1.921920000000000017e-01
-2.177070000000000116e-01
-2.326489999999999947e-01
-2.467110000000000136e-01
-2.214210000000000067e-01
-1.020380000000000037e-01
1.902130000000000140e-02
7.921989999999999588e-02
8.811750000000000138e-02
4.145569999999999811e-02
-4.128960000000000269e-02
-8.994040000000000368e-02
-9.922530000000000239e-02
-8.291129999999999334e-02
-2.529030000000000167e-02
2.414619999999999961e-02
3.303049999999999736e-02
2.603650000000000062e-02
1.326929999999999950e-02
7.701229999999999881e-03
1.143970000000000056e-02
2.047699999999999868e-02
3.822099999999999803e-02
5.962069999999999870e-02
6.707699999999999774e-02
5.974739999999999912e-02
-5.696760000000000365e-03
-1.081359999999999960e-01
-1.678550000000000042e-01
-1.945439999999999947e-01
-1.981050000000000033e-01
-1.880529999999999979e-01
-1.737799999999999900e-01
-1.585290000000000032e-01
-1.273370000000000057e-01
-6.782530000000000503e-02
-7.648310000000000178e-03
3.960430000000000200e-02
7.278900000000000647e-02
9.024329999999999852e-02
9.787500000000000366e-02
1.072170000000000067e-01
1.126540000000000041e-01
9.719170000000000587e-02
7.098379999999999967e-02
6.089300000000000268e-02
7.251380000000000325e-02
8.908889999999999865e-02
1.075770000000000060e-01
1.233309999999999962e-01
1.376360000000000083e-01
1.612740000000000007e-01
1.824040000000000106e-01
1.883380000000000054e-01
1.591059999999999974e-01
1.135160000000000058e-01
7.531780000000000419e-02
4.059190000000000020e-02
1.622919999999999918e-02
-5.610050000000000106e-03
-7.188019999999999826e-03
1.484390000000000015e-02
3.453090000000000326e-02
3.849670000000000175e-02
2.774889999999999995e-02
1.111059999999999999e-02
-1.331949999999999974e-02
-4.620640000000000164e-02
-8.191149999999999820e-02
-1.108770000000000033e-01
-1.347200000000000064e-01
-1.465319999999999956e-01
-1.358370000000000133e-01
-9.544110000000000094e-02
-1.786609999999999934e-02
6.235679999999999695e-02
1.022919999999999940e-01
1.242339999999999972e-01
1.486879999999999868e-01
1.691960000000000131e-01
1.756759999999999988e-01
1.639289999999999914e-01
1.354589999999999961e-01
9.502159999999999773e-02
4.514039999999999719e-02
-1.894320000000000032e-02
-5.834690000000000015e-02
-7.303610000000000657e-02
-7.516490000000000671e-02
-7.386760000000000548e-02
-7.872899999999999343e-02
-8.886080000000000367e-02
-9.847749999999999559e-02
-9.113159999999999317e-02
-7.178130000000000621e-02
-6.117949999999999777e-02
-6.236900000000000083e-02
-6.546889999999999654e-02
-7.186960000000000570e-02
-7.983999999999999431e-02
-7.869669999999999443e-02
-5.767769999999999841e-02
-2.007660000000000000e-02
1.697370000000000129e-02
4.274800000000000127e-02
4.980009999999999992e-02
3.405620000000000175e-02
8.196000000000000160e-03
-3.320989999999999793e-03
7.707079999999999834e-03
1.335569999999999986e-02
2.557770000000000009e-03
-1.661019999999999858e-02
-2.974800000000000014e-02
-3.098439999999999875e-02
-2.219629999999999867e-02
-1.030529999999999988e-02
-5.069869999999999759e-03
-1.217949999999999935e-02
-2.421770000000000173e-02
-3.657010000000000122e-02
-5.454060000000000158e-02
-6.901770000000000127e-02
-7.625690000000000246e-02
-7.309809999999999919e-02
-5.794520000000000226e-02
-2.818390000000000131e-02
5.811499999999999826e-03
3.759040000000000298e-02
7.014760000000000439e-02
9.522609999999999408e-02
1.039220000000000005e-01
9.544489999999999919e-02
8.045170000000000099e-02
6.619600000000000484e-02
5.585090000000000193e-02
3.869530000000000192e-02
7.963480000000000211e-03
-2.054980000000000001e-02
-2.415269999999999917e-02
-1.153859999999999955e-02
-3.267679999999999804e-03
7.053120000000000667e-05
3.729019999999999991e-03
4.921150000000000004e-03
-6.536759999999999966e-03
-2.417489999999999917e-02
-3.846630000000000188e-02
-5.151540000000000286e-02
-6.716049999999999798e-02
-8.447419999999999929e-02
-9.912169999999999315e-02
-1.125180000000000069e-01
-1.155739999999999962e-01
-9.933569999999999900e-02
-7.611969999999999847e-02
-4.895130000000000314e-02
-1.969390000000000029e-02
8.324240000000000111e-03
3.076500000000000068e-02
4.089430000000000148e-02
2.782269999999999882e-02
-1.222280000000000068e-02
-4.820350000000000329e-02
-6.736759999999999970e-02
-7.785860000000000003e-02
-7.116260000000000641e-02
-4.920120000000000049e-02
-1.909419999999999867e-02
1.346900000000000007e-02
3.452050000000000257e-02
4.556169999999999665e-02
4.729440000000000033e-02
4.211960000000000010e-02
4.732940000000000064e-02
6.116339999999999971e-02
7.209440000000000293e-02
7.613430000000000197e-02
6.822090000000000098e-02
5.918230000000000018e-02
5.141069999999999668e-02
3.816560000000000091e-02
-2.479649999999999910e-03
-4.202539999999999748e-02
-4.966240000000000238e-02
-1.052230000000000006e-02
4.908309999999999756e-02
7.314360000000000306e-02
7.456000000000000127e-02
6.234520000000000339e-02
4.711520000000000291e-02
2.761349999999999916e-02
9.396009999999999779e-03
-4.684409999999999963e-03
-8.783110000000000223e-03
-1.054500000000000055e-02
-1.378079999999999930e-02
-7.537679999999999728e-03
1.593009999999999956e-03
9.887309999999999849e-03
1.461570000000000057e-02
1.826590000000000158e-02
2.165090000000000070e-02
3.320109999999999728e-02
5.642099999999999893e-02
8.198189999999999644e-02
9.620239999999999347e-02
9.411100000000000021e-02
6.472340000000000038e-02
8.588409999999999447e-03
-3.371539999999999954e-02
-5.463189999999999713e-02
-6.501990000000000547e-02
-6.219800000000000328e-02
-5.274700000000000222e-02
-4.316749999999999754e-02
-3.087180000000000132e-02
-1.359340000000000027e-02
4.595929999999999807e-03
2.127460000000000115e-02
3.421289999999999748e-02
3.792029999999999706e-02
2.881229999999999902e-02
1.790610000000000118e-02
1.178880000000000032e-02
7.838980000000000600e-03
5.644589999999999677e-03
2.421009999999999916e-03
-5.875029999999999836e-03
-1.488809999999999960e-02
-1.681940000000000171e-02
-1.734399999999999831e-02
-1.459859999999999977e-02
-3.503379999999999949e-03
1.106900000000000071e-02
1.413879999999999998e-02
3.164230000000000081e-03
-1.186889999999999994e-02
-2.448979999999999907e-02
-2.208399999999999946e-02
-1.137439999999999979e-02
-1.181889999999999894e-03
6.890000000000000291e-03
1.402759999999999944e-02
1.713210000000000080e-02
1.424100000000000019e-02
7.111809999999999660e-03
-4.355599999999999836e-04
-3.245029999999999876e-03
3.143709999999999755e-04
4.658149999999999791e-03
1.015250000000000007e-02
1.791430000000000106e-02
2.096270000000000078e-02
2.494539999999999952e-02
2.699419999999999945e-02
2.901739999999999875e-02
2.967799999999999952e-02
2.486119999999999997e-02
1.853569999999999870e-02
1.109339999999999979e-02
-1.310189999999999922e-03
-1.747860000000000039e-02
-3.131529999999999730e-02
-4.102820000000000078e-02
-3.960360000000000269e-02
-2.945499999999999854e-02
-2.346699999999999828e-02
-2.150600000000000081e-02
-1.812510000000000163e-02
-1.511649999999999973e-02
-1.222320000000000004e-02
-3.930959999999999836e-03
5.943660000000000349e-04
-6.892050000000000259e-04
-2.611299999999999993e-03
2.551920000000000209e-06
5.985459999999999739e-03
5.819809999999999914e-03
2.481539999999999961e-04
-3.007080000000000083e-03
2.818750000000000075e-03
1.004090000000000017e-02
9.811040000000000039e-03
2.395219999999999988e-03
-4.064850000000000060e-03
-9.293789999999999690e-03
-1.410450000000000072e-02
-2.049729999999999955e-02
-2.893209999999999879e-02
-3.796970000000000206e-02
-4.673599999999999977e-02
-5.396619999999999889e-02
-5.800990000000000313e-02
-5.634460000000000163e-02
-4.551159999999999928e-02
-2.551700000000000149e-02
-5.965029999999999638e-03
6.544849999999999626e-03
8.106050000000000061e-03
5.817769999999999886e-03
1.825070000000000034e-03
-1.000870000000000058e-04
-1.505049999999999964e-03
-2.527510000000000173e-03
-2.198470000000000112e-03
-2.246830000000000008e-03
-4.215850000000000153e-03
-7.881130000000000080e-03
-8.044759999999999758e-03
-6.319339999999999680e-03
-2.823200000000000102e-03
1.501179999999999962e-03
7.617689999999999878e-03
8.677050000000000388e-03
4.502789999999999571e-03
6.641070000000000436e-04
2.456840000000000065e-03
8.547859999999999139e-03
1.308439999999999950e-02
1.643980000000000094e-02
1.074879999999999933e-02
-9.745109999999999537e-04
-1.130850000000000084e-02
-9.198599999999999485e-03
4.573019999999999689e-03
1.958899999999999877e-02
2.473140000000000061e-02
1.490739999999999947e-02
3.204530000000000139e-03
-5.563809999999999763e-03
-1.073260000000000013e-02
-1.687850000000000114e-02
-2.213599999999999943e-02
-2.127559999999999868e-02
-1.417170000000000062e-02
-8.704889999999999850e-03
-8.251410000000000688e-03
-1.075800000000000020e-02
-8.363439999999999763e-03
1.332260000000000041e-03
1.039960000000000016e-02
2.037790000000000087e-02
2.822739999999999971e-02
3.406440000000000162e-02
3.629879999999999912e-02
3.355260000000000187e-02
2.509020000000000000e-02
1.199099999999999992e-02
2.536150000000000036e-03
3.171189999999999946e-03
1.164390000000000043e-02
1.551849999999999931e-02
1.545889999999999938e-02
1.799009999999999845e-02
2.388329999999999967e-02
3.015069999999999903e-02
3.332759999999999889e-02
3.298349999999999893e-02
3.360420000000000074e-02
2.979510000000000144e-02
1.795249999999999971e-02
8.222060000000000219e-04
-1.629080000000000111e-02
-2.234890000000000140e-02
-2.258699999999999944e-02
-2.264559999999999837e-02
-2.511340000000000100e-02
-3.390209999999999751e-02
-4.399240000000000095e-02
-4.977310000000000068e-02
-4.567310000000000120e-02
-2.893130000000000007e-02
-9.559840000000000004e-03
6.655709999999999578e-03
1.276509999999999971e-02
9.360949999999999827e-03
2.606090000000000143e-03
-7.377060000000000388e-03
-1.944099999999999995e-02
-3.260249999999999954e-02
-3.894530000000000214e-02
-3.484009999999999885e-02
-2.575540000000000121e-02
-2.032640000000000141e-02
-1.973619999999999888e-02
-2.301490000000000133e-02
-2.734419999999999906e-02
-2.866749999999999854e-02
-2.638619999999999854e-02
-2.075110000000000149e-02
-1.316780000000000034e-02
-2.457180000000000215e-03
9.120440000000000491e-03
1.991779999999999939e-02
2.767040000000000124e-02
3.234059999999999713e-02
3.212589999999999890e-02
2.554040000000000130e-02
1.735760000000000081e-02
1.027430000000000010e-02
1.959890000000000156e-03
-3.912650000000000156e-03
-9.672979999999999426e-03
-1.571379999999999999e-02
-1.770729999999999874e-02
-1.412440000000000050e-02
-6.429950000000000249e-03
-4.857819999999999781e-04
3.004259999999999917e-03
5.007150000000000142e-03
7.217099999999999731e-03
5.439870000000000295e-03
1.058579999999999938e-03
-2.046689999999999881e-03
1.364820000000000096e-03
1.105539999999999995e-02
2.349700000000000052e-02
3.667709999999999720e-02
4.806799999999999962e-02
5.405709999999999682e-02
5.041120000000000323e-02
4.139919999999999711e-02
3.114880000000000079e-02
2.255390000000000172e-02
1.221889999999999955e-02
-2.000319999999999876e-03
-1.368070000000000050e-02
-1.635860000000000092e-02
-1.246670000000000070e-02
-1.052389999999999923e-02
-8.894350000000000520e-03
-6.823110000000000286e-03
-6.527680000000000114e-03
-8.095800000000000218e-03
-5.771590000000000054e-03
3.416199999999999879e-03
1.284569999999999983e-02
1.632360000000000061e-02
1.092740000000000031e-02
2.814950000000000091e-03
-6.095560000000000301e-04
3.039960000000000080e-04
2.538449999999999821e-03
9.896359999999999879e-03
1.999499999999999889e-02
2.596060000000000034e-02
2.822159999999999946e-02
2.634850000000000039e-02
2.075760000000000105e-02
1.031439999999999961e-02
-5.377609999999999682e-03
-1.943560000000000079e-02
-2.757860000000000172e-02
-3.371219999999999772e-02
-4.052619999999999834e-02
-4.268179999999999891e-02
-3.286569999999999769e-02
-1.435099999999999917e-02
7.114539999999999927e-03
2.578630000000000158e-02
3.912650000000000156e-02
4.361319999999999780e-02
3.760299999999999754e-02
2.398770000000000069e-02
7.801970000000000086e-03
-5.173790000000000160e-03
-1.377169999999999957e-02
-1.683099999999999874e-02
-1.525340000000000029e-02
-9.402040000000000397e-03
-3.390499999999999851e-03
1.672440000000000081e-03
5.521579999999999891e-03
7.903969999999999746e-03
5.782029999999999635e-03
7.428969999999999584e-04
-1.210740000000000080e-03
-1.279409999999999922e-03
-1.450080000000000075e-03
-1.729889999999999987e-03
-4.061939999999999995e-03
-2.374170000000000100e-03
3.289569999999999907e-03
1.172360000000000069e-02
2.151329999999999909e-02
2.585509999999999892e-02
2.552629999999999830e-02
1.773730000000000098e-02
6.474109999999999934e-03
-1.700490000000000031e-03
-7.508690000000000156e-03
-1.050779999999999943e-02
-1.037549999999999931e-02
-7.109790000000000380e-03
-4.127630000000000188e-03
-7.319520000000000366e-03
-9.882069999999999743e-03
-1.215489999999999973e-02
-1.155650000000000080e-02
-1.037869999999999938e-02
-8.055460000000000398e-03
-2.709940000000000092e-03
1.063750000000000025e-03
4.196889999999999996e-03
4.102749999999999626e-03
4.355409999999999664e-03
3.122950000000000205e-03
-3.373730000000000132e-03
-1.369229999999999926e-02
-2.406710000000000099e-02
-3.121250000000000066e-02
-3.467259999999999787e-02
-3.149659999999999960e-02
-2.085729999999999876e-02
-8.503310000000000035e-03
2.822480000000000041e-03
8.463810000000000430e-03
5.710550000000000001e-03
-1.069669999999999996e-03
-7.268499999999999787e-03
-1.229230000000000080e-02
-1.226200000000000033e-02
-6.318700000000000011e-03
2.239849999999999827e-03
9.579489999999999533e-03
1.341030000000000000e-02
1.789910000000000112e-02
1.869650000000000131e-02
1.546280000000000050e-02
1.541760000000000005e-02
1.825299999999999839e-02
2.035390000000000116e-02
1.520870000000000034e-02
3.495830000000000118e-03
-1.101599999999999975e-02
-2.383559999999999846e-02
-2.933979999999999921e-02
-2.765400000000000150e-02
-2.357319999999999902e-02
-1.999230000000000104e-02
-1.919890000000000138e-02
-1.588730000000000003e-02
-8.025350000000000539e-03
1.222739999999999938e-03
1.274340000000000021e-02
2.322360000000000049e-02
3.297459999999999974e-02
3.592420000000000335e-02
2.833509999999999848e-02
1.273400000000000053e-02
-7.526720000000000198e-04
-5.752949999999999731e-03
-9.340529999999999666e-03
-1.328610000000000034e-02
-1.506829999999999975e-02
-9.276970000000000702e-03
2.455849999999999873e-03
1.211809999999999971e-02
1.222900000000000029e-02
4.072890000000000017e-03
-4.281140000000000119e-03
-7.170010000000000099e-03
-4.830349999999999748e-03
7.641269999999999703e-04
5.886350000000000263e-03
6.010569999999999802e-03
-1.450949999999999896e-03
-1.102900000000000061e-02
-1.360570000000000009e-02
-7.804160000000000090e-03
1.597990000000000087e-03
7.045599999999999953e-03
7.504389999999999672e-03
6.310780000000000209e-03
3.813620000000000204e-03
-5.909469999999999784e-04
-6.063449999999999743e-03
-9.323569999999999774e-03
-1.006939999999999918e-02
-9.309690000000000673e-03
-7.109749999999999751e-03
-6.589740000000000181e-03
-9.640759999999999955e-03
-1.243580000000000033e-02
-9.371859999999999219e-03
-4.925869999999999728e-03
7.216780000000000113e-04
1.364090000000000094e-03
-8.260350000000000288e-04
-1.027160000000000052e-03
-8.508809999999999464e-04
1.389880000000000022e-03
1.771180000000000020e-03
1.397680000000000103e-03
-3.308779999999999881e-03
-1.101500000000000049e-02
-1.806649999999999923e-02
-2.087270000000000097e-02
-1.410510000000000062e-02
6.554530000000000415e-05
1.431170000000000012e-02
2.530309999999999851e-02
3.065789999999999835e-02
3.123609999999999928e-02
2.658059999999999937e-02
2.304519999999999832e-02
2.537369999999999903e-02
2.529899999999999857e-02
2.250920000000000004e-02
1.782929999999999932e-02
1.165300000000000016e-02
7.904380000000000780e-03
5.891770000000000167e-03
4.027059999999999841e-03
1.651340000000000056e-03
-4.571450000000000014e-04
-8.805879999999999654e-04
-3.498049999999999944e-03
-3.006550000000000195e-03
8.489139999999999837e-04
5.156240000000000302e-03
9.765479999999999994e-03
1.286310000000000058e-02
1.443380000000000010e-02
1.396030000000000014e-02
1.575640000000000027e-02
1.735570000000000168e-02
1.392630000000000083e-02
6.424080000000000415e-03
-2.658119999999999927e-03
-9.240299999999999903e-03
-8.305079999999999407e-03
-5.735939999999999702e-04
6.253149999999999854e-03
8.729600000000000554e-03
5.613380000000000279e-03
-4.944870000000000515e-04
-6.165799999999999927e-03
-1.047030000000000009e-02
-1.177090000000000081e-02
-1.037569999999999985e-02
-6.778219999999999731e-03
-8.358000000000000412e-04
4.749620000000000404e-03
6.557979999999999712e-03
3.621300000000000040e-03
-2.115269999999999824e-03
-5.239620000000000388e-03
-3.280289999999999942e-03
-8.793050000000000388e-04
-1.989149999999999859e-03
-4.620840000000000190e-03
-1.059910000000000019e-02
-1.730469999999999925e-02
-2.179789999999999853e-02
-2.572899999999999840e-02
-2.896249999999999866e-02
-2.814459999999999879e-02
-2.391570000000000154e-02
-1.827109999999999845e-02
-1.499289999999999998e-02
-1.462680000000000057e-02
-1.508490000000000004e-02
-1.579989999999999867e-02
-1.358559999999999976e-02
-9.447509999999999242e-03
-6.357989999999999996e-03
-1.013819999999999999e-02
-1.649079999999999990e-02
-1.794029999999999930e-02
-1.106350000000000042e-02
8.556859999999999927e-06
7.157679999999999598e-03
5.877529999999999734e-03
-2.295779999999999869e-03
-1.392080000000000053e-02
-2.077319999999999861e-02
-1.692070000000000032e-02
-9.268679999999999627e-03
-1.617699999999999911e-03
5.418219999999999634e-03
9.755220000000000211e-03
1.063749999999999939e-02
8.069089999999999249e-03
6.064749999999999829e-03
5.534319999999999691e-03
7.842550000000000215e-03
1.419199999999999975e-02
1.960309999999999830e-02
2.069860000000000103e-02
1.893699999999999897e-02
1.630739999999999967e-02
1.256909999999999972e-02
9.519259999999999874e-03
9.286680000000000282e-03
8.860309999999999714e-03
6.801930000000000302e-03
4.956740000000000278e-03
-1.096129999999999956e-04
-6.313260000000000226e-03
-1.079309999999999992e-02
-1.173970000000000048e-02
-1.161320000000000061e-02
-1.090630000000000072e-02
-7.149690000000000212e-03
-1.381590000000000032e-03
3.284909999999999827e-03
5.503420000000000187e-03
5.450380000000000329e-03
4.146829999999999787e-03
4.344719999999999832e-03
3.068710000000000101e-03
7.482190000000000542e-04
-5.260589999999999884e-03
-1.531569999999999980e-02
-1.913360000000000061e-02
-1.577570000000000014e-02
-1.146110000000000011e-02
-6.834360000000000261e-03
-5.329839999999999751e-03
-8.986509999999999637e-03
-1.047769999999999951e-02
-8.177600000000000147e-03
-5.314430000000000195e-03
-7.779740000000000266e-03
-1.588869999999999866e-02
-1.857330000000000092e-02
-1.874160000000000062e-02
-1.824380000000000099e-02
-1.536219999999999947e-02
-1.172690000000000017e-02
-8.773980000000000667e-03
-1.033449999999999994e-02
-1.562120000000000002e-02
-1.835569999999999910e-02
-1.714800000000000005e-02
-1.859119999999999870e-02
-1.850649999999999865e-02
-1.588820000000000163e-02
-1.045249999999999999e-02
-3.902019999999999968e-03
2.328199999999999888e-03
5.505559999999999621e-03
1.077189999999999918e-02
1.767729999999999996e-02
2.158500000000000002e-02
2.263259999999999925e-02
2.019690000000000027e-02
1.679020000000000165e-02
1.412809999999999934e-02
1.449839999999999983e-02
1.662929999999999964e-02
1.872139999999999915e-02
2.294010000000000146e-02
2.934679999999999928e-02
3.024860000000000049e-02
2.192339999999999914e-02
1.619929999999999981e-02
1.212039999999999992e-02
3.841139999999999832e-03
-6.819819999999999875e-03
-1.042539999999999960e-02
-8.768859999999999849e-03
-3.619799999999999841e-03
5.163509999999999628e-03
1.256570000000000083e-02
1.738529999999999937e-02
1.433770000000000010e-02
1.079839999999999967e-02
7.677269999999999928e-03
1.111479999999999933e-02
1.693599999999999967e-02
1.944740000000000010e-02
2.065619999999999956e-02
1.935069999999999846e-02
1.798090000000000105e-02
1.843699999999999853e-02
1.870739999999999903e-02
1.695920000000000066e-02
1.222649999999999952e-02
2.610100000000000180e-03
-7.225640000000000188e-03
-1.487139999999999990e-02
-1.562000000000000020e-02
-1.015169999999999961e-02
-7.947310000000000832e-03
-7.405560000000000268e-03
-9.017040000000000471e-03
-9.886970000000000133e-03
-1.146070000000000075e-02
-1.040589999999999918e-02
-6.920410000000000103e-03
-5.050619999999999589e-03
-2.660619999999999825e-03
-2.040319999999999981e-03
-3.024479999999999964e-03
-1.156719999999999970e-03
-1.336100000000000005e-03
-3.979800000000000351e-03
-5.358690000000000155e-03
-8.161510000000000292e-03
-5.724579999999999946e-03
-3.851709999999999943e-03
1.706419999999999942e-03
1.007569999999999993e-02
1.499939999999999954e-02
1.342870000000000001e-02
8.431900000000000853e-03
1.735760000000000037e-03
-3.056039999999999885e-03
-6.353540000000000403e-03
-1.272629999999999942e-02
-1.988349999999999840e-02
-2.641949999999999854e-02
-1.734849999999999934e-02
9.494629999999999997e-04
1.813970000000000166e-02
1.300620000000000075e-02
-7.633329999999999803e-03
-2.944079999999999961e-02
-3.095320000000000016e-02
-1.456780000000000054e-02
-2.028750000000000171e-03
9.694289999999999505e-03
1.390910000000000063e-02
1.425709999999999998e-02
1.213670000000000027e-02
7.420419999999999620e-03
1.871810000000000010e-03
4.048669999999999873e-03
8.806140000000000495e-03
1.301889999999999992e-02
1.241629999999999991e-02
9.913419999999999177e-03
6.151850000000000374e-03
1.922099999999999937e-03
3.082039999999999867e-03
2.615080000000000095e-03
3.524090000000000122e-03
5.058380000000000341e-03
4.951480000000000291e-03
-7.225810000000000262e-04
-6.023320000000000410e-03
-9.375849999999999809e-03
-1.645440000000000097e-02
-2.263750000000000137e-02
-2.459259999999999918e-02
-1.876620000000000024e-02
-1.112310000000000035e-02
-7.831329999999999195e-03
-7.217079999999999849e-03
-5.043240000000000049e-03
-1.756589999999999931e-03
1.416850000000000097e-03
2.794070000000000061e-03
4.211069999999999917e-03
3.736989999999999930e-03
2.876329999999999859e-03
4.717660000000000256e-03
6.979220000000000389e-03
1.020670000000000084e-02
1.565479999999999997e-02
1.796729999999999855e-02
1.351429999999999992e-02
1.151729999999999941e-02
1.237839999999999947e-02
1.232770000000000046e-02
6.251770000000000244e-03
-9.787769999999999023e-04
-5.216639999999999819e-03
-3.981179999999999962e-03
9.721779999999999745e-04
4.564859999999999578e-03
4.955760000000000026e-03
4.828500000000000326e-03
4.491130000000000295e-03
2.611510000000000047e-03
-5.859409999999999792e-04
-1.939229999999999903e-03
-2.021610000000000074e-03
-3.773719999999999939e-03
-8.950240000000000149e-04
3.572829999999999930e-03
7.846880000000000521e-03
7.472789999999999988e-03
2.420990000000000034e-03
-2.342149999999999874e-03
-9.115720000000000767e-03
-1.755090000000000122e-02
-2.515879999999999853e-02
-3.037580000000000141e-02
-2.441060000000000105e-02
-1.649410000000000112e-02
-1.140709999999999988e-02
-9.552480000000000346e-03
-1.024680000000000035e-02
-5.363829999999999987e-03
1.350080000000000030e-03
6.843049999999999827e-03
7.782729999999999856e-03
5.626729999999999926e-03
4.947680000000000307e-03
3.485269999999999948e-03
6.786259999999999688e-03
9.881219999999999587e-03
8.315799999999999928e-03
7.028829999999999800e-03
7.954249999999999515e-03
1.087169999999999977e-02
1.467760000000000072e-02
1.545520000000000053e-02
1.099190000000000063e-02
6.949929999999999997e-03
1.852260000000000104e-03
-3.344360000000000215e-03
-8.132969999999999783e-03
-1.251050000000000079e-02
-1.517040000000000055e-02
-1.246000000000000059e-02
-5.927599999999999883e-03
4.784979999999999713e-05
3.620180000000000186e-03
2.436250000000000047e-03
-4.039440000000000044e-03
-8.729100000000000054e-03
-1.144200000000000078e-02
-1.084599999999999974e-02
-9.766570000000000459e-03
-6.956180000000000176e-03
-2.308759999999999979e-03
-1.686259999999999972e-03
-3.984019999999999576e-03
-7.189580000000000103e-03
-7.380020000000000156e-03
-4.490059999999999711e-03
6.459439999999999670e-04
5.885989999999999799e-03
8.768810000000000146e-03
6.030419999999999878e-03
4.411980000000000242e-03
8.287269999999999359e-03
1.559690000000000035e-02
2.085630000000000123e-02
2.482039999999999941e-02
2.553769999999999998e-02
2.323079999999999937e-02
2.075559999999999905e-02
1.632300000000000070e-02
1.078370000000000023e-02
5.107659999999999978e-03
3.673860000000000146e-03
3.835330000000000076e-03
-3.336990000000000182e-03
-1.346529999999999949e-02
-1.892910000000000079e-02
-2.354329999999999964e-02
-2.338689999999999866e-02
-1.865069999999999922e-02
-1.302200000000000059e-02
-6.899660000000000168e-03
-2.755080000000000029e-03
-4.080760000000000116e-03
-9.019279999999999312e-03
-1.225240000000000010e-02
-1.239379999999999996e-02
-1.048200000000000000e-02
-9.116930000000000520e-03
-7.205119999999999754e-03
-4.717009999999999779e-03
-3.562050000000000199e-03
-1.774680000000000051e-03
1.237709999999999939e-03
2.009149999999999912e-03
2.489900000000000186e-03
2.765629999999999825e-03
8.197999999999999775e-04
2.508230000000000182e-03
5.198300000000000316e-03
8.106649999999999967e-03
8.664919999999999567e-03
7.724820000000000297e-03
7.575209999999999756e-03
9.425819999999999685e-03
1.196389999999999953e-02
1.237530000000000054e-02
1.296319999999999938e-02
1.403450000000000010e-02
1.525579999999999992e-02
1.189220000000000034e-02
7.570740000000000282e-03
2.761780000000000138e-03
-2.125720000000000214e-03
-3.945070000000000174e-03
-2.414729999999999915e-03
6.527500000000000099e-04
2.775709999999999809e-03
5.363790000000000224e-03
4.814350000000000226e-03
7.938459999999999614e-04
-4.772969999999999643e-03
-7.102309999999999700e-03
-8.825770000000000143e-03
-9.866849999999999926e-03
-9.301429999999999421e-03
-9.678489999999999663e-03
-9.287490000000000676e-03
-1.007360000000000026e-02
-7.992420000000000080e-03
-3.598940000000000125e-03
4.242820000000000012e-04
1.853639999999999932e-03
3.545879999999999735e-04
-1.032270000000000063e-03
-1.960120000000000091e-03
-4.595459999999999996e-03
-7.116560000000000073e-03
-1.161240000000000015e-02
-1.316039999999999918e-02
-1.079570000000000009e-02
-1.078920000000000053e-02
-8.910029999999999339e-03
-5.179549999999999779e-03
-1.673460000000000095e-03
3.047450000000000159e-03
6.983969999999999935e-03
1.074199999999999981e-02
1.506099999999999973e-02
1.455749999999999926e-02
1.283809999999999986e-02
1.081069999999999948e-02
8.094789999999999278e-03
6.815029999999999699e-03
5.966739999999999891e-03
7.407330000000000164e-03
9.889329999999999996e-03
1.249779999999999988e-02
1.273889999999999918e-02
1.096749999999999982e-02
7.593680000000000221e-03
5.819229999999999889e-03
5.208589999999999921e-03
6.000459999999999995e-03
9.392309999999999201e-03
1.451919999999999947e-02
1.338830000000000055e-02
9.469850000000000143e-03
5.530949999999999755e-03
2.299939999999999884e-03
2.207470000000000005e-03
-8.368870000000000258e-04
-1.913659999999999970e-03
-1.914329999999999895e-03
-3.465409999999999931e-03
-7.098300000000000096e-03
-8.464759999999999993e-03
-7.962570000000000411e-03
-8.281490000000000726e-03
-6.387000000000000316e-03
-2.111839999999999811e-03
6.618890000000000320e-04
1.818909999999999971e-03
1.393920000000000098e-03
1.041339999999999974e-03
2.023950000000000055e-03
2.353749999999999939e-03
-2.683259999999999920e-04
-1.842859999999999984e-03
-2.139339999999999992e-03
-4.227960000000000225e-03
-7.226409999999999952e-03
-9.427229999999999985e-03
-7.396070000000000248e-03
-5.765769999999999923e-03
-4.656689999999999788e-03
-4.890949999999999812e-03
-5.385299999999999983e-03
-5.608339999999999853e-03
-6.234280000000000030e-03
-6.139079999999999884e-03
-4.722989999999999827e-03
-2.890730000000000209e-03
-1.803069999999999933e-03
-1.076490000000000042e-03
-2.384809999999999795e-03
-3.199459999999999891e-03
-2.756440000000000192e-03
-3.605759999999999955e-03
-4.524450000000000173e-03
-7.073089999999999759e-03
-7.935680000000000511e-03
-8.062839999999999938e-03
-8.316489999999999300e-03
-8.625219999999999415e-03
-1.057609999999999974e-02
-1.005870000000000028e-02
-1.096920000000000013e-02
-8.586150000000000726e-03
-8.157420000000000296e-03
-7.758270000000000270e-03
-9.172680000000000763e-03
-1.086960000000000010e-02
-8.437619999999999842e-03
-8.073149999999999424e-03
-4.330449999999999577e-03
-2.036140000000000085e-03
-9.056539999999999859e-04
-5.432289999999999992e-04
1.862249999999999973e-03
4.940939999999999568e-03
5.105479999999999914e-03
6.260439999999999929e-03
7.501090000000000188e-03
7.925730000000000622e-03
6.184910000000000060e-03
4.308430000000000246e-03
3.021499999999999880e-03
3.148300000000000144e-03
2.883419999999999820e-03
4.243399999999999603e-03
3.490950000000000043e-03
-2.205130000000000078e-04
-2.715120000000000120e-03
-4.413109999999999603e-03
-4.194510000000000252e-03
-3.469999999999999994e-03
-2.429290000000000182e-03
-5.634029999999999724e-04
-1.283209999999999906e-03
-7.188459999999999815e-04
-9.174390000000000366e-04
-2.565449999999999935e-03
-4.053329999999999954e-03
-7.139539999999999775e-03
-7.937899999999999470e-03
-6.626899999999999805e-03
-5.478079999999999755e-03
-4.424120000000000136e-03
-3.237560000000000004e-03
-3.057740000000000197e-03
-2.506640000000000083e-03
-3.027569999999999827e-03
-4.527690000000000013e-03
-2.561860000000000005e-03
2.553740000000000090e-03
5.360049999999999884e-03
7.836900000000000810e-03
1.016590000000000028e-02
1.145440000000000000e-02
1.251239999999999991e-02
1.080009999999999998e-02
1.099110000000000018e-02
1.372810000000000002e-02
1.396599999999999925e-02
1.145099999999999937e-02
8.677900000000000544e-03
6.288320000000000021e-03
6.523199999999999832e-03
8.322760000000000227e-03
9.630669999999999162e-03
7.089110000000000029e-03
3.417379999999999810e-03
1.608169999999999912e-03
-3.885870000000000117e-05
-1.118770000000000051e-03
-2.027319999999999990e-03
-3.329599999999999834e-03
-5.334649999999999809e-03
-4.629570000000000386e-03
-2.526070000000000051e-03
-1.523140000000000084e-03
-3.097760000000000184e-03
-3.480009999999999961e-03
-4.147849999999999801e-03
-3.933390000000000150e-03
-2.204240000000000105e-03
3.899130000000000055e-05
-5.911179999999999603e-04
-5.122729999999999818e-03
-7.018660000000000350e-03
-7.892549999999999913e-03
-7.863749999999999213e-03
-7.036289999999999732e-03
-5.786539999999999739e-03
-3.120019999999999825e-03
-2.027370000000000127e-03
-2.559570000000000161e-03
-2.839829999999999785e-03
-5.649999999999999641e-04
1.880170000000000018e-03
3.197220000000000183e-03
4.665230000000000245e-03
7.364380000000000231e-03
8.668169999999999348e-03
9.804669999999999705e-03
8.621689999999999562e-03
5.986230000000000370e-03
3.535389999999999800e-03
9.998870000000000847e-04
-8.925780000000000454e-05
-9.733839999999999897e-04
-1.133130000000000042e-04
1.286369999999999951e-04
1.539510000000000010e-03
3.704149999999999804e-03
5.460800000000000029e-03
7.710100000000000113e-03
5.587680000000000251e-03
5.269639999999999914e-03
4.949549999999999610e-03
3.008690000000000062e-03
3.474000000000000091e-03
4.490120000000000222e-03
4.914619999999999753e-03
3.970289999999999583e-03
3.394180000000000114e-03
9.800200000000000664e-04
-6.201779999999999836e-04
7.508810000000000094e-04
1.800640000000000053e-03
-1.121489999999999944e-03
-3.136830000000000174e-03
-3.714999999999999986e-03
-4.604269999999999717e-03
-5.440500000000000023e-03
-8.200459999999999694e-03
-8.984680000000000097e-03
-7.437179999999999833e-03
-8.384600000000000733e-03
-6.866680000000000006e-03
-3.652509999999999871e-03
-1.670499999999999893e-03
-1.189250000000000040e-04
1.352059999999999981e-03
3.393230000000000118e-03
4.974369999999999660e-03
6.349470000000000287e-03
6.808609999999999662e-03
8.379549999999999499e-03
9.945380000000000192e-03
1.185699999999999948e-02
1.218960000000000009e-02
1.318120000000000056e-02
1.339040000000000022e-02
1.097620000000000019e-02
6.815759999999999701e-03
2.168750000000000105e-03
-3.831689999999999901e-04
-4.543639999999999832e-03
-7.089449999999999745e-03
-8.544879999999999490e-03
-7.872590000000000490e-03
-6.013029999999999937e-03
-4.867469999999999609e-03
-3.513829999999999905e-03
-1.671619999999999964e-03
5.847170000000000058e-04
-5.137320000000000341e-04
-7.941439999999999914e-04
-2.119039999999999986e-03
-3.589800000000000196e-03
-5.291080000000000089e-03
-6.801620000000000409e-03
-6.067140000000000380e-03
-3.738410000000000170e-03
6.007369999999999507e-04
3.100819999999999792e-03
2.883629999999999874e-03
2.224770000000000046e-03
-2.864119999999999947e-04
-5.545480000000000201e-03
-8.497299999999999298e-03
-9.152089999999999878e-03
-7.716899999999999628e-03
-5.912480000000000339e-03
-5.704360000000000333e-03
-3.292020000000000102e-03
1.120539999999999948e-03
4.341109999999999912e-04
-1.449800000000000004e-03
-1.520150000000000060e-03
-1.679249999999999970e-03
-1.452780000000000087e-03
-9.131849999999999516e-04
7.626910000000000200e-04
-3.572560000000000232e-04
2.353730000000000112e-04
1.187040000000000100e-03
4.130759999999999814e-03
7.463110000000000230e-03
6.283979999999999774e-03
4.212360000000000063e-03
1.307390000000000071e-03
-1.386440000000000068e-03
-2.148399999999999962e-03
-2.764490000000000090e-03
-1.124350000000000089e-03
3.451339999999999790e-03
6.702060000000000135e-03
6.748940000000000147e-03
4.077530000000000217e-03
1.796770000000000051e-03
1.827339999999999997e-03
2.669809999999999892e-03
3.032879999999999951e-03
4.980019999999999933e-03
5.827579999999999739e-03
4.100669999999999836e-03
5.012489999999999654e-03
5.576479999999999979e-03
4.914439999999999954e-03
2.249109999999999911e-03
1.906750000000000133e-04
-1.062209999999999983e-04
1.207460000000000044e-03
3.923639999999999940e-03
6.267509999999999575e-03
7.662780000000000112e-03
8.367509999999999878e-03
1.297979999999999967e-02
1.335000000000000075e-02
9.612620000000000539e-03
6.825870000000000375e-03
4.882659999999999605e-03
3.768710000000000202e-03
1.724510000000000062e-03
-9.123119999999999754e-04
-2.649499999999999945e-03
-3.277949999999999961e-03
-3.356619999999999829e-03
-3.123180000000000140e-03
-3.125360000000000204e-03
-2.346219999999999990e-03
-2.846169999999999863e-03
-4.556860000000000251e-03
-5.354659999999999802e-03
-6.307489999999999798e-03
-6.141399999999999984e-03
-4.541179999999999696e-03
-3.909980000000000400e-03
-4.862830000000000277e-03
-4.443790000000000413e-03
-1.697109999999999938e-03
-8.139770000000000165e-04
-1.514909999999999955e-03
-4.555720000000000082e-03
-6.788699999999999943e-03
-7.472300000000000296e-03
-8.270150000000000418e-03
-6.928039999999999893e-03
-7.974770000000000816e-03
-7.174289999999999834e-03
-7.651869999999999852e-03
-9.139259999999999745e-03
-1.035529999999999957e-02
-9.526299999999999699e-03
-7.653820000000000415e-03
-6.288280000000000258e-03
-3.576349999999999842e-03
-5.045400000000000232e-03
-6.307390000000000392e-03
-6.040410000000000397e-03
-4.073089999999999697e-03
-3.081920000000000145e-03
-2.875130000000000047e-03
-3.897449999999999786e-03
-2.554390000000000133e-03
4.033250000000000051e-04
1.768819999999999941e-03
3.859519999999999965e-03
4.286599999999999785e-03
8.013380000000000503e-03
1.080580000000000082e-02
9.681489999999999194e-03
5.762330000000000403e-03
1.757490000000000007e-03
5.780479999999999516e-04
1.437579999999999934e-03
1.898289999999999960e-03
-6.255320000000000411e-04
-4.150990000000000235e-03
-6.743159999999999779e-03
-5.802049999999999569e-03
-2.241589999999999902e-03
1.198510000000000070e-03
2.806690000000000140e-03
2.088239999999999888e-03
4.813630000000000057e-04
-2.911559999999999886e-04
-5.016590000000000025e-04
-2.388880000000000072e-04
2.591219999999999982e-03
4.108579999999999698e-03
4.616140000000000347e-03
4.952329999999999580e-03
1.752590000000000105e-04
-6.238180000000000504e-04
1.817639999999999924e-03
3.667489999999999813e-03
5.139939999999999960e-03
4.877369999999999796e-03
4.335300000000000264e-03
2.380540000000000000e-03
2.635090000000000088e-03
1.940010000000000042e-03
-5.104900000000000540e-04
-2.024639999999999860e-03
-3.848869999999999895e-03
-2.660019999999999919e-03
-6.786449999999999644e-04
-8.974109999999999769e-04
-3.114360000000000045e-03
-3.244400000000000148e-03
-3.366280000000000140e-03
-5.212989999999999811e-03
-4.166979999999999816e-03
-4.631599999999999606e-03
-3.486659999999999933e-03
-2.263189999999999993e-03
-2.250629999999999992e-03
-2.459330000000000023e-03
-2.046469999999999886e-03
-1.584869999999999942e-03
-2.206950000000000058e-03
-2.922469999999999929e-03
-4.583659999999999818e-03
-3.535920000000000122e-03
-2.616349999999999926e-03
-3.812799999999999870e-03
-5.537219999999999816e-03
-4.895000000000000046e-03
-2.046749999999999958e-03
-2.451220000000000157e-04
-8.762110000000000037e-04
-2.357380000000000066e-03
-1.116360000000000052e-03
9.383250000000000531e-04
3.272820000000000069e-03
4.240230000000000214e-03
1.815589999999999956e-03
1.727859999999999899e-03
4.577939999999999961e-03
6.969259999999999691e-03
8.532539999999999916e-03
7.691080000000000312e-03
5.220340000000000397e-03
3.898679999999999854e-03
1.412880000000000039e-03
-9.668809999999999471e-04
-2.536740000000000002e-03
-4.179890000000000341e-03
-2.088800000000000032e-03
9.232970000000000066e-04
1.604430000000000005e-03
1.835239999999999918e-03
1.194870000000000003e-03
5.545360000000000046e-04
3.140720000000000057e-03
4.839040000000000182e-03
6.659380000000000334e-03
7.212569999999999745e-03
7.526709999999999824e-03
6.228410000000000196e-03
2.547320000000000053e-03
4.128490000000000285e-03
4.417759999999999743e-03
5.735360000000000111e-03
6.515289999999999970e-03
5.155980000000000112e-03
4.479229999999999844e-03
4.519640000000000116e-04
-1.600129999999999955e-03
-3.936349999999999918e-03
-4.966400000000000155e-03
-5.391410000000000126e-03
-7.346929999999999780e-03
-6.264549999999999806e-03
-5.234929999999999618e-03
-3.905300000000000004e-03
-1.252620000000000079e-03
1.289650000000000041e-03
2.949600000000000138e-03
2.810790000000000077e-03
1.705249999999999952e-03
3.822270000000000252e-06
-1.695819999999999901e-04
-8.907599999999999893e-04
-1.338329999999999988e-03
-1.260000000000000052e-03
-1.984909999999999886e-03
-1.266549999999999968e-03
-1.221340000000000012e-03
-6.075979999999999923e-04
4.156170000000000155e-04
1.533400000000000084e-03
1.964720000000000095e-03
2.461909999999999880e-03
2.141870000000000145e-03
-2.584800000000000053e-04
-2.454379999999999930e-03
-4.872470000000000273e-03
-4.307219999999999625e-03
-3.188049999999999998e-03
-2.557810000000000205e-03
-1.583130000000000084e-03
-1.143039999999999898e-03
-3.782309999999999774e-04
2.702199999999999980e-04
9.446660000000000387e-04
7.059230000000000105e-04
1.350379999999999983e-03
1.432340000000000045e-03
1.642059999999999928e-04
3.552869999999999748e-04
-1.916579999999999868e-04
-2.817660000000000260e-04
-5.554540000000000389e-04
-1.891720000000000109e-04
4.559930000000000233e-04
2.812170000000000013e-04
-2.444799999999999903e-04
-1.424020000000000017e-03
-1.161649999999999966e-03
-1.387049999999999915e-03
-1.114409999999999923e-03
-3.826120000000000020e-04
6.379169999999999979e-04
1.118120000000000008e-03
1.143719999999999980e-03
2.350839999999999874e-03
2.450299999999999874e-03
2.050070000000000191e-03
2.140299999999999928e-03
2.228340000000000095e-03
2.479470000000000111e-03
1.854860000000000059e-03
1.576589999999999893e-03
1.385680000000000028e-03
7.742860000000000064e-04
6.492360000000000297e-05
-5.208399999999999532e-04
-7.176150000000000063e-04
-1.091430000000000004e-03
-2.619030000000000164e-04
3.060960000000000048e-04
1.076779999999999946e-04
3.992039999999999814e-05
1.339110000000000127e-04
5.353530000000000224e-04
3.840769999999999753e-04
-2.729709999999999992e-05
1.680019999999999883e-05
3.426360000000000039e-04
7.061100000000000276e-04
1.231810000000000121e-04
1.447719999999999922e-05
3.563379999999999890e-04
2.270329999999999928e-04
-1.086460000000000030e-04
-6.370980000000000046e-04
-8.110619999999999809e-04
-9.057839999999999728e-04
-1.057159999999999914e-03
-1.126629999999999993e-03
-7.866779999999999650e-04
-6.578400000000000306e-04
-4.334890000000000097e-04
-5.938220000000000212e-05
-8.916779999999999693e-05
-1.477039999999999939e-04
-3.589579999999999876e-04
-2.303179999999999995e-04
-1.150000000000000035e-04
-1.100339999999999972e-04
-8.824799999999999940e-05
-3.748959999999999966e-04
-1.885599999999999971e-04
-3.616839999999999747e-04
-4.706600000000000237e-04
-4.621359999999999813e-04
-5.472180000000000316e-04
-5.371899999999999982e-04
-5.659169999999999826e-04
-3.555200000000000114e-04
-2.407090000000000022e-04
-2.623829999999999847e-04
-2.654080000000000176e-04
-2.324569999999999870e-04
-2.279559999999999974e-04
-2.070700000000000080e-04
-2.042830000000000091e-04
-1.268990000000000059e-04
-5.005190000000000100e-05
-1.002039999999999981e-05
-4.273919999999999900e-05
-1.267700000000000077e-04
-1.043150000000000067e-04
-8.514080000000000313e-05
-1.097140000000000002e-04
-1.292330000000000009e-04
-1.503359999999999918e-04
-1.450959999999999945e-04
-1.383719999999999959e-04
-1.169890000000000009e-04
-1.067779999999999999e-04
-7.056270000000000120e-05
-4.727809999999999717e-05
-1.341719999999999920e-05
4.087259999999999895e-05
8.433299999999999369e-05
1.146530000000000015e-04
1.303820000000000131e-04
1.450000000000000009e-04
1.576349999999999908e-04
1.702519999999999956e-04
1.816060000000000092e-04
1.901379999999999878e-04
1.947069999999999910e-04
1.972499999999999970e-04
