-8.576610000000000136e-04
-2.364830000000000057e-04
1.195670000000000023e-04
8.019260000000000060e-04
5.594009999999999521e-04
-2.676979999999999906e-05
1.628389999999999959e-03
-2.579160000000000155e-04
-1.078619999999999969e-03
-1.005040000000000013e-03
-1.892030000000000057e-03
-2.383380000000000047e-03
-2.967510000000000026e-03
-1.675379999999999968e-03
-1.680319999999999904e-03
-1.886139999999999909e-03
-3.033889999999999916e-04
2.229389999999999877e-04
-1.153530000000000050e-03
2.283429999999999922e-04
-3.160339999999999764e-04
-3.179230000000000120e-04
8.793730000000000253e-04
4.441019999999999842e-04
7.613809999999999936e-04
2.117749999999999841e-03
4.183840000000000302e-03
5.865500000000000054e-03
4.072980000000000350e-03
1.979639999999999959e-03
3.594579999999999997e-04
2.270550000000000086e-03
5.261509999999999625e-03
4.020659999999999686e-03
2.417799999999999897e-03
1.073949999999999948e-03
1.524799999999999984e-03
-3.951860000000000073e-04
-2.057189999999999973e-03
-3.683500000000000142e-03
-5.593299999999999834e-03
-5.988819999999999734e-03
-6.649460000000000266e-03
-6.197600000000000157e-03
-4.509840000000000203e-03
-2.747639999999999978e-03
-5.418680000000000371e-04
3.776760000000000100e-03
3.995099999999999693e-03
2.926559999999999925e-03
1.496020000000000032e-03
2.694279999999999961e-04
9.048329999999999611e-04
5.358160000000000483e-04
-9.202179999999999908e-04
-2.048920000000000081e-03
-2.877569999999999759e-04
1.507059999999999953e-03
4.183929999999999767e-03
2.847199999999999818e-03
-6.482709999999999601e-04
-1.515939999999999909e-03
-1.617790000000000027e-03
1.708630000000000045e-03
3.821600000000000084e-03
3.725850000000000169e-03
1.447200000000000103e-04
-1.907859999999999938e-03
-1.712989999999999955e-03
-1.996359999999999975e-03
5.581369999999999994e-04
1.860419999999999999e-03
6.909109999999999991e-04
-1.285190000000000074e-03
-4.794950000000000080e-03
-3.795530000000000084e-03
-2.368840000000000095e-03
-1.008439999999999987e-03
2.915520000000000004e-03
1.751109999999999950e-03
-1.136630000000000019e-03
-2.427490000000000030e-03
-6.673640000000000431e-04
2.095140000000000110e-03
3.053769999999999922e-03
1.907709999999999961e-03
-1.520269999999999998e-04
4.895069999999999874e-05
-9.196869999999999785e-04
-7.074940000000000265e-04
-7.798030000000000283e-04
-2.299090000000000161e-03
-4.970660000000000009e-03
-5.990279999999999737e-03
-1.648240000000000035e-03
3.216909999999999908e-03
4.755750000000000428e-03
4.149100000000000184e-03
3.275290000000000146e-03
-1.246050000000000066e-03
-3.671869999999999822e-03
-3.826780000000000112e-03
-1.145870000000000005e-03
2.789300000000000199e-03
4.232279999999999723e-03
3.519580000000000018e-03
2.023730000000000060e-03
1.510899999999999917e-03
9.868399999999998961e-04
2.477739999999999977e-03
3.186519999999999977e-03
3.099779999999999788e-04
-1.493820000000000087e-03
-1.072610000000000100e-03
-4.159970000000000085e-05
1.389129999999999922e-03
3.551009999999999844e-03
2.720010000000000136e-03
-3.825139999999999769e-05
-1.670749999999999926e-03
-3.789649999999999876e-03
-3.700859999999999827e-03
-3.739539999999999965e-03
-2.350619999999999880e-03
3.456239999999999963e-05
2.773219999999999852e-04
-2.651010000000000085e-04
-3.578300000000000079e-04
1.300289999999999953e-03
8.945100000000000533e-04
-3.076709999999999753e-04
1.747169999999999875e-04
-4.564249999999999948e-04
-2.021629999999999955e-03
-3.556240000000000009e-03
-1.078270000000000096e-03
6.104409999999999784e-04
-3.959599999999999969e-04
-2.022350000000000016e-03
-2.713660000000000117e-03
-5.477229999999999599e-04
-8.382860000000000441e-04
-7.331990000000000252e-04
-8.616270000000000092e-04
-6.362149999999999793e-04
1.336989999999999923e-03
2.102849999999999858e-03
1.933629999999999984e-03
2.320159999999999931e-03
1.485060000000000069e-03
-4.645849999999999980e-04
-1.881909999999999876e-04
-7.092160000000000348e-04
2.524259999999999850e-04
1.369060000000000069e-03
4.307929999999999746e-03
6.875629999999999763e-03
5.318569999999999895e-03
4.441660000000000053e-03
2.548089999999999817e-03
-1.918219999999999995e-03
-5.743129999999999936e-03
-6.857629999999999976e-03
-6.388519999999999963e-03
-3.920759999999999697e-03
-6.545669999999999961e-04
3.054180000000000089e-03
3.853679999999999953e-03
4.270790000000000003e-03
3.536629999999999809e-03
1.101589999999999948e-03
-1.748470000000000016e-03
-3.187249999999999979e-03
-1.463890000000000026e-03
4.389339999999999822e-04
2.488600000000000100e-03
4.330249999999999898e-03
3.428850000000000214e-03
2.340849999999999789e-03
1.570999999999999914e-03
-2.326320000000000211e-03
-5.301809999999999683e-03
-7.966300000000000811e-03
-7.768439999999999721e-03
-6.154190000000000355e-03
-3.038930000000000017e-03
9.359579999999999723e-04
2.487020000000000051e-04
-1.601030000000000031e-03
-1.966059999999999943e-03
-1.746790000000000018e-03
-1.735540000000000043e-03
-1.090030000000000079e-03
1.662869999999999886e-04
1.679570000000000021e-03
4.982460000000000187e-03
6.318319999999999666e-03
4.453290000000000373e-03
2.988999999999999903e-03
3.024719999999999839e-03
2.873829999999999961e-03
3.133879999999999912e-03
2.020370000000000065e-03
6.254409999999999636e-05
-1.909560000000000033e-03
-2.196079999999999994e-03
1.615280000000000025e-04
1.999079999999999867e-03
3.204409999999999984e-03
7.594010000000000159e-05
-3.802020000000000139e-03
-5.412130000000000239e-03
-5.272409999999999944e-03
-3.305349999999999868e-03
-1.514710000000000058e-03
1.752480000000000053e-03
3.545159999999999891e-03
3.440149999999999892e-03
1.541449999999999982e-03
2.368460000000000183e-03
4.283509999999999922e-03
3.308670000000000101e-03
2.243090000000000101e-03
8.328370000000000087e-04
-2.476129999999999998e-03
-3.496850000000000132e-03
-3.199070000000000039e-03
-3.407079999999999831e-03
-3.020590000000000080e-03
-3.360140000000000175e-03
-2.098739999999999981e-03
4.791139999999999939e-04
4.371380000000000231e-03
6.986970000000000333e-03
4.369370000000000025e-03
1.109350000000000050e-03
-1.807030000000000051e-03
-4.727480000000000050e-03
-5.857320000000000061e-03
-5.555469999999999853e-03
-5.668649999999999904e-03
-4.227780000000000427e-03
-3.129540000000000100e-03
-2.839930000000000059e-03
-1.754009999999999966e-04
2.893950000000000168e-03
6.449709999999999992e-03
7.215530000000000381e-03
5.217910000000000083e-03
1.132930000000000091e-03
-2.439119999999999917e-03
-3.137619999999999819e-03
-3.131500000000000169e-03
-3.141689999999999934e-03
-2.956100000000000134e-03
-6.519549999999999608e-05
3.937190000000000134e-03
4.831489999999999917e-03
7.123820000000000326e-03
7.033069999999999773e-03
5.010970000000000008e-03
4.334900000000000038e-03
2.222060000000000094e-03
2.476990000000000094e-03
2.386239999999999976e-03
2.578959999999999933e-03
2.463739999999999854e-03
-2.028180000000000087e-04
-3.181409999999999967e-03
-8.037290000000000753e-03
-1.012060000000000043e-02
-9.097799999999999637e-03
-3.540349999999999834e-03
1.089169999999999982e-03
4.132000000000000256e-03
4.455250000000000009e-03
2.715609999999999812e-03
1.254359999999999937e-03
-3.669929999999999742e-04
-2.989700000000000083e-03
-5.679720000000000081e-03
-5.417650000000000417e-03
-6.162049999999999646e-03
-4.043080000000000111e-03
-3.561780000000000068e-03
-3.688229999999999807e-03
-3.911549999999999749e-03
-2.044450000000000173e-03
2.989879999999999882e-03
6.594570000000000119e-03
8.446369999999999920e-03
5.645210000000000332e-03
8.076719999999999473e-04
-1.954739999999999950e-03
-2.023070000000000077e-03
-2.324909999999999911e-03
-1.958839999999999887e-03
1.641770000000000078e-03
2.611510000000000047e-03
2.586010000000000131e-03
2.183220000000000039e-03
5.465690000000000045e-04
-1.774310000000000080e-03
-1.831420000000000053e-03
5.455259999999999537e-04
3.243690000000000028e-03
5.681819999999999753e-03
6.202889999999999966e-03
4.886419999999999826e-03
-2.652349999999999933e-03
-1.123219999999999948e-02
-1.251610000000000049e-02
-4.459310000000000183e-03
1.015220000000000011e-02
2.272429999999999936e-02
2.573749999999999996e-02
1.995059999999999889e-02
7.342829999999999843e-03
-7.653120000000000235e-03
-2.092979999999999841e-02
-2.582140000000000130e-02
-2.123480000000000159e-02
-8.893140000000000767e-03
6.640179999999999867e-03
1.396780000000000070e-02
1.215680000000000059e-02
1.842380000000000016e-03
-1.099179999999999949e-02
-2.231779999999999875e-02
-2.421239999999999851e-02
-1.873150000000000162e-02
-8.027509999999999854e-03
7.440549999999999768e-03
1.716350000000000167e-02
1.784159999999999913e-02
1.478959999999999997e-02
9.699160000000000073e-03
2.628440000000000117e-03
-9.405820000000000283e-04
-1.562620000000000025e-03
2.560080000000000168e-03
6.931579999999999686e-03
8.668149999999999467e-03
7.553579999999999843e-03
1.598419999999999919e-03
-5.518190000000000074e-03
-1.230340000000000079e-02
-1.849920000000000037e-02
-2.185609999999999983e-02
-2.002469999999999944e-02
-1.247679999999999970e-02
3.073530000000000099e-04
1.273359999999999943e-02
2.208440000000000056e-02
2.434100000000000152e-02
2.101569999999999827e-02
1.412440000000000050e-02
4.669600000000000313e-03
-1.164209999999999941e-03
-4.616989999999999636e-03
-7.048010000000000386e-03
-8.077940000000000467e-03
-7.767959999999999969e-03
-5.913120000000000008e-03
-1.277509999999999930e-03
2.779929999999999901e-03
2.337350000000000191e-03
-3.345540000000000146e-03
-9.432249999999999662e-03
-1.088330000000000027e-02
-7.982249999999999762e-03
-1.523379999999999960e-03
5.868520000000000333e-03
1.030529999999999988e-02
7.087040000000000180e-03
4.394969999999999780e-03
3.142740000000000204e-03
1.199140000000000015e-03
1.593760000000000055e-03
1.699790000000000068e-03
3.164080000000000104e-03
5.378879999999999946e-03
6.214009999999999846e-03
3.413849999999999957e-03
-2.939000000000000206e-03
-6.488650000000000320e-03
-6.561069999999999576e-03
-5.924790000000000091e-03
-6.179740000000000406e-03
-4.860240000000000046e-03
-3.235860000000000125e-03
-3.534649999999999858e-03
-1.178110000000000008e-03
-1.560519999999999919e-03
-4.758369999999999614e-03
-6.454180000000000333e-03
-6.536799999999999729e-03
-2.911729999999999961e-03
3.080100000000000112e-03
9.148409999999999181e-03
1.122959999999999930e-02
1.127550000000000080e-02
8.248959999999999626e-03
4.337309999999999603e-03
1.546319999999999899e-03
-7.480600000000000444e-04
-3.133200000000000048e-03
-7.439480000000000051e-03
-7.922850000000000378e-03
-4.962629999999999993e-03
9.863709999999999926e-04
4.446249999999999682e-03
6.844600000000000163e-03
7.070950000000000325e-03
4.288130000000000240e-03
1.096390000000000038e-03
-8.981940000000000540e-04
-3.176260000000000194e-03
-3.256839999999999995e-03
-4.054280000000000383e-03
-2.903039999999999961e-03
-1.328619999999999975e-03
-3.338509999999999828e-03
-1.490800000000000024e-03
-1.436779999999999915e-03
-1.240000000000000000e-03
-1.090119999999999978e-03
4.720629999999999965e-04
2.223909999999999949e-03
2.610359999999999937e-03
1.288789999999999944e-03
1.739480000000000063e-03
1.214309999999999912e-03
-9.057069999999999531e-04
-3.830280000000000143e-03
-6.002290000000000403e-03
-2.407820000000000186e-03
-1.016949999999999972e-03
1.584329999999999896e-03
6.479959999999999887e-03
8.976210000000000092e-03
9.636959999999999971e-03
8.338840000000000141e-03
4.352749999999999848e-03
-1.525939999999999935e-03
-7.413799999999999904e-03
-8.753729999999999498e-03
-8.609979999999999717e-03
-5.027730000000000220e-03
-1.315989999999999955e-03
2.137759999999999834e-03
4.120069999999999982e-03
4.105769999999999906e-03
3.263460000000000145e-03
5.877060000000000140e-04
-1.327339999999999987e-03
-3.049669999999999985e-03
-1.487480000000000009e-03
-3.749949999999999833e-04
1.615469999999999927e-03
1.670510000000000050e-03
1.805090000000000080e-03
1.617439999999999937e-03
1.973299999999999881e-03
1.337079999999999877e-04
-8.901090000000000391e-04
-9.258219999999999731e-04
-6.199289999999999662e-04
-2.525799999999999920e-03
-3.306930000000000026e-03
-4.577509999999999912e-03
-6.012280000000000055e-03
-3.943300000000000277e-03
-2.207760000000000018e-03
-9.983999999999999819e-04
-2.326150000000000082e-04
1.816990000000000098e-03
1.334640000000000002e-03
1.870989999999999893e-03
4.668210000000000220e-04
-1.181060000000000052e-03
-1.092370000000000060e-03
-1.241270000000000047e-03
-1.273920000000000000e-03
2.250379999999999958e-04
1.739290000000000107e-03
3.242329999999999865e-03
5.498939999999999904e-03
8.232780000000000306e-03
9.369739999999999666e-03
8.809890000000000776e-03
6.265680000000000034e-03
3.857090000000000084e-03
1.997109999999999858e-03
8.274719999999999949e-04
-1.216059999999999927e-03
-3.141310000000000022e-03
-4.861589999999999835e-03
-6.202540000000000310e-03
-6.712420000000000192e-03
-6.376950000000000153e-03
-6.400430000000000355e-03
-5.109490000000000386e-03
-3.512630000000000093e-03
-3.057859999999999918e-03
-2.608010000000000124e-04
1.616480000000000000e-03
1.744939999999999946e-03
2.109980000000000015e-03
5.624659999999999778e-05
-5.892550000000000088e-04
-2.603209999999999899e-03
-2.885700000000000157e-03
-6.056329999999999526e-04
-6.199289999999999662e-04
1.453129999999999960e-03
2.194450000000000133e-03
4.127809999999999986e-03
4.956819999999999803e-03
4.307240000000000374e-03
2.313669999999999876e-03
2.215760000000000212e-03
2.083170000000000074e-03
2.263639999999999923e-03
6.494130000000000518e-04
-3.468699999999999908e-04
-1.978440000000000146e-03
-3.222510000000000045e-03
-3.128720000000000199e-03
-2.606639999999999912e-03
5.851980000000000339e-06
2.045260000000000133e-03
1.169310000000000011e-03
-8.273150000000000165e-04
-7.569739999999999932e-04
-3.307520000000000208e-04
2.563179999999999972e-03
3.737879999999999849e-03
5.744660000000000391e-03
4.607660000000000401e-03
4.128370000000000130e-03
2.985250000000000056e-03
-2.136799999999999897e-03
-6.586859999999999937e-03
-9.120879999999999613e-03
-1.095840000000000009e-02
-1.113379999999999925e-02
-8.727320000000000216e-03
-7.122309999999999752e-03
-3.280040000000000126e-03
-2.413009999999999992e-04
2.869829999999999864e-03
5.009180000000000230e-03
6.512219999999999988e-03
6.914990000000000199e-03
5.264050000000000153e-03
5.513869999999999709e-03
3.791549999999999868e-03
2.600499999999999947e-03
-4.851759999999999775e-04
-1.911780000000000077e-03
-2.327959999999999985e-05
2.462959999999999878e-05
4.194729999999999732e-05
2.387350000000000106e-04
-1.136880000000000052e-03
-2.853080000000000026e-03
-1.142009999999999944e-03
2.437650000000000081e-04
2.110850000000000053e-03
2.851150000000000212e-03
2.808300000000000119e-03
3.032620000000000194e-03
3.025470000000000156e-03
3.198799999999999907e-03
1.073699999999999915e-03
8.146730000000000247e-04
6.739359999999999795e-04
-1.396099999999999945e-03
-1.475659999999999949e-03
-1.566429999999999949e-03
-1.390029999999999998e-03
-1.389030000000000082e-03
-1.181020000000000073e-03
-1.308499999999999984e-03
-3.180720000000000162e-03
-5.227299999999999829e-03
-6.357159999999999721e-03
-4.743990000000000012e-03
-2.771870000000000063e-03
4.840660000000000102e-04
2.013630000000000194e-03
1.761739999999999921e-03
1.972810000000000188e-03
1.775990000000000077e-03
1.928929999999999924e-03
1.765759999999999899e-03
1.896270000000000030e-03
1.757569999999999966e-03
1.578090000000000092e-03
1.672909999999999892e-03
1.865619999999999909e-03
-3.522749999999999840e-04
-2.898519999999999916e-03
-5.225529999999999932e-03
-6.651100000000000068e-03
-4.143629999999999709e-03
-9.203250000000000493e-04
2.681300000000000176e-03
5.481419999999999869e-03
7.909360000000000696e-03
7.416820000000000183e-03
4.202660000000000423e-03
1.356620000000000005e-03
-1.179000000000000062e-04
-4.771899999999999926e-03
-6.645129999999999960e-03
-5.073760000000000076e-03
-3.662480000000000076e-03
-2.100289999999999883e-03
-1.891260000000000076e-03
-1.281850000000000068e-04
-3.056280000000000086e-04
2.970129999999999971e-04
3.877560000000000056e-04
6.406330000000000444e-04
3.186850000000000186e-03
1.801050000000000003e-03
4.550099999999999956e-04
3.336529999999999986e-04
8.893869999999999467e-04
3.018540000000000112e-03
2.999159999999999847e-03
3.166379999999999889e-03
3.093970000000000140e-03
3.216319999999999943e-03
3.136770000000000096e-03
1.351240000000000080e-03
-1.249040000000000089e-03
-1.843550000000000006e-03
-2.062800000000000050e-03
1.458959999999999869e-04
-8.932049999999999972e-04
-1.849710000000000069e-03
-6.352369999999999762e-04
-1.870120000000000072e-03
-1.881349999999999949e-03
-2.055729999999999971e-03
-1.920119999999999987e-03
-2.073080000000000148e-03
-1.927270000000000025e-03
-4.048290000000000395e-03
-4.709080000000000037e-03
-4.643829999999999833e-03
-4.851860000000000374e-03
-3.765870000000000155e-03
-7.730099999999999732e-04
2.419709999999999830e-03
3.008080000000000215e-03
2.765380000000000008e-03
3.124309999999999934e-03
2.109680000000000062e-03
1.803739999999999912e-04
2.113750000000000177e-03
4.161330000000000411e-03
5.691919999999999619e-03
4.377490000000000374e-03
2.344170000000000021e-03
5.076559999999999927e-04
-1.029060000000000044e-03
-3.688770000000000259e-05
1.425750000000000097e-04
2.245220000000000028e-03
2.813200000000000076e-03
2.813190000000000135e-03
2.707129999999999866e-03
8.604199999999999782e-04
-1.424769999999999899e-03
-2.659649999999999948e-03
-4.712349999999999699e-03
-4.191280000000000353e-03
-1.913240000000000079e-03
-5.233739999999999530e-04
3.658119999999999731e-04
1.261730000000000132e-04
2.230400000000000058e-04
-1.926530000000000083e-03
-2.274260000000000170e-03
-2.398669999999999882e-03
-1.410570000000000096e-03
7.617189999999999486e-05
2.090110000000000058e-03
5.064810000000000319e-04
2.260540000000000010e-04
-8.150810000000000520e-04
-2.661789999999999816e-03
-2.653640000000000079e-03
-2.275329999999999887e-03
-2.777109999999999843e-04
4.146709999999999741e-04
2.575440000000000021e-03
1.934039999999999935e-03
-1.254619999999999911e-03
-2.960609999999999804e-03
-2.964689999999999860e-03
-3.325670000000000189e-03
-1.809360000000000092e-03
7.297290000000000330e-04
3.163790000000000092e-03
4.494510000000000172e-03
4.597500000000000024e-03
4.861599999999999776e-03
2.729370000000000060e-03
2.112440000000000151e-03
2.009449999999999865e-03
-8.607369999999999550e-05
1.432279999999999968e-03
2.197059999999999812e-03
2.240910000000000037e-03
2.151169999999999992e-03
2.392839999999999811e-03
1.702490000000000080e-03
-2.115200000000000077e-04
-2.349770000000000103e-04
-7.896279999999999554e-05
-8.427330000000000237e-04
-2.613980000000000123e-03
-2.738389999999999835e-03
-2.607869999999999980e-03
-4.645260000000000014e-03
-5.398840000000000236e-03
-6.256420000000000384e-03
-7.150710000000000226e-03
-4.979739999999999861e-03
-3.561320000000000197e-03
-9.651209999999999910e-04
2.031820000000000154e-03
2.646710000000000035e-03
4.210949999999999763e-03
6.301369999999999715e-03
7.912519999999999276e-03
7.398580000000000087e-03
5.295919999999999968e-03
1.047790000000000049e-03
-2.723119999999999881e-03
-5.367249999999999625e-03
-5.809810000000000321e-03
-4.337340000000000292e-03
-2.185739999999999818e-03
-1.237400000000000045e-03
6.093010000000000266e-04
1.368990000000000051e-03
1.167080000000000027e-03
1.240500000000000066e-03
-6.979780000000000316e-04
-1.681999999999999901e-03
-9.131389999999999863e-04
5.980799999999999658e-04
-1.089549999999999894e-03
-1.682010000000000059e-03
-3.767700000000000129e-04
2.593659999999999802e-03
4.092649999999999760e-03
3.505289999999999882e-03
2.268370000000000022e-03
-5.454000000000000297e-05
-2.584829999999999984e-04
1.395500000000000039e-03
1.297600000000000099e-03
1.383260000000000088e-03
1.394480000000000025e-03
1.143630000000000081e-03
5.623899999999999602e-04
1.846210000000000039e-03
1.219089999999999931e-03
3.746960000000000134e-03
3.940710000000000046e-03
2.229629999999999806e-03
1.583130000000000084e-03
-1.559639999999999941e-03
-3.859089999999999916e-03
-5.478399999999999589e-03
-5.465140000000000275e-03
-5.386629999999999890e-03
-4.801309999999999606e-03
-4.707489999999999938e-03
-2.975000000000000214e-03
-1.115029999999999927e-03
-3.209279999999999875e-05
-4.942689999999999936e-05
2.152139999999999869e-03
2.540650000000000200e-03
5.399730000000000155e-04
-4.409929999999999840e-04
-3.675719999999999834e-04
-4.471090000000000047e-04
2.391609999999999960e-04
1.598440000000000017e-03
1.514680000000000074e-04
-1.759479999999999898e-03
-3.418549999999999801e-03
-3.508289999999999846e-03
-3.723450000000000110e-03
-1.289379999999999910e-03
2.316330000000000125e-03
5.007369999999999703e-03
6.650129999999999757e-03
5.756859999999999929e-03
3.981540000000000426e-03
5.981200000000000535e-04
-1.587129999999999964e-03
-1.836959999999999895e-03
-7.315839999999999670e-04
1.622940000000000016e-03
3.230020000000000113e-03
3.453340000000000055e-03
1.347619999999999894e-03
6.338239999999999543e-04
7.113240000000000491e-04
6.236300000000000177e-04
6.430070000000000187e-04
6.960329999999999816e-04
-5.510769999999999688e-04
-1.879770000000000009e-03
-1.720689999999999980e-03
-1.903219999999999955e-03
-1.609540000000000016e-03
-2.001100000000000014e-03
-1.713539999999999942e-03
-3.607149999999999940e-03
-2.529309999999999892e-03
-1.433119999999999967e-03
-1.727809999999999980e-03
-1.431069999999999998e-03
-1.597289999999999908e-03
-1.378040000000000081e-03
-1.539159999999999921e-03
4.299150000000000063e-04
1.413940000000000032e-03
1.024409999999999904e-03
2.429580000000000194e-03
4.024419999999999907e-03
3.733799999999999793e-03
4.098860000000000177e-03
3.396279999999999785e-03
1.625039999999999905e-03
7.710799999999999425e-05
-1.707390000000000036e-03
-3.544920000000000015e-03
-3.974219999999999663e-03
-3.687680000000000038e-03
-1.655379999999999916e-03
-1.327030000000000093e-03
-1.311740000000000041e-03
-1.504459999999999999e-03
-6.173059999999999745e-04
1.288539999999999911e-03
9.918080000000000559e-04
1.283449999999999999e-03
9.112529999999999979e-04
3.027170000000000034e-03
5.889509999999999711e-03
6.253550000000000081e-03
4.454770000000000257e-03
2.759999999999999867e-03
9.673439999999999730e-04
-1.034360000000000010e-03
-1.799140000000000071e-03
-3.632590000000000211e-03
-4.550339999999999940e-03
-4.124090000000000394e-03
-4.669640000000000075e-03
-3.002410000000000061e-03
-1.751210000000000006e-03
-1.905189999999999965e-03
-1.737959999999999982e-03
-2.601659999999999997e-03
-2.369159999999999929e-03
-9.252419999999999482e-04
7.654470000000000458e-04
4.738079999999999874e-04
2.705969999999999816e-03
3.277009999999999906e-03
3.290260000000000146e-03
3.072039999999999840e-03
8.011370000000000513e-04
7.175200000000000284e-04
6.216659999999999938e-04
6.288030000000000442e-04
-9.068890000000000241e-04
7.042609999999999712e-04
4.523910000000000127e-04
1.126419999999999939e-03
3.019009999999999923e-03
4.046890000000000036e-03
4.803520000000000359e-03
1.562859999999999900e-03
-1.382079999999999941e-03
-4.035389999999999810e-03
-5.001059999999999880e-03
-4.388210000000000027e-03
-2.034709999999999904e-03
-2.025530000000000212e-03
4.085280000000000161e-04
3.240279999999999896e-03
3.533950000000000112e-03
2.533609999999999942e-03
5.553589999999999525e-04
-1.168980000000000019e-03
-3.451109999999999855e-03
-4.534050000000000406e-03
-2.881090000000000213e-03
-1.732899999999999892e-03
-5.214770000000000082e-04
1.179410000000000094e-03
7.715169999999999927e-04
1.085589999999999992e-03
8.439110000000000318e-04
1.194689999999999988e-03
1.236490000000000028e-03
-3.807789999999999808e-04
-1.852230000000000066e-03
-2.882149999999999990e-03
-2.206080000000000020e-03
-1.432009999999999999e-04
1.173250000000000031e-03
3.475760000000000047e-03
3.002610000000000175e-03
1.892129999999999897e-03
7.826789999999999919e-04
-1.107880000000000106e-03
-1.483139999999999979e-03
-2.091920000000000151e-03
3.594950000000000199e-06
7.071939999999999650e-04
1.588219999999999996e-03
3.482850000000000008e-03
3.388009999999999893e-03
1.934909999999999972e-03
-1.050829999999999993e-03
-1.796250000000000104e-03
-1.648390000000000011e-03
-1.096729999999999971e-03
4.216169999999999987e-04
9.355459999999999905e-04
6.969259999999999474e-04
-1.494450000000000032e-03
-1.642320000000000065e-03
-1.857490000000000053e-03
-7.419240000000000340e-04
8.794160000000000518e-04
8.125619999999999631e-04
9.210120000000000242e-04
-8.111260000000000128e-04
-2.419559999999999853e-03
-4.161820000000000103e-03
-2.936090000000000141e-03
2.087710000000000108e-04
3.081280000000000043e-03
3.534970000000000126e-03
3.025599999999999817e-03
3.825849999999999997e-03
1.593929999999999913e-03
-1.199870000000000016e-03
-3.261599999999999916e-03
-3.600560000000000045e-03
-2.267079999999999877e-03
-4.613689999999999935e-04
7.310539999999999703e-04
1.054140000000000068e-03
2.370010000000000085e-03
1.018449999999999954e-03
3.705350000000000158e-04
-7.099619999999999629e-04
-9.647769999999999957e-04
-7.592169999999999648e-04
7.770750000000000096e-06
6.879219999999999910e-04
3.785789999999999815e-04
4.989010000000000536e-04
2.716859999999999870e-04
3.571229999999999891e-04
-2.981509999999999852e-05
-1.113220000000000024e-04
1.889629999999999999e-04
1.348180000000000092e-04
3.430749999999999772e-04
3.659779999999999847e-04
8.821309999999999742e-05
-2.360519999999999958e-04
-3.266799999999999825e-04
-2.800950000000000076e-04
-3.630540000000000243e-04
-3.081639999999999857e-04
-2.178779999999999899e-04
-1.235379999999999953e-04
-6.262810000000000436e-05
-1.426680000000000035e-05
3.672920000000000149e-06
-3.816010000000000247e-06
-9.070930000000000242e-06
