-6.481070000000000234e-03
-7.736429999999999869e-03
-1.086380000000000071e-03
1.099329999999999925e-02
6.454569999999999752e-03
-2.720479999999999947e-03
-1.046290000000000067e-03
8.773269999999999680e-03
1.029880000000000032e-02
5.218959999999999919e-03
-1.839700000000000103e-03
-3.255280000000000153e-03
1.504860000000000052e-02
1.984259999999999843e-02
-4.780509999999999968e-03
-1.384980000000000065e-02
2.951239999999999940e-03
1.488800000000000019e-02
6.917150000000000382e-03
-1.345859999999999938e-03
1.540680000000000001e-03
2.964029999999999877e-03
1.384660000000000014e-03
-5.514409999999999538e-04
1.024799999999999973e-03
5.779529999999999737e-03
7.762820000000000137e-03
5.123980000000000201e-03
-1.135909999999999958e-03
3.544049999999999978e-03
8.332269999999999260e-03
-4.962620000000000269e-04
-3.809729999999999887e-03
-6.445990000000000400e-04
6.449210000000000359e-03
1.754019999999999885e-02
1.660000000000000017e-02
-1.998839999999999992e-03
-1.034470000000000008e-02
6.276939999999999950e-03
1.781510000000000038e-02
1.115209999999999986e-02
-7.197730000000000274e-03
-1.569540000000000171e-02
5.885729999999999608e-03
2.377539999999999862e-02
1.347040000000000043e-02
-2.769259999999999951e-03
-9.641580000000000289e-03
-1.485520000000000070e-02
-1.463069999999999996e-02
-2.928539999999999876e-03
1.294200000000000038e-02
2.171630000000000088e-02
6.859139999999999682e-03
-1.535820000000000067e-02
-1.488540000000000002e-02
-1.458710000000000041e-02
-3.363510000000000111e-02
-4.124959999999999738e-02
-2.009889999999999941e-02
1.431209999999999948e-02
1.988629999999999912e-02
-1.855230000000000073e-02
-4.615240000000000314e-02
-2.617579999999999907e-02
6.256409999999999576e-03
1.123299999999999993e-02
4.705459999999999851e-03
1.552219999999999989e-02
4.476059999999999761e-02
4.849490000000000051e-02
1.598879999999999843e-05
-1.650240000000000040e-02
2.283429999999999835e-02
5.383389999999999703e-02
4.111589999999999689e-02
-1.066839999999999976e-02
-5.461490000000000095e-02
-4.729549999999999726e-02
4.033759999999999950e-03
1.558469999999999994e-02
-2.785119999999999957e-02
-4.136499999999999899e-02
1.290870000000000038e-02
6.457090000000000052e-02
3.356270000000000087e-02
-1.624810000000000143e-02
-2.215040000000000064e-02
-9.810660000000000561e-04
5.579640000000000294e-02
8.581300000000000039e-02
5.512659999999999783e-02
8.833850000000000730e-03
-2.330410000000000120e-02
-1.443990000000000030e-02
1.552620000000000042e-02
2.058429999999999982e-02
-1.356970000000000051e-02
-3.617170000000000107e-02
-1.995910000000000045e-02
4.160279999999999707e-03
2.492839999999999986e-02
2.509739999999999888e-02
-3.030379999999999879e-02
-6.890739999999999366e-02
-5.833960000000000014e-03
4.026659999999999962e-02
6.321219999999999790e-03
-2.241189999999999849e-02
-3.616729999999999945e-02
-3.539019999999999666e-02
6.898490000000000177e-03
4.576290000000000219e-02
1.000979999999999925e-02
-2.714750000000000149e-02
5.944060000000000142e-03
2.746950000000000086e-02
-5.577849999999999649e-03
-2.999129999999999852e-02
-1.877459999999999893e-02
-9.872209999999999319e-03
-1.544219999999999968e-02
-2.836100000000000079e-02
-2.416309999999999986e-02
-7.493660000000000078e-03
-2.217159999999999964e-02
-4.025059999999999749e-02
-4.878550000000000247e-02
-5.809879999999999906e-02
-1.911890000000000117e-02
2.453150000000000122e-02
1.000610000000000041e-02
-2.058810000000000154e-02
-3.809869999999999923e-02
-5.677129999999999677e-02
-7.172249999999999459e-02
-5.833549999999999847e-02
-1.797860000000000083e-02
1.025790000000000035e-02
8.127479999999999427e-03
3.387680000000000118e-03
8.922239999999999468e-04
-5.662000000000000366e-03
-1.808399999999999938e-02
-1.287869999999999987e-02
8.324069999999999386e-03
1.807960000000000123e-02
1.534970000000000084e-02
1.903240000000000140e-02
3.474119999999999986e-02
3.603769999999999890e-02
5.449099999999999777e-02
7.289199999999999846e-02
8.100509999999999655e-02
9.889149999999999330e-02
1.032450000000000034e-01
9.795130000000000503e-02
8.749060000000000170e-02
9.393869999999999998e-02
1.072940000000000005e-01
9.326600000000000168e-02
7.808270000000000488e-02
7.083770000000000344e-02
4.802769999999999956e-02
1.708909999999999943e-02
-2.456790000000000015e-02
-4.868279999999999830e-02
-4.773399999999999865e-02
-5.498009999999999703e-02
-7.274669999999999748e-02
-7.644230000000000469e-02
-7.958640000000000159e-02
-1.140029999999999932e-01
-1.305389999999999884e-01
-1.166429999999999967e-01
-7.120029999999999415e-02
7.865469999999999406e-03
3.396729999999999888e-02
-9.792350000000000013e-03
-2.818259999999999862e-02
-1.292950000000000002e-02
-2.927700000000000094e-02
-5.732090000000000102e-02
-6.398220000000000296e-02
-5.527359999999999912e-02
-4.826389999999999847e-02
-5.891559999999999853e-02
-7.937969999999999748e-02
-8.665589999999999404e-02
-6.166309999999999847e-02
-3.159880000000000327e-02
-3.140679999999999861e-02
-6.054029999999999828e-02
-6.856900000000000495e-02
-3.476669999999999761e-02
-8.031489999999999636e-04
2.355540000000000064e-02
5.116060000000000052e-02
7.017859999999999376e-02
7.680430000000000590e-02
5.475970000000000143e-02
1.081990000000000035e-02
-7.284610000000000390e-03
-1.837530000000000066e-02
-1.186859999999999998e-02
2.479599999999999860e-02
6.767850000000000255e-02
8.426640000000000519e-02
4.038420000000000204e-02
-3.327909999999999896e-02
-6.454920000000000102e-02
-4.726400000000000393e-03
9.181680000000000397e-02
9.896180000000000254e-02
2.431449999999999931e-02
-1.630119999999999833e-02
-2.014310000000000059e-02
8.187679999999999264e-03
5.492910000000000154e-02
5.357689999999999675e-02
-5.293530000000000284e-03
-9.646330000000000182e-02
-1.731860000000000066e-01
-1.972639999999999949e-01
-2.014690000000000092e-01
-1.892069999999999863e-01
-1.064240000000000047e-01
-1.041459999999999955e-02
2.708440000000000153e-02
7.106429999999999692e-02
1.215849999999999986e-01
1.673709999999999920e-01
2.351729999999999932e-01
2.410279999999999923e-01
1.775090000000000001e-01
1.239500000000000046e-01
8.142399999999999638e-02
2.209240000000000162e-02
1.100180000000000081e-03
1.215630000000000009e-02
4.356360000000000093e-02
4.335139999999999827e-02
-4.775309999999999971e-02
-7.957359999999999434e-02
-5.800779999999999825e-02
-7.270540000000000336e-02
-1.313410000000000133e-01
-1.765450000000000075e-01
-1.170810000000000045e-01
3.459759999999999919e-02
1.903029999999999999e-01
1.727170000000000094e-01
1.016899999999999922e-02
-3.887859999999999927e-02
4.289849999999999913e-02
9.764180000000000081e-02
1.353399999999999881e-01
1.281210000000000127e-01
4.513319999999999832e-02
-3.336429999999999951e-02
-1.263140000000000096e-01
-1.498230000000000117e-01
-6.932480000000000586e-02
-2.150380000000000000e-02
4.789329999999999976e-02
7.682350000000000290e-02
-5.229940000000000283e-02
-1.334889999999999965e-01
-8.784559999999999591e-02
-3.116569999999999931e-03
6.918739999999999613e-02
6.621280000000000221e-02
1.278059999999999960e-02
-2.669530000000000167e-02
-1.562159999999999938e-02
3.421119999999999717e-02
8.275480000000000336e-02
9.831090000000000662e-02
5.416239999999999943e-02
-1.986660000000000162e-02
-5.821409999999999779e-02
-6.336730000000000140e-02
-9.963890000000000247e-02
-9.811060000000000614e-02
-9.624879999999999504e-04
4.656670000000000254e-02
9.836900000000000852e-03
-3.003470000000000098e-02
-4.419560000000000155e-02
-5.830069999999999697e-02
-7.268439999999999623e-02
-4.320720000000000116e-02
-1.890669999999999851e-02
-1.087459999999999989e-02
3.172450000000000270e-02
1.112169999999999964e-01
1.872890000000000110e-01
1.634279999999999899e-01
3.724039999999999989e-02
-2.503450000000000120e-02
-4.259079999999999810e-02
-1.051839999999999997e-01
-6.964230000000000420e-02
-2.147809999999999997e-02
-2.273640000000000036e-02
3.156980000000000203e-02
2.471860000000000029e-02
-2.657249999999999890e-03
-1.251080000000000074e-02
-4.697409999999999780e-02
-7.648580000000000656e-02
-1.174520000000000008e-01
-9.353459999999999552e-02
-3.076960000000000112e-02
-5.854820000000000163e-03
2.704399999999999860e-02
5.686700000000000088e-02
1.404389999999999979e-02
-1.855619999999999839e-02
2.277140000000000067e-02
2.062380000000000116e-02
-5.050849999999999958e-03
-1.952809999999999963e-02
-4.857779999999999737e-02
-3.118780000000000163e-02
6.619619999999999671e-02
1.964660000000000017e-01
3.060510000000000175e-01
2.559529999999999861e-01
-5.315149999999999736e-02
-2.709759999999999946e-01
-2.986559999999999770e-01
-2.261289999999999967e-01
1.200890000000000013e-01
3.279270000000000240e-01
2.853600000000000025e-01
3.051039999999999863e-01
1.607590000000000130e-01
-9.283410000000000273e-02
-2.498350000000000015e-01
-2.471599999999999908e-01
-1.471310000000000118e-01
-1.598640000000000061e-01
-1.232609999999999956e-01
-6.699529999999999375e-02
-1.296579999999999955e-01
-1.171169999999999989e-01
-9.228060000000000429e-02
-1.327629999999999956e-02
1.051730000000000026e-01
1.835959999999999979e-03
-7.021059999999999801e-02
-7.020120000000000353e-03
1.504589999999999921e-02
1.403030000000000076e-02
4.209190000000000154e-02
1.150859999999999939e-01
4.992169999999999941e-02
-5.589340000000000280e-02
1.519490000000000077e-02
3.129359999999999781e-02
-5.175289999999999752e-02
-2.590630000000000016e-02
5.367190000000000155e-02
4.853459999999999719e-02
5.120610000000000266e-03
-2.881099999999999980e-02
-2.788979999999999931e-02
2.418330000000000132e-02
4.553530000000000078e-02
4.901590000000000114e-02
2.898770000000000166e-02
3.382330000000000059e-02
9.618709999999999760e-02
8.974709999999999632e-02
6.495889999999999997e-02
6.653870000000000617e-02
-3.692709999999999743e-02
-1.582540000000000058e-01
-1.703820000000000057e-01
-2.047609999999999986e-01
-2.322480000000000100e-01
-1.571400000000000019e-01
-1.036259999999999959e-01
-6.615909999999999846e-02
7.511070000000000246e-02
2.169959999999999944e-01
1.872169999999999945e-01
9.616819999999999535e-02
7.656759999999999955e-02
4.735550000000000176e-02
1.170389999999999972e-02
5.420200000000000018e-03
5.089869999999999811e-02
6.151510000000000311e-02
-1.548210000000000038e-02
-1.035499999999999962e-02
7.700719999999999787e-02
1.123159999999999992e-01
1.001950000000000063e-01
8.791350000000000553e-02
1.020339999999999997e-01
8.315839999999999343e-02
-3.846039999999999789e-03
-1.394600000000000006e-02
6.113759999999999551e-04
-1.834420000000000148e-02
-3.144750000000000323e-02
-1.207150000000000029e-01
-1.933259999999999978e-01
-1.564800000000000080e-01
-4.706760000000000110e-02
6.437600000000000267e-02
8.652559999999999418e-02
6.076499999999999957e-02
6.141760000000000275e-02
7.025270000000000126e-02
-1.909709999999999880e-02
-1.245720000000000022e-01
-7.256600000000000550e-02
4.141050000000000286e-02
8.693639999999999701e-02
9.049079999999999624e-02
1.152070000000000038e-01
1.009449999999999931e-01
8.767490000000000006e-02
6.962920000000000220e-02
-5.718809999999999866e-02
-1.336519999999999930e-01
-5.260999999999999704e-02
3.992450000000000165e-02
-3.630430000000000029e-03
-8.589679999999999538e-02
-7.125599999999999989e-02
-4.629609999999999975e-02
-8.192750000000000032e-02
-1.308890000000000053e-01
-1.924150000000000027e-01
-1.419310000000000016e-01
5.926490000000000230e-02
1.050490000000000035e-01
-3.920359999999999817e-02
-5.183589999999999726e-02
6.500590000000000535e-02
9.096369999999999456e-02
1.034339999999999982e-01
1.525060000000000027e-01
1.560749999999999915e-01
1.055439999999999989e-01
4.490569999999999978e-02
4.096589999999999954e-02
5.019269999999999982e-02
7.256150000000000100e-02
1.129659999999999970e-01
7.362509999999999888e-02
1.504310000000000022e-02
-1.078639999999999981e-02
-2.042089999999999878e-02
-3.034850000000000048e-02
-9.068759999999999322e-02
-1.219819999999999932e-01
-1.134330000000000060e-01
-1.226180000000000048e-01
-7.237970000000000514e-02
2.095129999999999909e-02
6.981170000000000431e-02
8.517169999999999255e-03
-6.749040000000000594e-02
-8.067790000000000031e-03
2.574740000000000015e-02
-4.804630000000000012e-02
-6.340869999999999840e-02
-5.921540000000000310e-03
7.366319999999999986e-03
-8.245970000000000036e-03
-3.979389999999999859e-04
7.415909999999999950e-04
-1.153129999999999954e-02
3.451339999999999963e-02
1.137060000000000015e-01
1.449650000000000105e-01
9.242630000000000290e-02
-3.050260000000000124e-02
-1.009909999999999974e-01
-1.018909999999999955e-01
-9.650440000000000407e-02
-9.314600000000000657e-02
-5.877750000000000336e-02
6.293319999999999470e-02
1.120609999999999939e-01
6.435420000000000029e-02
3.029959999999999945e-02
-4.446200000000000152e-02
-5.497269999999999934e-02
2.530599999999999863e-02
1.346440000000000137e-01
1.873759999999999870e-01
-1.812250000000000059e-03
-2.124419999999999920e-01
-1.549800000000000066e-01
-8.316240000000000784e-03
3.664030000000000065e-02
-1.127189999999999963e-02
-2.610459999999999864e-02
6.818019999999999636e-02
1.254379999999999939e-01
4.305169999999999830e-02
-8.049059999999999548e-02
-1.054790000000000033e-01
-8.414969999999999395e-02
-8.611660000000000148e-02
-4.153450000000000197e-02
2.686109999999999887e-02
8.170990000000000197e-02
2.025120000000000045e-02
-6.774399999999999866e-02
4.039049999999999759e-03
2.658709999999999893e-02
-3.784810000000000257e-02
-4.931150000000000116e-02
-6.042730000000000323e-02
-4.334360000000000296e-02
3.777740000000000264e-02
7.148459999999999537e-02
4.238120000000000082e-02
3.945980000000000321e-02
2.498059999999999864e-02
9.643240000000000188e-04
4.643429999999999780e-02
6.123209999999999764e-02
2.478980000000000072e-02
2.671230000000000132e-02
-2.359050000000000036e-02
-8.879120000000000068e-02
-8.441300000000000192e-02
-8.985360000000000569e-02
-8.150219999999999687e-02
-4.156939999999999941e-02
-3.208860000000000184e-02
-5.775709999999999872e-02
-5.071980000000000238e-02
2.693879999999999886e-02
8.389470000000000260e-02
8.517399999999999971e-02
7.104090000000000404e-02
7.179750000000000021e-02
6.887469999999999704e-02
-1.396829999999999947e-02
-6.810919999999999475e-02
-5.385319999999999864e-03
8.411059999999999370e-02
1.166739999999999999e-01
1.765419999999999837e-02
-7.685980000000000589e-02
-4.951030000000000014e-02
-1.088579999999999930e-02
-6.685380000000000315e-03
-5.994839999999999891e-02
-7.896670000000000078e-02
-4.173720000000000208e-02
-6.842120000000000146e-03
4.727239999999999914e-02
5.606989999999999891e-02
3.850490000000000163e-02
4.194500000000000312e-02
1.727849999999999872e-02
-3.422309999999999935e-02
-1.381510000000000030e-02
1.044729999999999964e-02
-2.584440000000000001e-02
-1.526360000000000043e-02
3.271349999999999952e-02
3.100460000000000022e-02
-7.976139999999999619e-03
-2.455239999999999853e-02
-2.153790000000000045e-03
2.045309999999999837e-02
2.622589999999999991e-02
5.170240000000000252e-02
4.288209999999999938e-02
2.402189999999999881e-02
4.311559999999999698e-02
5.637629999999999725e-02
1.065259999999999957e-01
1.629369999999999985e-01
1.480190000000000117e-01
1.055999999999999994e-01
8.820770000000000000e-02
4.303590000000000193e-02
-7.514899999999999358e-02
-7.419509999999999994e-02
3.918880000000000280e-02
3.520840000000000081e-02
2.689820000000000058e-02
3.998510000000000258e-02
1.131670000000000072e-02
-3.833539999999999864e-02
-1.219620000000000010e-01
-1.654809999999999892e-01
-9.063759999999999872e-02
2.476269999999999860e-02
4.748040000000000246e-03
-5.095439999999999692e-02
-7.193410000000000082e-02
-1.144759999999999944e-01
-5.180980000000000307e-02
7.948629999999999585e-02
4.136909999999999893e-02
-5.238620000000000082e-02
-3.220680000000000071e-02
1.930400000000000085e-03
2.734260000000000163e-02
3.366899999999999754e-02
4.464939999999999881e-02
8.770630000000000093e-02
1.471550000000000080e-01
1.288310000000000011e-01
-6.037689999999999724e-02
-1.281090000000000007e-01
3.191980000000000078e-03
8.554799999999999557e-03
-8.059429999999999372e-02
-1.490370000000000028e-01
-1.669829999999999925e-01
-2.926950000000000038e-02
1.023820000000000008e-01
1.191709999999999992e-01
4.853070000000000300e-02
-1.257230000000000014e-01
-1.123460000000000014e-01
1.052680000000000005e-01
1.476179999999999992e-01
-6.336160000000000403e-03
-1.208370000000000000e-01
-7.312380000000000269e-02
4.996420000000000028e-02
7.938040000000000374e-02
4.831590000000000190e-02
4.801989999999999731e-02
-1.130190000000000014e-02
-1.034899999999999987e-01
-1.169049999999999950e-01
-4.256599999999999967e-02
6.771860000000000379e-02
6.385319999999999885e-02
-4.105659999999999692e-03
4.179240000000000038e-02
1.323189999999999922e-01
1.175260000000000055e-01
-7.226820000000000119e-03
-1.337839999999999863e-01
-9.415940000000000420e-02
3.912800000000000306e-02
3.181149999999999950e-02
-2.708139999999999853e-02
-5.307440000000000074e-02
-6.812089999999999812e-02
-6.310390000000000443e-02
-7.254979999999999762e-02
-7.074959999999999583e-02
-6.722670000000000035e-02
-6.625659999999999883e-02
-3.275310000000000027e-02
-1.683379999999999946e-02
-3.241990000000000149e-02
-5.834109999999999990e-02
-8.067359999999999809e-02
-6.093799999999999911e-02
-7.782060000000000366e-03
1.472820000000000032e-02
-1.013969999999999975e-02
-3.964349999999999818e-02
-2.814300000000000135e-02
1.868380000000000041e-02
5.291660000000000114e-02
7.130899999999999739e-02
4.596250000000000335e-02
-3.161469999999999992e-03
-4.800950000000000009e-03
3.854529999999999762e-02
5.580750000000000294e-02
-5.267400000000000207e-03
-5.467280000000000056e-02
-1.580869999999999845e-02
7.564770000000000175e-03
-4.212559999999999916e-02
-5.278159999999999796e-02
2.001170000000000032e-03
3.056599999999999942e-02
-1.121800000000000054e-03
-2.561959999999999932e-02
7.262649999999999835e-03
5.047240000000000060e-02
5.067170000000000007e-02
-5.645329999999999619e-03
-5.650349999999999817e-02
-3.882759999999999684e-02
9.535520000000000454e-03
3.480199999999999960e-02
1.883829999999999880e-02
-2.723750000000000129e-02
-6.570940000000000114e-02
-6.837680000000000147e-02
-2.404929999999999915e-02
1.956149999999999903e-02
-2.053680000000000002e-03
-4.032009999999999761e-02
-2.321459999999999843e-02
3.071300000000000072e-02
3.244960000000000205e-02
3.066520000000000096e-03
9.510980000000000475e-03
-6.118420000000000282e-03
-3.424359999999999904e-02
-3.820429999999999660e-02
1.575160000000000102e-02
8.258300000000000363e-02
5.459060000000000301e-02
-3.375820000000000209e-02
-6.247719999999999663e-02
-3.300249999999999712e-02
-2.144010000000000013e-02
3.328720000000000290e-02
8.317900000000000293e-02
5.107260000000000272e-02
-1.055539999999999951e-02
-2.877630000000000118e-02
-9.017110000000000056e-03
5.342069999999999978e-03
3.232800000000000257e-02
3.857329999999999787e-02
2.657620000000000121e-02
1.231639999999999992e-02
2.908559999999999965e-02
6.130089999999999845e-02
3.888939999999999758e-02
-4.956860000000000432e-03
-2.944990000000000108e-02
-4.549580000000000291e-02
-4.511590000000000045e-02
-1.156429999999999958e-02
3.686310000000000281e-02
5.828200000000000047e-02
2.775359999999999980e-02
5.019560000000000168e-03
2.008559999999999859e-02
2.214160000000000086e-02
4.875120000000000148e-03
-1.695549999999999835e-02
-4.691739999999999799e-02
-5.678230000000000083e-02
-5.303050000000000125e-02
-2.096949999999999856e-02
8.752930000000000779e-03
-2.258999999999999897e-02
-4.549530000000000241e-02
-5.014500000000000207e-02
-4.959020000000000095e-02
-2.914160000000000014e-02
-1.692729999999999929e-02
-2.634239999999999932e-03
-5.769500000000000323e-03
-2.007449999999999860e-02
-5.039369999999999614e-03
3.197269999999999886e-03
3.887149999999999807e-03
-1.368819999999999933e-02
-1.953699999999999881e-02
2.956380000000000119e-02
5.166470000000000090e-02
2.231179999999999969e-02
-1.271300000000000034e-02
-2.766079999999999928e-02
1.595150000000000040e-03
5.003139999999999671e-02
4.414150000000000018e-02
6.923910000000000134e-03
-5.347410000000000357e-03
-9.074370000000000006e-03
1.588929999999999856e-02
4.953219999999999845e-02
3.024330000000000074e-02
-4.181429999999999869e-03
1.667690000000000144e-02
7.304850000000000232e-02
9.145540000000000613e-02
-6.365769999999999762e-03
-9.220349999999999380e-02
-8.651340000000000419e-03
3.084589999999999901e-02
-2.360340000000000008e-02
-3.267899999999999971e-02
-2.023940000000000114e-02
-5.579400000000000418e-04
7.066819999999999699e-03
-3.114009999999999955e-03
-2.160820000000000102e-02
-3.271249999999999852e-02
-2.981479999999999894e-02
-1.912969999999999948e-02
1.704040000000000069e-02
4.618830000000000158e-02
2.373350000000000112e-02
1.944889999999999900e-03
1.125130000000000054e-02
-2.300030000000000217e-03
-1.229829999999999986e-02
2.174289999999999903e-02
4.715860000000000191e-02
1.895700000000000163e-02
-1.328999999999999973e-02
-1.596380000000000021e-02
-1.129840000000000011e-02
-9.008069999999999966e-03
-1.561279999999999960e-02
-1.258759999999999914e-02
5.821660000000000203e-03
3.377719999999999854e-03
-4.992650000000000386e-03
1.256449999999999928e-02
1.349610000000000046e-02
1.516449999999999916e-02
4.964620000000000144e-02
6.443179999999999741e-02
2.460889999999999952e-02
-2.659869999999999943e-03
2.383820000000000036e-02
3.365069999999999867e-02
5.637320000000000352e-03
-1.059689999999999938e-02
5.981410000000000372e-03
2.427299999999999944e-02
1.860819999999999835e-02
1.712460000000000067e-03
-5.522939999999999620e-03
4.477830000000000352e-03
2.399909999999999891e-02
3.374739999999999684e-02
2.695240000000000136e-02
1.188439999999999983e-02
-4.568789999999999657e-03
-8.782160000000000660e-03
-1.041369999999999969e-02
-2.840919999999999904e-02
-4.044749999999999734e-02
-2.822739999999999971e-02
-1.917539999999999870e-02
-3.631129999999999775e-02
-2.974869999999999945e-02
-7.506159999999999569e-03
-2.504740000000000091e-02
-5.624699999999999839e-02
-5.007439999999999808e-02
-1.791059999999999918e-03
1.795309999999999961e-02
-9.612469999999999695e-03
-2.584979999999999917e-02
-1.276399999999999930e-02
8.440269999999999717e-03
2.086369999999999891e-02
1.990219999999999836e-02
1.785700000000000134e-02
1.920849999999999988e-02
2.125310000000000046e-02
1.388280000000000070e-02
1.064340000000000078e-02
3.388519999999999900e-03
-4.057550000000000046e-02
-5.643360000000000043e-02
-3.222479999999999789e-02
-9.356099999999999139e-03
1.954320000000000015e-02
5.199039999999999911e-02
6.218569999999999653e-02
5.087559999999999999e-02
4.575800000000000006e-02
4.256540000000000323e-02
6.386500000000000510e-02
7.695159999999999501e-02
4.175569999999999976e-02
-1.014770000000000082e-02
-1.365629999999999969e-02
4.569020000000000026e-02
5.308510000000000312e-02
2.133730000000000002e-02
3.919609999999999761e-02
6.583569999999999700e-02
4.538110000000000060e-02
1.405610000000000019e-02
1.714840000000000114e-02
1.994759999999999936e-02
-1.506390000000000029e-03
-3.912199999999999706e-02
-5.353610000000000313e-02
-2.547189999999999871e-02
-1.357470000000000031e-02
-3.783799999999999664e-02
-6.050269999999999954e-02
-3.433660000000000184e-02
5.018449999999999821e-03
-1.162140000000000048e-02
-3.326839999999999659e-02
-3.736540000000000000e-02
-4.114149999999999752e-02
-1.766229999999999883e-02
1.406370000000000016e-02
2.727310000000000151e-02
3.340669999999999751e-02
4.012620000000000076e-02
3.387769999999999671e-02
1.505519999999999949e-02
-2.567390000000000123e-03
-1.319279999999999932e-02
-1.150610000000000001e-02
-7.859379999999999145e-03
-3.945589999999999688e-03
1.762750000000000081e-02
3.887209999999999971e-02
2.413339999999999930e-02
-2.223079999999999848e-02
-4.829250000000000209e-02
-2.144070000000000004e-02
1.140440000000000030e-02
2.697470000000000076e-02
6.159360000000000009e-03
-3.755769999999999942e-02
-4.741759999999999725e-02
-4.157999999999999891e-02
-4.004250000000000170e-02
-3.598010000000000097e-02
-2.878239999999999965e-02
-1.740399999999999933e-02
1.252329999999999936e-02
4.812249999999999861e-02
4.800309999999999994e-02
-1.611009999999999873e-02
-5.598829999999999779e-02
-1.929159999999999903e-02
6.558780000000000165e-03
1.436379999999999948e-02
9.461320000000000494e-03
-5.814159999999999641e-03
-5.776279999999999522e-04
6.693890000000000083e-03
4.783139999999999744e-04
1.109689999999999982e-03
1.119500000000000009e-02
-1.003470000000000056e-02
-3.727629999999999832e-02
-2.354639999999999858e-02
8.527479999999999609e-04
2.688530000000000086e-02
5.152310000000000223e-02
3.830479999999999996e-02
-6.384800000000000371e-03
-1.797330000000000108e-02
2.261029999999999984e-02
2.561590000000000047e-02
-2.749909999999999854e-02
-3.936749999999999972e-02
-8.931639999999999371e-03
5.316790000000000058e-03
7.387740000000000279e-03
-3.323319999999999833e-03
-2.372809999999999850e-02
-2.210760000000000156e-02
-1.839750000000000066e-02
-1.977490000000000150e-02
-6.397199999999999588e-03
-9.744890000000000409e-04
1.417189999999999943e-02
3.393290000000000195e-02
1.898860000000000131e-02
-3.957590000000000413e-03
-2.418090000000000170e-02
-1.231140000000000012e-02
3.797840000000000243e-02
4.969780000000000031e-02
1.243930000000000036e-02
-4.671409999999999972e-03
8.096080000000000290e-03
1.002899999999999972e-02
8.893959999999999366e-03
1.383490000000000067e-02
1.569800000000000015e-02
3.609450000000000158e-03
5.865650000000000031e-03
2.756159999999999860e-02
1.790570000000000009e-02
-1.704690000000000025e-02
-4.437250000000000222e-02
-4.545520000000000116e-02
-3.035430000000000073e-02
-1.694599999999999926e-02
1.994140000000000149e-02
5.801970000000000044e-02
5.148149999999999948e-02
3.029559999999999892e-02
4.538669999999999857e-03
-1.844559999999999950e-02
-8.944330000000000336e-03
-1.797510000000000080e-02
-4.706989999999999785e-02
-3.204900000000000110e-02
-2.414229999999999848e-03
1.174940000000000012e-02
1.455039999999999979e-02
7.258389999999999981e-03
8.256879999999999428e-03
1.878640000000000171e-02
1.874589999999999937e-02
5.655209999999999924e-03
-8.765969999999999665e-03
-3.147520000000000179e-02
-2.652490000000000056e-02
2.634260000000000074e-02
4.870130000000000292e-02
2.694790000000000033e-02
2.192190000000000111e-02
2.685389999999999999e-02
2.976690000000000152e-03
-1.880189999999999986e-02
-1.033120000000000045e-02
-2.277290000000000011e-04
2.232039999999999805e-03
-1.805019999999999888e-02
-3.647290000000000254e-02
-1.427160000000000060e-02
1.526850000000000082e-02
2.510830000000000006e-02
1.734489999999999990e-02
1.394229999999999949e-02
1.270029999999999944e-02
-1.486080000000000083e-03
-2.081279999999999936e-02
-2.281369999999999926e-02
7.065340000000000188e-06
9.613679999999999448e-03
8.850580000000000253e-03
5.395020000000000371e-03
-4.851389999999999696e-03
3.189029999999999816e-03
5.219099999999999955e-04
-3.182159999999999850e-02
-4.095660000000000273e-02
-2.259299999999999850e-02
-7.317879999999999698e-03
5.459300000000000264e-04
3.723380000000000092e-03
1.651820000000000024e-03
-4.892739999999999589e-03
-5.853449999999999626e-03
-2.838349999999999901e-02
-5.281609999999999777e-02
-4.429099999999999704e-02
-2.771200000000000052e-02
-1.142130000000000055e-02
2.400880000000000201e-03
4.350970000000000011e-03
-1.526809999999999973e-02
-2.893789999999999904e-02
-7.702930000000000194e-03
2.545330000000000162e-02
2.757350000000000079e-02
4.802970000000000156e-03
-5.947550000000000232e-03
6.429279999999999891e-03
2.581169999999999992e-02
3.748409999999999936e-02
3.910489999999999799e-02
1.669800000000000104e-02
-2.368579999999999904e-03
7.682540000000000072e-04
1.226430000000000055e-02
1.170670000000000044e-02
7.062139999999999737e-03
7.905819999999999168e-03
-2.292290000000000037e-05
-1.227980000000000044e-02
-3.115980000000000139e-02
-4.484570000000000223e-02
-2.921699999999999992e-02
-1.964079999999999993e-02
-8.210330000000000059e-03
1.734999999999999997e-03
-1.948099999999999832e-02
-2.131030000000000077e-02
-5.321420000000000317e-03
-1.202010000000000058e-02
-2.260099999999999956e-02
-1.576429999999999845e-02
-1.061089999999999950e-02
-2.695080000000000045e-02
-3.805979999999999780e-02
-1.919399999999999926e-02
5.413129999999999721e-04
-6.613909999999999971e-04
-1.902579999999999896e-02
-3.120030000000000026e-02
-2.919499999999999873e-02
-1.798140000000000155e-02
3.405619999999999828e-03
5.774239999999999928e-03
-7.795629999999999574e-03
-1.232609999999999956e-02
-4.879340000000000239e-03
-1.964000000000000034e-03
-3.268650000000000114e-03
1.568210000000000090e-02
3.589200000000000029e-02
2.065789999999999987e-02
-1.164630000000000006e-02
-2.415170000000000164e-02
-2.328880000000000186e-03
2.331480000000000011e-02
2.158790000000000014e-02
1.141859999999999924e-02
-2.038470000000000126e-03
-1.621440000000000034e-02
-1.962399999999999908e-02
-1.925470000000000089e-03
2.485029999999999878e-02
2.036079999999999834e-02
-7.228639999999999718e-03
-1.751909999999999926e-02
-7.802120000000000062e-03
2.463789999999999990e-03
1.370090000000000023e-02
2.400489999999999916e-02
1.731009999999999840e-02
6.976180000000000228e-03
1.716449999999999920e-02
2.712349999999999831e-02
1.909469999999999917e-02
1.062860000000000020e-02
5.667919999999999903e-03
2.334629999999999865e-03
4.880080000000000073e-04
1.443220000000000050e-03
3.577959999999999821e-03
-4.697899999999999862e-04
-4.679420000000000107e-03
-2.820270000000000155e-03
1.552310000000000050e-04
4.141370000000000121e-03
9.675319999999999407e-03
8.764930000000000637e-03
5.476860000000000062e-03
4.027010000000000138e-03
1.637199999999999897e-03
1.349549999999999925e-03
2.505170000000000140e-03
3.042909999999999799e-03
4.280869999999999988e-03
6.102220000000000213e-03
5.837290000000000187e-03
2.071100000000000198e-03
4.878169999999999815e-04
3.177360000000000167e-03
5.343569999999999744e-03
5.109139999999999862e-03
3.830539999999999900e-03
3.856469999999999863e-03
3.983300000000000382e-03
4.410629999999999586e-03
5.919660000000000200e-03
5.406359999999999812e-03
3.325279999999999903e-03
3.231340000000000080e-03
3.704760000000000084e-03
2.052050000000000141e-03
5.949959999999999798e-04
5.022790000000000067e-04
1.081310000000000040e-03
1.566920000000000075e-03
1.538770000000000068e-03
1.629250000000000056e-03
1.496659999999999918e-03
8.713959999999999761e-04
2.228440000000000097e-04
-2.713570000000000110e-04
-8.167499999999999847e-04
-1.213979999999999920e-03
-1.277359999999999954e-03
-1.313029999999999970e-03
-1.530220000000000104e-03
-1.817400000000000048e-03
-2.065729999999999997e-03
-2.275070000000000130e-03
-2.458019999999999997e-03
-2.613990000000000063e-03
