1.020330000000000065e-03
1.202890000000000079e-03
1.373209999999999925e-03
2.042169999999999836e-03
1.111189999999999964e-03
5.595500000000000213e-04
-1.827780000000000041e-04
-1.040329999999999901e-03
7.431760000000000145e-04
-3.234220000000000215e-04
-7.873669999999999714e-04
-2.387339999999999948e-04
-1.229870000000000095e-03
-1.353229999999999971e-03
-7.607510000000000487e-04
1.229760000000000098e-03
3.548700000000000227e-04
-1.403100000000000007e-03
-1.070640000000000090e-03
1.887330000000000106e-04
-1.334709999999999965e-04
-9.634939999999999607e-04
2.459149999999999791e-04
4.264299999999999948e-04
5.182299999999999494e-04
-6.880680000000000129e-04
-7.686000000000000340e-04
-3.535500000000000014e-04
-9.145669999999999462e-05
7.324999999999999697e-04
9.089360000000000538e-04
5.999879999999999753e-04
-1.872069999999999984e-04
1.156750000000000063e-04
-8.846410000000000298e-04
1.595740000000000006e-04
1.174219999999999908e-03
-1.626049999999999924e-04
-6.907919999999999686e-04
-9.681289999999999731e-04
-2.196319999999999870e-04
6.471530000000000294e-04
4.442550000000000080e-04
-4.693850000000000062e-04
2.169100000000000086e-04
-1.338459999999999921e-04
-1.878659999999999933e-04
1.772189999999999985e-04
-8.506289999999999902e-04
1.003680000000000019e-05
-3.458180000000000151e-04
-1.399159999999999987e-03
2.925760000000000123e-04
4.053310000000000073e-03
2.497989999999999846e-04
-1.717210000000000047e-03
-3.680970000000000097e-04
-1.244010000000000038e-03
-6.315049999999999787e-05
-8.799170000000000255e-04
-5.811149999999999953e-04
6.211559999999999868e-04
6.135809999999999789e-05
-2.577639999999999966e-03
1.225929999999999967e-04
4.835980000000000140e-04
-2.061589999999999864e-03
-1.516339999999999919e-04
1.870490000000000043e-03
-1.186589999999999954e-03
-5.023379999999999599e-04
2.912720000000000153e-03
-4.072309999999999992e-03
-5.893500000000000301e-03
1.540259999999999893e-03
2.589569999999999806e-03
-1.068050000000000049e-05
-1.669729999999999912e-03
1.136550000000000060e-03
-1.672139999999999884e-05
-3.816159999999999865e-03
8.388719999999999467e-04
1.913680000000000068e-03
1.074480000000000053e-03
-2.778999999999999786e-03
1.470179999999999968e-03
4.130639999999999659e-03
-2.398330000000000058e-04
2.115740000000000069e-03
-6.770039999999999739e-03
-4.185040000000000114e-03
9.873810000000000225e-03
2.572669999999999992e-03
-4.170680000000000394e-03
-2.243390000000000054e-03
8.221980000000000260e-03
6.523160000000000069e-03
-1.011860000000000016e-02
-2.666470000000000212e-03
1.381830000000000037e-02
3.036849999999999793e-03
-5.958040000000000384e-03
-6.605530000000000082e-03
7.825510000000000799e-03
5.248720000000000122e-03
-9.150669999999999638e-03
-1.145209999999999978e-02
1.198480000000000031e-03
1.720910000000000148e-02
1.946999999999999946e-03
-7.140679999999999944e-03
2.591519999999999935e-03
7.461709999999999871e-03
-6.360519999999999716e-03
-5.749680000000000069e-03
6.630719999999999670e-03
2.402100000000000068e-02
5.397929999999999569e-03
-1.058199999999999939e-02
-7.266889999999999808e-03
-5.694460000000000147e-03
-1.194430000000000014e-03
-4.710390000000000063e-03
-1.136260000000000048e-03
1.470609999999999973e-02
8.819280000000000522e-03
2.862130000000000056e-03
-8.667779999999999929e-03
-9.844500000000000819e-03
1.449819999999999928e-02
1.654169999999999946e-02
4.209300000000000021e-03
-5.681920000000000026e-03
1.233820000000000056e-03
-4.644820000000000025e-03
-3.755599999999999997e-03
-8.667549999999999560e-03
-1.213760000000000012e-02
5.560599999999999744e-03
-2.463519999999999859e-03
-9.224210000000000048e-03
-1.112800000000000074e-02
1.069880000000000050e-03
2.712669999999999925e-03
-9.485149999999999484e-03
-9.602390000000000578e-03
1.452619999999999953e-02
1.486370000000000052e-02
-1.546870000000000016e-02
-2.111180000000000001e-02
1.145790000000000003e-02
2.292160000000000031e-02
-2.083029999999999951e-02
-1.089520000000000072e-02
9.320709999999999412e-03
1.692990000000000120e-02
-1.755079999999999835e-02
-1.502090000000000022e-02
2.576470000000000149e-02
2.685540000000000149e-03
-2.108399999999999858e-02
-8.182540000000000299e-03
3.056870000000000073e-02
2.070299999999999918e-02
-2.261650000000000119e-02
-2.277049999999999907e-02
1.757150000000000031e-02
1.708619999999999930e-02
-9.409080000000000221e-03
1.400060000000000020e-02
2.327289999999999914e-02
1.148290000000000075e-02
-1.879549999999999971e-02
-1.505609999999999934e-02
1.930019999999999999e-02
9.184599999999999362e-03
-1.027050000000000012e-02
-2.200229999999999894e-02
2.019860000000000058e-02
2.227989999999999832e-02
-1.650400000000000131e-02
-1.405149999999999975e-02
1.429659999999999959e-02
1.989080000000000015e-02
-1.674650000000000097e-02
-1.130229999999999950e-02
3.471409999999999860e-03
-8.299149999999999930e-03
-1.190380000000000084e-02
1.207890000000000005e-02
3.858029999999999793e-02
2.437670000000000115e-02
1.582029999999999895e-03
-3.925429999999999718e-03
-3.791150000000000075e-02
-3.891180000000000333e-02
-5.421469999999999761e-02
-7.126230000000000064e-02
-6.755250000000000143e-02
-5.279919999999999752e-02
2.695480000000000098e-02
1.085590000000000027e-01
7.815170000000000450e-02
-6.021720000000000371e-03
-3.781949999999999895e-02
-4.744349999999999956e-02
-5.889079999999999662e-03
-1.097410000000000052e-03
9.870689999999999673e-03
6.976760000000000253e-03
7.004309999999999703e-03
3.043840000000000087e-02
6.507209999999999384e-02
8.109760000000000579e-03
-6.766020000000000367e-02
-6.120640000000000108e-02
-4.063569999999999682e-02
5.330119999999999823e-03
-3.359140000000000043e-02
-1.303589999999999957e-02
2.142760000000000064e-04
-3.859100000000000030e-02
-6.980789999999999738e-03
5.304890000000000300e-02
5.768050000000000260e-02
1.795750000000000124e-02
1.139760000000000079e-02
2.198330000000000076e-02
-9.256649999999999948e-03
6.611370000000000094e-04
3.978770000000000223e-02
-2.881690000000000119e-04
-6.772200000000000442e-02
-3.794919999999999804e-03
6.509510000000000296e-02
3.421810000000000129e-02
-2.087840000000000095e-03
1.152850000000000055e-02
1.436330000000000072e-02
-1.247460000000000062e-02
-2.378219999999999987e-02
-6.927290000000000010e-03
1.118390000000000009e-02
3.863389999999999967e-03
4.173409999999999793e-03
2.574519999999999847e-03
-1.828589999999999946e-03
4.046170000000000192e-04
1.128599999999999916e-02
7.054239999999999816e-03
1.977929999999999966e-02
6.518930000000000037e-03
-2.171059999999999830e-03
1.907779999999999893e-02
-9.724049999999999708e-03
-7.967960000000000320e-02
-9.595420000000000338e-02
-2.797040000000000203e-03
1.228839999999999932e-01
1.114880000000000038e-01
5.526969999999999800e-02
3.862700000000000161e-02
2.217179999999999845e-02
6.225549999999999834e-03
-1.508970000000000103e-03
1.634829999999999964e-02
2.385450000000000070e-02
6.109660000000000091e-02
9.663679999999999493e-02
1.040419999999999956e-01
1.159260000000000013e-01
1.204940000000000039e-01
1.123220000000000052e-01
8.149309999999999887e-02
2.181929999999999981e-02
-2.763989999999999850e-02
-9.779329999999999967e-02
-1.691070000000000073e-01
-2.033419999999999950e-01
-2.119060000000000110e-01
-1.767459999999999865e-01
-8.718610000000000249e-02
2.407509999999999858e-02
2.050209999999999880e-02
-5.114010000000000083e-02
-7.913739999999999664e-02
-8.932429999999999537e-02
-1.077420000000000044e-01
-1.426709999999999923e-01
-1.612830000000000097e-01
-1.028840000000000032e-01
7.617060000000000497e-02
1.648110000000000130e-01
2.647109999999999741e-01
1.906140000000000057e-01
-3.365169999999999967e-02
-2.654019999999999990e-02
-3.230969999999999676e-02
9.064279999999999213e-03
8.065859999999999697e-02
1.533130000000000048e-01
1.794749999999999956e-01
1.512539999999999996e-01
9.391389999999999461e-02
5.311310000000000336e-02
1.727589999999999985e-03
-6.329049999999999954e-02
-8.960830000000000184e-02
-1.961940000000000073e-01
-3.000740000000000074e-01
-2.190169999999999895e-01
-1.587709999999999955e-01
-3.325870000000000215e-02
1.235170000000000018e-01
3.354290000000000049e-02
-7.486299999999999899e-02
-1.132920000000000038e-01
-1.135560000000000042e-01
-1.295719999999999927e-01
-1.560979999999999868e-01
-1.090290000000000009e-01
-1.541229999999999987e-03
3.394080000000000014e-02
6.854139999999999885e-03
5.097519999999999829e-02
1.362939999999999985e-01
1.248620000000000008e-01
5.379380000000000273e-02
4.695769999999999805e-02
5.464940000000000075e-02
7.895739999999999703e-02
7.905020000000000102e-02
8.544019999999999393e-03
2.443839999999999901e-02
5.219809999999999728e-02
3.820250000000000035e-02
3.793339999999999906e-02
1.088680000000000064e-01
1.405899999999999928e-01
1.360810000000000075e-01
3.270130000000000259e-02
-4.404659999999999825e-02
-3.423489999999999867e-02
1.209799999999999938e-02
5.852469999999999895e-02
1.039920000000000080e-02
-3.129900000000000043e-02
-5.458219999999999739e-02
-5.044719999999999760e-02
4.662369999999999882e-04
5.138369999999999743e-02
9.090900000000000369e-02
8.285220000000000085e-02
-1.621010000000000159e-02
-8.662350000000000605e-02
-5.508160000000000139e-02
-6.791939999999999783e-03
5.552900000000000197e-02
1.230880000000000030e-01
1.374879999999999991e-01
1.463540000000000119e-01
-1.220040000000000013e-02
-1.154830000000000023e-01
-7.107470000000000454e-02
-1.123159999999999957e-02
1.571540000000000090e-02
-2.922340000000000007e-02
-6.698350000000000137e-02
-9.973569999999999658e-02
-7.183319999999999983e-02
1.897050000000000125e-02
1.800480000000000136e-02
-2.683709999999999915e-02
-9.025429999999999564e-02
-1.109919999999999934e-01
-3.801720000000000099e-02
-1.045220000000000003e-02
-2.071970000000000062e-02
-1.330950000000000015e-02
1.232929999999999963e-02
7.138410000000000588e-02
1.051679999999999976e-01
1.402529999999999888e-01
5.520030000000000076e-02
-6.280020000000000047e-02
-5.971250000000000169e-02
-1.836499999999999938e-02
-2.213180000000000008e-02
-6.904180000000000039e-02
-2.661320000000000005e-03
1.350430000000000033e-02
-4.251479999999999843e-02
-6.563080000000000302e-02
-6.263280000000000236e-02
-3.856439999999999868e-02
-2.739130000000000037e-02
-3.924350000000000060e-02
-4.720440000000000053e-02
1.221960000000000060e-02
9.569969999999999866e-02
1.393389999999999906e-01
1.714650000000000063e-01
1.421439999999999926e-01
3.347060000000000313e-02
-8.532530000000000669e-02
-1.957760000000000056e-01
-2.366979999999999917e-01
-2.325889999999999902e-01
-1.712609999999999966e-01
-6.667960000000000553e-02
-5.383530000000000260e-02
-2.869820000000000010e-02
4.332330000000000209e-02
7.959360000000000046e-02
6.700109999999999399e-02
6.140090000000000131e-02
1.018079999999999957e-01
1.291450000000000098e-01
9.132450000000000290e-02
1.245560000000000070e-02
3.446520000000000139e-02
3.549920000000000159e-02
2.578139999999999946e-02
3.218420000000000308e-02
2.364909999999999961e-04
-3.627190000000000188e-03
1.145039999999999947e-02
2.743030000000000121e-02
4.244669999999999693e-02
6.690359999999999363e-02
8.985440000000000094e-02
3.560239999999999932e-02
-4.548230000000000328e-02
-6.381879999999999498e-02
-1.772150000000000114e-02
4.316369999999999929e-02
2.097979999999999984e-02
-2.729559999999999972e-02
-7.713820000000000399e-02
-9.856449999999999934e-02
-6.251650000000000262e-02
-3.623019999999999713e-02
-3.487109999999999863e-03
2.240450000000000080e-02
2.135930000000000120e-02
4.128190000000000331e-03
1.667639999999999964e-03
5.020410000000000150e-02
7.333539999999999504e-02
6.140879999999999950e-02
5.063140000000000002e-02
3.644519999999999704e-02
-1.292440000000000082e-02
-2.315410000000000038e-02
-2.259840000000000113e-02
-3.794100000000000250e-02
-3.593819999999999654e-02
-3.309419999999999723e-02
-1.604049999999999920e-02
-3.983340000000000145e-03
3.463229999999999781e-02
3.345349999999999713e-02
-1.067770000000000004e-02
-2.253900000000000001e-02
-4.194930000000000186e-02
-5.660769999999999691e-02
-5.429699999999999804e-02
-3.844140000000000057e-02
-4.007619999999999932e-03
2.070110000000000006e-02
3.683410000000000156e-02
4.914210000000000106e-02
5.094089999999999729e-02
3.923759999999999748e-02
2.701330000000000051e-02
8.138370000000000673e-03
-8.139330000000000176e-03
-3.694929999999999742e-02
-7.462989999999999902e-02
-6.067100000000000271e-02
-3.191390000000000199e-02
1.131290000000000073e-02
5.285000000000000114e-02
5.425079999999999660e-03
-5.895360000000000184e-02
-4.453479999999999939e-02
-2.373870000000000147e-02
1.125999999999999918e-02
7.691240000000000576e-02
1.038379999999999997e-01
4.828190000000000259e-02
8.196840000000000376e-03
1.083590000000000074e-02
1.268769999999999967e-02
1.266729999999999939e-02
7.061979999999999820e-03
-1.760799999999999865e-02
-3.575480000000000325e-02
-3.932080000000000297e-02
-2.973740000000000064e-02
1.713080000000000158e-02
4.221179999999999724e-03
-2.075060000000000099e-02
-2.150209999999999969e-02
-6.874289999999999914e-03
-2.083319999999999964e-02
-2.761929999999999941e-02
2.567310000000000078e-02
4.291849999999999832e-02
1.977200000000000138e-02
-3.608010000000000037e-03
6.147630000000000282e-03
1.127170000000000082e-02
8.795880000000000712e-03
-4.541990000000000090e-03
-1.067760000000000063e-02
-6.857720000000000309e-03
-5.665650000000000373e-03
-1.105989999999999925e-02
-3.327399999999999889e-03
3.807570000000000138e-03
-6.697520000000000209e-03
2.569679999999999968e-03
4.673369999999999608e-03
-2.057379999999999973e-02
-1.327049999999999931e-02
2.360960000000000142e-02
7.737700000000000133e-03
-4.334700000000000358e-03
-3.676959999999999951e-03
-1.403929999999999935e-02
-6.638169999999999661e-03
1.466059999999999933e-02
1.255799999999999972e-02
7.936689999999999717e-03
7.811280000000000306e-03
-7.546640000000000292e-03
-2.032569999999999863e-02
-3.152639999999999956e-03
2.767949999999999924e-02
7.893980000000000094e-03
-2.081300000000000164e-02
-1.597039999999999918e-02
-9.698099999999999429e-03
-1.058319999999999921e-02
1.839510000000000103e-02
3.252229999999999704e-02
3.838709999999999952e-03
-1.622929999999999859e-02
-1.637409999999999907e-02
1.397070000000000083e-02
2.812840000000000132e-02
1.785990000000000147e-02
1.318249999999999977e-02
-2.004119999999999860e-03
-2.097179999999999878e-02
-9.146170000000000341e-03
-6.017660000000000196e-03
-1.907100000000000115e-02
-2.162340000000000095e-02
-2.942310000000000064e-02
-2.179559999999999831e-02
-1.728439999999999838e-02
-1.033199999999999917e-02
-9.343840000000000826e-03
7.030780000000000363e-03
1.583609999999999879e-02
1.850370000000000140e-02
3.351690000000000225e-02
1.638169999999999904e-02
3.003000000000000027e-03
-6.689760000000000541e-04
3.985029999999999649e-03
6.805580000000000310e-03
-8.007810000000000622e-03
-1.447589999999999988e-02
-4.311299999999999681e-03
1.110170000000000080e-02
2.443249999999999936e-02
3.169079999999999814e-02
1.112929999999999996e-02
-8.476749999999999910e-03
-1.094849999999999990e-02
-1.263710000000000007e-02
1.965199999999999846e-03
1.582010000000000013e-02
6.657979999999999975e-03
-1.406669999999999969e-02
-4.144199999999999967e-02
-2.918400000000000161e-02
-6.991980000000000504e-04
5.867790000000000332e-03
2.402390000000000081e-02
1.127839999999999919e-02
-1.647459999999999897e-03
-2.236829999999999982e-03
1.187399999999999914e-02
1.943829999999999864e-02
1.190259999999999929e-02
1.725209999999999938e-02
6.114729999999999645e-03
-3.364530000000000125e-03
-5.638469999999999593e-03
-2.185809999999999836e-02
-2.559840000000000032e-02
-1.146569999999999968e-03
1.206589999999999920e-02
8.875239999999999518e-03
2.674370000000000133e-03
2.442909999999999960e-03
1.527219999999999923e-03
6.728809999999999999e-03
2.512549999999999853e-02
3.152220000000000022e-02
2.710380000000000081e-02
1.201510000000000078e-02
-7.486959999999999969e-03
-1.412219999999999968e-02
-8.075290000000000593e-03
-6.914840000000000222e-03
-1.100180000000000081e-02
-7.296180000000000200e-03
-3.553800000000000188e-03
-1.693040000000000170e-02
-2.429380000000000081e-02
1.560369999999999986e-02
3.131239999999999718e-02
7.259360000000000292e-03
3.191729999999999828e-03
3.886179999999999930e-03
-6.378270000000000120e-03
-1.138300000000000076e-02
-9.583200000000000052e-03
-3.568889999999999910e-03
1.579550000000000051e-02
1.483699999999999949e-02
-9.090600000000000763e-03
-1.758480000000000112e-02
-1.600220000000000115e-02
-1.228330000000000047e-02
-1.391889999999999968e-02
-1.321119999999999933e-02
-8.868759999999999838e-04
5.444560000000000198e-03
8.268170000000000033e-03
4.802169999999999703e-03
-1.198439999999999922e-02
-2.404759999999999884e-02
-2.783170000000000088e-02
-2.441060000000000105e-02
-2.031329999999999941e-02
-1.328340000000000076e-02
-7.559719999999999808e-03
-4.231350000000000042e-03
8.421309999999999560e-03
1.272760000000000037e-02
7.840099999999999153e-03
1.170790000000000025e-02
6.889759999999999981e-03
-1.688689999999999983e-02
-3.381830000000000253e-02
-3.184610000000000218e-02
-6.552060000000000176e-03
7.947299999999999157e-03
1.709820000000000090e-02
2.093949999999999978e-02
2.820399999999999990e-02
1.483250000000000020e-02
-1.591599999999999959e-02
-1.661249999999999880e-02
-8.690269999999999939e-03
-1.035239999999999945e-02
2.631679999999999957e-03
1.303179999999999963e-02
1.013780000000000063e-02
2.340640000000000082e-02
6.560709999999999979e-03
-4.637790000000000142e-03
1.038369999999999918e-02
1.904010000000000077e-02
1.727330000000000011e-03
-6.541530000000000261e-03
1.136880000000000009e-02
1.321239999999999915e-02
1.831819999999999976e-02
1.302990000000000051e-02
8.877680000000000640e-03
2.308850000000000138e-02
8.724749999999999867e-03
-3.412909999999999902e-03
-2.003640000000000108e-03
-1.317160000000000032e-02
-2.160660000000000011e-02
-2.085510000000000141e-02
-4.268369999999999630e-03
4.041320000000000155e-03
-4.685400000000000155e-03
-3.593260000000000030e-03
2.632119999999999946e-03
2.304810000000000018e-03
-1.868869999999999906e-03
-4.528279999999999979e-03
3.613149999999999869e-03
5.078499999999999681e-03
3.592719999999999985e-04
1.067989999999999998e-03
-2.306229999999999825e-03
-5.174680000000000078e-03
-1.026509999999999923e-02
6.673090000000000445e-04
1.736209999999999837e-02
1.645970000000000072e-02
1.571020000000000055e-02
-1.270620000000000083e-02
-3.228980000000000045e-02
-1.935680000000000039e-02
1.090640000000000012e-02
2.888910000000000089e-02
1.708180000000000115e-02
7.198750000000000288e-03
2.174629999999999879e-03
7.159020000000000314e-03
1.340479999999999970e-02
2.392560000000000010e-04
-1.103570000000000072e-02
7.056090000000000105e-03
6.339250000000000267e-03
-7.025140000000000030e-03
4.253159999999999780e-05
-1.539030000000000042e-03
-9.056359999999999411e-03
1.219330000000000023e-03
5.740770000000000074e-03
6.814549999999999948e-03
1.503250000000000072e-02
4.628310000000000063e-03
-4.559320000000000386e-03
3.111000000000000050e-03
3.388379999999999864e-03
5.179020000000000325e-03
5.475769999999999596e-03
-1.052759999999999981e-02
-1.150660000000000051e-02
-1.170329999999999981e-02
-1.787160000000000137e-02
-1.252110000000000029e-02
-1.089979999999999942e-02
-4.837529999999999608e-03
1.345410000000000009e-02
1.926450000000000037e-02
3.643500000000000037e-03
-5.026110000000000300e-03
-3.433299999999999807e-03
-1.122699999999999913e-02
-1.322360000000000028e-02
-4.793559999999999661e-03
1.003820000000000059e-02
1.270480000000000047e-02
7.182029999999999838e-03
7.558320000000000316e-03
1.391930000000000077e-02
2.867589999999999831e-04
-2.578019999999999964e-02
-2.576080000000000036e-02
-2.612890000000000004e-02
-9.503469999999999973e-03
2.899350000000000191e-03
6.893589999999999787e-03
2.186599999999999915e-03
-1.019270000000000072e-02
-1.428180000000000074e-02
-8.646819999999999506e-03
1.637090000000000073e-02
1.298140000000000058e-02
1.340320000000000096e-03
-1.701480000000000006e-03
-1.235449999999999916e-03
3.758109999999999836e-03
9.769349999999999562e-03
3.273780000000000006e-03
-1.241860000000000012e-02
-1.359840000000000007e-02
-3.360450000000000069e-03
2.387699999999999979e-03
3.683780000000000214e-03
4.945180000000000409e-03
4.525069999999999960e-03
1.182459999999999978e-03
-3.696870000000000104e-03
-2.263129999999999916e-03
-2.548640000000000020e-03
-4.602480000000000156e-04
1.291950000000000043e-02
3.859299999999999970e-03
-2.335179999999999895e-02
-3.292180000000000106e-02
-1.684400000000000133e-02
7.141820000000000113e-03
7.562980000000000397e-03
2.236000000000000140e-03
-5.333339999999999782e-03
-1.008520000000000076e-02
-8.871729999999999547e-03
7.161279999999999903e-03
2.321060000000000137e-02
3.386050000000000171e-02
3.932829999999999659e-02
3.487620000000000303e-02
2.594350000000000128e-02
1.415149999999999915e-02
3.552599999999999942e-03
-3.212179999999999810e-03
-8.733930000000000859e-03
-1.513059999999999926e-02
-1.193989999999999982e-02
-1.043580000000000028e-02
-2.932709999999999831e-03
4.954809999999999597e-03
-2.463610000000000192e-03
-1.198770000000000044e-02
-1.112609999999999988e-02
-5.094429999999999618e-03
-2.312639999999999921e-03
-5.430909999999999731e-03
-1.163280000000000043e-02
-8.462429999999999952e-04
6.811840000000000429e-03
-6.042689999999999867e-03
-4.239820000000000047e-03
8.463820000000000371e-03
2.008450000000000166e-02
1.609539999999999929e-02
-4.324399999999999945e-03
-9.855330000000000687e-03
-1.023360000000000068e-02
1.403869999999999944e-02
1.813690000000000094e-02
-3.574840000000000136e-03
-9.476939999999999670e-03
-1.177130000000000017e-02
-5.633609999999999833e-03
3.472470000000000070e-03
1.134770000000000049e-02
8.440549999999999789e-03
6.275000000000000196e-04
-1.027840000000000004e-02
-9.425849999999999507e-03
-5.653909999999999839e-03
-1.179870000000000051e-02
-1.936090000000000033e-02
-1.418580000000000015e-02
-6.810219999999999642e-03
1.118089999999999969e-03
1.827279999999999877e-02
2.178369999999999959e-02
2.006650000000000100e-02
1.343940000000000065e-02
4.954319999999999904e-03
-8.333580000000000154e-03
-3.793790000000000009e-03
8.557020000000000251e-03
-1.016500000000000042e-02
-2.065269999999999953e-02
-1.295589999999999936e-02
-1.052179999999999956e-02
-1.996980000000000196e-03
3.350419999999999787e-03
-6.066639999999999880e-03
-1.646059999999999884e-02
-1.658190000000000011e-02
1.423589999999999925e-02
2.046850000000000058e-02
1.296130000000000025e-02
1.379550000000000047e-02
-6.577430000000000429e-03
-1.275379999999999917e-02
4.368229999999999856e-03
1.579209999999999989e-02
2.378469999999999890e-02
9.027340000000000017e-03
-1.287310000000000017e-02
-1.025339999999999932e-02
8.512419999999999709e-03
6.917600000000000311e-03
-1.431389999999999919e-02
-8.315909999999999275e-03
-4.066740000000000112e-03
-3.725130000000000108e-03
1.931250000000000024e-03
5.324879999999999718e-03
-2.020130000000000189e-03
-1.121489999999999987e-02
-1.112110000000000008e-02
-1.066220000000000015e-02
1.025930000000000071e-02
2.082159999999999914e-02
1.858129999999999851e-02
1.577299999999999883e-02
1.253259999999999964e-03
-1.145039999999999947e-02
-2.552039999999999864e-02
-2.073790000000000008e-02
2.674789999999999807e-03
1.981420000000000056e-02
1.503479999999999921e-02
7.846819999999999143e-03
9.657900000000000078e-04
-1.883910000000000098e-02
-3.010490000000000041e-02
-1.248119999999999959e-02
-2.649059999999999956e-03
-9.217039999999999261e-03
1.429760000000000059e-02
3.664570000000000327e-02
3.724020000000000108e-02
2.659749999999999961e-02
7.305479999999999613e-03
-2.500099999999999892e-03
-4.623140000000000409e-03
-2.033389999999999850e-02
-2.523459999999999939e-02
-1.654359999999999858e-02
-3.499369999999999911e-03
-6.064199999999999842e-04
-1.132969999999999984e-02
-1.677500000000000172e-02
-2.060299999999999979e-02
-1.780999999999999944e-02
-5.237920000000000076e-03
4.332130000000000009e-03
7.372939999999999702e-03
1.658710000000000045e-02
8.199949999999999253e-03
-8.428850000000000318e-04
4.143540000000000244e-03
1.078089999999999951e-02
1.894269999999999982e-02
1.272749999999999923e-02
7.211910000000000195e-03
6.180979999999999981e-03
7.026339999999999843e-03
3.086170000000000059e-03
-9.710240000000000191e-03
-3.500159999999999990e-03
1.292749999999999976e-02
1.485069999999999966e-02
4.098799999999999666e-03
-1.538180000000000103e-03
-4.364820000000000158e-03
-1.563060000000000144e-02
-1.416120000000000052e-02
-4.924620000000000213e-03
-9.389939999999999398e-03
-4.596249999999999641e-03
9.405480000000000784e-03
7.966670000000000348e-03
5.000329999999999879e-03
3.349420000000000088e-03
-8.940190000000000636e-03
-2.006219999999999878e-02
-1.494119999999999997e-02
3.173050000000000176e-03
7.132620000000000106e-03
1.415079999999999984e-03
9.883829999999999699e-03
1.448480000000000080e-02
-7.619839999999999470e-04
-2.181709999999999899e-02
-2.706350000000000075e-02
-1.489930000000000074e-02
-8.239520000000000177e-03
-9.035909999999999428e-03
3.886960000000000068e-03
2.377249999999999849e-02
2.067659999999999984e-02
8.127989999999999868e-03
5.135129999999999903e-03
5.478789999999999875e-03
1.395880000000000037e-02
7.527419999999999944e-03
-7.596999999999999587e-03
-6.843389999999999543e-04
1.179700000000000019e-02
1.091190000000000042e-02
1.961849999999999792e-03
-2.320950000000000010e-03
-7.170710000000000278e-03
-1.444329999999999919e-02
-1.348680000000000018e-02
-1.134639999999999954e-02
-1.032259999999999948e-02
-3.654679999999999995e-03
4.201170000000000165e-04
4.848749999999999762e-03
7.007499999999999840e-03
7.182899999999999875e-03
3.834160000000000085e-03
3.372239999999999873e-03
3.763820000000000186e-03
-7.814029999999999587e-03
-7.408170000000000380e-03
1.160650000000000050e-02
2.679619999999999919e-02
2.249610000000000151e-02
5.750279999999999975e-03
-8.523690000000000433e-03
-2.117430000000000007e-02
-2.049720000000000014e-02
-1.703810000000000047e-03
5.090569999999999991e-03
6.874060000000000413e-03
6.704800000000000343e-03
-4.892419999999999755e-03
-8.177939999999999862e-03
-3.124220000000000035e-03
-4.950519999999999921e-03
-1.741349999999999842e-02
-1.865139999999999854e-02
-2.415479999999999797e-03
1.742720000000000033e-02
2.356689999999999827e-02
1.278549999999999999e-02
8.047860000000000430e-03
-6.207759999999999667e-03
-2.731280000000000166e-02
-2.094060000000000019e-02
1.984660000000000070e-03
1.755570000000000047e-02
1.628819999999999921e-02
-2.207359999999999791e-03
-1.704119999999999940e-02
-4.873910000000000395e-03
8.048960000000000836e-03
1.609469999999999998e-03
5.758700000000000277e-03
-5.521390000000000152e-03
-7.502690000000000227e-03
8.403870000000000784e-03
-3.056709999999999809e-03
5.149970000000000242e-03
1.297940000000000031e-02
-1.528140000000000097e-03
-4.728000000000000431e-03
-1.672920000000000049e-03
-2.589639999999999824e-03
2.641510000000000125e-03
6.798910000000000023e-03
-3.011779999999999926e-03
-1.710609999999999995e-03
-3.594019999999999854e-03
-2.049170000000000158e-02
-1.444679999999999923e-02
-6.710250000000000069e-03
-6.678629999999999636e-03
3.410450000000000200e-03
8.906729999999999856e-03
1.383599999999999934e-02
1.480479999999999990e-02
9.573649999999999521e-03
2.171230000000000035e-02
2.592169999999999891e-02
7.392499999999999766e-03
7.448589999999999725e-03
-5.333550000000000270e-03
-2.151849999999999943e-02
-1.618740000000000109e-02
-1.825699999999999979e-03
2.230740000000000153e-03
-6.239019999999999636e-03
-6.568380000000000399e-03
-1.502490000000000075e-02
-2.099530000000000146e-02
-7.908260000000000289e-03
8.164350000000000123e-04
1.808630000000000090e-03
5.359280000000000120e-03
2.914009999999999864e-03
5.462289999999999854e-03
5.750879999999999881e-03
-1.115880000000000084e-03
-9.561170000000000779e-03
-1.889870000000000091e-02
-2.384740000000000124e-02
-1.048299999999999926e-02
2.366940000000000016e-02
4.725950000000000290e-02
4.277380000000000071e-02
3.274050000000000137e-03
-1.471680000000000037e-02
-1.532559999999999999e-02
-2.440200000000000008e-02
-1.429360000000000006e-02
-1.582809999999999979e-04
9.752349999999999908e-03
2.030440000000000023e-02
1.471019999999999966e-02
-1.639899999999999908e-03
-4.908090000000000369e-03
-8.885989999999999861e-03
-1.056950000000000077e-02
3.583110000000000028e-03
2.028049999999999992e-03
-7.617439999999999628e-03
-5.563720000000000297e-03
9.197689999999999685e-03
1.068649999999999982e-02
-5.110110000000000173e-04
4.411159999999999907e-03
6.911519999999999990e-03
2.372770000000000174e-03
-4.681579999999999856e-04
3.817710000000000201e-03
1.372830000000000057e-02
8.153560000000000668e-03
-5.017090000000000091e-03
-1.308199999999999988e-02
-1.228360000000000042e-02
1.485659999999999975e-03
8.542100000000000387e-03
4.281740000000000025e-03
-1.587910000000000016e-02
-1.826519999999999880e-02
-2.387189999999999972e-03
6.707659999999999838e-03
7.769189999999999603e-03
5.991840000000000013e-03
4.684569999999999880e-03
-1.486750000000000007e-03
1.710060000000000009e-03
5.962290000000000298e-03
8.779880000000000106e-04
-2.155660000000000215e-03
-7.875240000000000365e-03
-1.512849999999999959e-02
-1.113319999999999935e-02
-3.999289999999999963e-03
-4.792199999999999824e-04
-4.351080000000000225e-03
-9.474120000000000805e-03
-1.274330000000000081e-02
-9.228359999999999688e-03
1.791719999999999901e-03
5.720689999999999630e-03
1.317280000000000013e-02
2.025980000000000142e-02
2.663300000000000042e-02
1.076829999999999975e-02
-1.060089999999999991e-02
-1.244959999999999990e-02
-7.413219999999999879e-03
7.617399999999999866e-03
1.429350000000000065e-02
2.422979999999999925e-03
-8.249360000000000720e-03
-5.019919999999999764e-03
-6.661659999999999804e-03
-7.671169999999999725e-03
2.137480000000000196e-03
6.413160000000000215e-03
-2.438989999999999821e-03
9.077220000000000210e-04
1.144850000000000034e-02
1.649310000000000012e-02
1.264470000000000004e-02
9.679060000000000398e-04
-3.456639999999999973e-03
-4.764929999999999687e-03
-3.928759999999999891e-03
-2.861110000000000042e-03
2.547470000000000030e-03
-3.536170000000000264e-04
-7.115350000000000320e-03
3.298000000000000150e-03
1.476270000000000013e-02
-5.275769999999999939e-03
-1.365479999999999992e-02
-1.941290000000000029e-03
2.351719999999999852e-03
2.856490000000000157e-03
-6.344409999999999980e-03
-1.464790000000000016e-02
-1.586960000000000107e-02
-6.874650000000000379e-03
-9.245979999999999997e-04
1.703669999999999837e-02
1.029330000000000002e-02
-9.591149999999999676e-03
-9.862390000000000392e-03
-1.922130000000000019e-02
-2.633790000000000089e-02
-8.016689999999999927e-03
2.004389999999999991e-02
3.034709999999999838e-02
2.096769999999999884e-02
-5.074860000000000265e-04
-6.331080000000000214e-03
1.631889999999999990e-03
5.570030000000000120e-03
1.970439999999999952e-03
-6.642079999999999859e-03
-1.611829999999999860e-02
-4.455800000000000212e-03
1.252860000000000085e-02
1.184130000000000078e-02
1.533379999999999986e-02
3.371560000000000008e-03
-1.149389999999999960e-02
-7.492490000000000087e-03
5.271299999999999597e-03
1.204219999999999943e-02
4.780829999999999802e-03
-1.029060000000000044e-02
-2.246089999999999892e-02
-3.763729999999999853e-02
-2.793270000000000128e-02
1.906909999999999855e-02
3.056029999999999858e-02
2.287780000000000022e-02
1.469349999999999996e-02
9.176860000000000225e-03
1.330669999999999943e-02
3.986510000000000400e-03
-1.889390000000000167e-02
-1.492719999999999984e-02
-1.042620000000000005e-02
-9.934639999999999790e-03
3.519500000000000059e-03
5.416169999999999665e-03
-1.976770000000000090e-03
-2.668129999999999894e-03
3.522570000000000041e-03
2.653770000000000174e-03
1.064040000000000038e-03
1.695249999999999925e-03
-1.096729999999999971e-03
2.765960000000000033e-03
5.598729999999999679e-03
3.717359999999999848e-03
8.250000000000000389e-03
3.543400000000000260e-04
-4.959400000000000093e-03
1.373040000000000068e-03
5.017510000000000199e-03
-5.385629999999999758e-03
-6.502209999999999587e-03
-5.194940000000000321e-03
-1.385639999999999962e-02
-9.290110000000000728e-03
-3.676570000000000098e-03
-3.074930000000000024e-03
-1.152770000000000010e-03
1.071239999999999996e-03
-8.525309999999999486e-03
-1.667889999999999998e-02
1.419990000000000098e-03
1.624050000000000146e-02
1.729189999999999894e-02
1.726329999999999879e-02
1.821170000000000080e-02
9.969300000000000384e-03
-1.116030000000000060e-03
1.155900000000000070e-03
6.273860000000000027e-03
-8.423309999999999825e-03
-1.722850000000000076e-02
-3.926350000000000326e-03
-3.127909999999999805e-03
-4.501469999999999604e-03
-5.676180000000000288e-03
5.010449999999999626e-03
1.841049999999999978e-02
1.605089999999999989e-02
2.361449999999999964e-04
-1.265819999999999966e-02
-7.784939999999999742e-03
-2.309059999999999932e-03
-5.534419999999999965e-03
4.077429999999999943e-03
1.011920000000000007e-02
-7.893049999999999925e-05
2.537660000000000176e-03
1.287959999999999973e-02
9.691999999999999227e-03
-5.467099999999999911e-03
-1.535019999999999961e-02
-2.761020000000000141e-02
-2.223119999999999957e-02
-3.690750000000000020e-03
1.359750000000000021e-02
2.620429999999999982e-02
1.633439999999999892e-02
-9.579000000000000275e-04
5.451629999999999844e-04
-2.598619999999999836e-03
-1.115400000000000072e-02
4.427229999999999881e-03
1.791500000000000037e-02
1.700439999999999938e-02
9.197469999999999257e-03
-6.587739999999999915e-03
-1.764040000000000052e-02
-1.884879999999999889e-02
-1.219620000000000079e-02
4.966670000000000286e-03
7.690340000000000370e-03
2.536689999999999865e-03
2.429619999999999957e-03
1.202909999999999960e-03
-9.850809999999999775e-03
-1.185560000000000086e-02
-9.578660000000000342e-04
-2.022449999999999855e-03
-6.071739999999999950e-03
-1.423759999999999956e-02
-1.272949999999999950e-02
1.910599999999999929e-03
1.456529999999999977e-02
1.241779999999999967e-02
3.178109999999999833e-04
-4.410609999999999704e-03
-1.210439999999999953e-02
-1.700820000000000110e-02
-2.656700000000000120e-03
7.532310000000000394e-03
1.376280000000000038e-02
6.236249999999999606e-03
-3.546899999999999966e-03
-7.589059999999999903e-03
-4.260700000000000078e-03
1.850339999999999971e-02
2.857820000000000152e-02
2.284129999999999841e-02
-3.225679999999999867e-03
-1.597929999999999837e-02
-1.690519999999999870e-02
-1.645339999999999997e-02
-1.725490000000000010e-02
-1.098060000000000008e-02
2.210430000000000207e-03
-2.207999999999999893e-03
1.966719999999999927e-03
1.448879999999999960e-02
1.323150000000000021e-02
8.285900000000000556e-03
1.177639999999999937e-02
1.721450000000000063e-02
2.788609999999999960e-03
-6.962929999999999987e-03
-6.677409999999999943e-03
-3.526490000000000180e-03
-1.513559999999999949e-03
-1.148839999999999931e-02
-9.627439999999999262e-03
5.949740000000000237e-03
1.928969999999999990e-02
1.322949999999999994e-02
3.662519999999999838e-03
-7.287189999999999813e-03
-1.402549999999999977e-02
-1.414679999999999931e-02
-1.291909999999999933e-02
-8.293280000000000530e-04
2.128530000000000005e-02
2.009019999999999903e-02
-1.563520000000000101e-03
-1.197789999999999966e-02
-1.615159999999999860e-02
-7.270869999999999590e-03
5.454170000000000372e-03
9.031330000000000607e-03
-1.168889999999999903e-03
-1.499319999999999993e-02
-1.341670000000000015e-02
-6.707989999999999613e-03
-6.692280000000000104e-04
8.241049999999999764e-03
8.400130000000000444e-03
6.032349999999999692e-03
1.137769999999999927e-02
8.853899999999999618e-03
5.450090000000000316e-03
1.034269999999999981e-02
1.226080000000000052e-02
1.973879999999999905e-03
-9.557070000000000842e-03
-1.711009999999999961e-02
-7.075080000000000084e-03
1.350580000000000010e-02
9.888910000000000755e-03
2.522490000000000062e-03
5.541860000000000015e-03
4.828060000000000337e-03
5.758039999999999860e-03
7.300870000000000103e-03
-6.079840000000000418e-03
-2.197620000000000129e-02
-2.205680000000000140e-02
-1.295780000000000022e-02
8.766619999999999491e-04
1.542289999999999980e-02
1.189980000000000031e-02
-1.504380000000000040e-03
-3.086970000000000078e-03
2.404200000000000000e-03
2.187000000000000142e-03
2.603040000000000041e-03
3.319900000000000195e-03
-6.955779999999999949e-03
-2.066279999999999853e-02
-1.790550000000000128e-02
-8.374200000000000046e-03
-3.345990000000000075e-03
8.508210000000000425e-03
1.070879999999999922e-02
3.123089999999999807e-03
6.258060000000000185e-04
1.175430000000000095e-03
2.254289999999999940e-03
7.321259999999999574e-03
1.235589999999999952e-03
-8.233489999999999559e-03
-8.323910000000000337e-04
6.440219999999999972e-03
8.575509999999999730e-03
8.056469999999999604e-03
-3.586649999999999821e-03
-1.431200000000000007e-02
-1.117439999999999926e-02
3.861359999999999879e-03
1.841370000000000159e-02
2.101810000000000136e-02
1.036199999999999968e-02
-6.044169999999999751e-03
-8.915690000000000420e-03
3.543199999999999822e-03
5.605070000000000191e-03
2.858970000000000174e-03
-5.682970000000000512e-04
-6.792649999999999903e-03
-2.386450000000000030e-03
-1.648179999999999958e-03
-8.106040000000000120e-03
-1.070729999999999946e-02
-1.516039999999999922e-02
-1.823790000000000133e-02
-1.324640000000000019e-02
-8.098910000000000831e-03
-4.273960000000000259e-03
4.195800000000000397e-03
9.180179999999999590e-03
1.105030000000000075e-02
1.404219999999999947e-02
1.853099999999999886e-02
1.934059999999999946e-02
9.903149999999999453e-03
7.573100000000000144e-03
1.127469999999999991e-03
-1.293650000000000008e-02
-1.524410000000000001e-02
-1.750780000000000045e-02
-1.815539999999999862e-02
-9.401100000000000775e-03
2.275660000000000096e-03
7.890219999999999873e-03
6.894970000000000265e-03
8.742700000000000818e-03
8.202249999999999472e-03
2.610120000000000062e-03
-2.557799999999999831e-03
-6.668280000000000388e-03
-9.533119999999999962e-06
5.606039999999999635e-03
3.609439999999999784e-03
3.167899999999999969e-03
-1.934759999999999995e-03
-8.630219999999999211e-03
3.253550000000000018e-03
2.228650000000000075e-02
1.519440000000000027e-02
-3.579569999999999801e-03
-8.247839999999999339e-03
-6.648920000000000004e-03
-8.822959999999999484e-03
-8.671019999999999769e-03
-2.048990000000000099e-03
-3.138049999999999867e-03
-6.222690000000000339e-03
-5.988160000000000184e-03
-6.714200000000000029e-03
2.128779999999999822e-03
3.616540000000000119e-03
3.882689999999999839e-03
1.045169999999999953e-02
5.328639999999999939e-03
-3.572459999999999958e-03
-8.198910000000000226e-03
-8.462000000000000771e-03
3.781720000000000134e-03
7.493490000000000220e-03
6.134210000000000183e-03
9.731760000000000757e-03
7.831009999999999360e-03
1.654590000000000054e-03
-7.316880000000000432e-03
-1.036379999999999940e-02
-4.569769999999999908e-03
2.191970000000000116e-03
3.491090000000000079e-03
1.804470000000000076e-03
2.733429999999999801e-03
7.461849999999999906e-03
5.671230000000000195e-03
1.165100000000000077e-03
3.406440000000000162e-03
-1.876709999999999967e-03
-1.675950000000000009e-02
-1.250109999999999937e-02
1.363939999999999901e-03
4.401669999999999888e-03
2.688540000000000114e-03
4.827900000000000420e-03
4.023349999999999756e-04
-5.813859999999999688e-03
-6.375719999999999651e-03
-2.849550000000000173e-03
2.515180000000000107e-03
2.080779999999999956e-03
2.943449999999999799e-03
2.305109999999999972e-03
1.066150000000000084e-03
1.663699999999999945e-03
5.043040000000000370e-03
7.610679999999999876e-03
5.057309999999999757e-03
2.207939999999999870e-04
-2.484520000000000044e-03
-3.756100000000000064e-03
-8.122529999999999334e-03
-1.162020000000000067e-02
-1.188020000000000048e-02
-4.649389999999999773e-03
7.896179999999999172e-03
1.501689999999999969e-02
7.704469999999999721e-03
-3.827500000000000173e-03
-7.751369999999999615e-03
-7.511740000000000257e-03
-2.557339999999999896e-06
-1.555170000000000087e-04
-4.152809999999999835e-03
4.695629999999999899e-04
-1.341120000000000062e-04
-6.925419999999999840e-03
-3.010599999999999941e-05
9.288060000000000760e-03
8.717010000000000730e-03
8.636450000000000377e-03
2.203060000000000174e-03
-8.948390000000000294e-04
6.335959999999999856e-03
2.034799999999999803e-03
-9.204510000000000816e-03
-6.070930000000000423e-03
-4.024360000000000263e-03
-1.115419999999999953e-02
-6.230010000000000235e-03
4.724790000000000413e-03
4.470879999999999993e-03
6.679580000000000066e-03
8.207110000000000100e-03
3.884540000000000128e-03
-1.021320000000000040e-03
-2.552940000000000070e-03
-4.009099999999999817e-03
-6.869400000000000332e-03
-6.428889999999999605e-03
-6.571650000000000061e-03
-3.778990000000000083e-04
1.230529999999999992e-02
1.341069999999999936e-02
1.355609999999999931e-03
-6.725639999999999744e-03
-6.909680000000000292e-04
7.232220000000000142e-03
1.037910000000000048e-02
9.342009999999999550e-03
3.524530000000000111e-03
2.259049999999999860e-03
-4.319789999999999784e-04
-3.865369999999999917e-03
-3.097519999999999874e-03
1.849400000000000013e-04
3.746040000000000069e-04
-7.664840000000000021e-03
-1.172330000000000073e-02
-4.583270000000000399e-03
3.212459999999999882e-03
6.774430000000000122e-04
-4.524130000000000339e-03
-6.655340000000000041e-03
1.665669999999999927e-05
1.127119999999999901e-03
-6.061880000000000393e-03
-6.421839999999999840e-03
-4.179490000000000115e-03
-8.737619999999999762e-03
1.607389999999999991e-03
1.699180000000000135e-02
1.116209999999999945e-02
8.743360000000000368e-03
1.058800000000000019e-02
2.664820000000000036e-03
-8.517389999999999683e-03
-7.675499999999999814e-04
1.374870000000000042e-03
-2.817189999999999798e-03
-6.757370000000000390e-03
-2.065659999999999979e-03
6.214429999999999954e-03
1.666490000000000072e-03
-2.676480000000000178e-03
-1.047119999999999995e-02
-9.414769999999999389e-03
2.126369999999999823e-03
1.040139999999999988e-02
1.081329999999999965e-02
8.442480000000000470e-03
2.299709999999999949e-03
-7.291749999999999621e-03
-8.363469999999999585e-03
-3.444289999999999917e-04
3.011450000000000151e-03
-2.531729999999999831e-03
-5.965110000000000030e-03
-2.969190000000000024e-03
2.180370000000000051e-03
4.355419999999999604e-03
1.148410000000000099e-03
-2.889669999999999999e-03
-6.865549999999999778e-03
-3.171119999999999928e-03
2.729969999999999966e-03
-2.874390000000000105e-03
-5.585820000000000021e-03
1.034170000000000054e-03
2.888009999999999883e-03
3.058299999999999907e-03
4.255450000000000031e-03
8.325160000000000096e-06
-8.176490000000000450e-04
1.093299999999999958e-03
5.811519999999999707e-03
7.356380000000000037e-03
-4.148060000000000289e-03
-1.295329999999999919e-02
-1.066300000000000060e-02
2.069140000000000128e-03
6.170430000000000186e-03
-4.081790000000000071e-03
-5.516540000000000332e-03
5.066069999999999775e-03
5.725820000000000388e-03
5.884890000000000260e-03
8.721740000000000395e-03
9.623160000000000394e-03
3.342729999999999920e-03
-4.919009999999999702e-03
-3.927850000000000091e-03
-4.368379999999999833e-03
-3.241589999999999923e-03
-3.444519999999999960e-03
4.570440000000000266e-03
6.690429999999999815e-03
-3.540390000000000030e-03
-7.353110000000000375e-03
-8.851080000000000753e-03
-7.834419999999999926e-03
7.454640000000000441e-04
1.037100000000000001e-03
-4.767129999999999632e-03
1.167609999999999915e-03
7.180869999999999788e-03
5.177130000000000273e-03
1.595880000000000042e-03
-3.267149999999999915e-03
1.271599999999999901e-03
9.558830000000000798e-03
1.121079999999999993e-02
9.317149999999999738e-03
7.992539999999999367e-03
-2.070049999999999874e-04
-7.023810000000000123e-03
-9.319199999999999706e-03
-7.106419999999999577e-03
-3.110330000000000017e-04
5.873319999999999800e-04
-3.859650000000000060e-03
-5.073120000000000407e-03
-1.802900000000000075e-03
3.977869999999999670e-03
9.439470000000000152e-03
7.188500000000000445e-04
-6.025560000000000117e-03
-4.941599999999999986e-03
-6.446709999999999594e-03
-3.585389999999999931e-03
7.822169999999999818e-03
1.094559999999999977e-02
5.740920000000000051e-03
7.437720000000000095e-03
9.749419999999999961e-03
5.931589999999999606e-03
-2.203560000000000024e-04
-5.980740000000000015e-03
-1.284339999999999961e-02
-1.514800000000000001e-02
-3.276460000000000136e-03
4.009399999999999770e-03
-2.395439999999999982e-03
-3.203190000000000074e-04
-8.118269999999999913e-04
-6.422309999999999651e-03
-1.557250000000000040e-03
2.274840000000000195e-03
-2.824759999999999945e-03
-9.614040000000000780e-03
-9.105200000000000793e-03
-1.468560000000000048e-03
1.758840000000000013e-03
2.533819999999999996e-03
7.105650000000000247e-04
-2.098759999999999862e-03
1.402940000000000090e-03
1.305050000000000090e-03
-4.438000000000000105e-03
-9.872850000000000723e-04
1.423609999999999980e-02
1.486729999999999996e-02
3.278169999999999955e-03
-3.502939999999999960e-03
-1.551209999999999915e-03
3.877750000000000120e-03
4.060280000000000312e-03
1.918870000000000037e-03
8.422610000000000513e-03
1.305010000000000024e-02
-7.007950000000000420e-04
-5.852399999999999790e-03
1.384230000000000128e-04
-7.574710000000000124e-03
-9.777299999999999186e-03
-5.909529999999999644e-03
-7.573709999999999991e-03
-6.591729999999999638e-03
-4.233129999999999879e-03
-8.762270000000000388e-04
-4.444219999999999594e-03
-2.052990000000000197e-03
5.379720000000000162e-03
1.145419999999999945e-02
5.730490000000000410e-03
-9.385789999999999758e-03
5.510219999999999702e-03
1.505070000000000019e-02
-3.415360000000000097e-03
-7.353509999999999734e-03
-2.425230000000000007e-03
-2.329379999999999819e-03
8.837429999999999852e-04
1.300799999999999960e-03
-1.907229999999999993e-03
-3.886500000000000198e-03
-3.774340000000000160e-03
2.784469999999999827e-03
9.911259999999999862e-03
1.714509999999999992e-02
1.508220000000000047e-02
-5.883140000000000244e-03
-1.465980000000000061e-02
-4.597279999999999596e-03
-2.106119999999999954e-03
-4.533050000000000274e-03
3.888780000000000101e-03
7.088650000000000159e-03
-2.846449999999999935e-03
-5.673110000000000305e-03
5.930389999999999577e-04
2.103230000000000204e-03
3.792900000000000091e-03
4.621919999999999848e-03
-3.407330000000000081e-03
-1.778840000000000065e-03
3.401209999999999780e-04
-2.847520000000000086e-03
-3.951030000000000015e-04
1.820509999999999956e-04
-3.318899999999999953e-04
-1.788050000000000013e-03
-3.064739999999999825e-03
-4.430540000000000173e-04
-2.121510000000000062e-03
-3.493029999999999833e-03
-1.897180000000000047e-03
-6.416569999999999913e-03
-5.164359999999999784e-03
1.210899999999999997e-03
3.700020000000000045e-03
3.842770000000000127e-03
5.725169999999999912e-03
8.823060000000000624e-03
1.167720000000000043e-02
7.920599999999999863e-03
-1.780979999999999933e-03
-6.389080000000000106e-03
-1.041899999999999944e-02
-9.065850000000000297e-03
-2.402109999999999944e-04
3.128929999999999819e-03
2.313149999999999928e-03
6.976849999999999447e-05
-1.051920000000000025e-03
-1.689249999999999996e-03
1.038480000000000045e-03
5.703680000000000035e-03
6.940589999999999954e-03
2.913729999999999792e-03
-3.212730000000000013e-03
-9.326500000000000372e-04
1.472849999999999940e-03
-4.523079999999999636e-03
-2.939470000000000017e-03
5.244770000000000161e-03
2.598599999999999955e-03
-4.177219999999999826e-04
-5.702920000000000211e-03
-7.749490000000000371e-03
-3.212780000000000150e-03
1.340250000000000078e-03
-8.225960000000000097e-05
1.956149999999999816e-03
3.194080000000000183e-03
2.365040000000000111e-03
5.499650000000000025e-03
1.029210000000000021e-03
-2.514310000000000069e-03
3.429290000000000094e-04
4.008799999999999863e-03
5.917299999999999470e-04
2.378270000000000037e-03
-1.401820000000000019e-03
-5.559210000000000193e-03
-1.158119999999999896e-03
-6.133320000000000265e-03
-8.877380000000000687e-03
-1.235629999999999932e-03
1.448250000000000101e-03
3.765269999999999815e-04
8.955579999999999661e-04
-3.576779999999999998e-04
-2.089160000000000062e-03
-4.747569999999999568e-03
-6.506579999999999656e-03
-2.635740000000000131e-03
1.102530000000000003e-03
3.760930000000000002e-03
6.176629999999999794e-03
4.423729999999999850e-03
1.826509999999999939e-03
1.245999999999999929e-04
2.601490000000000139e-03
5.997790000000000456e-04
-6.264950000000000033e-03
-4.690520000000000106e-03
-1.553880000000000105e-03
-3.888009999999999904e-03
-6.712629999999999812e-03
-5.039280000000000148e-03
3.958689999999999952e-03
1.036860000000000039e-02
1.166370000000000080e-02
7.840740000000000556e-03
-9.900099999999999352e-04
-2.411500000000000015e-03
-1.318369999999999915e-03
1.255449999999999915e-04
2.399510000000000098e-03
7.944690000000000129e-04
5.307730000000000087e-03
6.874009999999999843e-03
-3.576049999999999889e-03
4.803780000000000007e-04
6.267260000000000192e-03
2.824699999999999867e-03
-1.390809999999999920e-03
-4.312309999999999754e-03
-4.547869999999999864e-03
-3.765750000000000000e-03
1.948740000000000021e-03
5.832829999999999786e-03
2.880750000000000064e-03
-3.239590000000000091e-03
-3.860600000000000056e-03
-2.973459999999999818e-03
-4.250150000000000282e-03
-2.855180000000000131e-03
8.494460000000000118e-04
-5.443230000000000290e-03
-6.414000000000000430e-03
1.651949999999999903e-03
3.625090000000000083e-03
2.438140000000000099e-03
-1.453099999999999921e-03
-4.425580000000000139e-03
-3.338559999999999965e-03
9.299630000000000136e-04
4.544849999999999585e-03
1.957829999999999813e-03
-2.548299999999999871e-03
-9.351160000000000505e-04
1.477529999999999902e-03
1.162019999999999964e-04
6.659720000000000049e-03
1.078340000000000028e-02
5.046509999999999711e-03
6.749879999999999552e-04
1.683480000000000002e-03
3.308909999999999976e-03
-1.001439999999999926e-03
8.076299999999999229e-06
-1.585739999999999979e-03
-9.661899999999999308e-03
-1.092330000000000037e-02
-6.696569999999999780e-03
-5.469860000000000000e-03
-5.507589999999999708e-03
3.632119999999999967e-03
1.200500000000000005e-02
8.870390000000000566e-03
5.406410000000000382e-03
1.201089999999999927e-03
-3.773079999999999837e-03
-8.183360000000000634e-03
-8.280239999999999476e-03
-4.814539999999999749e-04
5.978439999999999796e-03
4.675239999999999778e-03
-1.265630000000000010e-03
-3.884260000000000056e-03
-5.513770000000000303e-03
-3.569179999999999922e-03
9.685520000000000197e-04
5.729599999999999624e-03
9.741160000000000443e-03
7.688470000000000200e-03
3.689140000000000041e-03
4.797560000000000192e-03
1.945620000000000118e-04
-3.981179999999999962e-03
-2.283359999999999904e-03
-4.690910000000000392e-03
-7.438029999999999989e-03
-5.342519999999999908e-03
-6.273550000000000133e-04
2.385899999999999826e-03
3.058910000000000188e-03
-4.346409999999999879e-04
2.422720000000000074e-05
-1.460699999999999889e-04
-2.444509999999999999e-03
-4.245340000000000225e-03
-4.311620000000000383e-03
1.206059999999999901e-03
4.355959999999999867e-03
1.833170000000000069e-03
5.585719999999999748e-03
1.294810000000000058e-02
5.996660000000000011e-03
-4.736869999999999796e-03
-4.661420000000000320e-03
-2.590380000000000200e-03
-2.765769999999999861e-03
-1.855169999999999953e-03
-1.868429999999999917e-03
-2.686249999999999836e-03
1.172349999999999955e-03
-1.054709999999999936e-03
-3.442890000000000100e-03
1.971800000000000115e-03
6.889920000000000332e-04
-6.774310000000000401e-04
2.612170000000000030e-03
2.519369999999999943e-03
-1.212790000000000049e-03
1.383260000000000034e-04
5.819160000000000305e-03
4.334450000000000108e-03
-2.057129999999999896e-03
-2.466040000000000072e-03
-2.676110000000000207e-03
-3.682570000000000027e-03
3.310249999999999825e-04
1.739850000000000088e-04
-4.571780000000000115e-03
-7.981709999999999500e-03
-3.429699999999999936e-03
5.529519999999999574e-03
5.705929999999999683e-03
1.382329999999999974e-03
-2.034750000000000100e-03
-2.183630000000000206e-03
-3.395060000000000092e-03
-3.532720000000000044e-03
5.164430000000000236e-03
7.438400000000000394e-03
1.073329999999999944e-03
-7.274970000000000178e-04
2.266390000000000071e-03
1.904380000000000005e-03
-3.935529999999999584e-03
-4.429080000000000170e-03
3.016879999999999996e-03
5.067529999999999778e-03
3.205519999999999897e-03
9.723410000000000473e-04
-6.272739999999999740e-03
-7.671800000000000321e-03
-1.037530000000000049e-03
-4.328420000000000141e-04
-1.758770000000000103e-04
2.554589999999999812e-04
-1.279569999999999948e-04
4.351650000000000310e-03
2.978090000000000077e-03
6.174449999999999947e-04
4.045729999999999986e-03
1.419949999999999901e-03
-3.988620000000000013e-03
-4.946139999999999912e-03
-4.145669999999999737e-03
1.198030000000000048e-04
3.964129999999999737e-03
1.515789999999999933e-03
-1.724870000000000092e-03
1.659560000000000028e-03
3.384920000000000029e-03
-2.490689999999999831e-03
-4.811570000000000256e-03
-4.391449999999999868e-03
-4.241550000000000181e-03
-4.607629999999999712e-03
-1.323130000000000053e-03
3.583740000000000189e-03
3.722420000000000156e-03
8.201009999999999897e-03
8.412080000000000599e-03
8.140839999999999882e-03
2.724100000000000132e-03
-4.224249999999999707e-03
-1.140629999999999899e-03
-7.307050000000000047e-04
9.049169999999999827e-04
2.789349999999999902e-03
3.393020000000000064e-03
4.859370000000000009e-03
5.646580000000000002e-03
-6.144759999999999762e-04
-7.133519999999999965e-03
-7.910550000000000567e-03
-6.010820000000000052e-03
-3.251469999999999794e-03
-4.498590000000000227e-03
-2.798730000000000141e-03
9.150780000000000502e-04
-3.340770000000000068e-04
4.541610000000000178e-04
5.149950000000000361e-03
1.565650000000000028e-03
-1.134569999999999893e-03
8.028920000000000371e-04
5.785519999999999725e-04
-1.334440000000000105e-03
-1.978900000000000017e-03
6.907130000000000257e-04
-4.107050000000000110e-03
-7.393600000000000172e-03
-2.274630000000000141e-03
2.508859999999999910e-03
2.914700000000000103e-03
1.921490000000000090e-03
7.270920000000000161e-03
6.440869999999999582e-03
-7.306939999999999616e-03
-7.292670000000000229e-03
1.989799999999999902e-03
1.414679999999999974e-03
4.580899999999999729e-03
2.699519999999999958e-03
-1.552699999999999957e-03
-1.986079999999999877e-03
-1.429319999999999983e-03
-9.164060000000000348e-04
-4.565969999999999925e-03
-8.195369999999999565e-04
4.734849999999999649e-03
5.090729999999999908e-03
3.905660000000000143e-05
-6.737270000000000498e-04
2.747419999999999984e-03
1.859240000000000068e-03
-2.242060000000000147e-03
-4.853549999999999878e-03
-2.167619999999999877e-03
2.153930000000000081e-03
5.502680000000000245e-03
2.782070000000000203e-03
2.694370000000000185e-03
2.273230000000000216e-03
-5.634669999999999609e-03
-6.645210000000000353e-03
-1.582319999999999907e-03
-1.518079999999999994e-03
5.357859999999999880e-03
9.837469999999999201e-03
1.313659999999999915e-03
-1.977979999999999842e-03
-2.069759999999999916e-03
-2.881449999999999810e-03
-3.722720000000000109e-03
-3.921570000000000090e-03
-3.049710000000000181e-03
1.031189999999999971e-03
4.229020000000000001e-03
9.251349999999999981e-04
-5.157469999999999936e-03
-6.485140000000000349e-03
-4.266240000000000136e-03
3.439750000000000099e-03
6.619220000000000312e-03
-1.843260000000000102e-04
-2.022879999999999904e-03
-2.656120000000000096e-03
-1.846470000000000012e-03
-4.157250000000000219e-05
2.886029999999999932e-03
3.957750000000000330e-03
-2.348170000000000118e-03
-8.023920000000000358e-03
-8.304340000000000332e-03
-5.083060000000000356e-03
1.966240000000000175e-03
6.451969999999999580e-03
7.079089999999999688e-03
8.372090000000000434e-03
6.976099999999999836e-03
4.920350000000000418e-03
-1.099039999999999913e-03
-4.637450000000000426e-03
-5.371749999999999789e-04
3.599810000000000162e-03
2.775880000000000101e-03
1.165749999999999903e-03
-5.953039999999999504e-04
1.614420000000000091e-03
4.381930000000000026e-03
4.488820000000000028e-04
-1.240790000000000079e-03
-3.795179999999999994e-03
-2.223800000000000169e-03
-1.005239999999999910e-03
-4.299940000000000359e-03
-2.701030000000000098e-03
-3.904289999999999931e-03
-2.902930000000000180e-03
7.343939999999999756e-04
3.780289999999999952e-03
9.327540000000000484e-03
5.723859999999999885e-03
4.050230000000000150e-04
4.356130000000000050e-04
-2.220750000000000068e-03
-1.838350000000000097e-03
3.459069999999999853e-03
1.829560000000000040e-03
-2.217690000000000026e-03
-1.451880000000000011e-03
-1.415180000000000040e-03
-1.908720000000000035e-03
-2.987580000000000097e-03
-1.042979999999999992e-03
4.782660000000000210e-03
3.948180000000000136e-04
-7.754750000000000358e-03
-9.230280000000000429e-03
-6.530079999999999739e-03
1.052170000000000058e-04
3.703790000000000207e-03
3.271440000000000025e-03
2.630030000000000215e-03
4.100460000000000216e-03
2.053890000000000056e-03
-2.855020000000000214e-03
-5.127969999999999924e-03
-2.986560000000000083e-03
7.170450000000000304e-04
7.853660000000000155e-04
-1.299950000000000020e-03
3.825780000000000088e-04
6.041999999999999628e-03
7.293189999999999742e-03
3.387680000000000118e-03
3.183360000000000096e-04
9.546389999999999650e-04
1.161640000000000025e-03
1.883600000000000031e-03
3.928130000000000163e-03
1.072929999999999934e-03
2.503589999999999982e-03
-1.143939999999999974e-03
-1.008279999999999940e-02
-9.641230000000000633e-03
-8.556249999999999620e-03
-8.696970000000000048e-03
-5.425720000000000195e-03
-3.129320000000000105e-03
-2.933530000000000165e-03
-1.015449999999999990e-03
5.885660000000000024e-04
2.462799999999999798e-03
6.874100000000000175e-03
9.525360000000000077e-03
6.939360000000000320e-03
5.522970000000000310e-03
2.319030000000000136e-03
-4.454950000000000056e-03
-3.993009999999999962e-03
-6.310079999999999596e-04
5.001900000000000096e-03
9.003270000000000717e-03
4.550170000000000083e-03
9.862650000000000583e-04
-6.809700000000000345e-04
-2.140180000000000207e-03
-1.032769999999999912e-03
-1.905650000000000052e-03
-7.722109999999999912e-03
-5.242150000000000108e-03
-7.831140000000000377e-05
7.639749999999999623e-04
1.244260000000000071e-03
-1.834260000000000100e-03
-8.104490000000000652e-03
-5.250300000000000279e-03
4.522649999999999587e-03
1.086729999999999988e-02
1.051859999999999948e-02
4.951960000000000042e-03
2.545430000000000002e-03
5.671829999999999667e-04
-3.638159999999999875e-04
7.711289999999999551e-04
-9.440310000000000151e-04
-4.660899999999999939e-03
-5.229890000000000060e-03
-5.750970000000000214e-03
-5.739750000000000060e-03
-1.539540000000000049e-03
6.130849999999999755e-04
7.711429999999999587e-04
1.661359999999999964e-03
4.034239999999999701e-03
6.077749999999999819e-03
2.313980000000000203e-03
-2.189079999999999932e-03
-2.573510000000000207e-03
-1.340679999999999910e-03
-6.697009999999999769e-04
3.014540000000000015e-03
4.678709999999999987e-03
6.069899999999999601e-04
-1.520139999999999903e-03
-5.647939999999999731e-03
-7.039850000000000274e-03
-5.513990000000000514e-04
-4.392269999999999877e-04
-2.123799999999999907e-03
2.593409999999999986e-03
1.929579999999999967e-03
-3.708970000000000235e-04
-4.708269999999999968e-04
3.418900000000000216e-04
-1.347780000000000028e-03
-3.401480000000000128e-03
1.546180000000000080e-03
3.080859999999999935e-03
1.856180000000000026e-03
3.487730000000000084e-03
6.373529999999999647e-03
7.508169999999999775e-04
-4.526210000000000129e-03
-3.158769999999999981e-03
-5.595890000000000065e-03
-5.947690000000000268e-03
-5.030960000000000119e-03
-4.266169999999999685e-03
-5.309460000000000221e-04
1.926570000000000062e-03
3.929229999999999919e-04
-2.147190000000000210e-03
6.815089999999999560e-04
7.934750000000000830e-03
9.060520000000000726e-03
5.842299999999999924e-03
-6.287060000000000077e-05
-3.101619999999999811e-03
-4.368109999999999701e-03
-7.004070000000000261e-03
-5.704950000000000299e-03
-7.001760000000000535e-04
1.021999999999999992e-02
1.092150000000000065e-02
3.510239999999999975e-03
3.570409999999999990e-03
2.260079999999999815e-03
-3.335100000000000130e-03
-6.230069999999999879e-03
-3.027140000000000213e-03
-5.288310000000000059e-04
3.510269999999999797e-03
9.336930000000000229e-03
9.606140000000000859e-03
6.384860000000000015e-03
1.392330000000000000e-03
-2.084889999999999834e-03
-3.701139999999999899e-03
-6.142329999999999665e-03
-4.735119999999999781e-03
-9.693079999999999969e-04
-2.613090000000000204e-03
-5.497860000000000247e-03
-9.916279999999999539e-03
-9.054619999999999336e-03
-4.802400000000000072e-03
-2.586549999999999960e-03
-1.451599999999999939e-03
3.176090000000000011e-04
5.275469999999999986e-03
7.769700000000000044e-03
8.499819999999999945e-03
4.968550000000000397e-03
1.752370000000000056e-03
-1.646890000000000083e-04
-2.917920000000000062e-03
-3.815260000000000006e-03
-1.644279999999999917e-03
5.756440000000000471e-04
5.348599999999999579e-04
2.034580000000000026e-04
5.838170000000000382e-04
1.855410000000000045e-03
-2.294829999999999873e-03
-4.223110000000000405e-03
-1.183330000000000016e-03
2.739520000000000063e-03
5.627359999999999654e-03
3.281000000000000062e-03
3.309690000000000223e-04
3.081149999999999948e-03
7.193670000000000099e-03
2.576399999999999958e-03
8.734790000000000306e-04
3.758259999999999813e-03
1.759619999999999934e-03
-2.961179999999999997e-04
-1.252609999999999921e-03
-3.178840000000000051e-03
-3.481689999999999958e-03
8.959530000000000055e-04
1.984730000000000088e-04
-4.047620000000000037e-03
-5.013280000000000167e-03
-4.925579999999999715e-03
-6.198180000000000182e-03
-5.305920000000000428e-03
-5.101939999999999470e-04
1.872890000000000102e-03
5.921319999999999882e-04
-1.100590000000000032e-03
-2.915679999999999921e-03
-2.662780000000000008e-03
1.301880000000000051e-03
7.746920000000000021e-04
-6.674330000000000020e-03
-9.151209999999999900e-03
-2.550580000000000208e-03
3.837950000000000129e-03
5.451140000000000152e-03
3.567729999999999860e-03
3.478010000000000129e-03
2.995690000000000072e-03
7.451800000000000177e-04
-2.013140000000000068e-03
-4.018919999999999611e-03
-5.146719999999999594e-03
-3.703620000000000024e-04
5.512389999999999825e-03
4.593629999999999589e-03
5.354349999999999908e-03
5.770400000000000182e-03
6.442909999999999610e-04
-4.250340000000000021e-03
-4.194250000000000062e-03
-2.096680000000000071e-03
-3.488829999999999731e-04
-8.069029999999999551e-05
-2.342410000000000065e-03
-1.760150000000000039e-03
1.738509999999999969e-03
6.596539999999999696e-04
-2.039529999999999902e-03
-1.520249999999999954e-04
7.942789999999999486e-04
6.117580000000000066e-04
5.221899999999999806e-03
3.762699999999999899e-03
-4.502090000000000258e-03
-1.010580000000000072e-03
7.021730000000000332e-03
6.566950000000000218e-03
4.045199999999999664e-03
3.780079999999999898e-03
1.886480000000000058e-03
3.324360000000000270e-04
-1.603999999999999957e-03
-6.135609999999999675e-03
-6.041780000000000067e-03
1.433760000000000069e-03
3.253960000000000186e-03
-3.202870000000000023e-03
-4.022709999999999654e-03
-1.525419999999999988e-03
-1.678369999999999992e-03
-1.606980000000000040e-03
1.090180000000000055e-03
3.457969999999999881e-03
3.770009999999999854e-03
2.457650000000000026e-03
7.700240000000000123e-04
-1.030789999999999961e-03
-1.782310000000000057e-03
8.323039999999999174e-06
1.045380000000000051e-03
-2.456310000000000177e-03
-1.945429999999999946e-03
1.990689999999999821e-03
-2.325760000000000067e-03
-1.073539999999999998e-03
4.528790000000000419e-03
5.356810000000000044e-03
5.650500000000000141e-03
2.945199999999999815e-03
1.321820000000000026e-03
3.663569999999999891e-04
-9.454530000000000432e-05
-9.963400000000000186e-05
-2.617590000000000259e-04
2.317929999999999947e-04
-1.889210000000000108e-03
-2.436779999999999936e-03
-8.123660000000000212e-04
-1.135610000000000005e-03
-1.469040000000000016e-03
9.548329999999999838e-04
4.409640000000000261e-03
6.962000000000000306e-03
8.466090000000000768e-03
5.684319999999999651e-03
6.295950000000000461e-04
-2.318390000000000034e-03
-2.361209999999999871e-03
-3.093359999999999860e-03
-5.083830000000000120e-03
-7.539299999999999648e-03
-7.862539999999999460e-03
-7.794200000000000260e-03
-4.949190000000000013e-03
-3.275820000000000034e-03
-3.754060000000000036e-03
-2.242829999999999911e-03
2.993369999999999972e-04
1.912539999999999900e-03
-4.307569999999999824e-04
1.584209999999999958e-03
4.853170000000000156e-05
-3.644870000000000141e-03
-1.785909999999999928e-03
-6.448409999999999472e-04
-9.945920000000000889e-04
-7.692229999999999771e-04
-8.620060000000000135e-04
3.739549999999999797e-05
2.089080000000000104e-03
1.597579999999999920e-03
-4.438749999999999879e-04
-3.345810000000000074e-06
1.486469999999999935e-03
1.923940000000000069e-03
1.672080000000000051e-03
-1.366660000000000010e-03
-2.022320000000000194e-03
-4.916039999999999776e-05
1.312170000000000090e-03
6.387310000000000210e-03
8.408399999999999902e-03
6.339410000000000184e-03
2.894470000000000224e-04
-4.570509999999999851e-03
-3.919920000000000349e-03
-1.833559999999999921e-03
1.318390000000000013e-03
-6.669830000000000073e-04
-1.910000000000000022e-03
-7.036670000000000511e-04
-1.029959999999999903e-03
5.903790000000000340e-04
3.447640000000000080e-03
4.820190000000000238e-03
4.381720000000000406e-03
1.162629999999999946e-04
-3.182499999999999999e-03
-2.514580000000000200e-03
-4.423469999999999659e-03
-7.699809999999999641e-03
-6.118209999999999794e-03
-4.179869999999999810e-04
3.790389999999999818e-03
3.369270000000000164e-03
2.310809999999999947e-03
2.330200000000000153e-03
5.442390000000000075e-03
6.545740000000000412e-03
9.872780000000000705e-04
-1.158189999999999914e-03
-4.341780000000000162e-04
-2.424570000000000132e-04
-2.853940000000000123e-03
-4.282539999999999611e-03
-3.339289999999999967e-03
-3.940909999999999726e-03
-1.194799999999999985e-03
2.904470000000000142e-03
2.126439999999999841e-03
8.161239999999999944e-04
2.318409999999999915e-04
-3.732800000000000094e-03
-4.547540000000000089e-03
-1.409859999999999976e-03
2.111239999999999905e-03
5.973939999999999632e-03
3.647979999999999886e-03
-3.846920000000000200e-03
-7.024339999999999577e-03
-4.778909999999999929e-03
-1.679979999999999972e-03
3.309200000000000097e-04
2.080770000000000015e-03
1.012120000000000034e-03
-7.050650000000000537e-04
-9.110319999999999876e-04
-2.308660000000000085e-04
1.520000000000000084e-03
1.899349999999999953e-03
1.757630000000000043e-03
2.586670000000000115e-03
1.738280000000000033e-03
8.684829999999999720e-04
4.067349999999999959e-03
4.014339999999999922e-03
6.676470000000000538e-04
-5.570150000000000058e-04
-9.138990000000000264e-04
4.015509999999999913e-04
3.658770000000000208e-04
-3.346509999999999914e-04
1.581410000000000107e-03
1.902639999999999930e-03
1.036919999999999986e-03
-5.925729999999999930e-04
5.566640000000000086e-04
3.379259999999999816e-03
4.638620000000000416e-03
4.634560000000000242e-03
1.060469999999999989e-03
-6.284529999999999977e-03
-9.917759999999999423e-03
-9.471099999999999658e-03
-4.374549999999999619e-03
-2.672620000000000117e-03
-2.365029999999999953e-04
5.745169999999999964e-03
4.823359999999999627e-03
3.397820000000000180e-03
4.047399999999999609e-03
3.332589999999999858e-03
7.924969999999999714e-04
1.704140000000000038e-03
2.208920000000000067e-03
1.619540000000000042e-03
7.978769999999999504e-05
6.294329999999999890e-04
6.967520000000000267e-04
-1.055100000000000005e-03
-8.103509999999999533e-04
1.653299999999999909e-03
1.930679999999999940e-03
-2.544830000000000095e-03
-4.288529999999999599e-03
-2.506050000000000118e-03
-6.144539999999999551e-04
-8.887380000000000280e-04
3.063879999999999946e-04
-2.360820000000000073e-04
2.513610000000000215e-04
7.418639999999999566e-04
-6.255559999999999853e-04
-6.010640000000000037e-04
-3.643879999999999949e-03
-4.413740000000000198e-03
2.504569999999999908e-04
2.053329999999999912e-03
2.657919999999999922e-04
-3.847669999999999975e-04
-1.808040000000000124e-04
-1.134220000000000020e-03
-3.928650000000000002e-04
-1.117860000000000034e-03
-6.406159999999999936e-04
-8.139479999999999936e-04
-1.679670000000000078e-03
2.257480000000000077e-03
4.843499999999999715e-03
4.283689999999999720e-03
6.524030000000000107e-03
6.375170000000000316e-03
-1.500070000000000049e-03
-6.806659999999999967e-03
-1.062450000000000026e-02
-1.024000000000000084e-02
-5.093470000000000115e-03
7.811349999999999674e-04
1.641799999999999900e-03
1.052420000000000092e-03
-1.158299999999999911e-03
-2.389080000000000023e-03
1.523590000000000014e-03
1.435920000000000035e-03
-1.296899999999999919e-03
-8.176099999999999731e-04
1.898930000000000062e-03
3.621259999999999844e-03
3.922100000000000412e-03
3.930269999999999597e-03
3.879309999999999963e-03
8.681109999999999695e-04
-1.377280000000000041e-03
-1.344630000000000087e-03
-3.190290000000000140e-03
-3.300400000000000209e-03
-1.758570000000000098e-03
-1.876829999999999905e-03
-8.152850000000000114e-04
1.937970000000000014e-03
4.045749999999999867e-03
5.664060000000000275e-03
2.648779999999999885e-03
-2.307019999999999904e-03
-2.253970000000000105e-03
1.177400000000000104e-03
2.477560000000000179e-03
1.741350000000000016e-03
3.953469999999999944e-04
8.909519999999999766e-04
1.094920000000000095e-03
-2.566859999999999802e-03
-8.894019999999999660e-04
-1.450219999999999895e-03
-4.527699999999999954e-03
-1.520539999999999912e-03
1.323479999999999926e-03
3.993120000000000176e-03
5.264729999999999584e-03
-2.070460000000000095e-04
-5.004790000000000280e-03
-6.823929999999999753e-03
-5.007799999999999752e-03
-1.033939999999999903e-03
2.446380000000000169e-03
1.718319999999999960e-03
4.742939999999999960e-04
2.278200000000000190e-03
2.821730000000000158e-03
4.113740000000000278e-03
2.078410000000000153e-03
2.592370000000000091e-03
2.554659999999999830e-03
-1.054089999999999932e-03
-9.551489999999999720e-04
1.222989999999999971e-03
-1.413650000000000128e-04
-1.801440000000000072e-03
1.310760000000000007e-03
1.439270000000000089e-03
-2.468249999999999958e-03
-2.388690000000000171e-03
-1.535160000000000040e-03
-1.758460000000000101e-03
-1.865499999999999971e-03
-4.827389999999999871e-04
-3.042620000000000220e-04
5.971929999999999860e-04
1.229440000000000047e-03
-1.065909999999999991e-03
-2.982949999999999838e-03
-4.177010000000000098e-03
-3.274539999999999829e-03
-3.027740000000000119e-03
-2.985900000000000099e-03
2.405039999999999999e-04
3.786079999999999827e-03
3.165100000000000118e-03
2.259619999999999945e-03
1.233440000000000035e-04
-1.394990000000000032e-03
-1.979260000000000047e-03
-8.422450000000000379e-04
9.932709999999999977e-04
1.032050000000000068e-03
-3.404619999999999804e-04
-1.583470000000000016e-03
-1.741499999999999992e-03
3.520080000000000084e-04
4.926479999999999575e-03
6.641669999999999692e-03
7.985690000000000149e-03
5.497609999999999997e-03
-2.525429999999999841e-04
-3.189299999999999947e-03
-3.312649999999999883e-03
-2.390800000000000217e-03
-7.082430000000000019e-04
1.191519999999999949e-03
3.312550000000000043e-03
9.672370000000000230e-04
-1.268160000000000069e-05
3.214750000000000160e-03
3.264739999999999916e-03
2.321539999999999975e-03
2.688659999999999835e-03
1.086720000000000004e-03
-3.216450000000000038e-03
-2.652519999999999791e-03
-1.927469999999999921e-03
-3.845530000000000215e-03
-3.342780000000000057e-03
-8.801370000000000200e-04
-6.292570000000000368e-04
3.507200000000000031e-04
-4.905159999999999772e-04
-2.984709999999999794e-03
-5.229079999999999666e-03
-5.867390000000000105e-03
-5.473750000000000317e-03
-5.862180000000000038e-04
6.472290000000000335e-03
9.835339999999999708e-03
8.651479999999999587e-03
1.674609999999999987e-03
9.322930000000000540e-04
6.192710000000000142e-04
-8.572470000000000003e-04
-3.879650000000000112e-03
-4.375200000000000096e-03
-2.835400000000000073e-03
-1.439380000000000086e-03
-2.736430000000000199e-03
-2.851620000000000023e-03
1.234410000000000021e-03
4.000929999999999764e-03
4.663780000000000182e-03
-4.276309999999999855e-04
-4.610470000000000193e-03
-9.822929999999999683e-04
4.710810000000000171e-03
6.402559999999999849e-03
6.274100000000000336e-03
4.316279999999999596e-03
-1.608239999999999930e-03
-4.245190000000000248e-03
-1.777439999999999923e-03
1.977779999999999892e-04
1.318479999999999912e-03
3.018550000000000161e-04
-5.379970000000000412e-03
-8.193330000000000404e-03
-3.404710000000000028e-03
1.735709999999999901e-03
1.229959999999999994e-03
-2.853969999999999944e-03
-4.387590000000000240e-03
-4.404889999999999847e-03
-4.638370000000000166e-03
-4.104000000000000009e-03
-2.233810000000000136e-03
-1.738189999999999917e-03
1.791080000000000016e-03
3.909059999999999792e-03
2.307120000000000178e-03
1.222180000000000011e-03
-1.860389999999999960e-03
-3.692780000000000108e-03
3.891739999999999978e-04
4.020420000000000244e-03
6.077220000000000365e-03
5.987519999999999648e-03
2.900869999999999838e-03
-7.425360000000000207e-04
-1.174149999999999998e-04
3.210970000000000057e-03
1.447919999999999893e-03
-2.424930000000000054e-03
-4.409259999999999916e-03
-2.487060000000000139e-03
2.125150000000000129e-03
3.840350000000000187e-03
2.278179999999999875e-03
-6.024789999999999486e-04
-2.794829999999999884e-03
-4.658840000000000030e-03
-6.938889999999999642e-03
-1.959579999999999829e-03
4.694109999999999602e-03
5.828070000000000299e-03
4.471880000000000126e-03
4.292449999999999738e-03
2.169439999999999910e-03
-6.378039999999999534e-04
-1.566729999999999902e-03
-9.650589999999999906e-04
4.574819999999999950e-04
1.525160000000000014e-03
3.164900000000000005e-03
3.113320000000000150e-03
9.122390000000000186e-04
3.635369999999999974e-06
1.713659999999999988e-04
-8.257600000000000356e-04
-4.085580000000000006e-04
-3.626249999999999916e-04
1.656460000000000007e-03
3.197189999999999928e-03
8.119279999999999553e-04
1.622270000000000092e-03
3.078120000000000162e-03
1.047200000000000084e-03
-4.070860000000000255e-04
-2.285300000000000092e-03
-4.351100000000000106e-03
-1.530909999999999910e-03
1.160900000000000083e-03
-6.239100000000000624e-05
7.791569999999999670e-05
-2.343169999999999888e-03
-1.481700000000000074e-03
2.775679999999999988e-03
3.810589999999999984e-03
2.008479999999999988e-03
-5.640579999999999856e-04
-1.386929999999999977e-03
-2.690559999999999827e-03
-3.857970000000000062e-03
-3.205500000000000016e-03
-1.282099999999999993e-03
-1.565959999999999921e-03
-2.450959999999999857e-03
-4.796179999999999877e-05
6.450880000000000416e-04
-1.916100000000000008e-03
-1.425449999999999981e-03
-1.871080000000000009e-03
-4.261810000000000424e-03
-2.808820000000000067e-03
-6.281820000000000242e-04
3.429479999999999833e-04
4.416800000000000131e-04
5.513080000000000281e-04
4.153739999999999841e-04
-1.843190000000000084e-04
1.492339999999999986e-03
7.484600000000000541e-04
-7.045099999999999887e-04
-1.232330000000000014e-03
-1.559239999999999932e-03
-6.510479999999999913e-04
-3.749269999999999968e-04
1.242659999999999924e-04
8.753839999999999929e-04
4.849240000000000213e-04
6.451099999999999543e-04
1.613070000000000085e-03
1.564190000000000025e-03
1.714220000000000023e-03
2.442259999999999917e-03
8.901129999999999936e-04
-2.492279999999999929e-04
-2.798839999999999922e-04
-1.231770000000000087e-03
-2.821570000000000024e-04
1.318869999999999982e-03
9.121389999999999620e-04
-1.175489999999999955e-03
-1.847190000000000073e-03
-6.494520000000000154e-04
3.935340000000000170e-04
2.124909999999999820e-03
3.331779999999999898e-03
1.598140000000000064e-03
9.284019999999999924e-05
-7.546319999999999808e-04
-6.869520000000000053e-04
4.638250000000000120e-04
1.062020000000000108e-03
5.459749999999999760e-04
-1.217300000000000017e-04
-3.803359999999999987e-04
-1.058109999999999910e-03
-1.274439999999999948e-03
-2.645239999999999766e-04
9.274040000000000538e-04
4.272570000000000057e-04
-7.598399999999999621e-05
-4.951740000000000265e-04
-5.028660000000000335e-04
-5.141979999999999988e-04
8.620599999999999422e-05
1.403299999999999903e-03
1.673779999999999929e-03
1.034769999999999961e-03
3.397480000000000140e-04
-2.505820000000000074e-04
-6.719609999999999993e-04
-8.724330000000000409e-04
-4.058859999999999964e-04
5.238330000000000243e-04
4.621110000000000213e-04
-1.534969999999999976e-04
-5.744839999999999973e-04
-1.136740000000000016e-03
-1.038510000000000084e-03
-1.961889999999999880e-04
1.252740000000000071e-04
1.251229999999999877e-04
-2.230230000000000160e-05
-3.156740000000000002e-04
-1.243249999999999997e-04
2.492799999999999985e-04
1.309539999999999934e-04
-2.617769999999999841e-04
-2.513239999999999810e-04
-1.012590000000000007e-04
-2.865829999999999766e-04
-4.350490000000000151e-04
-5.179889999999999495e-04
-2.310629999999999932e-04
2.616030000000000091e-04
4.322659999999999979e-04
3.539950000000000149e-04
3.177449999999999741e-04
2.700380000000000055e-04
6.159570000000000388e-05
-1.628930000000000005e-04
-2.169390000000000044e-04
-2.203069999999999898e-04
-3.127459999999999767e-04
-3.317549999999999839e-04
-1.844949999999999878e-04
-3.730359999999999975e-05
6.707480000000000365e-05
1.123899999999999997e-04
9.452119999999999890e-05
1.118290000000000028e-04
1.119640000000000007e-04
8.622740000000000049e-05
6.356839999999999941e-05
5.664849999999999812e-05
6.548620000000000330e-05
7.387079999999999753e-05
8.642749999999999879e-05
9.199480000000000222e-05
9.235630000000000206e-05
9.146469999999999861e-05
8.619530000000000464e-05
