-4.129100000000000023e-04
-3.914929999999999734e-04
-4.037280000000000079e-04
-3.925080000000000170e-04
-3.823090000000000017e-04
-4.251340000000000262e-04
2.019930000000000022e-04
7.332680000000000274e-04
3.692319999999999912e-04
-3.455870000000000101e-04
-3.996289999999999782e-04
-3.476209999999999977e-04
-3.761710000000000140e-04
-3.323210000000000053e-04
-3.557720000000000218e-04
-3.149809999999999850e-04
-3.374119999999999875e-04
-2.966210000000000049e-04
-3.221119999999999951e-04
-2.731629999999999866e-04
-3.221070000000000248e-04
-2.435860000000000087e-04
-3.272010000000000001e-04
-5.289470000000000028e-05
2.989099999999999960e-04
2.509850000000000102e-04
2.744409999999999970e-04
7.271979999999999720e-04
8.169349999999999702e-04
8.026609999999999778e-04
8.108209999999999810e-04
4.406670000000000010e-04
1.286360000000000064e-04
4.070209999999999779e-04
1.084110000000000108e-03
1.867670000000000094e-04
-5.388370000000000047e-05
-8.957140000000000100e-05
1.765770000000000002e-04
9.536030000000000244e-04
1.026000000000000002e-03
8.149259999999999967e-04
4.708220000000000130e-05
4.300560000000000038e-05
1.256049999999999875e-04
-4.933599999999999791e-04
-1.002199999999999966e-03
-1.721450000000000129e-04
2.153489999999999875e-04
1.562079999999999925e-04
1.898609999999999903e-04
1.919029999999999955e-04
2.092399999999999957e-04
2.388140000000000076e-04
2.286190000000000010e-04
2.918439999999999793e-04
2.347419999999999965e-04
3.764850000000000249e-04
7.159220000000000210e-05
-2.629829999999999858e-05
4.172800000000000164e-04
2.938969999999999951e-04
3.795550000000000074e-04
3.357100000000000231e-04
3.887370000000000018e-04
3.561090000000000154e-04
4.121950000000000201e-04
3.591719999999999960e-04
4.744029999999999775e-04
-2.118640000000000031e-04
-6.411620000000000253e-04
-5.238929999999999932e-04
-5.881319999999999994e-04
-5.524399999999999623e-04
-5.758920000000000488e-04
-5.687510000000000438e-04
-5.697690000000000263e-04
-5.820029999999999908e-04
-5.636460000000000038e-04
-5.952550000000000462e-04
-5.524250000000000514e-04
-6.390980000000000532e-04
-4.290349999999999741e-04
-5.479660000000000319e-05
-2.138700000000000106e-04
3.286210000000000238e-04
2.490850000000000182e-04
5.264500000000000299e-04
2.450110000000000027e-04
-4.973399999999999783e-04
-7.645040000000000516e-04
-1.302379999999999955e-04
3.143600000000000192e-04
1.461090000000000067e-04
7.269189999999999430e-05
-9.439630000000000286e-04
-6.288679999999999834e-04
-3.780160000000000074e-04
-4.320589999999999912e-04
-4.320570000000000140e-04
-6.186629999999999820e-04
-5.462610000000000339e-04
4.092160000000000068e-04
-2.747600000000000172e-06
-9.347659999999999606e-04
-1.149120000000000003e-04
-1.597769999999999985e-04
-2.026030000000000116e-04
-2.097389999999999921e-04
-2.780580000000000269e-04
-2.342079999999999911e-04
-3.157829999999999817e-04
-2.984460000000000086e-04
-3.790010000000000124e-04
-3.688019999999999970e-04
-4.340619999999999787e-04
-4.544540000000000233e-04
-5.268389999999999884e-05
-4.320160000000000189e-04
-5.951689999999999932e-04
-5.268459999999999767e-04
-5.870069999999999585e-04
-6.073990000000000031e-04
-6.002590000000000139e-04
-7.216030000000000231e-04
-3.635169999999999959e-05
3.103539999999999901e-04
3.939729999999999903e-04
7.886049999999999484e-04
1.069029999999999894e-03
1.231169999999999964e-03
1.121040000000000014e-03
1.183239999999999899e-03
1.103709999999999934e-03
1.178149999999999987e-03
9.293399999999999621e-04
5.530669999999999684e-04
2.175819999999999913e-04
3.811430000000000200e-05
1.431469999999999900e-04
4.531429999999999811e-04
3.868629999999999855e-04
1.007869999999999903e-03
1.143499999999999985e-03
1.029289999999999979e-03
1.154719999999999922e-03
1.030309999999999993e-03
1.190410000000000036e-03
8.936760000000000407e-04
1.696799999999999882e-04
1.034000000000000061e-04
1.972160000000000037e-04
1.360350000000000079e-04
2.604430000000000135e-04
1.380789999999999904e-04
4.858039999999999993e-04
1.051749999999999951e-03
3.257129999999999899e-04
-2.657210000000000127e-04
-8.918240000000000455e-04
-1.601540000000000038e-03
-1.567889999999999952e-03
-1.614800000000000003e-03
-7.786279999999999590e-04
1.168009999999999925e-03
1.578959999999999912e-03
8.804559999999999470e-04
8.447679999999999729e-04
-8.918069999999999947e-04
-1.415940000000000080e-03
-1.283370000000000040e-03
-6.990749999999999569e-04
-1.168149999999999988e-04
-2.769080000000000261e-04
-1.188500000000000022e-04
-1.208879999999999986e-04
-6.348229999999999628e-04
-1.177309999999999988e-03
-7.184360000000000312e-04
-7.691620000000000737e-06
1.024400000000000018e-04
2.392339999999999866e-05
2.288880000000000081e-04
-4.961279999999999770e-04
-3.727399999999999854e-04
-6.317459999999999786e-04
-7.092430000000000262e-04
-6.623339999999999913e-04
-1.073360000000000003e-05
5.317569999999999979e-04
3.461709999999999896e-04
5.083079999999999586e-04
4.297910000000000055e-04
5.898890000000000166e-04
-6.272779999999999936e-05
-5.175190000000000302e-04
2.799009999999999888e-04
7.612079999999999801e-04
5.148789999999999877e-05
-3.461989999999999968e-04
-2.044570000000000111e-04
-2.819540000000000045e-04
-1.820199999999999954e-04
-2.279050000000000075e-04
-1.585620000000000042e-04
-1.636589999999999996e-04
-5.664449999999999477e-04
-2.258580000000000049e-04
8.107819999999999903e-05
9.335629999999999927e-04
8.203760000000000479e-04
1.045740000000000081e-03
1.198349999999999936e-04
3.564109999999999999e-04
1.167790000000000012e-04
-1.395460000000000060e-03
-6.785959999999999518e-04
-1.891300000000000002e-04
1.585950000000000088e-04
1.042689999999999980e-03
1.966550000000000069e-03
1.726920000000000061e-03
7.408599999999999778e-04
-1.085619999999999950e-04
-8.816570000000000190e-05
-1.360909999999999952e-04
-9.020160000000000049e-05
-7.356799999999999494e-04
-1.258790000000000082e-03
-1.068099999999999996e-03
-7.071230000000000397e-04
2.463139999999999731e-04
-9.630920000000000279e-05
1.769759999999999942e-04
4.604589999999999768e-04
-5.408999999999999746e-04
3.493139999999999830e-04
6.756250000000000103e-04
1.594069999999999927e-06
-1.128249999999999913e-03
-1.349530000000000044e-03
-2.237580000000000081e-04
4.033689999999999932e-04
5.349140000000000492e-04
-2.686200000000000133e-04
-6.571300000000000188e-04
-6.765029999999999568e-04
-5.551549999999999931e-04
8.082070000000000226e-04
1.382310000000000092e-03
3.095689999999999900e-04
-4.144279999999999969e-04
-7.764249999999999667e-04
-9.089859999999999737e-04
-1.494300000000000055e-03
-2.146920000000000078e-03
-1.292390000000000032e-03
-1.085390000000000096e-03
-5.184270000000000154e-04
3.120189999999999683e-05
9.611850000000000342e-04
1.212039999999999949e-03
-1.162109999999999958e-05
-7.345980000000000435e-04
-4.847659999999999730e-04
3.972900000000000129e-04
1.811639999999999995e-03
2.301099999999999934e-03
1.326259999999999896e-03
2.861480000000000122e-04
-1.090470000000000068e-03
-1.759399999999999940e-03
-1.778179999999999973e-04
2.117560000000000102e-03
2.156309999999999824e-03
1.088669999999999916e-03
2.535279999999999890e-04
2.535300000000000205e-04
5.978539999999999853e-05
-8.681550000000000118e-04
-6.254599999999999917e-04
2.678119999999999763e-04
1.225329999999999952e-03
3.300180000000000106e-04
-1.631910000000000088e-03
-3.687660000000000157e-03
-5.316139999999999581e-03
-4.299490000000000429e-03
-7.733059999999999717e-04
1.762729999999999896e-03
2.548930000000000032e-03
3.624730000000000053e-03
4.035679999999999823e-03
3.179120000000000123e-03
1.169260000000000091e-03
-6.855999999999999681e-04
-8.773049999999999902e-04
2.035960000000000070e-04
1.024469999999999981e-03
3.371819999999999982e-04
-2.414009999999999854e-03
-4.530939999999999794e-03
-3.066629999999999877e-03
1.086680000000000024e-03
4.050999999999999913e-03
4.390559999999999949e-03
3.225029999999999824e-03
1.780090000000000014e-03
1.223329999999999904e-03
4.514060000000000078e-04
1.403940000000000114e-04
-4.928480000000000491e-04
-2.556749999999999995e-03
-1.998970000000000087e-03
1.179660000000000018e-04
1.410970000000000106e-03
4.748700000000000121e-04
-7.171770000000000488e-04
-5.682970000000000512e-04
-6.009259999999999992e-04
-5.937870000000000257e-04
1.192619999999999942e-05
6.584279999999999647e-04
-3.306949999999999907e-04
-1.510499999999999907e-03
-1.202549999999999930e-03
-2.542120000000000252e-04
1.238649999999999994e-03
2.298140000000000165e-03
2.831450000000000113e-03
1.216220000000000061e-03
-2.271200000000000128e-03
-2.461889999999999998e-03
-1.579829999999999950e-03
-5.478790000000000309e-04
-3.959389999999999915e-04
-6.325120000000000048e-04
8.960440000000000288e-04
2.092169999999999967e-03
1.225420000000000068e-03
-1.965699999999999831e-05
-2.745849999999999875e-04
-5.111570000000000393e-04
-1.590019999999999932e-03
-3.393890000000000101e-03
-3.803819999999999858e-03
-2.848339999999999986e-03
-1.460509999999999933e-03
3.032059999999999901e-05
2.201299999999999785e-03
3.836920000000000174e-03
2.673430000000000077e-03
5.167309999999999829e-04
-7.344590000000000233e-04
-1.478850000000000086e-03
-1.491090000000000037e-03
-8.608999999999999465e-04
-1.868659999999999961e-04
6.635779999999999543e-04
1.667999999999999995e-03
9.419639999999999957e-04
-4.331449999999999839e-06
-1.038319999999999911e-03
-1.282029999999999975e-03
4.881959999999999859e-04
1.753659999999999984e-03
1.490580000000000030e-03
1.506740000000000011e-04
-9.434800000000000131e-04
-1.723560000000000066e-03
-1.143340000000000068e-03
-3.796830000000000035e-05
7.676090000000000430e-04
5.993570000000000147e-04
-2.480259999999999865e-04
-7.569239999999999378e-05
8.787629999999999617e-04
-3.286169999999999743e-05
-7.395239999999999756e-04
7.319279999999999623e-04
1.805689999999999986e-03
1.627240000000000067e-03
2.118769999999999909e-04
-9.128689999999999635e-04
-6.650760000000000135e-04
7.937619999999999737e-06
-9.393770000000000288e-04
-1.155559999999999921e-03
-1.297299999999999929e-03
-4.030029999999999767e-04
1.384559999999999957e-03
2.334940000000000192e-03
9.675000000000000440e-04
-3.499719999999999893e-04
-2.204669999999999883e-04
-1.592829999999999995e-04
7.656009999999999769e-04
6.330389999999999542e-04
2.251540000000000063e-04
-1.171860000000000046e-03
-5.671629999999999771e-04
-9.475160000000000266e-04
-1.207540000000000002e-03
-3.938069999999999787e-04
3.750599999999999767e-04
1.692530000000000033e-03
1.381520000000000014e-03
-6.647330000000000610e-05
-3.754459999999999829e-04
5.810490000000000403e-04
6.055229999999999554e-04
1.593629999999999960e-03
8.064100000000000261e-04
3.924059999999999831e-04
5.015170000000000435e-04
3.506000000000000110e-04
9.420369999999999525e-04
-1.745510000000000030e-04
-1.212619999999999974e-03
-2.870680000000000020e-03
-3.737429999999999919e-03
-2.953270000000000027e-03
-1.854020000000000060e-03
-3.122050000000000237e-04
1.393780000000000062e-03
2.209560000000000170e-03
2.090250000000000094e-03
3.893640000000000078e-04
-9.056739999999999756e-04
-6.476849999999999491e-04
7.350520000000000361e-04
1.262249999999999917e-03
4.587109999999999929e-04
-6.221869999999999571e-04
-2.687109999999999933e-03
-1.712259999999999954e-03
-6.847749999999999616e-05
1.690529999999999984e-03
1.408069999999999981e-03
8.298959999999999974e-04
1.014469999999999955e-03
9.165739999999999695e-04
4.046780000000000039e-04
-8.352960000000000202e-04
-9.178920000000000134e-04
-6.160550000000000097e-04
-1.384919999999999988e-03
5.797999999999999714e-05
3.298639999999999819e-03
2.704150000000000217e-03
9.094459999999999524e-04
-2.067100000000000101e-03
-3.125569999999999824e-03
-3.623190000000000091e-03
-2.938960000000000010e-03
-9.770230000000000407e-04
-1.643079999999999996e-04
9.400460000000000456e-04
1.665060000000000108e-03
1.680360000000000100e-03
1.699739999999999931e-03
1.097090000000000001e-03
1.252980000000000055e-04
6.871629999999999665e-04
6.443360000000000190e-04
7.493680000000000393e-04
-5.110840000000000012e-05
-2.033440000000000074e-03
-2.148660000000000153e-03
-1.166670000000000077e-03
3.904329999999999802e-04
1.970990000000000155e-03
1.932249999999999940e-03
1.605939999999999928e-03
1.119530000000000091e-03
-1.826420000000000040e-04
-1.520510000000000091e-03
-2.130299999999999902e-03
-1.116699999999999984e-03
-1.887559999999999932e-04
8.401380000000000393e-04
2.184129999999999839e-03
2.875490000000000077e-03
1.211320000000000105e-03
-1.106500000000000062e-03
-3.074550000000000113e-03
-4.147289999999999657e-03
-2.852250000000000184e-03
-1.073860000000000049e-03
-2.642049999999999954e-04
-1.520349999999999902e-04
1.417309999999999967e-03
4.081829999999999833e-03
6.450629999999999732e-03
5.891829999999999810e-03
3.855449999999999849e-03
1.503989999999999971e-03
-2.660279999999999879e-05
-1.581449999999999978e-04
-7.720129999999999961e-04
-1.924289999999999941e-03
-3.974939999999999724e-03
-5.015050000000000063e-03
-3.324360000000000162e-03
-8.800979999999999481e-04
6.290830000000000076e-04
7.157589999999999482e-04
-7.281580000000000170e-04
-1.373639999999999974e-03
-1.521489999999999908e-03
-2.723420000000000159e-04
1.475449999999999895e-03
2.514540000000000004e-03
2.787829999999999822e-03
1.060430000000000010e-03
-7.505839999999999951e-04
-1.711150000000000041e-03
-2.166969999999999834e-03
-1.805989999999999939e-03
-1.532699999999999904e-03
-1.028959999999999987e-03
7.025170000000000503e-04
2.128080000000000076e-03
2.725640000000000094e-03
1.154249999999999894e-03
-7.954420000000000457e-04
-9.851079999999999472e-04
6.117679999999999473e-04
8.167320000000000265e-04
-5.925140000000000398e-04
-2.466750000000000193e-03
-4.592859999999999825e-03
-4.274710000000000142e-03
-2.394349999999999951e-03
-1.081450000000000022e-04
9.472620000000000389e-04
8.605870000000000056e-04
1.533599999999999981e-03
1.971060000000000173e-03
2.190300000000000059e-03
3.772450000000000109e-04
-1.723809999999999882e-04
-3.063920000000000304e-05
6.827409999999999740e-05
9.421720000000000182e-04
9.350349999999999677e-04
3.170870000000000220e-04
-4.898970000000000294e-05
1.086970000000000037e-03
9.887090000000000234e-05
-1.249190000000000066e-03
-2.021119999999999948e-03
-1.893649999999999977e-03
-4.293389999999999902e-04
1.539400000000000067e-04
1.443880000000000033e-03
2.637969999999999898e-03
2.349389999999999812e-03
1.567269999999999948e-03
1.594799999999999950e-03
1.336820000000000066e-03
-1.596909999999999996e-03
-3.121379999999999988e-03
-2.280110000000000123e-03
-1.336119999999999940e-04
9.146570000000000351e-04
1.085969999999999904e-03
1.888490000000000047e-03
1.930300000000000028e-03
1.719220000000000036e-03
9.228189999999999614e-04
8.952870000000000359e-04
9.738060000000000205e-04
3.038539999999999948e-04
-2.549499999999999900e-04
-1.620350000000000002e-03
-2.547269999999999916e-03
-2.480990000000000192e-03
-2.114909999999999794e-03
-1.442909999999999939e-03
-2.304720000000000119e-04
1.136969999999999951e-03
1.972119999999999949e-03
2.979599999999999783e-03
2.056749999999999984e-03
6.740200000000000011e-04
-1.019830000000000026e-04
7.340880000000000094e-05
9.054980000000000234e-04
8.687890000000000196e-04
9.004010000000000008e-04
8.545140000000000114e-04
9.309939999999999839e-04
1.631480000000000040e-04
-1.443920000000000013e-03
-1.355209999999999922e-03
-1.637669999999999924e-03
-2.249500000000000197e-03
-1.419450000000000052e-03
-9.483379999999999588e-04
3.487419999999999756e-04
-1.590759999999999928e-04
5.496270000000000149e-04
2.525840000000000116e-03
2.280089999999999808e-03
3.630220000000000083e-04
-2.059819999999999967e-03
-3.312030000000000095e-03
-4.037050000000000360e-03
-2.340239999999999942e-03
-1.092110000000000086e-03
-1.256280000000000027e-03
-1.155329999999999985e-03
-1.253219999999999985e-03
-1.203260000000000050e-03
-7.219490000000000499e-04
7.750880000000000573e-05
5.475989999999999591e-04
9.952550000000000112e-04
1.399059999999999930e-03
8.086480000000000274e-04
-4.179460000000000130e-05
6.730269999999999786e-04
1.412319999999999895e-03
1.812049999999999945e-03
2.609470000000000019e-03
2.498320000000000055e-03
8.657569999999999849e-04
-1.148179999999999947e-03
-2.983669999999999899e-03
-3.873880000000000118e-03
-4.469390000000000168e-03
-3.412969999999999979e-03
-1.769189999999999912e-03
-4.823030000000000069e-04
1.177789999999999957e-03
1.893640000000000037e-03
2.300500000000000028e-03
1.633609999999999967e-03
1.485750000000000091e-03
1.670320000000000095e-03
1.319539999999999906e-03
6.852769999999999782e-04
-4.483950000000000327e-05
-8.718289999999999634e-04
-4.557839999999999852e-04
-2.130909999999999966e-04
7.699160000000000465e-04
1.578549999999999962e-03
2.118999999999999790e-03
3.365100000000000209e-03
5.346400000000000284e-03
6.071420000000000115e-03
4.079919999999999901e-03
1.164550000000000090e-03
-1.086979999999999977e-03
-1.823219999999999962e-03
-2.998949999999999793e-03
-3.327300000000000049e-03
-4.439809999999999764e-03
-4.981270000000000316e-03
-4.071690000000000205e-03
-2.993850000000000157e-03
-1.709000000000000016e-03
-2.202179999999999980e-04
2.523839999999999851e-03
3.949399999999999612e-03
4.665240000000000185e-03
4.204330000000000046e-03
2.867489999999999883e-03
1.613230000000000003e-03
6.965110000000000268e-04
-3.089289999999999961e-04
-6.719469999999999957e-04
-8.524370000000000515e-04
5.409150000000000210e-05
9.687769999999999845e-04
3.702050000000000241e-04
-7.494430000000000276e-04
-9.564449999999999948e-04
-1.716129999999999956e-03
-3.085609999999999915e-03
-2.730750000000000104e-03
-3.630140000000000016e-03
-3.162090000000000213e-03
-1.445909999999999904e-03
1.091619999999999960e-04
-4.787370000000000210e-05
-8.432519999999999556e-04
-8.656850000000000439e-04
-1.416859999999999984e-04
2.021129999999999888e-03
3.179529999999999856e-03
2.958249999999999942e-03
2.025209999999999944e-03
1.134999999999999941e-03
1.417459999999999944e-03
2.193469999999999882e-03
2.159819999999999796e-03
4.752469999999999850e-04
-9.044289999999999968e-04
-1.772209999999999975e-03
-2.707289999999999783e-03
-1.948620000000000083e-03
-2.086279999999999819e-03
-3.444539999999999842e-03
-5.163779999999999759e-03
-5.602260000000000399e-03
-4.795660000000000200e-03
-2.488039999999999956e-03
-4.322959999999999824e-04
1.029980000000000001e-03
8.831390000000000160e-04
1.152929999999999954e-04
-6.454139999999999704e-04
-1.645760000000000018e-03
-1.320470000000000020e-03
-5.026530000000000407e-04
1.309379999999999962e-03
4.317549999999999860e-03
7.113610000000000246e-03
8.359699999999999423e-03
7.434819999999999970e-03
3.262140000000000178e-03
8.668289999999999502e-04
-4.995899999999999517e-04
-4.271899999999999808e-04
4.742400000000000131e-04
3.202629999999999930e-04
-1.323519999999999905e-03
-2.521690000000000043e-03
-6.229729999999999730e-04
2.386210000000000154e-03
4.535769999999999733e-03
5.328089999999999736e-03
4.579620000000000392e-03
2.495320000000000090e-03
7.159160000000000350e-04
-1.946899999999999944e-04
-1.014539999999999973e-03
-2.580820000000000163e-03
-4.360229999999999662e-03
-5.543099999999999590e-03
-5.400340000000000001e-03
-3.770830000000000189e-03
-1.807879999999999990e-03
-3.476439999999999804e-04
3.161910000000000089e-04
1.189069999999999971e-03
-1.056349999999999954e-03
-4.298019999999999619e-03
-5.190270000000000300e-03
-3.707610000000000072e-03
-1.019630000000000102e-03
7.554100000000000062e-05
1.389959999999999980e-03
4.558960000000000139e-04
-1.458110000000000092e-03
-1.143020000000000017e-03
1.732580000000000058e-03
3.363109999999999884e-03
4.696900000000000380e-03
5.162909999999999722e-03
4.974260000000000313e-03
2.733939999999999808e-03
3.783999999999999820e-04
-4.700029999999999790e-04
-3.690510000000000145e-04
3.294549999999999822e-04
-1.011009999999999998e-05
-2.742159999999999780e-04
-1.859870000000000013e-03
-2.735809999999999978e-03
-3.501619999999999993e-03
-3.846280000000000098e-03
-3.872790000000000087e-03
-3.139620000000000084e-03
-1.033899999999999923e-03
2.264669999999999986e-04
1.586769999999999934e-03
2.148629999999999898e-03
1.812129999999999904e-03
2.822670000000000214e-03
4.071820000000000300e-03
5.055839999999999813e-03
3.390649999999999827e-03
-4.273579999999999832e-05
-2.888760000000000199e-03
-5.130100000000000285e-03
-6.416980000000000080e-03
-6.409839999999999982e-03
-3.035599999999999844e-03
9.066220000000000485e-04
3.807710000000000174e-03
4.863120000000000290e-03
4.927360000000000420e-03
4.133000000000000389e-03
2.095609999999999921e-03
1.846639999999999924e-04
-1.801740000000000026e-03
-3.706570000000000177e-03
-5.762319999999999595e-03
-6.402699999999999884e-03
-4.869049999999999767e-03
-2.136209999999999932e-03
-7.718280000000000106e-04
6.363999999999999648e-04
3.374339999999999978e-03
6.313159999999999952e-03
8.722749999999999601e-03
9.857690000000000549e-03
9.078630000000000727e-03
6.805679999999999716e-03
2.325049999999999947e-03
-2.436130000000000001e-04
-1.382640000000000084e-03
-3.245660000000000038e-03
-6.434310000000000376e-03
-8.955050000000000857e-03
-7.299029999999999754e-03
-4.737500000000000391e-03
-2.130089999999999848e-03
-1.808869999999999966e-03
-1.244969999999999974e-03
-6.922859999999999648e-04
-8.146510000000000036e-04
1.003500000000000052e-03
2.857349999999999821e-03
4.979380000000000264e-03
6.671080000000000239e-03
7.129960000000000291e-03
5.050759999999999625e-03
2.619750000000000117e-03
1.336949999999999944e-03
-1.732480000000000055e-04
-3.822899999999999736e-04
-7.442889999999999749e-04
-6.984009999999999697e-04
-2.937700000000000120e-03
-6.040689999999999601e-03
-8.209630000000000746e-03
-8.346269999999999384e-03
-6.777949999999999600e-03
-3.852379999999999867e-03
1.104460000000000034e-03
4.105479999999999893e-03
6.023569999999999793e-03
5.611599999999999575e-03
3.371289999999999877e-03
-6.413599999999999716e-05
-4.064479999999999656e-03
-5.587939999999999574e-03
-4.078759999999999851e-03
1.020840000000000072e-03
7.073880000000000272e-03
9.288700000000000429e-03
6.751649999999999666e-03
2.842059999999999986e-03
7.098300000000000529e-04
4.110529999999999826e-04
3.916789999999999747e-04
-1.383649999999999941e-03
-4.975089999999999721e-03
-8.899970000000000103e-03
-1.088229999999999927e-02
-1.011749999999999976e-02
-6.942120000000000409e-03
-2.245309999999999927e-03
2.059930000000000181e-03
5.737029999999999734e-03
8.037509999999999447e-03
7.554169999999999809e-03
4.794810000000000044e-03
2.858369999999999835e-03
7.995670000000000511e-04
-2.741940000000000111e-04
9.219329999999999973e-04
1.397119999999999959e-03
1.195220000000000093e-03
1.380799999999999953e-03
5.813479999999999776e-04
2.937880000000000135e-04
-4.699789999999999805e-04
-2.404379999999999799e-03
-2.820420000000000132e-03
-1.958759999999999928e-03
-5.464569999999999757e-04
1.653050000000000038e-04
1.744589999999999843e-05
-9.992110000000000661e-04
-1.885340000000000106e-03
-1.219470000000000059e-03
-6.851379999999999580e-04
1.540880000000000060e-04
-7.014540000000000098e-04
-2.557339999999999960e-03
-3.579090000000000049e-03
-3.856449999999999982e-03
-2.216749999999999970e-03
2.866350000000000094e-05
4.462390000000000106e-03
7.705090000000000376e-03
8.790060000000000581e-03
7.521540000000000170e-03
3.482439999999999841e-03
-7.208269999999999478e-04
-4.059379999999999586e-03
-4.782360000000000257e-03
-4.708940000000000001e-03
-4.667130000000000237e-03
-4.472359999999999877e-03
-2.656250000000000191e-03
-8.931590000000000319e-04
5.538179999999999752e-04
3.707799999999999811e-03
4.633700000000000145e-03
4.212559999999999742e-03
2.626900000000000155e-03
4.396009999999999946e-05
-2.139250000000000092e-03
-3.155910000000000052e-03
-3.284389999999999879e-03
-1.861889999999999943e-03
7.037159999999999553e-04
2.235330000000000216e-03
3.454909999999999839e-03
2.978699999999999924e-03
8.474959999999999915e-04
-8.819420000000000341e-04
-1.364269999999999892e-03
-8.901000000000000058e-04
8.852260000000000250e-04
1.763199999999999924e-03
1.034100000000000037e-03
-1.119540000000000032e-03
-2.628720000000000188e-03
-2.291189999999999807e-03
-1.938370000000000024e-03
-1.138909999999999922e-03
6.190800000000000426e-04
2.339340000000000083e-03
3.494680000000000009e-03
3.151029999999999977e-03
2.189439999999999963e-03
3.029679999999999765e-04
-3.098800000000000079e-03
-3.869710000000000164e-03
-2.947889999999999885e-03
-1.310219999999999961e-03
1.744840000000000052e-04
9.147979999999999784e-04
2.681970000000000100e-03
3.953550000000000120e-03
3.211199999999999992e-03
2.807389999999999886e-03
2.958310000000000019e-03
2.782919999999999925e-03
1.255379999999999951e-03
-8.146409999999999546e-04
-2.667469999999999911e-03
-4.604930000000000134e-03
-4.728310000000000325e-03
-3.674950000000000178e-03
-2.307510000000000030e-03
-1.144009999999999992e-03
-7.626360000000000213e-04
8.811459999999999692e-04
2.751309999999999867e-03
3.102090000000000056e-03
7.169719999999999652e-04
-1.674259999999999898e-03
-3.422060000000000206e-03
-3.777940000000000031e-03
-3.194660000000000208e-03
-1.718109999999999906e-03
8.556529999999999475e-04
1.451170000000000107e-03
2.055860000000000066e-03
1.037160000000000078e-03
8.005879999999999724e-04
1.974280000000000132e-03
2.250620000000000051e-03
1.734649999999999907e-03
2.784929999999999914e-04
-2.445169999999999982e-03
-3.770799999999999933e-03
-2.779639999999999889e-03
-1.421369999999999925e-03
-5.556349999999999614e-04
1.087129999999999954e-03
2.462719999999999840e-03
2.010989999999999826e-03
1.757080000000000057e-03
-4.312300000000000031e-04
-1.689560000000000107e-03
-1.477460000000000101e-03
1.132979999999999984e-04
2.029340000000000137e-03
2.402560000000000199e-03
1.607179999999999937e-03
-4.077780000000000250e-04
-4.067999999999999676e-05
5.844059999999999880e-04
1.378759999999999925e-03
7.057520000000000286e-04
3.162199999999999777e-04
1.958940000000000052e-04
-7.841020000000000357e-05
6.017400000000000223e-04
1.872310000000000077e-03
2.357689999999999959e-03
4.875319999999999936e-04
-1.365289999999999906e-03
-3.347619999999999936e-03
-3.458769999999999900e-03
-2.029130000000000083e-03
-9.492489999999999912e-04
-5.872499999999999899e-04
-7.585619999999999516e-04
-2.232729999999999882e-05
3.192770000000000265e-04
9.667970000000000340e-04
2.592220000000000114e-03
2.528999999999999998e-03
1.650009999999999932e-03
3.824990000000000117e-04
-8.268839999999999524e-04
-5.383049999999999901e-04
-1.926209999999999977e-04
-1.315130000000000061e-05
-7.626430000000000231e-04
-6.300799999999999847e-04
2.417770000000000130e-04
1.265489999999999974e-04
2.489149999999999978e-04
-4.444919999999999991e-04
-1.575360000000000042e-03
-3.558710000000000085e-03
-3.612750000000000076e-03
-2.767410000000000096e-03
-9.125430000000000347e-04
1.846809999999999945e-03
3.854629999999999949e-03
5.040560000000000353e-03
4.277809999999999946e-03
1.423629999999999948e-03
-2.416619999999999966e-03
-4.643679999999999856e-03
-4.791540000000000382e-03
-3.173249999999999856e-03
-1.272499999999999977e-03
-3.945290000000000168e-04
1.928280000000000044e-04
1.463389999999999960e-03
2.145579999999999796e-03
3.703709999999999815e-03
2.472910000000000039e-03
1.556190000000000047e-03
2.621790000000000145e-03
2.653400000000000203e-03
1.166649999999999979e-03
-1.141979999999999905e-03
-3.890119999999999949e-03
-5.075030000000000339e-03
-3.154899999999999979e-03
-2.374950000000000021e-04
2.580999999999999961e-03
4.222740000000000000e-03
3.569099999999999964e-03
2.130280000000000021e-03
8.709349999999999817e-04
-8.564640000000000317e-04
-1.555989999999999934e-03
-1.430559999999999991e-03
-5.882790000000000371e-04
-6.137719999999999504e-04
-1.165440000000000009e-03
-1.946540000000000076e-03
-2.245319999999999868e-03
-5.495310000000000212e-04
1.458290000000000107e-03
2.719679999999999927e-03
2.340340000000000215e-03
1.667330000000000071e-03
1.005529999999999922e-03
-1.579610000000000009e-04
-1.774210000000000023e-03
-3.182439999999999922e-03
-1.632470000000000015e-03
4.661040000000000083e-04
1.649990000000000050e-03
1.373649999999999914e-03
5.923650000000000112e-05
-1.167480000000000037e-03
-1.312280000000000087e-03
-2.059730000000000068e-03
-2.249399999999999924e-03
-1.278630000000000001e-03
2.743949999999999775e-04
4.170220000000000029e-06
-5.026289999999999881e-04
-5.056880000000000142e-04
-1.476459999999999969e-03
-7.820319999999999962e-04
-1.589860000000000123e-04
5.038300000000000330e-04
1.173779999999999919e-03
1.668339999999999927e-03
1.424630000000000080e-03
2.228169999999999804e-03
2.535100000000000200e-03
2.607500000000000009e-03
1.757059999999999959e-03
3.916589999999999850e-04
-9.982140000000000891e-04
-1.310250000000000000e-03
-2.007970000000000089e-04
7.954649999999999742e-04
9.902310000000000539e-04
5.364569999999999495e-04
8.472259999999999416e-05
-5.250679999999999540e-04
-2.293499999999999912e-04
-4.628659999999999827e-04
-2.007990000000000133e-04
-1.040029999999999948e-03
-1.196039999999999994e-03
-1.783660000000000063e-04
8.495080000000000122e-04
1.523540000000000094e-03
4.691529999999999854e-04
1.306070000000000050e-04
-1.957030000000000065e-04
-3.639560000000000234e-04
-6.076680000000000102e-04
-1.045130000000000017e-03
-1.197069999999999948e-03
-1.378569999999999969e-03
3.271220000000000166e-05
8.760169999999999849e-04
5.792790000000000352e-04
-9.859849999999999864e-04
-2.333029999999999826e-03
-1.972049999999999931e-03
-1.076740000000000076e-03
-1.559370000000000081e-04
-6.739530000000000303e-04
-7.055650000000000116e-04
2.611259999999999797e-04
1.696889999999999944e-03
2.780840000000000135e-03
2.640120000000000140e-03
1.048349999999999976e-03
-8.778980000000000030e-04
-1.174640000000000016e-03
-1.005360000000000064e-03
6.125909999999999765e-05
8.066710000000000156e-04
9.096619999999999923e-04
6.516739999999999816e-04
-6.620650000000000385e-05
-7.280029999999999618e-04
-1.164440000000000093e-03
-1.041059999999999902e-03
-9.645769999999999908e-04
1.102030000000000018e-04
1.423599999999999909e-03
2.664590000000000101e-03
2.214900000000000115e-03
4.595949999999999932e-05
-1.170559999999999960e-03
-2.186200000000000122e-03
-2.810270000000000129e-03
-1.806869999999999917e-03
-9.278710000000000343e-04
-1.061450000000000024e-03
-2.834110000000000145e-04
2.658240000000000150e-05
2.539789999999999886e-04
4.110149999999999806e-04
6.187189999999999964e-06
-4.934740000000000393e-04
-1.027810000000000095e-03
-7.096539999999999923e-04
7.036720000000000214e-04
1.185999999999999988e-03
1.088100000000000048e-03
6.781779999999999840e-04
1.198229999999999998e-03
2.207750000000000077e-03
2.062950000000000027e-03
2.215910000000000189e-03
1.581649999999999983e-03
4.038719999999999984e-04
-9.982380000000000333e-04
-1.630460000000000026e-03
-2.163770000000000190e-03
-1.717140000000000029e-03
-1.127739999999999906e-03
2.366369999999999910e-04
1.318560000000000088e-03
1.351189999999999943e-03
1.127870000000000001e-03
9.453379999999999943e-04
1.516379999999999898e-03
1.137039999999999969e-03
4.762680000000000147e-04
-3.868900000000000176e-05
3.987689999999999898e-04
5.058390000000000065e-04
-7.438009999999999620e-05
-1.223600000000000035e-03
-1.451000000000000033e-03
-1.493830000000000028e-03
-8.187739999999999775e-04
1.948230000000000014e-04
8.301060000000000513e-04
1.353220000000000030e-03
5.935310000000000065e-04
6.037279999999999903e-04
4.956379999999999597e-04
-5.740450000000000240e-04
-1.304159999999999955e-03
-9.472610000000000231e-04
-1.008439999999999987e-03
-9.574590000000000227e-04
-1.406130000000000010e-03
-1.078809999999999925e-03
-2.242839999999999960e-04
1.371569999999999907e-03
1.558179999999999938e-03
6.445129999999999870e-04
8.199029999999999730e-04
1.884489999999999950e-03
2.484080000000000055e-03
1.581630000000000102e-03
-7.234950000000000246e-05
-1.372490000000000081e-03
-1.134889999999999944e-03
-1.487720000000000101e-03
-1.310289999999999979e-03
-2.072009999999999998e-03
-2.328980000000000026e-03
-1.637620000000000004e-03
-5.913879999999999831e-04
-2.365269999999999938e-04
-3.354400000000000003e-04
-2.926119999999999828e-04
-3.262629999999999762e-04
-3.283030000000000041e-04
-2.151149999999999894e-04
1.264490000000000058e-03
1.690730000000000097e-03
1.519420000000000059e-03
1.647900000000000103e-03
9.483789999999999538e-04
-8.255379999999999554e-05
-6.332010000000000112e-04
-1.956789999999999918e-03
-2.619610000000000081e-03
-1.561139999999999924e-03
-3.160710000000000169e-04
6.597970000000000527e-04
1.408270000000000095e-03
1.454159999999999914e-03
8.015369999999999526e-04
-2.834409999999999989e-04
-1.122670000000000091e-03
-6.739930000000000096e-04
-6.515600000000000298e-04
-6.505410000000000316e-04
-7.086650000000000327e-04
-5.761019999999999943e-04
3.987460000000000071e-04
1.320570000000000077e-03
2.216899999999999947e-03
1.458230000000000030e-03
1.066660000000000091e-03
9.361350000000000487e-04
4.701239999999999868e-04
2.029579999999999904e-04
-1.437459999999999888e-04
-1.120630000000000064e-03
-1.857890000000000062e-03
-8.636660000000000214e-04
6.291969999999999594e-04
2.162850000000000016e-03
2.727770000000000021e-03
2.311730000000000122e-03
8.596520000000000290e-04
-7.392629999999999861e-04
-1.934369999999999926e-03
-2.071009999999999865e-03
-1.185899999999999932e-03
-1.358229999999999984e-03
-6.311749999999999869e-04
-3.405559999999999967e-04
2.488389999999999938e-04
1.019989999999999970e-04
-6.270979999999999784e-04
-1.508910000000000026e-04
4.680759999999999955e-04
5.537320000000000306e-04
4.721549999999999814e-04
-4.688130000000000124e-05
-1.273599999999999949e-03
-1.539750000000000103e-03
-1.457149999999999938e-03
4.693110000000000201e-05
9.483599999999999799e-04
2.080240000000000127e-03
2.156719999999999991e-03
1.331769999999999916e-03
7.117840000000000278e-04
1.947879999999999924e-04
2.743250000000000137e-04
-1.409230000000000031e-03
-1.672309999999999986e-03
-1.791620000000000061e-03
-9.360790000000000343e-04
3.773149999999999746e-04
-4.150049999999999746e-04
-8.412470000000000451e-04
-5.751009999999999543e-04
3.457019999999999776e-04
1.264469999999999960e-03
9.738459999999999998e-04
2.253740000000000008e-04
2.488270000000000217e-04
1.573439999999999951e-03
2.542169999999999846e-03
1.459229999999999946e-03
1.093149999999999981e-03
1.264460000000000020e-03
4.476700000000000015e-04
-1.600939999999999915e-03
-2.954099999999999868e-03
-3.665869999999999893e-03
-3.730110000000000023e-03
-3.138670000000000088e-03
-1.896660000000000099e-03
-1.029800000000000068e-04
8.443360000000000015e-04
1.909939999999999945e-03
2.233189999999999915e-03
2.752220000000000100e-03
3.415039999999999829e-03
2.357590000000000120e-03
1.134950000000000021e-03
-4.486660000000000171e-04
-1.805909999999999981e-03
-1.362329999999999921e-03
-1.259340000000000069e-03
-1.719229999999999977e-03
-1.379669999999999942e-03
-5.088319999999999692e-04
6.495649999999999515e-04
7.719310000000000060e-04
3.150979999999999840e-04
1.062549999999999996e-03
1.557110000000000005e-03
7.882450000000000264e-04
-9.584939999999999747e-05
-1.224679999999999909e-03
-8.759329999999999634e-04
-1.845659999999999944e-04
1.193090000000000058e-04
4.578550000000000133e-04
7.107440000000000242e-04
4.527549999999999977e-04
1.064580000000000084e-03
1.942560000000000077e-03
1.578519999999999923e-03
1.156359999999999940e-03
-5.985740000000000461e-04
-1.949699999999999957e-03
-2.704289999999999819e-03
-2.089399999999999938e-03
-1.033990000000000039e-03
4.486730000000000189e-04
3.018329999999999950e-04
-3.528250000000000245e-04
7.545540000000000266e-05
1.377629999999999914e-03
2.004759999999999962e-03
1.630520000000000103e-03
7.637619999999999696e-04
4.343940000000000019e-04
1.179810000000000103e-03
5.709800000000000118e-05
-1.029919999999999924e-03
-9.932100000000000130e-04
-9.768949999999999769e-04
-9.677180000000000070e-04
-9.575210000000000232e-04
-9.269299999999999632e-04
-9.656800000000000106e-04
-3.436530000000000249e-04
7.596789999999999749e-04
1.151249999999999930e-03
4.649799999999999832e-04
-5.526969999999999973e-04
-1.513269999999999936e-03
-1.979279999999999928e-03
-1.063579999999999951e-03
3.844210000000000248e-04
1.073750000000000052e-03
1.051309999999999962e-03
-6.159219999999999756e-04
-2.487099999999999901e-03
-2.823609999999999835e-03
-2.671670000000000121e-03
-1.005449999999999964e-03
2.314609999999999986e-04
1.092099999999999928e-03
1.572389999999999899e-03
1.921130000000000060e-03
2.856210000000000086e-03
2.979589999999999843e-03
1.953760000000000132e-03
1.155320000000000045e-03
5.903980000000000079e-04
8.139570000000000404e-06
-1.121870000000000018e-04
-2.243559999999999912e-04
-6.118490000000000300e-04
-1.600969999999999954e-03
-1.585679999999999902e-03
-9.361200000000000293e-04
-1.305439999999999888e-04
1.101079999999999968e-04
3.915500000000000035e-04
4.506930000000000029e-04
1.325409999999999902e-04
-5.078409999999999782e-04
-7.811250000000000268e-04
1.406980000000000004e-04
6.444369999999999829e-04
1.248109999999999975e-03
9.065030000000000180e-04
1.378630000000000046e-03
1.351100000000000044e-03
1.057420000000000105e-03
8.687729999999999845e-04
1.070440000000000004e-04
-5.363969999999999806e-04
-1.542860000000000065e-03
-2.627829999999999836e-03
-2.351489999999999917e-03
-1.267530000000000002e-03
-2.671940000000000036e-04
5.503630000000000024e-05
6.625289999999999717e-05
-2.131500000000000040e-04
-3.436739999999999760e-04
5.401529999999999765e-05
5.373599999999999644e-04
1.157349999999999915e-03
1.651629999999999906e-04
-1.654010000000000029e-03
-2.088410000000000179e-03
-1.222669999999999920e-03
2.416410000000000129e-04
1.737559999999999973e-03
1.224650000000000087e-03
6.699199999999999556e-04
1.507110000000000090e-03
1.561150000000000081e-03
1.273590000000000009e-03
9.268870000000000451e-04
-2.998310000000000233e-04
-9.759029999999999701e-04
-1.090110000000000037e-03
-8.321239999999999496e-04
-5.007170000000000240e-04
2.926219999999999776e-04
8.256030000000000302e-05
-5.306230000000000186e-05
1.240959999999999936e-03
1.610090000000000002e-03
1.071679999999999985e-03
6.930239999999999567e-05
-1.053410000000000067e-03
-1.107450000000000058e-03
-2.559880000000000163e-04
1.109409999999999910e-03
2.533950000000000091e-03
2.278010000000000018e-03
2.851149999999999968e-05
-1.649939999999999914e-03
-1.683590000000000000e-03
-1.733560000000000092e-03
-5.200969999999999639e-04
2.773210000000000237e-04
3.232080000000000131e-04
-7.423959999999999847e-04
-9.228860000000000405e-04
1.219320000000000042e-05
-6.938439999999999929e-05
-3.267490000000000119e-05
9.376960000000000427e-05
9.921389999999999550e-04
8.932260000000000026e-04
1.007429999999999914e-03
7.810570000000000403e-04
-5.710869999999999619e-04
-1.717250000000000026e-03
-2.019079999999999920e-03
-1.430709999999999968e-03
-2.672129999999999775e-04
9.580599999999999717e-05
7.973700000000000449e-04
1.173650000000000040e-03
1.018650000000000068e-03
7.290480000000000441e-04
1.009030000000000061e-04
-7.118110000000000192e-04
-8.413150000000000316e-04
-2.248339999999999890e-05
6.521190000000000493e-05
-2.284669999999999930e-04
-8.831250000000000124e-04
-1.657089999999999952e-03
-1.834520000000000074e-03
-9.698009999999999530e-04
-4.201750000000000081e-04
2.844489999999999866e-04
9.360469999999999641e-04
6.107569999999999666e-04
4.006959999999999732e-04
1.043120000000000028e-03
3.548080000000000222e-04
2.609940000000000155e-04
-9.198379999999999708e-04
-8.260239999999999640e-04
5.771049999999999574e-04
1.325580000000000031e-03
1.715109999999999942e-03
1.133869999999999930e-03
1.875719999999999991e-04
-1.012630000000000040e-03
-9.137219999999999500e-04
-1.370549999999999893e-03
-1.052399999999999993e-03
-8.321449999999999550e-04
-1.054440000000000021e-03
-6.649120000000000334e-04
-5.206309999999999963e-05
2.803640000000000147e-04
1.098180000000000033e-03
2.159700000000000075e-03
1.802800000000000019e-03
2.452360000000000217e-03
1.476490000000000007e-03
1.447400000000000000e-04
5.597640000000000298e-04
-6.557369999999999866e-04
-9.178050000000000531e-04
-8.637599999999999835e-04
-9.229039999999999987e-04
-3.110739999999999968e-04
7.963370000000000431e-04
1.128759999999999920e-03
1.487700000000000003e-03
1.230739999999999916e-03
8.860709999999999940e-04
2.848969999999999931e-05
-9.371820000000000541e-04
-7.036670000000000511e-04
-1.530660000000000093e-03
-1.796800000000000090e-03
-1.894700000000000030e-03
-1.092180000000000104e-03
-1.387900000000000071e-03
-1.745819999999999924e-03
-7.036679999999999584e-04
-8.790599999999999760e-04
-6.067960000000000497e-04
3.354219999999999880e-04
1.213399999999999895e-03
1.145079999999999926e-03
1.213399999999999895e-03
1.159349999999999964e-03
1.237870000000000073e-03
1.054320000000000083e-03
-3.263760000000000207e-04
-1.455200000000000026e-03
-1.625490000000000051e-03
-5.374579999999999896e-04
7.800150000000000052e-04
1.980219999999999984e-03
2.201499999999999898e-03
2.286139999999999874e-03
2.008770000000000000e-03
1.319440000000000066e-03
1.047179999999999986e-03
3.527529999999999750e-04
-3.222990000000000121e-04
-1.279809999999999932e-03
-2.369889999999999931e-03
-2.607480000000000128e-03
-2.715570000000000050e-03
-1.937530000000000025e-03
-1.156429999999999958e-03
4.791959999999999839e-04
1.629440000000000012e-03
1.855810000000000055e-03
2.250439999999999819e-03
1.129769999999999993e-03
-2.672369999999999759e-04
-7.128529999999999459e-04
-6.506500000000000131e-04
-4.518060000000000175e-04
1.834770000000000053e-04
-2.346070000000000121e-04
-4.048990000000000141e-04
3.680450000000000041e-04
1.620620000000000079e-04
-5.986459999999999872e-04
-1.201299999999999981e-03
-2.285259999999999896e-03
-2.674789999999999807e-03
-2.392329999999999804e-03
-1.522509999999999922e-03
-3.794080000000000239e-04
-3.121069999999999986e-04
-1.713859999999999884e-04
6.821159999999999723e-04
1.151179999999999912e-03
2.036300000000000002e-03
1.712030000000000019e-03
1.203190000000000032e-03
1.341869999999999999e-03
1.279669999999999896e-03
1.270489999999999987e-03
1.368379999999999987e-03
4.873489999999999853e-04
8.558069999999999870e-05
-4.354939999999999744e-04
-7.465080000000000023e-04
6.698780000000000533e-04
5.097819999999999652e-04
3.466270000000000137e-04
-4.059229999999999826e-04
-6.027279999999999660e-04
2.732079999999999904e-04
3.874160000000000190e-04
7.494150000000000204e-04
-5.792749999999999722e-04
-5.476640000000000067e-04
2.803449999999999866e-04
1.508079999999999967e-03
1.877219999999999974e-03
1.362259999999999903e-03
2.783050000000000129e-04
-7.128590000000000404e-04
-1.609189999999999926e-03
-2.787979999999999799e-03
-2.818569999999999843e-03
-2.114969999999999871e-03
-1.785600000000000034e-03
-1.617350000000000038e-03
-9.035459999999999716e-04
-5.027980000000000470e-04
1.095099999999999893e-03
1.220519999999999895e-03
2.121950000000000051e-03
1.456080000000000004e-03
3.925120000000000258e-04
-2.455180000000000098e-05
2.986980000000000190e-04
8.819760000000000273e-04
3.459150000000000245e-05
6.824209999999999499e-05
2.031539999999999865e-05
4.478849999999999986e-05
-2.118489999999999854e-06
5.498559999999999749e-05
-6.047710000000000412e-04
-6.006920000000000011e-04
9.951639999999999878e-04
1.306180000000000101e-03
8.972710000000000494e-04
8.330289999999999960e-04
-2.417519999999999988e-04
-1.033049999999999984e-03
-1.054470000000000060e-03
-9.422970000000000347e-04
1.100500000000000051e-04
8.626000000000000421e-04
8.860540000000000516e-04
8.768759999999999576e-04
3.231700000000000111e-04
-8.586810000000000276e-04
-1.131959999999999997e-03
-1.123810000000000043e-03
-1.138080000000000081e-03
-1.105450000000000009e-03
-1.749909999999999920e-03
-2.233259999999999933e-03
-2.518779999999999977e-03
-2.175129999999999945e-03
-7.893400000000000286e-04
1.724260000000000029e-03
2.131130000000000177e-03
2.556350000000000202e-03
2.829630000000000079e-03
2.428880000000000015e-03
1.686530000000000104e-03
-1.377410000000000082e-04
-1.274720000000000020e-03
-1.259429999999999968e-03
-7.087820000000000318e-04
5.403699999999999780e-04
1.909850000000000046e-03
2.178030000000000070e-03
2.030179999999999919e-03
9.248029999999999749e-04
6.790509999999999602e-04
4.376819999999999881e-05
-4.028670000000000037e-04
-3.019149999999999850e-04
-3.059940000000000251e-04
-9.280210000000000108e-04
-1.421560000000000098e-03
-1.260449999999999982e-03
-1.359359999999999995e-03
-1.322650000000000084e-03
-1.204360000000000023e-03
-3.100730000000000109e-04
-4.110249999999999754e-04
-3.110920000000000091e-04
-4.354979999999999832e-04
2.354760000000000067e-04
1.573339999999999895e-03
7.290180000000000054e-04
5.393509999999999797e-04
6.545789999999999682e-04
5.424100000000000059e-04
6.780329999999999777e-04
3.802759999999999756e-04
-3.141509999999999810e-04
-9.943009999999999522e-04
-1.463370000000000079e-03
-7.485499999999999533e-04
1.895889999999999902e-04
-4.283579999999999940e-04
-1.224440000000000088e-04
-7.145769999999999856e-05
1.488010000000000005e-04
7.483939999999999907e-04
3.976119999999999871e-04
-4.120419999999999964e-04
-1.693499999999999964e-04
5.281360000000000134e-04
8.819779999999999504e-04
7.759270000000000403e-04
7.061509999999999921e-06
-7.036800000000000390e-04
-4.722050000000000097e-04
-3.610560000000000071e-04
2.313999999999999868e-04
6.933310000000000471e-04
6.260299999999999676e-04
1.725959999999999989e-05
-4.385530000000000006e-04
-3.498379999999999936e-04
-2.040180000000000108e-04
6.331690000000000495e-04
6.331690000000000495e-04
5.923799999999999899e-04
6.851749999999999985e-04
5.148820000000000350e-04
9.268479999999999731e-04
3.833390000000000105e-04
-1.065680000000000056e-03
-1.967110000000000213e-03
-2.266900000000000078e-03
-1.096270000000000100e-03
-2.672390000000000074e-04
7.636939999999999831e-04
-7.859080000000000655e-05
-3.131249999999999810e-04
-6.017050000000000133e-04
-5.558170000000000081e-04
7.351429999999999510e-04
5.658710000000000172e-04
6.566259999999999979e-04
6.127780000000000206e-04
6.107390000000000084e-04
6.739610000000000479e-04
1.012650000000000037e-05
-4.640409999999999978e-04
-1.683230000000000078e-04
6.331740000000000198e-04
5.872870000000000304e-04
6.576470000000000276e-04
5.495580000000000126e-04
8.004079999999999572e-04
1.600889999999999995e-03
1.041059999999999902e-03
3.099250000000000117e-04
-2.692729999999999950e-04
-5.782470000000000492e-04
-1.334880000000000094e-03
-9.239299999999999987e-04
-1.246160000000000063e-03
-1.407269999999999962e-03
-1.307339999999999934e-03
-1.373620000000000093e-03
-1.360370000000000069e-03
-7.791290000000000411e-04
-2.325609999999999982e-04
-4.732129999999999974e-04
-2.713090000000000141e-04
-4.864690000000000073e-04
3.017720000000000103e-04
6.545939999999999875e-04
6.097259999999999963e-04
5.077550000000000336e-04
-9.953060000000000553e-04
-1.411350000000000018e-03
-1.701969999999999915e-03
-1.505159999999999961e-03
-6.108720000000000426e-04
-3.590019999999999756e-04
2.844389999999999918e-04
3.058539999999999892e-04
4.914420000000000290e-04
8.921909999999999693e-04
1.596809999999999940e-03
2.087299999999999833e-03
1.758950000000000010e-03
1.544809999999999977e-03
2.367719999999999807e-03
2.525780000000000039e-03
1.719180000000000057e-03
1.078799999999999985e-03
7.800259999999999616e-04
1.910889999999999941e-03
2.776629999999999984e-03
1.419389999999999975e-03
-1.260419999999999943e-03
-3.912709999999999799e-03
-5.151659999999999746e-03
-4.919159999999999679e-03
-3.284560000000000170e-03
-1.900800000000000016e-03
-5.205909999999999764e-05
2.441999999999999997e-05
4.139519999999999832e-04
1.018639999999999910e-03
9.523630000000000160e-04
1.992470000000000092e-03
1.922110000000000095e-03
3.221229999999999840e-03
3.201859999999999949e-03
2.940809999999999865e-03
2.281060000000000119e-03
-2.825099999999999769e-04
-1.645870000000000015e-03
-1.976260000000000083e-03
-1.286929999999999932e-03
-2.284640000000000000e-04
3.293209999999999866e-04
9.809199999999999257e-04
-6.836700000000000459e-05
-7.852269999999999953e-04
-8.637449999999999642e-04
-5.955589999999999539e-04
1.682090000000000017e-04
2.457080000000000266e-04
-3.630619999999999876e-04
-1.426629999999999912e-03
-1.801880000000000061e-03
-1.505140000000000080e-03
-7.097639999999999895e-04
-7.097629999999999738e-04
-5.608839999999999919e-04
4.945219999999999521e-04
1.279699999999999935e-03
1.284800000000000005e-03
1.321509999999999916e-03
7.514929999999999961e-04
-3.722339999999999872e-04
-1.092150000000000065e-03
-1.149260000000000038e-03
-6.567329999999999479e-04
-5.996280000000000533e-04
-6.312390000000000188e-04
-5.203990000000000297e-05
6.638009999999999961e-04
1.251160000000000076e-03
1.876239999999999939e-03
1.221590000000000046e-03
2.467400000000000127e-04
-1.233890000000000074e-03
-1.679500000000000003e-03
-1.003430000000000034e-03
-3.161409999999999806e-04
1.559879999999999980e-04
-5.884049999999999610e-04
-6.710009999999999543e-04
-5.509190000000000018e-05
1.019689999999999963e-03
1.386789999999999941e-03
7.209140000000000166e-04
-3.885369999999999970e-04
-6.924119999999999971e-04
-7.148449999999999770e-04
-6.120610000000000341e-05
3.629959999999999784e-04
2.763209999999999993e-04
-3.140940000000000051e-04
-8.433260000000000365e-04
-6.669140000000000051e-04
-8.096740000000000274e-04
-6.047099999999999481e-04
2.702059999999999944e-04
-3.876680000000000295e-05
-6.873060000000000497e-04
-1.505119999999999982e-03
-1.218579999999999924e-03
-7.749989999999999570e-04
-2.783969999999999978e-04
2.192250000000000025e-04
1.733390000000000018e-04
1.181839999999999974e-03
3.946180000000000087e-04
-5.109629999999999730e-06
9.074439999999999807e-05
1.213360000000000052e-04
1.264439999999999922e-03
1.866070000000000055e-03
2.651249999999999961e-03
2.412640000000000184e-03
1.244050000000000017e-03
7.576430000000000100e-04
-5.201039999999999928e-05
-2.957589999999999918e-05
-8.565960000000000230e-05
6.115569999999999962e-06
-6.913689999999999463e-04
-1.131889999999999979e-03
-1.020740000000000015e-03
-1.081920000000000104e-03
-1.085999999999999943e-03
-9.360980000000000082e-04
-7.647629999999999825e-05
-1.662110000000000117e-04
3.569390000000000057e-05
9.126499999999999847e-04
6.475250000000000320e-04
-6.423590000000000614e-05
-7.698790000000000060e-04
-6.322160000000000063e-04
1.917149999999999898e-04
7.678550000000000132e-04
3.844429999999999918e-04
-9.646400000000000070e-04
-8.901999999999999540e-04
-2.314630000000000029e-04
5.455609999999999626e-04
8.667730000000000443e-04
9.259169999999999510e-04
1.968209999999999914e-04
-1.527930000000000125e-05
9.106239999999999604e-04
8.514809999999999610e-04
8.983889999999999801e-04
3.538610000000000193e-04
-8.728559999999999791e-04
-4.557920000000000027e-04
3.081410000000000115e-06
-8.869219999999999762e-05
-5.198159999999999711e-05
-4.343740000000000123e-04
-7.515049999999999682e-04
-9.268949999999999542e-04
1.825569999999999938e-04
9.422459999999999907e-04
9.769170000000001065e-04
9.626419999999999899e-04
1.009549999999999901e-03
9.585649999999999813e-04
1.087049999999999995e-03
3.691710000000000065e-04
2.960630000000000146e-05
-5.088029999999999463e-04
-1.018660000000000008e-03
-8.300119999999999807e-04
-9.381009999999999956e-04
-8.432659999999999592e-04
-8.942509999999999869e-04
-8.422440000000000222e-04
-8.524410000000000060e-04
-8.503999999999999624e-04
-7.005009999999999666e-04
3.385899999999999956e-04
1.152320000000000080e-03
1.146209999999999937e-03
1.044240000000000099e-03
7.856670000000000114e-05
6.633110000000000601e-05
-1.498480000000000059e-04
-8.830230000000000327e-04
-7.188469999999999973e-04
-6.413480000000000266e-04
3.212649999999999946e-04
4.186379999999999718e-05
-7.219019999999999604e-04
-3.099360000000000222e-04
-5.954559999999999584e-04
-8.391670000000000379e-04
-3.257040000000000244e-05
2.916999999999999888e-04
3.253519999999999980e-04
-3.405209999999999878e-04
-7.657420000000000285e-04
-6.545919999999999560e-04
-6.923199999999999580e-04
-6.902800000000000385e-04
-6.586679999999999488e-04
-7.310660000000000509e-04
-9.272320000000000020e-05
9.698219999999999584e-04
1.365469999999999922e-03
1.184979999999999974e-03
1.515370000000000042e-03
1.675470000000000084e-03
6.108869999999999535e-04
1.040900000000000012e-04
-6.933269999999999841e-04
-6.392810000000000072e-04
-7.371730000000000383e-04
-5.872730000000000268e-04
-8.513789999999999813e-04
2.203440000000000032e-04
6.557639999999999780e-04
3.957370000000000093e-04
7.149100000000000246e-04
1.622249999999999994e-04
3.080450000000000093e-04
8.301409999999999519e-04
1.370590000000000089e-03
1.183980000000000058e-03
7.373500000000000063e-04
-4.975249999999999638e-04
-7.391960000000000154e-04
-7.310370000000000279e-04
-7.442920000000000222e-04
-7.045219999999999608e-04
-8.360639999999999695e-04
2.865600000000000143e-05
8.943959999999999931e-04
8.566679999999999911e-04
4.141120000000000087e-04
1.178900000000000087e-03
7.169700000000000422e-04
6.924980000000000501e-04
4.956949999999999898e-04
1.245189999999999915e-04
5.925850000000000193e-05
-8.839779999999999990e-04
-7.514130000000000375e-04
-1.329590000000000069e-03
-8.656189999999999805e-04
-8.747950000000000430e-04
-6.892050000000000259e-04
1.265689999999999871e-04
1.061759999999999944e-04
1.031179999999999976e-04
1.214739999999999960e-04
-6.309340000000000141e-05
-9.227130000000000271e-04
-8.717259999999999679e-04
-9.502420000000000137e-04
-7.605739999999999723e-04
9.598889999999999842e-05
-3.861230000000000299e-05
6.894660000000000155e-04
1.061660000000000078e-03
1.022920000000000079e-03
4.131270000000000038e-04
-5.219509999999999905e-04
-4.556680000000000019e-04
-8.856890000000000509e-05
4.807440000000000172e-05
-6.919159999999999666e-05
5.317569999999999979e-05
-6.483879999999999592e-04
-1.098079999999999976e-03
-9.420630000000000366e-04
-1.116430000000000070e-03
-2.710869999999999881e-04
1.197310000000000041e-03
1.821370000000000107e-03
1.969230000000000199e-03
1.253390000000000060e-03
6.884729999999999930e-04
-1.069040000000000051e-04
-2.226630000000000059e-05
-2.955489999999999853e-04
-1.043000000000000090e-03
-1.120499999999999968e-03
-1.029739999999999909e-03
-7.595139999999999791e-04
-3.240930000000000156e-04
-1.823510000000000029e-04
-2.955379999999999748e-04
-3.475430000000000164e-04
-8.139509999999999595e-05
9.016130000000000021e-04
7.792479999999999633e-04
1.297270000000000107e-03
8.842820000000000151e-04
7.904700000000000398e-04
8.282009999999999806e-04
8.016899999999999764e-04
7.986319999999999661e-04
8.312639999999999613e-04
6.395590000000000476e-04
-2.017049999999999941e-04
-1.690720000000000103e-04
-2.027209999999999993e-04
-1.823259999999999887e-04
-2.241319999999999879e-04
3.448710000000000122e-04
1.089270000000000039e-03
1.092330000000000080e-03
5.885880000000000235e-04
-3.893179999999999883e-04
-1.184699999999999902e-03
-1.243839999999999963e-03
-6.095719999999999568e-04
-1.078699999999999955e-04
-3.576990000000000052e-04
2.571589999999999887e-05
8.792019999999999892e-05
-3.138460000000000034e-04
-2.404250000000000029e-04
-2.200290000000000037e-04
-4.637399999999999747e-04
-6.534050000000000231e-04
-5.626490000000000267e-04
-5.911990000000000431e-04
-1.175499999999999896e-03
-1.313149999999999908e-03
-1.633340000000000052e-03
-1.462030000000000014e-03
-4.514890000000000136e-04
8.955569999999999503e-04
1.652189999999999995e-03
1.629760000000000063e-03
1.685840000000000082e-03
1.059739999999999988e-03
3.979440000000000104e-04
-2.811849999999999853e-04
-3.586810000000000172e-04
-2.995359999999999863e-04
-3.637760000000000082e-04
-2.964740000000000214e-04
-3.800879999999999970e-04
-2.883119999999999867e-04
-4.096570000000000116e-04
-2.454809999999999761e-04
-6.095169999999999581e-04
-6.910930000000000458e-04
-2.852439999999999815e-04
-3.872139999999999827e-04
-3.464230000000000000e-04
-3.617170000000000064e-04
-3.657940000000000150e-04
-3.464179999999999755e-04
-3.963819999999999735e-04
-2.016139999999999979e-04
6.365939999999999837e-04
5.815310000000000401e-04
6.508739999999999621e-04
5.397270000000000453e-04
8.344259999999999828e-04
9.914649999999999679e-04
4.938450000000000261e-04
7.151250000000000488e-04
4.020739999999999861e-04
-3.260010000000000251e-04
-4.045170000000000167e-04
2.450439999999999801e-04
3.531359999999999881e-04
-1.699770000000000024e-04
-1.730339999999999971e-04
6.101099999999999709e-04
6.825120000000000275e-04
5.774829999999999460e-04
7.661319999999999892e-04
-3.434279999999999923e-05
-2.953879999999999982e-04
-8.337960000000000380e-04
-1.108150000000000020e-04
4.010450000000000202e-05
-1.872900000000000042e-04
1.696120000000000017e-04
-4.615900000000000038e-04
7.481589999999999802e-06
2.267229999999999907e-04
6.855970000000000293e-04
7.579989999999999775e-04
7.386260000000000395e-04
7.732989999999999699e-04
7.539260000000000319e-04
8.008349999999999583e-04
6.468599999999999697e-04
-3.514400000000000098e-04
-1.150889999999999899e-03
-1.117240000000000030e-03
-1.123359999999999897e-03
-1.091750000000000055e-03
-1.094799999999999940e-03
-1.066249999999999924e-03
-1.068289999999999951e-03
-1.049929999999999917e-03
-1.067259999999999997e-03
-8.990060000000000455e-04
1.421259999999999874e-04
9.609599999999999609e-04
9.589229999999999803e-04
1.002770000000000050e-03
9.711639999999999466e-04
1.077220000000000044e-03
4.144029999999999827e-04
-3.325020000000000227e-05
1.217490000000000027e-04
5.343010000000000196e-05
1.309310000000000107e-04
1.013609999999999940e-04
1.492900000000000021e-04
1.472529999999999944e-04
1.666299999999999954e-04
1.972230000000000055e-04
1.788709999999999888e-04
2.390360000000000065e-04
1.564419999999999906e-04
3.348940000000000228e-04
-4.298910000000000079e-04
-7.245860000000000451e-04
-7.714910000000000170e-04
-2.913539999999999891e-05
3.359249999999999931e-04
3.563220000000000081e-04
2.451749999999999828e-04
2.043889999999999975e-04
-1.382810000000000064e-05
-7.204890000000000469e-04
-5.736479999999999531e-04
-5.858820000000000260e-04
-6.144310000000000266e-04
-4.043680000000000017e-04
8.743590000000000086e-04
8.917959999999999570e-05
2.941449999999999967e-04
5.613130000000000246e-04
3.441159999999999965e-04
5.949679999999999726e-04
2.074789999999999968e-04
-3.870130000000000163e-04
-1.140579999999999979e-03
-1.528070000000000079e-03
-1.276199999999999904e-03
-4.369700000000000125e-04
-4.685790000000000007e-04
-4.563400000000000117e-04
9.736879999999999515e-05
8.254490000000000178e-04
1.443400000000000065e-03
1.585140000000000073e-03
1.763589999999999993e-03
6.653629999999999788e-04
-3.415969999999999754e-05
-1.123209999999999920e-03
-1.289430000000000047e-03
-3.553629999999999788e-04
-4.501940000000000065e-04
-3.839100000000000021e-04
-4.185780000000000165e-04
-4.389689999999999911e-04
1.800010000000000000e-04
6.796639999999999626e-04
4.940790000000000242e-04
6.195060000000000280e-04
5.236550000000000406e-04
5.929989999999999784e-04
9.611189999999999707e-04
6.980349999999999533e-04
3.238010000000000259e-04
-3.971350000000000119e-04
-4.593350000000000059e-04
-4.103859999999999973e-04
-4.848230000000000031e-04
1.198710000000000048e-04
8.285770000000000461e-04
8.601909999999999504e-04
4.370110000000000075e-04
5.542810000000000011e-04
4.574110000000000155e-04
5.420499999999999754e-04
3.075180000000000058e-04
-5.174300000000000383e-04
-4.960130000000000094e-04
-5.388380000000000340e-04
-5.143619999999999789e-04
-5.459710000000000214e-04
-5.316919999999999502e-04
-5.643199999999999909e-04
-5.694159999999999977e-04
-5.694129999999999504e-04
-6.356919999999999845e-04
2.963309999999999924e-04
-4.817099999999999941e-04
-6.897290000000000365e-04
-6.244640000000000303e-04
-6.468949999999999787e-04
-6.856409999999999632e-04
-6.275150000000000389e-04
-7.967850000000000496e-04
-2.689649999999999905e-05
2.300749999999999952e-04
4.513559999999999794e-04
1.072370000000000007e-03
1.627090000000000090e-03
1.905479999999999978e-03
5.533390000000000227e-04
6.094260000000000432e-04
-5.826190000000000405e-04
-8.660970000000000257e-04
-8.681340000000000064e-04
-7.569820000000000108e-04
1.617850000000000104e-04
-6.458860000000000024e-05
7.532269999999999764e-04
8.684569999999999963e-04
2.617489999999999905e-05
-2.072910000000000114e-05
7.104829999999999533e-05
-6.865979999999999609e-04
-9.292869999999999950e-04
-6.441179999999999713e-06
-1.012720000000000021e-04
-4.948790000000000437e-04
-6.457939999999999904e-04
-5.744110000000000405e-04
-2.511580000000000236e-04
5.064940000000000197e-04
9.052059999999999794e-04
7.481729999999999804e-04
8.786990000000000382e-04
1.455270000000000044e-04
-2.827509999999999767e-04
-1.807760000000000053e-04
-2.715279999999999929e-04
-1.950459999999999889e-04
-8.456219999999999752e-04
-1.375869999999999958e-03
-9.975529999999999814e-04
-3.592080000000000208e-04
3.505170000000000052e-04
7.553479999999999786e-04
6.391030000000000235e-04
6.849939999999999675e-04
6.411490000000000375e-04
6.574680000000000281e-04
6.350369999999999713e-04
6.666519999999999998e-04
5.014610000000000291e-04
-4.071030000000000221e-04
-1.338160000000000076e-04
1.843389999999999981e-04
1.461549999999999991e-04
2.489109999999999958e-05
-1.028899999999999910e-03
-1.394150000000000033e-03
-1.161700000000000102e-03
-1.725599999999999877e-04
6.570190000000000058e-04
6.222540000000000363e-04
6.559240000000000036e-04
6.209260000000000517e-04
6.469639999999999809e-04
6.246980000000000284e-04
2.179500000000000122e-04
5.072059999999999546e-04
7.187930000000000144e-04
-1.991879999999999977e-05
-3.746630000000000143e-04
-2.848829999999999895e-04
-3.123569999999999776e-04
-2.767499999999999778e-04
-2.839459999999999814e-04
-2.715990000000000266e-04
2.272920000000000051e-04
9.507470000000000504e-04
8.574039999999999787e-04
6.125059999999999663e-04
4.342199999999999863e-05
-3.333990000000000109e-04
-2.427359999999999880e-04
-2.283200000000000095e-04
-2.995110000000000263e-04
3.418620000000000144e-04
1.460219999999999921e-04
-3.325220000000000259e-04
-1.511960000000000073e-04
-2.533829999999999828e-04
-1.594640000000000033e-04
-2.238549999999999904e-04
-1.254650000000000058e-04
-6.327449999999999871e-04
-9.546550000000000001e-04
-7.672160000000000351e-04
-8.674989999999999828e-04
-2.700579999999999951e-04
-1.350099999999999999e-05
5.718440000000000090e-05
6.766260000000000503e-04
5.624770000000000290e-04
6.531189999999999652e-04
1.114439999999999989e-04
-1.207420000000000037e-05
5.624059999999999953e-04
4.060169999999999990e-04
-1.434290000000000120e-04
-4.255760000000000060e-05
-4.898710000000000130e-04
-6.364320000000000350e-04
-6.206179999999999726e-04
-4.343419999999999963e-04
-4.937310000000000337e-05
3.277880000000000268e-04
4.309769999999999769e-04
-8.691850000000000476e-05
2.297090000000000058e-04
-3.257320000000000181e-04
-4.909929999999999931e-05
9.161120000000000136e-05
-1.141600000000000047e-04
9.772070000000000105e-05
1.490189999999999907e-04
1.702030000000000101e-04
6.519299999999999737e-05
-9.964769999999999802e-05
1.898969999999999879e-04
8.567869999999999675e-05
-1.075119999999999966e-04
-4.425389999999999993e-05
-6.389800000000000384e-05
-9.628469999999999650e-05
-3.250300000000000238e-04
-2.868169999999999747e-04
-9.538189999999999559e-05
3.900859999999999782e-05
3.297639999999999822e-05
1.736999999999999937e-04
5.119679999999999744e-05
2.361660000000000018e-05
-9.129510000000000281e-06
9.827670000000000047e-05
2.499530000000000241e-04
1.393939999999999871e-04
1.525359999999999910e-04
2.527490000000000089e-05
-3.573410000000000063e-05
-4.785359999999999699e-06
-1.466269999999999939e-05
7.973660000000000158e-06
-3.936249999999999794e-06
3.405529999999999902e-05
9.762589999999999647e-05
9.064539999999999783e-05
6.826820000000000479e-05
6.405780000000000187e-05
4.319359999999999926e-05
4.287890000000000039e-05
2.196980000000000097e-05
3.218420000000000265e-05
2.280629999999999881e-05
-2.468080000000000009e-06
-7.750109999999999562e-06
-3.862650000000000024e-05
-9.490940000000000308e-06
-1.833230000000000065e-05
-1.228680000000000068e-05
-1.145339999999999947e-05
-1.795520000000000048e-05
-9.065909999999999738e-06
-8.357239999999999626e-06
-3.688600000000000141e-06
-2.078930000000000101e-06
-4.765580000000000034e-06
-7.368420000000000172e-06
-8.977739999999999869e-06
-1.005640000000000082e-05
-1.042739999999999947e-05
