-3.648899999999999843e-04
-3.853989999999999738e-04
-2.978170000000000253e-04
-2.724369999999999938e-04
-2.684699999999999825e-04
-9.624920000000000675e-05
-3.890179999999999810e-04
1.525899999999999956e-03
2.753530000000000127e-03
5.005970000000000211e-03
3.755699999999999837e-03
2.798080000000000098e-03
2.206539999999999890e-03
-1.032219999999999953e-04
3.830799999999999982e-04
-6.642700000000000080e-04
-2.152139999999999869e-03
-2.530549999999999900e-03
-1.454849999999999937e-03
-1.801649999999999910e-03
-2.348320000000000095e-03
-2.089409999999999878e-03
-2.408669999999999908e-03
-1.900949999999999992e-03
1.128959999999999979e-04
6.308190000000000195e-04
3.584619999999999842e-04
6.744830000000000270e-04
2.379539999999999921e-04
8.435750000000000540e-04
-9.073660000000000536e-04
-3.111060000000000127e-03
-2.589049999999999858e-03
-2.697230000000000114e-03
-2.973659999999999932e-03
-2.592370000000000091e-03
-6.345979999999999980e-04
-3.512009999999999871e-04
-7.907809999999999492e-04
5.663800000000000084e-04
2.037750000000000065e-03
1.913259999999999961e-03
1.662330000000000058e-03
1.625549999999999912e-03
1.214519999999999966e-03
1.350070000000000089e-03
6.800379999999999966e-04
1.617079999999999906e-03
3.237340000000000009e-03
3.412650000000000145e-03
2.186879999999999987e-03
3.013539999999999882e-04
7.173260000000000096e-04
2.690749999999999945e-05
-1.852640000000000070e-04
-3.372709999999999901e-04
-5.239479999999999919e-04
-6.219080000000000094e-04
-8.452940000000000150e-04
-9.198000000000000230e-04
-1.004499999999999968e-03
-9.862119999999999827e-04
-1.131080000000000019e-03
-1.126040000000000027e-03
-1.245409999999999963e-03
-1.282179999999999952e-03
-1.333229999999999919e-03
-2.112360000000000192e-03
-1.461840000000000058e-03
-1.666860000000000043e-03
-1.375279999999999992e-03
-1.800560000000000094e-03
-7.401130000000000339e-04
-2.782390000000000037e-04
-4.343120000000000118e-04
-6.352519999999999955e-04
5.169719999999999828e-04
4.166480000000000183e-03
4.035900000000000251e-03
4.148390000000000172e-04
-3.744740000000000200e-04
3.515690000000000134e-03
2.440859999999999991e-03
-9.058999999999999561e-04
3.804119999999999811e-03
5.639560000000000059e-03
-1.444460000000000058e-03
-2.471360000000000137e-03
-2.586639999999999859e-03
-1.238619999999999955e-03
2.677039999999999888e-03
1.160680000000000088e-03
5.844949999999999798e-04
1.099410000000000101e-03
-4.648809999999999965e-04
-1.780359999999999929e-03
-4.333569999999999913e-04
4.007460000000000015e-03
1.827269999999999979e-03
-5.915389999999999754e-04
-9.413419999999999600e-04
-3.125610000000000020e-03
-3.420349999999999953e-03
4.535109999999999749e-04
4.193790000000000191e-03
-1.696129999999999903e-04
-2.472170000000000097e-03
-6.057740000000000043e-05
-1.514729999999999939e-03
-2.845489999999999998e-03
-3.971910000000000262e-04
2.634389999999999909e-03
-1.423320000000000054e-04
-2.641689999999999924e-03
-2.820169999999999882e-03
-2.859969999999999873e-03
4.989369999999999699e-04
-4.834270000000000049e-06
-1.241720000000000031e-04
3.444800000000000032e-03
2.979780000000000015e-03
-5.177980000000000430e-03
-3.846259999999999783e-03
3.167319999999999944e-03
2.895029999999999826e-03
3.918800000000000061e-03
3.039769999999999799e-03
-8.790230000000000439e-04
-5.880759999999999633e-03
-7.425649999999999785e-03
-3.347829999999999990e-03
2.391100000000000170e-03
1.585500000000000104e-03
2.098810000000000053e-04
-9.587369999999999790e-04
-1.795949999999999934e-03
1.776100000000000075e-03
2.984440000000000096e-03
4.757700000000000123e-03
4.239660000000000130e-03
1.392589999999999974e-03
-3.586699999999999958e-03
-4.410650000000000334e-03
1.076420000000000024e-03
3.908149999999999992e-03
3.127029999999999827e-03
1.082480000000000031e-03
1.457720000000000023e-03
-1.604509999999999964e-03
1.657019999999999934e-04
2.943390000000000156e-03
1.912440000000000060e-03
6.704109999999999887e-04
-1.062100000000000067e-03
8.583349999999999736e-06
-1.248739999999999919e-03
-5.359749999999999497e-04
-9.204229999999999660e-04
-2.680469999999999901e-03
-4.636180000000000054e-04
-2.891579999999999932e-03
-1.587370000000000057e-03
-2.546159999999999895e-04
-4.728479999999999966e-04
-2.291480000000000090e-04
-2.587310000000000000e-04
-5.452830000000000307e-04
-4.628239999999999611e-03
-1.135720000000000002e-03
2.451630000000000215e-03
2.327180000000000036e-04
8.904250000000000272e-04
3.050170000000000051e-03
-1.844469999999999964e-03
-6.245579999999999708e-03
-3.894120000000000047e-03
7.160099999999999972e-04
1.777530000000000039e-03
2.389350000000000154e-03
5.479079999999999888e-03
6.384820000000000035e-04
8.638330000000000487e-04
8.933980000000000003e-04
-5.525649999999999789e-04
1.436889999999999912e-03
-3.843229999999999997e-04
1.394059999999999917e-03
5.763530000000000215e-03
8.008940000000000850e-03
4.190100000000000421e-03
2.279150000000000186e-03
-4.822429999999999837e-04
-5.776609999999999731e-03
-5.727669999999999810e-03
-6.770180000000000425e-04
7.291669999999999662e-04
1.431750000000000080e-03
1.774959999999999960e-04
-2.543109999999999902e-03
-1.584579999999999930e-03
1.301220000000000068e-03
6.322829999999999770e-04
-1.491790000000000000e-03
1.091149999999999932e-03
2.157780000000000201e-03
-1.070650000000000030e-03
-4.088999999999999753e-03
-4.594779999999999698e-03
-1.585599999999999943e-03
-3.968679999999999604e-03
-2.601239999999999889e-03
-5.159160000000000525e-04
-2.328970000000000085e-03
-2.422779999999999812e-03
6.455449999999999730e-04
2.754320000000000206e-03
-2.798029999999999962e-03
-1.868050000000000006e-03
4.294100000000000347e-03
2.859360000000000027e-03
-2.260630000000000018e-03
1.034069999999999998e-03
9.331260000000000509e-04
-1.175639999999999932e-03
-8.360730000000000028e-04
3.200989999999999912e-03
6.241779999999999724e-03
1.292090000000000079e-03
-3.231400000000000266e-04
2.482100000000000105e-03
4.450159999999999880e-03
-9.053829999999999474e-04
-2.328900000000000067e-03
-2.154520000000000046e-03
-2.490009999999999966e-03
-6.147420000000000445e-04
3.325450000000000194e-03
2.917569999999999972e-03
-5.547090000000000180e-03
-6.689170000000000359e-03
-7.350960000000000133e-03
-5.702070000000000055e-03
2.756479999999999955e-03
3.829229999999999873e-03
-9.685260000000000440e-04
-9.379269999999999665e-04
2.636190000000000061e-03
6.568219999999999614e-03
5.713700000000000376e-03
-2.671409999999999930e-03
4.642210000000000130e-04
9.172599999999999504e-03
5.909519999999999704e-03
3.801779999999999830e-03
7.891870000000000482e-03
1.306590000000000008e-02
1.591499999999999859e-02
2.141840000000000063e-02
2.517300000000000093e-02
1.980629999999999891e-02
2.767840000000000144e-03
-2.870870000000000019e-02
-4.145929999999999754e-02
-2.261080000000000034e-02
-1.743170000000000136e-02
-3.046979999999999827e-02
-3.913429999999999687e-02
-4.743069999999999925e-02
-5.755949999999999955e-02
-1.835749999999999882e-02
2.297669999999999921e-02
4.460379999999999900e-02
8.009399999999999853e-02
6.797069999999999501e-02
3.784520000000000245e-02
-2.537590000000000158e-03
-7.038339999999999874e-02
-1.223579999999999945e-01
-4.774869999999999809e-02
1.134580000000000033e-01
1.578330000000000011e-01
8.041130000000000499e-02
-4.067690000000000194e-02
-9.611179999999999723e-02
-5.426770000000000205e-02
4.396589999999999700e-03
2.197850000000000151e-02
6.757250000000000235e-03
-3.974229999999999603e-03
2.275619999999999900e-03
-4.669650000000000016e-03
-3.469930000000000236e-02
-6.398750000000000271e-02
-3.231819999999999832e-02
4.790289999999999826e-02
9.529930000000000345e-02
6.764770000000000505e-02
-3.669379999999999864e-02
-7.458230000000000415e-02
-4.293439999999999757e-02
-3.194270000000000030e-04
3.370540000000000341e-02
2.510719999999999966e-02
2.142200000000000007e-02
1.663749999999999951e-02
-1.670309999999999850e-02
-2.972999999999999948e-02
-8.293520000000000406e-03
1.587989999999999888e-02
1.315320000000000031e-02
6.214009999999999846e-03
8.646050000000000610e-03
-3.793459999999999801e-03
-1.452290000000000005e-02
-9.634359999999999799e-03
1.250159999999999987e-02
2.526339999999999836e-02
6.750469999999999735e-03
-9.518070000000000003e-03
-5.285210000000000255e-03
-1.233549999999999924e-02
-2.121520000000000003e-02
-6.148879999999999797e-03
9.282500000000000820e-03
7.117959999999999999e-04
-1.315629999999999925e-02
-1.185620000000000077e-02
3.926999999999999935e-03
1.716089999999999977e-02
1.519999999999999997e-02
-4.852719999999999603e-03
-1.847309999999999924e-02
-4.987300000000000066e-03
7.156509999999999608e-03
6.572230000000000086e-03
-1.139870000000000076e-03
2.554569999999999931e-03
7.497150000000000168e-03
-3.150720000000000083e-03
-7.817950000000000593e-03
-6.224119999999999653e-03
-1.496570000000000073e-04
3.230709999999999919e-03
-2.825369999999999791e-03
-1.555649999999999915e-02
-2.214489999999999861e-02
-1.854429999999999967e-02
-5.054419999999999573e-03
6.778379999999999649e-03
1.530830000000000038e-02
2.169890000000000013e-02
2.190179999999999905e-02
2.067509999999999834e-02
1.602929999999999980e-02
1.101940000000000038e-02
4.997009999999999647e-03
9.602060000000000803e-03
1.302219999999999940e-02
7.949130000000000432e-03
-4.971700000000000121e-04
-1.008249999999999945e-02
-9.967250000000000415e-03
-9.988649999999999959e-03
-1.742849999999999955e-02
-2.217929999999999902e-02
-2.475720000000000004e-02
-2.254640000000000116e-02
-1.429590000000000027e-02
1.986959999999999855e-03
7.905399999999999927e-03
5.735460000000000384e-03
1.002340000000000002e-02
1.132960000000000043e-02
1.179569999999999924e-02
7.015239999999999844e-03
-1.042540000000000003e-03
-4.707389999999999665e-03
-2.311049999999999823e-03
5.663139999999999667e-03
7.454790000000000201e-03
1.386470000000000107e-03
-6.629509999999999917e-03
-1.338720000000000014e-02
-8.503719999999999335e-03
7.485430000000000382e-03
1.778659999999999963e-02
1.582160000000000163e-02
1.648610000000000006e-03
-7.546159999999999674e-03
-1.884690000000000063e-03
3.831679999999999743e-04
-2.329270000000000038e-03
-7.824509999999999799e-03
-7.537959999999999799e-03
-3.416259999999999956e-03
-5.628349999999999738e-05
9.296560000000000587e-03
1.508140000000000001e-02
8.459390000000000659e-03
1.269380000000000074e-03
-2.410760000000000073e-03
-3.073569999999999861e-03
-5.178259999999999634e-03
-1.138929999999999977e-02
-1.313100000000000031e-02
-6.836290000000000075e-03
-1.452179999999999964e-03
-5.456449999999999842e-04
1.191959999999999938e-03
2.779670000000000144e-03
-4.773000000000000007e-04
-1.197559999999999944e-02
-1.372650000000000085e-02
1.897639999999999917e-03
1.836809999999999832e-02
1.769919999999999827e-02
9.991150000000000725e-03
5.529899999999999920e-03
1.785509999999999918e-03
2.080209999999999872e-03
-8.463639999999999488e-04
7.668329999999999678e-04
6.831089999999999732e-03
5.255639999999999791e-03
4.050340000000000364e-03
3.271280000000000108e-03
-8.126739999999999919e-04
-1.789559999999999935e-03
-5.258620000000000308e-03
-1.183479999999999949e-02
-1.651630000000000112e-02
-1.565669999999999909e-02
-1.068039999999999962e-02
-8.559409999999999935e-03
-6.423100000000000163e-03
-5.740910000000000110e-03
-4.094060000000000060e-03
2.565710000000000126e-03
7.350220000000000191e-03
9.313180000000000763e-03
1.122919999999999995e-02
1.323399999999999924e-02
1.596679999999999974e-02
1.449950000000000024e-02
1.044100000000000063e-02
3.870979999999999994e-03
-5.941740000000000042e-03
-9.303739999999999580e-03
-5.174909999999999580e-03
-1.573259999999999936e-03
-3.618810000000000082e-03
-9.499509999999999205e-03
-8.174890000000000628e-03
1.065779999999999896e-03
6.751720000000000117e-03
6.696650000000000172e-03
4.244239999999999818e-03
-2.609269999999999905e-03
-5.859099999999999898e-03
-2.270719999999999943e-03
8.159670000000000161e-04
-6.200589999999999531e-05
-3.678939999999999901e-03
-4.447800000000000017e-03
-6.700349999999999882e-03
-7.446780000000000066e-03
-7.368259999999999740e-03
-3.316930000000000052e-03
3.111370000000000021e-03
6.530479999999999965e-03
4.981529999999999639e-03
4.412529999999999578e-03
6.976099999999999836e-03
6.099140000000000290e-03
5.956379999999999834e-03
4.605259999999999909e-03
4.001590000000000182e-03
3.108319999999999920e-03
-2.041250000000000096e-03
-6.324050000000000331e-03
-6.781900000000000428e-03
-3.364830000000000078e-03
9.791570000000000308e-04
4.498199999999999942e-03
5.984940000000000225e-03
1.877530000000000084e-03
-3.815550000000000018e-03
-7.923980000000000606e-03
-9.776810000000000361e-03
-6.074219999999999967e-03
4.427860000000000259e-04
6.722219999999999888e-04
-2.678569999999999909e-03
-6.306720000000000034e-03
-3.118070000000000130e-03
3.922049999999999842e-03
4.917300000000000317e-03
3.617159999999999907e-03
2.307839999999999805e-03
7.671540000000000130e-03
9.478479999999999198e-03
2.964529999999999943e-03
-3.974730000000000212e-04
1.904029999999999915e-03
2.537269999999999890e-03
3.193819999999999992e-04
1.297129999999999963e-04
3.999359999999999873e-04
-3.740309999999999837e-04
-2.633719999999999985e-03
-9.430379999999999926e-04
2.390409999999999931e-03
9.250769999999999523e-04
-3.658549999999999996e-03
-4.969910000000000126e-03
-1.772080000000000096e-03
5.273759999999999733e-04
-5.042320000000000309e-03
-5.996770000000000225e-03
1.038239999999999953e-03
2.974679999999999946e-03
7.343620000000000139e-04
7.970080000000000101e-05
-3.883529999999999730e-04
-3.006990000000000184e-03
-2.395159999999999911e-03
-2.443090000000000192e-03
-3.452619999999999995e-03
-2.302380000000000138e-03
2.494360000000000153e-03
7.291100000000000012e-03
5.159890000000000310e-03
1.507260000000000067e-03
-2.410489999999999942e-03
-3.443470000000000125e-03
-4.850679999999999575e-03
-8.813299999999999607e-03
-7.037980000000000104e-03
-1.114460000000000060e-03
3.871949999999999871e-03
2.292399999999999993e-03
2.948080000000000058e-03
5.317889999999999597e-03
1.772329999999999912e-03
-2.601239999999999889e-03
-3.543460000000000013e-03
6.343120000000000485e-04
9.443629999999999733e-03
1.434129999999999953e-02
1.399560000000000040e-02
1.088549999999999934e-02
6.044899999999999753e-03
-3.415919999999999916e-04
-7.133930000000000132e-03
-9.081590000000000495e-03
-7.511229999999999817e-03
-4.424560000000000125e-03
-2.284359999999999928e-04
2.726689999999999930e-03
5.534990000000000049e-03
6.060130000000000378e-03
3.732109999999999855e-03
2.263239999999999968e-04
-3.051050000000000029e-03
-4.582669999999999626e-03
-5.302600000000000195e-03
-5.676839999999999838e-03
-5.814510000000000164e-03
-3.143879999999999938e-03
1.715060000000000022e-03
2.458419999999999789e-03
-2.383199999999999815e-03
-6.974980000000000416e-03
-1.069289999999999997e-02
-1.009739999999999943e-02
-3.711920000000000063e-03
5.737790000000000425e-03
1.030099999999999939e-02
6.212960000000000010e-03
-1.684339999999999937e-04
-4.006649999999999621e-03
-4.031129999999999956e-03
-4.266700000000000007e-03
-6.953660000000000396e-03
-6.333680000000000386e-03
-2.881949999999999876e-03
7.176419999999999978e-04
4.057200000000000389e-03
8.178889999999999424e-03
1.144200000000000078e-02
1.043350000000000007e-02
5.044260000000000063e-03
4.014789999999999960e-04
9.861520000000000409e-05
3.513640000000000166e-03
4.093839999999999632e-03
1.497249999999999937e-05
9.112939999999999929e-04
5.380700000000000413e-03
9.597220000000000056e-03
4.690330000000000367e-03
-5.716889999999999646e-03
-9.476599999999999954e-03
-7.689040000000000284e-03
-4.568720000000000073e-03
-2.028620000000000076e-03
6.093780000000000464e-04
2.709979999999999854e-03
1.051920000000000025e-03
-8.019359999999999466e-04
-9.008570000000000249e-04
-8.305059999999999526e-04
-8.172589999999999759e-04
-6.979609999999999807e-04
-3.190160000000000044e-03
-2.001179999999999973e-03
3.793860000000000027e-03
2.960739999999999900e-03
-2.703340000000000108e-05
-2.154169999999999956e-03
-4.357790000000000274e-03
-5.950590000000000393e-03
-5.702809999999999997e-03
-6.067880000000000322e-03
-3.913230000000000181e-03
3.494040000000000177e-06
-4.094999999999999790e-04
3.359030000000000262e-04
1.690080000000000054e-03
4.385179999999999807e-03
4.730849999999999986e-03
3.070740000000000188e-03
2.653669999999999900e-03
4.447340000000000147e-03
4.583979999999999652e-03
1.090419999999999931e-03
6.661660000000000183e-05
6.682399999999999582e-04
3.096170000000000085e-03
1.827639999999999950e-03
-2.485109999999999793e-04
-2.284889999999999925e-03
-2.441940000000000083e-03
7.936119999999999633e-04
2.850370000000000074e-03
2.997200000000000211e-03
2.863609999999999940e-03
4.887739999999999793e-03
5.876850000000000303e-03
1.550189999999999901e-03
-3.482120000000000007e-03
-5.706130000000000230e-03
-4.592609999999999575e-03
-2.738770000000000180e-03
-2.748979999999999826e-03
-2.839739999999999886e-03
-2.481829999999999974e-03
-1.846549999999999971e-03
-3.730999999999999941e-03
-8.253440000000000776e-03
-9.378199999999999731e-03
-6.296620000000000168e-03
-2.294249999999999848e-03
-1.181809999999999989e-04
1.795680000000000128e-04
-1.600050000000000105e-04
-5.995100000000000385e-04
2.380090000000000070e-03
4.917140000000000399e-03
7.366489999999999844e-03
7.433780000000000075e-03
4.792710000000000373e-03
2.825670000000000178e-03
3.866790000000000158e-03
4.765160000000000055e-03
4.497990000000000321e-03
4.634619999999999886e-03
4.233869999999999821e-03
6.270229999999999901e-03
5.936780000000000009e-03
2.602300000000000099e-03
-1.104369999999999918e-03
-1.295069999999999945e-03
-2.655370000000000213e-03
-5.765509999999999732e-03
-7.477619999999999927e-03
-5.999039999999999755e-03
-4.429699999999999957e-03
-4.970160000000000376e-03
-7.311429999999999839e-03
-7.422589999999999744e-03
-7.761139999999999706e-03
-6.158150000000000256e-03
-2.611580000000000065e-03
-1.746869999999999977e-03
5.862390000000000092e-04
8.268869999999999996e-04
7.075760000000000166e-04
3.253799999999999835e-03
6.465900000000000120e-03
4.735439999999999615e-03
3.534209999999999869e-03
3.858480000000000069e-03
3.743250000000000050e-03
3.479139999999999924e-03
3.761379999999999823e-04
-1.898070000000000074e-04
1.338739999999999939e-03
1.393810000000000101e-03
1.454989999999999973e-03
1.564089999999999968e-03
1.530440000000000099e-03
2.069870000000000130e-03
1.058310000000000023e-03
-5.304109999999999468e-04
2.028049999999999992e-03
2.258510000000000031e-03
-5.216890000000000123e-05
3.954849999999999989e-04
-6.313700000000000215e-04
-2.248640000000000101e-03
-4.513429999999999699e-03
-4.291129999999999771e-03
-2.011049999999999904e-03
-1.268690000000000052e-03
-1.102960000000000024e-04
1.148029999999999971e-03
1.737430000000000094e-03
1.998479999999999961e-03
8.421220000000000528e-04
-1.215659999999999918e-03
-9.535960000000000226e-04
7.020109999999999436e-05
1.762529999999999945e-04
-2.346519999999999943e-03
-2.711579999999999893e-03
-2.762559999999999842e-03
-1.676559999999999899e-03
4.740239999999999732e-04
4.383370000000000148e-04
7.779059999999999751e-04
1.681189999999999941e-04
-2.016110000000000211e-03
-2.074229999999999824e-03
1.336729999999999949e-03
3.382280000000000095e-03
3.259919999999999918e-03
1.284739999999999927e-03
2.487100000000000226e-04
2.306499999999999957e-03
3.380269999999999889e-03
3.116170000000000138e-03
4.384020000000000083e-04
-2.966419999999999994e-03
-1.669340000000000060e-03
-2.784379999999999928e-04
-4.130320000000000259e-04
-5.914750000000000519e-04
-5.822890000000000487e-04
1.461229999999999994e-03
2.086320000000000015e-03
2.977519999999999776e-04
-3.083620000000000024e-03
-1.905840000000000008e-03
-1.684549999999999936e-03
-2.104659999999999951e-03
-1.951690000000000065e-03
-4.603959999999999823e-03
-3.838139999999999868e-03
-2.791899999999999937e-03
-9.043980000000000508e-04
-1.559139999999999983e-04
1.494000000000000102e-03
2.275109999999999893e-03
3.462080000000000192e-03
4.985550000000000051e-03
3.781280000000000144e-03
1.721459999999999961e-03
5.681780000000000207e-04
-2.297210000000000051e-03
-4.948460000000000011e-03
-3.628929999999999829e-03
-3.709189999999999905e-04
1.097490000000000011e-03
4.255109999999999990e-04
1.395280000000000045e-03
3.100260000000000082e-03
3.685599999999999814e-03
2.053049999999999840e-03
4.092839999999999933e-04
-1.256909999999999972e-03
-2.173619999999999806e-03
-2.115479999999999878e-03
-1.784049999999999915e-03
-2.105239999999999976e-03
-2.279199999999999998e-04
1.243549999999999951e-03
1.522979999999999950e-03
1.200770000000000092e-03
3.352389999999999797e-03
2.168520000000000170e-03
-6.550489999999999959e-04
-1.234220000000000065e-03
-1.470769999999999933e-03
1.301859999999999953e-03
2.912010000000000032e-03
2.896740000000000079e-03
-8.619040000000000338e-04
-1.887709999999999909e-03
-1.558319999999999974e-03
-1.608260000000000028e-03
-1.448129999999999947e-03
-6.823000000000000505e-04
2.166809999999999917e-03
4.618240000000000019e-03
4.777349999999999652e-03
2.510549999999999848e-03
2.482020000000000146e-03
2.653369999999999947e-03
-1.056330000000000073e-03
-6.084520000000000380e-03
-5.576669999999999718e-03
2.082150000000000114e-04
2.963519999999999870e-03
2.832009999999999823e-03
-1.322279999999999896e-03
-4.858620000000000126e-03
-5.259330000000000428e-03
-7.727010000000000302e-03
-7.616849999999999662e-03
-3.360510000000000146e-03
-1.784840000000000008e-05
2.534330000000000111e-04
-4.042459999999999782e-04
7.368550000000000186e-04
2.909909999999999927e-03
3.070040000000000009e-03
-4.285620000000000076e-04
2.312349999999999909e-04
1.622170000000000036e-03
-7.975760000000000358e-04
7.024680000000000377e-04
2.954039999999999791e-03
3.588350000000000133e-03
3.340599999999999993e-03
2.966410000000000054e-03
3.931109999999999813e-03
2.831900000000000042e-03
-3.066090000000000048e-03
-5.156459999999999863e-03
-3.537109999999999994e-03
-1.596540000000000025e-03
1.939879999999999946e-03
5.102909999999999564e-04
-1.258870000000000041e-03
-1.848210000000000087e-03
-1.595129999999999888e-04
7.796969999999999856e-04
2.006470000000000215e-03
3.690070000000000155e-03
3.261839999999999792e-03
3.082430000000000152e-03
-8.852340000000000425e-04
-1.031000000000000015e-03
4.792570000000000228e-04
-1.635579999999999977e-03
-2.532870000000000000e-03
-1.181260000000000003e-04
1.610349999999999976e-03
-1.159700000000000027e-04
-4.004109999999999852e-04
-4.360419999999999834e-04
-4.155869999999999768e-04
-5.348319999999999507e-04
-3.603980000000000009e-04
-9.446329999999999527e-04
-9.292740000000000071e-04
-5.203039999999999705e-04
-5.069830000000000213e-04
-1.450150000000000093e-03
-3.727110000000000058e-03
-2.220929999999999866e-03
-5.332299999999999887e-04
-5.464180000000000122e-04
-3.831940000000000042e-04
-4.585839999999999990e-04
-2.902599999999999755e-04
-3.992989999999999864e-04
-1.718300000000000133e-04
-3.858980000000000244e-04
9.752029999999999531e-05
2.327710000000000196e-03
2.974290000000000093e-03
1.632420000000000095e-03
6.518949999999999647e-05
4.272659999999999848e-04
2.886620000000000223e-04
6.079110000000000416e-04
2.594400000000000178e-03
4.135269999999999918e-03
2.463009999999999852e-03
7.979000000000000415e-04
1.060050000000000098e-03
1.096839999999999968e-03
1.252939999999999913e-03
1.444729999999999973e-03
1.436659999999999977e-03
1.898680000000000029e-03
6.281989999999999666e-04
-9.879629999999999055e-04
-6.656439999999999579e-04
-1.242709999999999952e-03
-3.590009999999999816e-03
-1.970609999999999810e-03
-4.664369999999999931e-04
-2.615909999999999937e-03
-4.433969999999999752e-03
-5.869629999999999813e-03
-4.801889999999999631e-03
-1.990440000000000004e-03
2.866820000000000175e-04
1.858279999999999969e-04
6.498969999999999747e-04
2.227350000000000011e-04
-1.778870000000000104e-03
-2.200929999999999814e-03
-5.295109999999999791e-04
1.307100000000000059e-03
6.749800000000000461e-04
2.653330000000000185e-03
2.660580000000000063e-03
1.072990000000000011e-03
1.757319999999999932e-03
1.368920000000000033e-03
2.252099999999999935e-03
4.412990000000000315e-03
4.972930000000000406e-03
2.066849999999999851e-03
-3.358949999999999870e-03
-4.057340000000000425e-03
-3.362810000000000148e-04
2.456840000000000065e-03
2.823029999999999810e-03
7.068229999999999999e-03
8.389900000000000482e-03
9.082399999999999154e-03
4.159340000000000086e-03
-1.297579999999999914e-02
-1.241790000000000081e-02
-3.579940000000000205e-03
2.865379999999999837e-03
6.534439999999999867e-03
5.153190000000000201e-03
2.863370000000000064e-04
-7.805239999999999748e-03
-1.082100000000000076e-02
-4.054490000000000004e-03
-2.117710000000000078e-03
-4.305329999999999574e-03
2.430170000000000160e-03
9.140419999999999795e-03
4.703380000000000061e-03
-7.115800000000000250e-03
-9.684419999999999140e-03
-1.678390000000000090e-03
3.919299999999999694e-03
3.506659999999999985e-03
-6.111810000000000018e-05
-2.540090000000000056e-03
-5.123610000000000230e-04
-1.798169999999999977e-03
-3.330159999999999978e-03
-7.757519999999999954e-04
1.108000000000000044e-03
1.671069999999999977e-03
1.044039999999999985e-03
-1.261830000000000080e-04
-8.755349999999999851e-04
8.875239999999999952e-04
2.792600000000000117e-03
2.054980000000000088e-03
7.386899999999999630e-04
3.395030000000000053e-04
5.789789999999999737e-04
9.400679999999999583e-04
1.031500000000000082e-03
7.571669999999999963e-04
1.583520000000000045e-04
-1.209119999999999970e-04
-6.132819999999999331e-05
-1.298910000000000071e-04
-2.756249999999999911e-04
-1.708229999999999872e-04
-5.760919999999999724e-05
-1.498009999999999977e-04
-2.108489999999999865e-04
-1.288039999999999953e-04
-4.962540000000000093e-05
-3.966339999999999704e-05
-7.031639999999999646e-05
