-6.472729999999999944e-05
-1.095639999999999966e-04
-9.101909999999999732e-05
7.246400000000000280e-05
1.165820000000000029e-04
1.256150000000000094e-04
1.333879999999999907e-04
1.226929999999999991e-04
1.478849999999999978e-04
1.777930000000000103e-04
1.875880000000000071e-04
1.983449999999999992e-04
2.339750000000000087e-04
2.288950000000000099e-04
1.475640000000000122e-04
3.765120000000000299e-05
-9.250729999999999435e-05
-2.050139999999999992e-04
-2.495519999999999987e-04
-2.804370000000000257e-04
-3.493910000000000028e-04
-3.187549999999999932e-04
-1.331629999999999988e-04
4.730599999999999736e-05
1.134500000000000065e-04
1.307179999999999909e-04
1.072790000000000007e-04
5.867399999999999931e-06
-4.854829999999999730e-05
3.019359999999999836e-05
1.617199999999999898e-04
2.248639999999999938e-04
2.710470000000000088e-04
2.067260000000000126e-04
2.251540000000000130e-05
-8.352889999999999913e-05
-1.414520000000000003e-04
-1.503949999999999992e-04
-6.881220000000000500e-05
1.039709999999999978e-04
3.034159999999999830e-04
3.523800000000000109e-04
1.045069999999999940e-04
-1.699100000000000046e-04
-1.591430000000000110e-05
9.771200000000000569e-06
-3.910580000000000089e-04
-3.006880000000000186e-04
-4.225339999999999766e-05
-3.006279999999999955e-04
-2.919849999999999768e-04
2.739650000000000104e-05
-1.572140000000000028e-04
-3.445030000000000184e-04
2.647489999999999956e-05
9.344820000000000427e-05
-1.570339999999999876e-04
-1.009320000000000020e-05
1.265300000000000066e-05
-6.894029999999999451e-05
2.039280000000000031e-04
3.195030000000000070e-04
-1.110490000000000001e-04
-3.593490000000000182e-04
1.130520000000000011e-04
2.795149999999999827e-04
-8.354109999999999878e-05
2.330939999999999878e-04
1.556150000000000068e-04
-5.235349999999999943e-04
-1.690460000000000075e-05
2.027719999999999891e-04
-2.005010000000000104e-04
7.619939999999999418e-05
3.141740000000000179e-04
-1.563240000000000029e-04
-3.865699999999999800e-04
1.594040000000000073e-05
-2.898949999999999748e-04
-7.245030000000000393e-04
-3.939099999999999741e-04
-2.706380000000000200e-04
-2.956950000000000073e-04
-5.552309999999999700e-05
-2.882879999999999883e-04
-2.254199999999999932e-04
-1.963500000000000022e-04
-5.291700000000000310e-04
-1.720559999999999939e-04
5.989860000000000280e-05
1.222100000000000107e-04
-6.461170000000000346e-05
-5.373709999999999750e-05
-4.064830000000000179e-04
-7.067520000000000529e-04
-1.392680000000000022e-05
-4.104429999999999732e-04
-6.160589999999999643e-04
1.777399999999999889e-04
-2.615849999999999968e-04
-1.073359999999999983e-03
-6.032569999999999469e-04
6.163399999999999977e-05
1.422729999999999929e-06
-1.429509999999999939e-04
-1.557029999999999897e-05
5.712960000000000000e-04
7.124190000000000514e-04
-5.113710000000000206e-05
-4.134489999999999780e-04
-3.050069999999999886e-04
-3.711000000000000214e-04
-6.023450000000000071e-04
-5.632649999999999680e-04
1.305259999999999934e-05
2.220780000000000106e-04
2.561989999999999843e-05
2.723539999999999880e-04
-7.185220000000000300e-05
-7.070130000000000425e-04
-2.780600000000000042e-04
4.503330000000000267e-04
-4.449399999999999785e-05
-6.777969999999999481e-04
-3.903560000000000146e-04
5.900890000000000215e-04
8.007189999999999750e-04
-3.339940000000000010e-04
-5.766019999999999522e-04
-8.252090000000000336e-04
-6.046470000000000403e-04
1.469999999999999953e-04
-5.038199999999999840e-04
1.748700000000000113e-04
5.953860000000000489e-04
-5.002390000000000059e-05
8.676950000000000331e-05
-1.076399999999999926e-03
-9.819229999999999972e-04
-6.795679999999999961e-05
-3.579209999999999906e-05
8.940449999999999960e-04
8.672079999999999546e-04
-1.127570000000000048e-03
-9.952039999999999671e-04
6.643029999999999855e-04
1.174640000000000016e-03
5.490960000000000025e-04
-1.158729999999999960e-03
-1.194189999999999922e-03
-4.174930000000000091e-04
-1.500620000000000042e-05
-4.984339999999999648e-04
9.032120000000000524e-05
7.754180000000000491e-04
-1.315909999999999942e-04
4.278379999999999922e-04
1.726300000000000057e-04
-3.354589999999999742e-04
4.010600000000000124e-04
1.103400000000000040e-03
1.197249999999999964e-03
2.554769999999999936e-04
-8.189679999999999963e-04
-9.719659999999999975e-04
-2.062780000000000061e-04
9.179540000000000139e-04
5.942879999999999994e-04
-4.065049999999999848e-04
8.535740000000000373e-05
-3.090300000000000143e-04
2.499030000000000026e-05
1.208019999999999971e-03
7.163179999999999678e-04
-7.176409999999999820e-04
-7.878660000000000220e-04
7.546519999999999704e-04
1.034580000000000005e-03
-4.353599999999999788e-04
-1.151810000000000073e-03
3.049549999999999830e-04
1.319279999999999932e-03
8.486490000000000396e-04
1.043700000000000053e-04
6.223929999999999480e-04
1.345180000000000074e-03
9.183190000000000146e-04
6.167949999999999518e-04
8.338739999999999651e-04
6.601750000000000413e-04
1.620190000000000085e-04
-2.256380000000000104e-04
-6.998030000000000353e-04
-5.530720000000000471e-04
4.912410000000000084e-04
1.134430000000000074e-03
1.384919999999999879e-04
-8.816710000000000497e-05
6.119639999999999976e-04
-2.193720000000000132e-04
6.383559999999999712e-04
3.116509999999999745e-04
-9.982129999999999649e-04
7.507399999999999577e-04
1.426619999999999971e-04
-7.902780000000000525e-04
8.315020000000000223e-04
1.349099999999999995e-03
3.599450000000000240e-04
-4.321430000000000128e-04
9.533739999999999966e-04
1.267829999999999955e-03
-6.744410000000000162e-04
-1.003710000000000106e-03
3.663909999999999959e-05
6.216760000000000428e-04
4.694710000000000051e-04
4.968670000000000118e-04
-3.146700000000000213e-04
2.930850000000000035e-04
1.781969999999999908e-03
8.309209999999999817e-04
-3.462619999999999723e-05
4.722710000000000189e-04
-7.694330000000000310e-04
-1.065619999999999979e-03
1.052729999999999985e-03
1.540740000000000078e-03
1.157279999999999897e-03
6.664369999999999756e-04
1.008720000000000059e-03
1.416640000000000043e-03
1.337199999999999977e-03
1.545670000000000073e-03
-1.562500000000000033e-04
-9.133109999999999840e-04
8.532979999999999472e-04
-1.744589999999999910e-04
-8.252459999999999657e-04
-1.619179999999999903e-04
5.903570000000000128e-04
1.325669999999999930e-03
-3.394049999999999801e-04
-8.804130000000000289e-04
1.804139999999999975e-04
1.006530000000000055e-03
1.276430000000000056e-03
1.019079999999999899e-03
2.796009999999999815e-04
7.231209999999999635e-04
1.848079999999999992e-03
1.158739999999999900e-03
-9.306260000000000443e-04
-2.101850000000000159e-03
-1.690069999999999897e-03
-7.310689999999999626e-05
5.100750000000000249e-04
-2.057989999999999993e-03
-1.789730000000000010e-03
9.002590000000000418e-04
1.043419999999999981e-03
9.679279999999999525e-04
-6.518779999999999952e-05
-9.700919999999999812e-04
1.022340000000000054e-03
1.308010000000000075e-03
-9.933879999999999967e-04
-2.052459999999999875e-03
-1.517839999999999901e-03
3.441900000000000233e-04
2.403170000000000046e-03
2.089099999999999985e-03
-1.909000000000000107e-03
-3.313700000000000152e-03
4.880700000000000077e-04
1.306239999999999962e-03
-1.585870000000000075e-03
-1.245049999999999933e-03
7.676059999999999958e-04
8.378730000000000466e-04
9.522219999999999643e-04
1.264890000000000068e-03
1.199739999999999921e-03
-4.992689999999999932e-04
-9.683089999999999883e-04
1.700700000000000085e-03
1.463649999999999934e-03
-4.964830000000000371e-04
4.177569999999999916e-04
5.663899999999999491e-04
-4.629960000000000239e-04
-8.741660000000000055e-04
5.826269999999999496e-04
1.537340000000000104e-03
-2.051040000000000068e-03
-4.739049999999999860e-03
-4.220180000000000242e-04
2.075880000000000000e-03
-6.422259999999999731e-04
1.129559999999999939e-03
1.226660000000000077e-03
-2.635859999999999852e-03
-1.264549999999999919e-03
-4.125239999999999962e-04
-2.605339999999999826e-03
1.981659999999999997e-04
2.136020000000000193e-03
-1.196470000000000042e-03
-1.190389999999999938e-03
1.556230000000000026e-03
8.758539999999999663e-05
-9.291180000000000445e-04
1.140490000000000080e-03
-2.063090000000000063e-04
-1.829890000000000032e-03
7.759600000000000178e-04
1.415330000000000017e-03
-2.144230000000000008e-03
-2.450930000000000036e-03
-1.116720000000000082e-03
-1.542469999999999996e-03
-1.510700000000000020e-03
-1.096549999999999955e-03
-1.652320000000000091e-03
-2.858050000000000000e-03
3.970600000000000236e-04
1.992170000000000139e-03
-1.138920000000000080e-03
-1.020660000000000057e-03
1.382449999999999912e-03
4.891799999999999751e-04
-1.065559999999999901e-03
6.320510000000000104e-04
3.882530000000000247e-04
-1.893759999999999975e-03
-1.430899999999999924e-03
3.976329999999999925e-04
-3.118080000000000070e-04
5.291960000000000067e-04
1.110990000000000068e-03
-3.085459999999999939e-03
-3.043129999999999794e-03
7.572430000000000003e-04
1.161759999999999963e-03
-2.482030000000000087e-03
-3.952820000000000118e-03
4.225349999999999787e-05
1.611320000000000070e-03
-9.633709999999999756e-04
-1.718729999999999911e-03
-6.289239999999999978e-04
-1.315900000000000056e-03
-5.416940000000000080e-04
1.443660000000000039e-03
7.264899999999999917e-04
-1.283599999999999975e-03
-1.501509999999999954e-03
8.268649999999999785e-04
1.912520000000000019e-03
1.751299999999999905e-03
-8.740959999999999876e-04
-2.730579999999999813e-03
6.617580000000000294e-04
-1.500019999999999912e-04
-2.308839999999999937e-03
-8.240259999999999469e-04
-5.426920000000000008e-04
-1.404450000000000013e-04
-5.420480000000000523e-04
9.909499999999999906e-04
1.231820000000000007e-03
-2.650519999999999959e-03
-2.149250000000000119e-03
1.397460000000000108e-03
1.511619999999999978e-03
1.944020000000000134e-04
6.693610000000000445e-05
-5.120530000000000524e-04
7.963690000000000048e-04
2.322209999999999899e-03
1.816799999999999925e-03
-6.980130000000000405e-04
-2.154989999999999857e-03
7.975630000000000479e-04
1.226880000000000071e-03
-3.484870000000000263e-04
-1.512179999999999904e-03
-2.265309999999999980e-03
2.055450000000000116e-04
1.976530000000000214e-03
1.223590000000000094e-03
-1.731469999999999928e-03
-2.038750000000000197e-03
1.751780000000000091e-03
1.948120000000000017e-03
-1.456449999999999976e-03
-3.488300000000000168e-03
-2.548920000000000092e-03
-1.031259999999999989e-03
5.446259999999999860e-04
1.382849999999999921e-03
-1.578380000000000104e-03
-3.576100000000000025e-03
-7.037910000000000520e-05
1.600139999999999896e-03
4.312280000000000258e-04
-3.519910000000000118e-04
-2.857160000000000082e-03
-1.628270000000000021e-03
1.166319999999999987e-03
-1.387949999999999991e-03
-1.430829999999999906e-03
1.213939999999999941e-03
1.395470000000000000e-03
9.846550000000000788e-04
6.711900000000000028e-04
7.876919999999999929e-04
-2.642240000000000235e-04
6.281200000000000238e-04
8.913099999999999756e-04
-1.510360000000000088e-03
-3.924320000000000130e-04
5.929229999999999744e-04
8.112040000000000483e-04
2.059849999999999789e-03
1.757199999999999995e-03
-8.416950000000000516e-04
-1.696650000000000068e-03
9.558410000000000257e-04
1.977079999999999983e-03
8.418069999999999720e-04
-8.796980000000000468e-04
-1.499939999999999954e-03
2.182499999999999924e-04
1.356210000000000054e-03
6.907239999999999821e-04
-7.975410000000000268e-04
-1.473289999999999930e-03
9.048549999999999822e-04
2.042239999999999854e-03
-8.748890000000000052e-04
-1.553109999999999907e-03
6.759459999999999687e-04
1.603470000000000069e-03
6.649349999999999618e-04
-1.251179999999999957e-03
3.683490000000000202e-04
1.380829999999999991e-03
-1.111219999999999976e-04
3.495579999999999759e-04
-9.422000000000000253e-04
1.367440000000000074e-05
1.287530000000000055e-03
-4.561030000000000206e-04
9.712979999999999964e-04
2.096220000000000201e-03
-7.671660000000000068e-04
-3.236849999999999884e-03
-9.445999999999999753e-04
1.090269999999999954e-03
-9.129410000000000129e-04
5.423920000000000477e-04
1.499480000000000084e-03
-2.159789999999999865e-05
4.107690000000000104e-04
-3.043349999999999788e-04
2.441060000000000105e-04
6.317999999999999615e-04
-3.792980000000000266e-04
-4.359159999999999782e-05
1.499090000000000076e-05
-1.155970000000000088e-03
-2.585080000000000125e-04
-1.135039999999999921e-03
-1.849790000000000028e-03
1.516589999999999952e-02
3.417459999999999942e-02
2.937999999999999987e-02
2.000700000000000048e-02
1.150370000000000038e-02
4.924120000000000146e-04
-2.439339999999999911e-03
-4.695620000000000176e-03
-4.439270000000000369e-03
-1.683330000000000026e-03
-5.187830000000000046e-03
-6.728600000000000379e-03
-1.053810000000000077e-03
5.020300000000000110e-03
4.706489999999999806e-03
2.322969999999999885e-04
2.418309999999999958e-04
1.807720000000000073e-03
4.612930000000000329e-03
1.121280000000000020e-02
1.590849999999999903e-02
1.429500000000000041e-02
2.508100000000000086e-03
-1.096699999999999932e-02
-1.386350000000000082e-02
-1.222250000000000072e-02
-1.358260000000000023e-02
-1.302599999999999938e-02
-8.348529999999999840e-03
-4.537239999999999676e-03
-4.742299999999999641e-03
-1.204399999999999915e-02
-1.607429999999999970e-02
-7.697719999999999910e-03
-1.796920000000000028e-03
-2.776209999999999876e-03
-6.462319999999999696e-03
-1.095220000000000048e-02
-8.620430000000000106e-03
-3.828900000000000099e-03
-2.090939999999999899e-03
-1.113019999999999982e-02
-3.019700000000000162e-02
-4.130319999999999825e-02
-4.633400000000000019e-02
-5.298939999999999900e-02
-5.457329999999999820e-02
-5.609390000000000209e-02
-6.119089999999999946e-02
-5.978320000000000162e-02
-5.358380000000000087e-02
-5.526409999999999656e-02
-6.560810000000000253e-02
-7.381640000000000423e-02
-8.407280000000000308e-02
-9.660610000000000031e-02
-1.016460000000000002e-01
-1.045949999999999935e-01
-1.069630000000000025e-01
-1.027480000000000060e-01
-8.589529999999999388e-02
-4.375319999999999904e-02
2.608699999999999908e-02
9.979720000000000257e-02
1.502469999999999917e-01
1.759060000000000068e-01
1.861970000000000014e-01
1.842429999999999901e-01
1.757410000000000083e-01
1.661100000000000076e-01
1.549649999999999916e-01
1.445329999999999948e-01
1.336309999999999998e-01
1.145579999999999932e-01
8.142080000000000151e-02
3.186640000000000306e-02
-1.241410000000000083e-02
-2.458729999999999943e-02
-6.386550000000000386e-03
3.010900000000000035e-02
6.209409999999999930e-02
7.821409999999999474e-02
7.479900000000000437e-02
4.311380000000000073e-02
1.601489999999999901e-03
-2.152120000000000075e-02
-2.284100000000000019e-02
-1.416689999999999963e-02
-4.987069999999999698e-03
2.528580000000000107e-04
4.917219999999999924e-03
6.666280000000000122e-03
2.255309999999999954e-03
-8.788600000000000578e-03
-2.190289999999999945e-02
-3.758460000000000273e-02
-5.492409999999999654e-02
-6.527030000000000332e-02
-6.831310000000000160e-02
-6.543970000000000342e-02
-6.305470000000000519e-02
-5.999639999999999834e-02
-5.485310000000000186e-02
-4.855009999999999881e-02
-4.207439999999999791e-02
-3.939129999999999715e-02
-3.632579999999999837e-02
-2.866629999999999873e-02
-2.334740000000000079e-02
-2.584650000000000142e-02
-2.769539999999999849e-02
-1.949060000000000029e-02
6.387649999999999925e-03
4.472670000000000118e-02
7.984330000000000593e-02
9.831950000000000411e-02
1.020429999999999948e-01
1.065989999999999993e-01
1.150100000000000011e-01
1.208000000000000046e-01
1.181330000000000019e-01
9.366489999999999538e-02
2.724769999999999970e-02
-6.187829999999999719e-02
-1.165950000000000042e-01
-1.207239999999999980e-01
-1.054289999999999949e-01
-9.227870000000000517e-02
-8.101700000000000568e-02
-6.597970000000000224e-02
-4.594030000000000336e-02
-2.403119999999999909e-02
1.039400000000000003e-03
1.823400000000000021e-02
9.997970000000000121e-03
-1.329299999999999926e-02
-3.093749999999999972e-02
-4.409210000000000212e-02
-5.640379999999999699e-02
-5.478100000000000330e-02
-3.414319999999999855e-02
1.725050000000000108e-03
4.231639999999999707e-02
6.863550000000000206e-02
7.722590000000000010e-02
7.268080000000000374e-02
5.769289999999999835e-02
3.542460000000000053e-02
9.468870000000000758e-03
-1.430380000000000019e-02
-4.182269999999999738e-02
-6.384230000000000460e-02
-5.689410000000000300e-02
-3.457199999999999857e-02
-1.542639999999999983e-02
1.954299999999999961e-03
9.251969999999999986e-03
1.215839999999999976e-02
3.303729999999999861e-02
6.402549999999999908e-02
8.336109999999999354e-02
8.650960000000000594e-02
7.049149999999999860e-02
3.913670000000000343e-02
2.191799999999999825e-03
-3.187340000000000312e-02
-4.151790000000000341e-02
-2.383889999999999967e-02
-2.202060000000000042e-03
1.004889999999999950e-02
1.823489999999999833e-02
2.512500000000000150e-02
2.662430000000000005e-02
3.391700000000000270e-02
4.390489999999999671e-02
3.871009999999999729e-02
7.683470000000000404e-03
-4.506219999999999670e-02
-8.811420000000000363e-02
-1.037639999999999951e-01
-9.256939999999999613e-02
-3.810360000000000136e-02
3.861839999999999717e-02
7.103579999999999617e-02
6.104339999999999766e-02
3.702960000000000279e-02
-5.905129999999999754e-03
-5.649880000000000180e-02
-8.756049999999999944e-02
-8.903959999999999653e-02
-7.524780000000000357e-02
-3.758129999999999804e-02
2.946999999999999967e-02
8.324600000000000055e-02
8.203059999999999519e-02
2.749820000000000042e-02
-4.820780000000000204e-02
-1.107390000000000041e-01
-1.412849999999999939e-01
-1.346279999999999977e-01
-1.033759999999999957e-01
-6.818760000000000099e-02
-3.448020000000000251e-02
-1.411349999999999931e-02
-8.518480000000000149e-03
-4.226869999999999868e-04
2.310330000000000022e-02
5.869760000000000255e-02
8.055229999999999335e-02
8.156159999999999799e-02
6.582659999999999900e-02
2.419899999999999829e-02
-3.689320000000000099e-02
-8.073339999999999683e-02
-8.858280000000000320e-02
-7.245070000000000676e-02
-3.861429999999999724e-02
7.836160000000000000e-03
4.822370000000000129e-02
5.859240000000000281e-02
4.770370000000000166e-02
4.299569999999999781e-02
4.773140000000000022e-02
5.497330000000000272e-02
5.952140000000000208e-02
5.829179999999999778e-02
4.881710000000000216e-02
3.129719999999999724e-02
1.301620000000000034e-02
-3.553939999999999790e-04
-3.819669999999999836e-03
2.860300000000000082e-03
1.171260000000000009e-02
1.737050000000000052e-02
1.510970000000000021e-02
1.847289999999999913e-03
-1.207540000000000002e-02
-1.467289999999999914e-02
-4.497020000000000010e-03
1.651870000000000074e-02
3.996430000000000121e-02
5.113560000000000327e-02
4.481480000000000186e-02
2.844850000000000156e-02
8.138470000000000079e-03
-9.531070000000000861e-03
-1.505839999999999956e-02
-1.315810000000000070e-02
-6.029679999999999936e-03
4.873419999999999835e-03
8.830469999999999986e-03
2.477979999999999853e-03
-1.226730000000000008e-02
-2.930750000000000022e-02
-4.400720000000000326e-02
-5.108349999999999697e-02
-4.299200000000000244e-02
-2.450899999999999954e-02
-8.960819999999999549e-03
1.325620000000000010e-03
1.106859999999999962e-02
1.349649999999999982e-02
5.179239999999999886e-03
-3.953879999999999895e-03
-6.265970000000000047e-03
-3.138329999999999939e-03
-9.174709999999999983e-04
6.708949999999999983e-03
2.278530000000000139e-02
3.980369999999999742e-02
5.411599999999999744e-02
6.024240000000000150e-02
5.991389999999999910e-02
4.720440000000000053e-02
1.971370000000000067e-02
-3.696379999999999978e-03
-1.363280000000000047e-02
-1.381699999999999942e-02
-1.365449999999999997e-02
-1.784399999999999875e-02
-2.411210000000000089e-02
-3.085809999999999942e-02
-3.644889999999999936e-02
-3.573350000000000137e-02
-3.308280000000000248e-02
-3.768450000000000272e-02
-4.412089999999999762e-02
-5.193140000000000256e-02
-6.066860000000000308e-02
-5.700569999999999943e-02
-3.917930000000000024e-02
-1.851320000000000049e-02
6.765089999999999645e-03
3.444579999999999864e-02
5.547320000000000029e-02
6.716690000000000160e-02
6.155050000000000104e-02
4.342870000000000064e-02
1.617659999999999931e-02
-1.130450000000000031e-02
-1.672869999999999913e-02
-4.655890000000000202e-03
1.375799999999999940e-02
3.008689999999999976e-02
3.172520000000000201e-02
1.567460000000000034e-02
-1.011500000000000073e-02
-2.827850000000000155e-02
-3.228670000000000151e-02
-3.004420000000000007e-02
-1.874929999999999999e-02
1.466049999999999992e-03
1.625249999999999959e-02
2.173140000000000141e-02
2.476750000000000132e-02
1.863630000000000148e-02
7.594290000000000502e-04
-1.584409999999999985e-02
-2.493510000000000171e-02
-1.822700000000000015e-02
2.795310000000000069e-03
2.581249999999999864e-02
3.709330000000000266e-02
3.213200000000000084e-02
1.393929999999999995e-02
-8.094290000000000512e-03
-1.489309999999999939e-02
-1.615360000000000060e-02
-1.772340000000000027e-02
-1.646219999999999975e-02
-1.967910000000000145e-02
-2.380689999999999890e-02
-2.543099999999999875e-02
-2.754200000000000051e-02
-3.224810000000000176e-02
-3.133570000000000105e-02
-2.084640000000000104e-02
-2.594620000000000173e-03
1.754839999999999872e-02
3.045060000000000128e-02
4.052120000000000027e-02
4.634979999999999656e-02
4.777350000000000346e-02
4.473089999999999705e-02
2.417290000000000064e-02
-2.353599999999999963e-03
-1.792329999999999965e-02
-2.343519999999999978e-02
-1.673610000000000028e-02
-6.004839999999999787e-04
9.644150000000000639e-03
4.361589999999999825e-04
-2.071900000000000130e-02
-3.752550000000000330e-02
-3.770060000000000078e-02
-2.151010000000000075e-02
-4.162990000000000093e-03
8.921939999999999732e-03
1.431190000000000066e-02
5.964200000000000230e-03
-9.648890000000000244e-03
-1.931209999999999871e-02
-1.739430000000000143e-02
-8.424720000000000125e-03
4.156760000000000229e-04
5.450240000000000293e-03
1.038399999999999913e-02
1.485399999999999915e-02
1.423780000000000011e-02
1.607019999999999976e-02
2.169199999999999948e-02
2.384429999999999883e-02
2.008559999999999859e-02
1.016880000000000041e-02
1.470750000000000052e-03
9.169370000000000472e-04
3.792390000000000084e-03
8.576280000000000361e-03
7.721020000000000313e-03
-2.811220000000000125e-03
-5.254909999999999790e-03
-4.442989999999999960e-03
-1.197439999999999963e-02
-1.845520000000000146e-02
-1.899019999999999875e-02
-1.271959999999999931e-02
-6.599790000000000344e-03
-1.014810000000000018e-02
-1.310790000000000045e-02
-1.259730000000000051e-02
-1.325010000000000077e-02
-1.231660000000000046e-02
-1.174470000000000028e-02
-1.209990000000000024e-02
-1.777089999999999920e-02
-2.539220000000000019e-02
-1.917309999999999848e-02
-2.078689999999999791e-03
1.360120000000000079e-02
2.476920000000000163e-02
2.493110000000000118e-02
1.510419999999999992e-02
5.736390000000000065e-03
-5.900070000000000314e-04
9.477770000000000162e-04
7.734969999999999866e-03
1.205670000000000006e-02
1.304800000000000057e-02
6.276659999999999878e-03
-3.515250000000000145e-03
-1.055889999999999954e-02
-1.729589999999999947e-02
-1.727100000000000163e-02
-1.788659999999999914e-04
2.222910000000000164e-02
3.498539999999999983e-02
3.995939999999999909e-02
3.767290000000000222e-02
2.878700000000000009e-02
2.074350000000000152e-02
1.612649999999999847e-02
1.311619999999999973e-02
1.227149999999999942e-02
9.005439999999999973e-03
6.514459999999999966e-05
-9.874569999999999181e-03
-1.607659999999999992e-02
-2.556129999999999861e-02
-3.378760000000000097e-02
-3.470940000000000136e-02
-3.361730000000000274e-02
-2.917650000000000104e-02
-1.551809999999999995e-02
1.302009999999999973e-02
2.988029999999999853e-02
2.878740000000000118e-02
2.674489999999999854e-02
1.693800000000000167e-02
5.565610000000000349e-03
-3.902529999999999975e-03
-1.272009999999999981e-02
-1.634860000000000133e-02
-2.335409999999999917e-02
-2.705909999999999913e-02
-2.118439999999999906e-02
-2.195189999999999989e-02
-2.958430000000000087e-02
-3.160820000000000296e-02
-2.347430000000000003e-02
-4.737990000000000083e-03
2.248700000000000004e-02
4.237740000000000257e-02
4.698460000000000136e-02
3.798159999999999731e-02
2.123900000000000093e-02
1.229650000000000014e-02
1.304400000000000004e-02
2.046359999999999846e-02
2.609370000000000092e-02
2.209099999999999953e-02
1.443380000000000010e-02
6.164829999999999616e-03
-3.416499999999999832e-03
-1.430760000000000018e-02
-2.266249999999999862e-02
-2.709539999999999865e-02
-3.030880000000000032e-02
-2.883319999999999980e-02
-1.955219999999999875e-02
-4.461320000000000389e-03
9.701700000000000601e-03
1.896609999999999963e-02
2.334709999999999910e-02
2.399060000000000081e-02
2.658860000000000043e-02
2.710129999999999831e-02
1.912060000000000148e-02
9.460299999999999612e-03
1.350880000000000049e-03
-1.308439999999999950e-02
-3.050929999999999961e-02
-4.017600000000000338e-02
-4.547559999999999797e-02
-4.730299999999999783e-02
-4.296370000000000050e-02
-2.333839999999999873e-02
4.321020000000000069e-03
1.707289999999999849e-02
1.779129999999999948e-02
1.117259999999999955e-02
5.898060000000000108e-03
6.799600000000000262e-03
6.539889999999999592e-03
1.160800000000000026e-02
1.753549999999999900e-02
1.361620000000000018e-02
1.014709999999999918e-02
9.119409999999999669e-03
9.815459999999999810e-03
1.636210000000000095e-02
2.207949999999999843e-02
2.383640000000000064e-02
1.606549999999999992e-02
-3.638380000000000086e-04
-1.524610000000000028e-02
-2.462610000000000146e-02
-2.208380000000000065e-02
-1.410319999999999976e-02
-1.316679999999999934e-02
-1.504139999999999991e-02
-1.295950000000000053e-02
-4.735900000000000352e-03
4.391169999999999796e-03
1.084979999999999972e-02
1.624969999999999887e-02
2.425350000000000075e-02
3.172760000000000163e-02
2.780200000000000032e-02
1.458710000000000041e-02
-2.323899999999999892e-04
-1.518700000000000085e-02
-2.937249999999999930e-02
-3.665870000000000239e-02
-3.500840000000000202e-02
-2.920599999999999932e-02
-2.008319999999999897e-02
-7.737449999999999883e-03
5.602959999999999711e-03
7.307049999999999830e-03
2.280469999999999936e-04
5.526899999999999955e-04
1.251479999999999910e-03
-1.419740000000000064e-03
-8.757040000000000440e-04
-1.833929999999999892e-03
-9.439519999999999855e-03
-1.363630000000000050e-02
-1.533920000000000075e-02
-1.826859999999999942e-02
-1.861439999999999970e-02
-1.896470000000000100e-02
-1.514839999999999937e-02
-4.815309999999999729e-03
8.102430000000000743e-03
2.234010000000000162e-02
2.986089999999999925e-02
2.314220000000000166e-02
8.067319999999999353e-03
-9.265380000000000144e-03
-1.721119999999999942e-02
-1.379419999999999952e-02
-1.197420000000000082e-02
-1.227250000000000042e-02
-1.193110000000000004e-02
-1.191380000000000043e-02
-1.705550000000000122e-02
-2.626130000000000131e-02
-3.111159999999999967e-02
-3.514169999999999794e-02
-3.970830000000000193e-02
-3.964249999999999718e-02
-3.586260000000000142e-02
-3.228790000000000132e-02
-3.419470000000000148e-02
-4.110609999999999958e-02
-4.614370000000000277e-02
-4.902259999999999951e-02
-4.946629999999999777e-02
-4.380169999999999897e-02
-3.570849999999999719e-02
-2.998699999999999977e-02
-2.249730000000000132e-02
-8.190799999999999817e-03
1.266079999999999983e-02
3.504220000000000251e-02
5.016459999999999669e-02
5.173099999999999921e-02
3.981599999999999723e-02
2.262729999999999950e-02
9.215879999999999211e-03
-2.254679999999999792e-03
-1.228349999999999928e-02
-1.101229999999999917e-02
-1.614470000000000011e-03
8.235080000000000525e-03
2.022099999999999939e-02
3.088310000000000013e-02
3.494950000000000140e-02
3.224860000000000226e-02
2.669459999999999888e-02
2.488970000000000071e-02
3.156699999999999784e-02
3.946229999999999877e-02
4.619759999999999839e-02
5.453680000000000333e-02
6.039590000000000236e-02
6.468300000000000438e-02
6.641469999999999319e-02
6.430189999999999517e-02
5.801250000000000157e-02
4.043689999999999785e-02
7.634079999999999686e-03
-2.217360000000000164e-02
-3.339040000000000064e-02
-3.386379999999999946e-02
-3.416729999999999767e-02
-3.361080000000000317e-02
-3.303060000000000024e-02
-3.459199999999999775e-02
-2.880689999999999987e-02
-1.531060000000000060e-02
2.940100000000000179e-03
1.809819999999999832e-02
1.601819999999999980e-02
1.262289999999999896e-03
-1.617189999999999947e-02
-2.995890000000000011e-02
-3.992489999999999928e-02
-5.253560000000000174e-02
-5.993129999999999985e-02
-5.872519999999999823e-02
-5.242089999999999944e-02
-3.864329999999999848e-02
-1.890980000000000091e-02
5.476680000000000263e-03
2.883420000000000080e-02
4.684259999999999813e-02
6.160619999999999985e-02
6.756769999999999443e-02
5.542020000000000279e-02
2.121879999999999947e-02
-2.069029999999999828e-02
-4.638849999999999918e-02
-5.426530000000000242e-02
-5.363149999999999862e-02
-4.546420000000000322e-02
-3.785129999999999745e-02
-3.159780000000000227e-02
-2.493110000000000118e-02
-8.226199999999999485e-03
1.824430000000000149e-02
1.824049999999999977e-02
7.912310000000000523e-03
4.407780000000000031e-03
-4.434689999999999813e-03
-1.127419999999999985e-02
-1.448939999999999950e-02
-1.320499999999999972e-02
-7.611389999999999996e-03
-2.139649999999999885e-03
2.570729999999999803e-03
4.987100000000000387e-03
4.058120000000000130e-03
7.528949999999999532e-04
6.602389999999999648e-04
5.193599999999999606e-03
1.117770000000000048e-02
2.483060000000000128e-02
4.001539999999999958e-02
5.515509999999999857e-02
6.935209999999999986e-02
7.940490000000000048e-02
8.754530000000000645e-02
8.954660000000000397e-02
8.978809999999999569e-02
8.878590000000000093e-02
8.051099999999999923e-02
6.796309999999999851e-02
5.884940000000000310e-02
6.085709999999999731e-02
6.995250000000000079e-02
7.822079999999999311e-02
7.884529999999999317e-02
6.379070000000000573e-02
3.885700000000000265e-02
1.639979999999999910e-02
8.590170000000000054e-04
-1.085189999999999939e-02
-1.444119999999999952e-02
-1.595579999999999915e-02
-2.650200000000000125e-02
-3.492809999999999665e-02
-4.046629999999999672e-02
-4.535770000000000080e-02
-4.303370000000000112e-02
-3.912670000000000037e-02
-3.632280000000000231e-02
-3.650350000000000122e-02
-3.981069999999999748e-02
-4.114729999999999777e-02
-4.130759999999999987e-02
-3.986839999999999828e-02
-3.769349999999999784e-02
-3.371369999999999922e-02
-2.613740000000000160e-02
-2.186429999999999971e-02
-2.361829999999999832e-02
-2.925180000000000141e-02
-3.844109999999999888e-02
-5.264010000000000217e-02
-6.653950000000000142e-02
-6.955490000000000284e-02
-6.522619999999999807e-02
-5.776379999999999709e-02
-4.429969999999999741e-02
-3.586870000000000336e-02
-2.655340000000000131e-02
-1.049590000000000072e-02
-5.372990000000000231e-03
2.508600000000000153e-03
1.107499999999999978e-02
5.406860000000000312e-03
-4.100859999999999575e-03
-1.222389999999999935e-02
-8.240549999999999264e-03
5.044459999999999743e-03
1.908090000000000133e-02
3.723110000000000308e-02
5.331820000000000309e-02
6.329840000000000466e-02
6.857000000000000595e-02
6.518809999999999882e-02
5.720870000000000122e-02
5.152770000000000267e-02
4.694240000000000218e-02
4.289350000000000107e-02
3.741089999999999693e-02
2.212329999999999852e-02
-6.877399999999999659e-03
-3.190819999999999768e-02
-4.066840000000000038e-02
-3.686550000000000243e-02
-2.432000000000000134e-02
-1.391350000000000052e-02
-2.460190000000000120e-03
9.158100000000000615e-03
1.188670000000000004e-02
1.117929999999999965e-02
1.100860000000000033e-02
1.849239999999999912e-02
3.866870000000000029e-02
6.648759999999999393e-02
9.195090000000000208e-02
9.704699999999999438e-02
5.923540000000000055e-02
-1.489240000000000008e-02
-6.751250000000000306e-02
-6.467860000000000276e-02
-3.669929999999999720e-02
-2.255249999999999963e-02
-3.056740000000000151e-02
-4.542559999999999654e-02
-5.688950000000000257e-02
-5.719670000000000309e-02
-4.437750000000000028e-02
-2.901990000000000125e-02
-1.647080000000000072e-02
1.149449999999999994e-03
1.466549999999999972e-02
2.997650000000000141e-03
-2.822900000000000062e-02
-5.324229999999999935e-02
-5.719729999999999953e-02
-3.891580000000000039e-02
-6.258999999999999807e-03
2.473689999999999917e-02
4.265750000000000097e-02
3.968030000000000168e-02
2.263160000000000172e-02
7.872979999999999909e-03
4.452900000000000087e-03
1.569059999999999899e-02
3.645269999999999760e-02
5.100829999999999947e-02
4.060470000000000051e-02
4.776049999999999567e-03
-3.123000000000000081e-02
-5.161799999999999722e-02
-5.394020000000000065e-02
-3.959610000000000213e-02
-2.179230000000000056e-02
-1.349090000000000011e-02
-1.255829999999999967e-02
-1.392200000000000035e-02
-1.225910000000000021e-02
-5.882179999999999874e-03
-1.064249999999999918e-02
-2.199030000000000082e-02
-3.118589999999999904e-02
-3.616899999999999976e-02
-2.161149999999999877e-02
1.546840000000000021e-02
5.856569999999999832e-02
8.463759999999999339e-02
8.535310000000000119e-02
6.718839999999999535e-02
4.100390000000000285e-02
2.014289999999999831e-02
1.141619999999999961e-02
9.065510000000000582e-03
-1.628469999999999918e-03
-2.541310000000000097e-02
-5.023860000000000131e-02
-7.182750000000000246e-02
-8.874450000000000394e-02
-9.740360000000000684e-02
-9.348040000000000516e-02
-7.668600000000000416e-02
-5.867959999999999843e-02
-3.385710000000000108e-02
-4.990339999999999793e-04
2.856859999999999955e-02
5.049180000000000335e-02
6.593709999999999849e-02
7.209079999999999655e-02
6.213540000000000035e-02
4.226370000000000127e-02
3.033229999999999954e-02
3.529849999999999655e-02
4.708539999999999948e-02
5.458289999999999670e-02
5.450119999999999965e-02
5.012339999999999851e-02
5.078119999999999856e-02
5.354339999999999794e-02
5.940299999999999747e-02
6.432469999999999855e-02
5.793079999999999757e-02
4.864099999999999674e-02
3.747749999999999693e-02
2.207349999999999937e-02
7.670839999999999950e-03
-8.811219999999999816e-03
-2.181719999999999840e-02
-2.584619999999999973e-02
-2.047440000000000024e-02
-9.809190000000000183e-04
2.344740000000000019e-02
4.044219999999999759e-02
4.692550000000000193e-02
4.765889999999999710e-02
4.365569999999999867e-02
2.908000000000000168e-02
6.025189999999999713e-03
-1.853700000000000139e-02
-4.160719999999999696e-02
-5.896339999999999915e-02
-6.654150000000000342e-02
-6.970060000000000144e-02
-6.768490000000000617e-02
-6.199910000000000143e-02
-5.942959999999999909e-02
-5.532809999999999812e-02
-4.831209999999999671e-02
-4.112240000000000339e-02
-3.210439999999999822e-02
-2.143110000000000154e-02
-1.146269999999999928e-02
-5.091270000000000170e-03
-9.127639999999999365e-03
-1.677719999999999906e-02
-2.224869999999999973e-02
-2.357329999999999842e-02
-1.626199999999999868e-02
-3.981140000000000199e-03
1.197930000000000002e-02
2.430270000000000000e-02
2.921320000000000167e-02
3.393440000000000345e-02
3.857689999999999730e-02
4.151040000000000285e-02
4.483809999999999879e-02
4.631160000000000138e-02
4.195050000000000168e-02
3.415739999999999749e-02
2.282199999999999854e-02
5.346929999999999739e-03
-1.116559999999999948e-02
-2.380080000000000043e-02
-3.859599999999999836e-02
-5.663569999999999716e-02
-6.371849999999999736e-02
-6.091749999999999943e-02
-6.075309999999999738e-02
-5.599590000000000123e-02
-4.810199999999999892e-02
-4.121840000000000226e-02
-2.812539999999999832e-02
-1.863630000000000148e-02
-1.451210000000000000e-02
-5.110800000000000412e-03
6.551659999999999949e-03
1.880489999999999939e-02
2.733090000000000172e-02
2.683009999999999909e-02
2.138400000000000023e-02
1.749399999999999913e-02
1.431379999999999979e-02
8.008130000000000456e-03
-1.886469999999999900e-03
-1.292790000000000085e-02
-1.384600000000000067e-02
-3.144039999999999856e-03
5.353779999999999824e-03
5.460340000000000159e-03
3.147360000000000088e-03
4.206139999999999705e-03
5.953100000000000232e-03
1.064310000000000082e-02
1.963660000000000058e-02
2.498169999999999905e-02
2.442849999999999883e-02
2.059340000000000129e-02
1.503039999999999932e-02
3.668859999999999916e-03
-1.227310000000000033e-02
-2.493249999999999980e-02
-3.283090000000000314e-02
-2.541289999999999868e-02
-2.546570000000000170e-03
2.683260000000000159e-02
5.331059999999999965e-02
6.622260000000000646e-02
7.070250000000000146e-02
6.313040000000000318e-02
4.627570000000000294e-02
2.734999999999999931e-02
8.539619999999999503e-03
1.621389999999999897e-03
-2.270040000000000079e-03
-9.637180000000000399e-03
-2.016990000000000102e-02
-4.146570000000000117e-02
-6.586250000000000437e-02
-8.646779999999999744e-02
-9.703309999999999713e-02
-9.871499999999999719e-02
-9.408020000000000271e-02
-7.660580000000000167e-02
-5.253179999999999655e-02
-2.577919999999999864e-02
8.407990000000000602e-03
4.901760000000000145e-02
7.600129999999999386e-02
8.252310000000000201e-02
7.963290000000000646e-02
6.029589999999999950e-02
2.726440000000000113e-02
-8.519219999999999224e-03
-3.457849999999999813e-02
-5.075770000000000282e-02
-6.250300000000000300e-02
-6.109130000000000116e-02
-4.675130000000000258e-02
-2.438689999999999955e-02
-6.418260000000000284e-03
6.947250000000000300e-03
2.135820000000000080e-02
3.037139999999999979e-02
3.038099999999999828e-02
2.685799999999999993e-02
2.596369999999999928e-02
2.002460000000000004e-02
1.158239999999999964e-02
9.119709999999999622e-03
1.013359999999999955e-02
1.196780000000000066e-02
1.420429999999999957e-02
1.693959999999999910e-02
2.126329999999999887e-02
2.311650000000000163e-02
1.551740000000000064e-02
8.494399999999999173e-03
3.183609999999999912e-03
-8.803109999999999408e-03
-1.578070000000000167e-02
-1.618249999999999897e-02
-1.499610000000000005e-02
-7.643869999999999658e-03
1.623120000000000031e-03
4.291060000000000187e-03
-9.755589999999999748e-03
-2.599490000000000134e-02
-3.080209999999999892e-02
-4.077730000000000243e-02
-4.410259999999999875e-02
-3.620919999999999694e-02
-2.242670000000000080e-02
-3.983849999999999718e-03
2.746240000000000053e-03
-4.905630000000000233e-03
-1.644090000000000135e-02
-1.863180000000000044e-02
-1.545039999999999955e-02
-1.263410000000000054e-02
-1.079669999999999935e-02
-1.182590000000000030e-02
-1.707699999999999843e-02
-2.173229999999999953e-02
-2.059510000000000160e-02
-1.598279999999999840e-02
-2.890559999999999918e-03
1.825299999999999839e-02
3.675010000000000082e-02
4.356369999999999687e-02
4.216820000000000290e-02
3.323550000000000115e-02
2.034690000000000110e-02
1.399360000000000014e-02
1.241940000000000058e-02
1.638620000000000007e-02
2.451659999999999950e-02
3.076459999999999959e-02
3.214800000000000296e-02
2.499799999999999939e-02
1.454199999999999937e-02
1.139259999999999926e-02
1.049259999999999950e-02
1.024860000000000007e-02
1.183850000000000006e-02
7.492839999999999744e-03
7.858309999999999644e-04
-2.720409999999999929e-03
-2.284789999999999922e-04
6.932309999999999688e-03
1.442809999999999926e-02
1.945540000000000116e-02
1.851770000000000152e-02
1.444600000000000051e-02
8.752760000000000054e-03
1.394529999999999945e-03
-5.981499999999999838e-03
-1.248289999999999990e-02
-9.392469999999999986e-03
4.190430000000000196e-03
1.645040000000000044e-02
1.907160000000000105e-02
1.109060000000000080e-02
-3.688120000000000027e-03
-1.771390000000000117e-02
-2.160609999999999961e-02
-1.960469999999999921e-02
-1.412390000000000000e-02
-1.554040000000000022e-03
6.873019999999999650e-03
8.412170000000000064e-03
8.910090000000000718e-03
7.572520000000000119e-03
5.358869999999999953e-03
-1.902810000000000167e-05
-1.061660000000000034e-02
-2.180069999999999925e-02
-2.766170000000000087e-02
-2.675289999999999960e-02
-2.033760000000000082e-02
-7.866079999999999253e-03
8.076349999999999502e-03
1.828650000000000067e-02
1.922979999999999828e-02
1.908970000000000111e-02
1.816560000000000050e-02
1.688649999999999873e-02
1.918649999999999869e-02
1.905919999999999837e-02
1.421429999999999916e-02
8.852070000000000077e-03
4.900220000000000053e-04
-9.941649999999999793e-03
-1.473849999999999986e-02
-2.269310000000000077e-02
-3.242729999999999918e-02
-3.532710000000000017e-02
-3.773809999999999665e-02
-3.589959999999999679e-02
-2.692699999999999955e-02
-1.850850000000000065e-02
-1.447790000000000014e-02
-1.351429999999999992e-02
-1.392739999999999950e-02
-1.670469999999999941e-02
-1.757179999999999853e-02
-1.829329999999999845e-02
-2.042429999999999940e-02
-1.951980000000000035e-02
-1.823589999999999933e-02
-1.749070000000000139e-02
-1.816749999999999962e-02
-1.885119999999999851e-02
-1.399680000000000021e-02
-2.030800000000000140e-03
6.555919999999999803e-03
8.255459999999999188e-03
5.537389999999999673e-03
-1.051030000000000107e-03
-3.751040000000000190e-03
-5.673209999999999711e-04
7.855930000000000551e-03
1.825179999999999858e-02
2.673769999999999966e-02
3.118080000000000157e-02
3.144609999999999767e-02
3.338909999999999795e-02
3.547129999999999728e-02
3.809970000000000023e-02
4.531679999999999736e-02
5.007299999999999945e-02
4.444649999999999990e-02
2.343220000000000025e-02
-6.520100000000000028e-03
-2.769970000000000071e-02
-3.708979999999999916e-02
-3.833860000000000046e-02
-3.827989999999999865e-02
-4.009370000000000295e-02
-4.011359999999999926e-02
-4.016589999999999744e-02
-3.808940000000000242e-02
-3.149300000000000016e-02
-1.806999999999999926e-02
-2.303019999999999807e-03
8.366049999999999875e-03
1.254770000000000017e-02
1.449669999999999952e-02
1.720019999999999882e-02
1.713150000000000089e-02
1.752309999999999979e-02
1.839460000000000053e-02
1.373620000000000049e-02
6.272550000000000001e-03
1.091619999999999960e-03
-3.603429999999999914e-03
-5.650279999999999712e-03
-5.838659999999999857e-03
-1.020360000000000017e-02
-1.877440000000000012e-02
-2.693129999999999830e-02
-2.338250000000000051e-02
-9.654670000000000613e-03
5.796449999999999866e-03
2.010939999999999950e-02
3.130410000000000137e-02
3.989260000000000028e-02
4.437660000000000216e-02
4.561049999999999827e-02
4.327120000000000272e-02
3.634400000000000130e-02
2.811179999999999929e-02
1.968140000000000167e-02
1.210140000000000000e-02
2.776910000000000055e-03
-9.691969999999999405e-03
-1.935960000000000111e-02
-2.895429999999999879e-02
-3.273510000000000308e-02
-2.695569999999999911e-02
-1.537939999999999967e-02
6.715879999999999593e-03
2.033410000000000079e-02
1.750089999999999979e-02
1.143590000000000058e-02
5.926559999999999988e-03
2.189490000000000099e-03
-2.430709999999999989e-03
-5.147470000000000344e-03
-6.661470000000000065e-03
-5.868599999999999858e-03
-1.006179999999999965e-03
3.098570000000000144e-03
8.941690000000000402e-03
1.870650000000000091e-02
2.794730000000000131e-02
3.415470000000000311e-02
3.801979999999999943e-02
3.974840000000000317e-02
4.040429999999999716e-02
3.812639999999999779e-02
3.681790000000000063e-02
3.969799999999999718e-02
3.642789999999999917e-02
2.662159999999999874e-02
1.292379999999999918e-02
-7.919249999999999207e-03
-2.474149999999999960e-02
-2.960120000000000112e-02
-2.265659999999999896e-02
-1.401969999999999952e-02
-1.551589999999999914e-02
-2.036239999999999925e-02
-2.422579999999999872e-02
-2.868570000000000147e-02
-2.774549999999999933e-02
-1.631689999999999877e-02
-1.028100000000000108e-03
8.659979999999999414e-03
1.243209999999999975e-02
1.846389999999999837e-02
2.451470000000000038e-02
2.734380000000000144e-02
2.634970000000000021e-02
1.797150000000000136e-02
3.371760000000000122e-03
-1.150849999999999963e-02
-1.499359999999999929e-02
-1.252799999999999921e-02
-1.287920000000000037e-02
-1.350499999999999964e-02
-1.748109999999999942e-02
-2.978509999999999838e-02
-3.846340000000000175e-02
-3.621520000000000294e-02
-2.892619999999999914e-02
-8.344560000000000866e-03
1.946120000000000141e-02
4.047850000000000059e-02
5.695050000000000112e-02
6.644429999999999781e-02
6.738039999999999308e-02
6.702180000000000637e-02
6.731479999999999408e-02
6.784320000000000628e-02
6.674900000000000277e-02
5.930719999999999742e-02
4.794400000000000051e-02
3.713149999999999784e-02
2.694399999999999920e-02
2.015460000000000168e-02
1.942220000000000057e-02
1.976469999999999963e-02
1.995069999999999830e-02
1.904739999999999905e-02
1.536359999999999983e-02
1.159490000000000000e-02
7.950320000000000303e-03
4.542230000000000182e-04
-9.679719999999999297e-03
-1.448299999999999935e-02
-2.004219999999999960e-02
-2.692040000000000058e-02
-2.753119999999999873e-02
-2.673400000000000082e-02
-2.986329999999999887e-02
-3.159730000000000177e-02
-2.895879999999999982e-02
-2.753279999999999964e-02
-2.372979999999999881e-02
-2.125080000000000024e-02
-2.039209999999999981e-02
-2.021670000000000064e-02
-2.351270000000000096e-02
-2.426700000000000038e-02
-2.892540000000000042e-02
-3.687649999999999956e-02
-3.677659999999999957e-02
-3.192860000000000142e-02
-2.993289999999999840e-02
-2.393510000000000082e-02
-1.779609999999999873e-02
-1.987689999999999943e-02
-2.286509999999999931e-02
-2.619789999999999966e-02
-2.970940000000000039e-02
-3.230029999999999707e-02
-3.614669999999999689e-02
-3.790040000000000076e-02
-3.641769999999999730e-02
-3.377190000000000053e-02
-3.190529999999999755e-02
-2.923270000000000035e-02
-3.025229999999999933e-02
-3.799349999999999949e-02
-4.056599999999999789e-02
-3.735310000000000019e-02
-3.462459999999999843e-02
-2.768599999999999881e-02
-1.951829999999999884e-02
-2.010309999999999875e-02
-2.379879999999999843e-02
-2.638640000000000083e-02
-2.804310000000000136e-02
-2.526039999999999883e-02
-1.649130000000000040e-02
-1.789830000000000067e-03
1.145739999999999953e-02
1.648389999999999925e-02
1.500959999999999968e-02
1.292429999999999968e-02
1.268750000000000086e-02
1.262959999999999951e-02
1.419499999999999929e-02
1.758530000000000162e-02
1.932089999999999849e-02
2.103079999999999880e-02
2.119489999999999916e-02
1.519550000000000067e-02
9.742100000000000065e-03
1.021410000000000026e-02
1.242129999999999970e-02
1.682989999999999833e-02
2.274939999999999948e-02
2.730729999999999963e-02
3.380570000000000103e-02
4.031420000000000142e-02
4.057960000000000039e-02
3.401350000000000207e-02
2.174799999999999997e-02
8.007530000000000550e-03
1.752219999999999971e-04
-1.541529999999999940e-03
7.379940000000000360e-05
-6.049109999999999687e-04
-9.337919999999999554e-03
-1.699459999999999860e-02
-1.817960000000000062e-02
-1.860289999999999860e-02
-1.685940000000000008e-02
-1.395489999999999925e-02
-1.208859999999999969e-02
-5.536400000000000349e-03
-1.124290000000000039e-04
2.243559999999999912e-03
7.626410000000000133e-03
1.256469999999999983e-02
1.700370000000000006e-02
2.044079999999999855e-02
2.115600000000000119e-02
1.815289999999999959e-02
1.203420000000000011e-02
6.434650000000000092e-03
4.825249999999999678e-03
8.209559999999999427e-03
1.566959999999999881e-02
2.047090000000000021e-02
1.702209999999999834e-02
1.096940000000000068e-02
1.118049999999999990e-03
-1.007319999999999917e-02
-1.540650000000000006e-02
-1.594289999999999943e-02
-1.341430000000000053e-02
-1.307769999999999939e-02
-1.315219999999999931e-02
-7.231869999999999618e-03
2.830329999999999825e-03
1.292659999999999990e-02
2.396979999999999944e-02
3.112250000000000086e-02
3.068819999999999881e-02
2.812169999999999948e-02
2.390820000000000098e-02
1.919099999999999973e-02
1.452540000000000081e-02
1.023190000000000037e-02
7.706919999999999916e-03
6.955070000000000479e-04
-1.082050000000000026e-02
-2.021500000000000033e-02
-3.024160000000000043e-02
-3.953120000000000245e-02
-4.382119999999999765e-02
-4.163850000000000190e-02
-3.659729999999999928e-02
-2.855979999999999977e-02
-1.952500000000000069e-02
-1.753930000000000072e-02
-1.371320000000000004e-02
-5.041890000000000260e-03
-3.262310000000000036e-03
-9.306200000000000583e-03
-1.238739999999999980e-02
-1.483420000000000051e-02
-1.684029999999999902e-02
-1.667180000000000051e-02
-1.662459999999999979e-02
-1.441560000000000064e-02
-1.253280000000000019e-02
-5.540589999999999751e-03
5.860340000000000341e-03
1.443750000000000068e-02
2.020539999999999836e-02
2.256779999999999897e-02
2.018510000000000096e-02
1.431750000000000037e-02
7.252869999999999803e-03
3.028470000000000120e-03
-2.546870000000000123e-03
-1.003910000000000045e-02
-1.379690000000000083e-02
-1.595709999999999837e-02
-1.488510000000000007e-02
-1.423310000000000027e-02
-1.415190000000000024e-02
-1.520329999999999945e-02
-1.843059999999999837e-02
-2.267939999999999887e-02
-2.550679999999999961e-02
-2.025029999999999886e-02
-1.738879999999999940e-02
-1.696150000000000088e-02
-8.808669999999999348e-03
5.838189999999999612e-04
9.080329999999999305e-03
1.632820000000000105e-02
1.763059999999999974e-02
1.346750000000000030e-02
2.806499999999999967e-03
-8.828239999999999352e-03
-1.671310000000000157e-02
-2.737689999999999915e-02
-3.915769999999999668e-02
-4.818530000000000035e-02
-5.087719999999999743e-02
-4.716259999999999897e-02
-3.658469999999999778e-02
-2.191970000000000030e-02
-1.274600000000000039e-02
-3.079450000000000069e-03
8.933009999999999909e-03
2.456639999999999865e-02
4.031939999999999830e-02
4.922089999999999799e-02
5.265820000000000223e-02
4.793390000000000151e-02
3.848780000000000256e-02
2.258030000000000106e-02
2.062159999999999948e-03
-1.234790000000000020e-02
-1.353230000000000058e-02
-1.743130000000000070e-03
6.322620000000000150e-03
1.037820000000000062e-02
1.019839999999999983e-02
1.088229999999999927e-02
1.565449999999999828e-02
5.012390000000000248e-03
5.175469999999999723e-03
2.157979999999999968e-02
3.054580000000000142e-02
3.363639999999999686e-02
2.726769999999999888e-02
1.452510000000000086e-02
5.796400000000000163e-03
4.883320000000000022e-03
1.047580000000000039e-02
1.810760000000000147e-02
2.301189999999999833e-02
2.478249999999999897e-02
2.391290000000000082e-02
2.275479999999999864e-02
2.345670000000000047e-02
2.606289999999999996e-02
2.798300000000000093e-02
2.899940000000000156e-02
1.891570000000000057e-02
-6.129309999999999793e-03
-2.927609999999999935e-02
-4.530239999999999961e-02
-4.644029999999999686e-02
-3.038079999999999947e-02
-8.033179999999999141e-03
1.948170000000000110e-02
3.908999999999999975e-02
4.413659999999999806e-02
4.805679999999999674e-02
4.760849999999999804e-02
3.785050000000000220e-02
2.234070000000000153e-02
8.481889999999999525e-04
-2.065410000000000162e-02
-3.752260000000000317e-02
-4.554090000000000221e-02
-4.225570000000000020e-02
-3.322069999999999884e-02
-1.653369999999999840e-02
4.233299999999999737e-04
4.769800000000000255e-03
-2.050370000000000144e-03
-1.245420000000000034e-02
-1.512999999999999935e-02
-1.363329999999999924e-02
-1.165549999999999919e-02
-6.561629999999999720e-03
-8.858909999999999355e-03
-1.714399999999999952e-02
-2.734419999999999906e-02
-3.429190000000000016e-02
-3.104159999999999905e-02
-2.473430000000000073e-02
-1.951200000000000156e-02
-1.656219999999999914e-02
-1.582149999999999876e-02
-1.606559999999999933e-02
-1.845079999999999984e-02
-2.021600000000000133e-02
-1.829580000000000095e-02
-1.351250000000000021e-02
-7.523829999999999581e-03
-2.763450000000000194e-03
-1.744490000000000016e-03
-9.357259999999999189e-03
-1.463659999999999961e-02
-1.397559999999999948e-02
-2.032199999999999979e-02
-2.720639999999999864e-02
-2.521930000000000005e-02
-1.905770000000000033e-02
-1.359750000000000021e-02
-5.199379999999999974e-03
3.973649999999999578e-03
9.532109999999999889e-03
1.100789999999999928e-02
8.830400000000000402e-03
6.937600000000000364e-03
7.367069999999999869e-03
1.122489999999999946e-02
1.725240000000000107e-02
2.230949999999999947e-02
2.806459999999999858e-02
3.355140000000000206e-02
3.673479999999999801e-02
3.647630000000000317e-02
3.416020000000000167e-02
3.200709999999999666e-02
2.849770000000000081e-02
2.449319999999999969e-02
2.002999999999999919e-02
8.260909999999999781e-03
-9.129109999999999309e-03
-1.873659999999999909e-02
-2.027050000000000032e-02
-1.987459999999999921e-02
-1.470499999999999932e-02
4.904100000000000429e-04
1.510659999999999954e-02
2.569159999999999847e-02
3.722539999999999877e-02
4.260289999999999910e-02
4.169389999999999902e-02
3.438159999999999827e-02
2.490240000000000162e-02
1.336940000000000003e-02
-3.305509999999999785e-03
-1.739709999999999868e-02
-2.664570000000000133e-02
-3.183620000000000200e-02
-3.080859999999999849e-02
-2.345409999999999856e-02
-1.400689999999999921e-02
-3.413390000000000087e-03
-4.695650000000000214e-04
-1.091600000000000036e-02
-2.404919999999999974e-02
-3.055029999999999898e-02
-2.714029999999999915e-02
-1.807510000000000019e-02
-7.099330000000000050e-03
8.407560000000000120e-04
7.931649999999999725e-04
-2.569360000000000133e-03
1.159719999999999935e-03
9.101029999999999537e-03
1.299310000000000048e-02
1.515569999999999938e-02
1.421030000000000036e-02
9.636399999999999827e-03
4.954440000000000493e-04
-1.174170000000000075e-02
-1.569459999999999952e-02
-8.759859999999999522e-03
5.736110000000000210e-04
7.457710000000000207e-03
8.186479999999999452e-03
1.994099999999999952e-03
-4.772750000000000083e-03
-3.415810000000000027e-03
7.245999999999999837e-03
1.949390000000000150e-02
2.922719999999999832e-02
3.639660000000000117e-02
4.092969999999999942e-02
3.939650000000000096e-02
3.312469999999999998e-02
2.858010000000000064e-02
2.621520000000000100e-02
2.646369999999999972e-02
3.229540000000000188e-02
3.784640000000000226e-02
3.990900000000000003e-02
3.861620000000000330e-02
3.364749999999999686e-02
2.940450000000000008e-02
2.581869999999999998e-02
2.281899999999999901e-02
1.943390000000000048e-02
1.641590000000000063e-02
1.247909999999999991e-02
6.714330000000000341e-04
-1.092199999999999942e-02
-1.431190000000000066e-02
-1.290129999999999923e-02
-2.167699999999999835e-03
8.390109999999999235e-03
1.208140000000000082e-02
1.570469999999999852e-02
1.685340000000000102e-02
1.773749999999999979e-02
1.857860000000000067e-02
1.826679999999999970e-02
1.671399999999999969e-02
1.457050000000000012e-02
9.460329999999999434e-03
5.150509999999999854e-04
-1.916069999999999969e-03
-4.039599999999999962e-03
-1.323910000000000017e-02
-2.200780000000000097e-02
-2.816540000000000016e-02
-3.169290000000000301e-02
-3.151260000000000172e-02
-2.910980000000000165e-02
-2.546340000000000062e-02
-2.089399999999999938e-02
-1.432860000000000036e-02
-3.063109999999999965e-03
6.516329999999999865e-03
6.537939999999999897e-03
2.323410000000000145e-03
-3.501129999999999867e-03
-1.194540000000000012e-02
-1.440929999999999989e-02
-1.321920000000000039e-02
-1.273619999999999960e-02
-1.162720000000000073e-02
-1.157769999999999980e-02
-1.422479999999999925e-02
-2.204990000000000075e-02
-3.209189999999999959e-02
-3.883339999999999709e-02
-3.849910000000000138e-02
-3.326939999999999759e-02
-2.549739999999999993e-02
-1.956199999999999953e-02
-1.847779999999999909e-02
-1.870080000000000006e-02
-2.112510000000000082e-02
-2.373350000000000112e-02
-2.634850000000000039e-02
-2.797759999999999830e-02
-2.447270000000000001e-02
-1.914350000000000079e-02
-1.568019999999999831e-02
-1.288079999999999954e-02
-1.231649999999999932e-02
-1.534010000000000061e-02
-1.845269999999999896e-02
-1.987639999999999893e-02
-1.822359999999999952e-02
-1.375750000000000063e-02
-5.960250000000000270e-03
1.454079999999999956e-03
4.864629999999999996e-03
6.722279999999999749e-03
6.971640000000000302e-03
5.572230000000000065e-03
7.730719999999999953e-03
1.225799999999999980e-02
1.391880000000000027e-02
1.141799999999999933e-02
5.074870000000000422e-03
2.160630000000000189e-03
7.100880000000000386e-03
1.436089999999999936e-02
2.025280000000000136e-02
2.327380000000000074e-02
2.119619999999999838e-02
1.387090000000000024e-02
3.367600000000000107e-03
-2.577219999999999858e-03
-2.380479999999999922e-03
2.603990000000000254e-04
3.911869999999999584e-03
1.059060000000000036e-02
1.884119999999999892e-02
2.443570000000000117e-02
3.027950000000000086e-02
3.418419999999999792e-02
3.441629999999999689e-02
3.463770000000000043e-02
3.122180000000000094e-02
2.664789999999999867e-02
2.689280000000000143e-02
2.580719999999999889e-02
2.382870000000000127e-02
2.396289999999999878e-02
1.946329999999999935e-02
1.246079999999999931e-02
1.034009999999999964e-02
1.071970000000000041e-02
1.256920000000000086e-02
1.359810000000000012e-02
7.164330000000000004e-03
-1.842389999999999957e-03
-4.185549999999999687e-03
-3.923180000000000070e-03
-3.293089999999999819e-03
-3.729000000000000110e-03
-1.010020000000000015e-02
-1.301929999999999928e-02
-1.494410000000000009e-02
-2.523600000000000149e-02
-3.073089999999999850e-02
-2.569559999999999900e-02
-2.042499999999999871e-02
-1.707229999999999859e-02
-1.302019999999999914e-02
-5.333830000000000342e-03
7.186159999999999597e-03
1.802540000000000045e-02
2.448699999999999835e-02
3.022379999999999858e-02
2.944199999999999942e-02
2.190320000000000114e-02
1.276039999999999987e-02
3.809560000000000030e-03
-1.637790000000000079e-03
-4.651119999999999907e-03
-3.414149999999999911e-03
2.458500000000000182e-03
9.694110000000000574e-03
1.306099999999999969e-02
1.310910000000000027e-02
1.227280000000000038e-02
1.199799999999999998e-02
1.224030000000000083e-02
9.411360000000000559e-03
6.265609999999999583e-03
4.481879999999999718e-03
6.852089999999999917e-03
1.106820000000000026e-02
1.228910000000000072e-02
8.788290000000000685e-03
-2.177580000000000141e-03
-1.159899999999999994e-02
-1.274959999999999982e-02
-1.301270000000000031e-02
-1.639550000000000035e-02
-2.309479999999999866e-02
-2.963119999999999990e-02
-3.262450000000000072e-02
-3.512379999999999669e-02
-3.658299999999999746e-02
-3.789769999999999944e-02
-3.948879999999999751e-02
-4.491930000000000228e-02
-5.262759999999999661e-02
-5.602859999999999785e-02
-5.918609999999999843e-02
-5.940379999999999966e-02
-5.329110000000000097e-02
-4.486199999999999910e-02
-3.445430000000000020e-02
-2.299450000000000105e-02
-1.395850000000000042e-02
-3.806439999999999910e-03
8.675729999999999553e-03
1.840790000000000134e-02
2.233620000000000050e-02
1.797500000000000139e-02
7.779949999999999886e-03
-4.725520000000000415e-03
-1.512480000000000074e-02
-2.274050000000000030e-02
-2.426709999999999978e-02
-1.846940000000000040e-02
-1.248409999999999971e-02
-3.108930000000000200e-03
3.677900000000000006e-03
5.730559999999999994e-03
7.535639999999999700e-03
4.575929999999999755e-03
-2.381030000000000126e-03
-1.103930000000000015e-02
-1.547879999999999916e-02
-1.704200000000000159e-02
-1.847299999999999984e-02
-1.650880000000000056e-02
-1.469200000000000020e-02
-1.279059999999999919e-02
-4.067059999999999946e-03
5.087150000000000352e-03
7.124519999999999638e-03
5.990500000000000165e-03
3.682790000000000022e-03
-4.027219999999999975e-04
-9.447229999999999170e-03
-1.627249999999999877e-02
-1.937869999999999870e-02
-2.459000000000000075e-02
-2.791839999999999947e-02
-3.100959999999999828e-02
-3.087070000000000092e-02
-2.840420000000000098e-02
-2.545220000000000121e-02
-1.848040000000000099e-02
-1.429159999999999979e-02
-1.344189999999999968e-02
-1.239439999999999986e-02
-1.309379999999999919e-02
-1.329119999999999954e-02
-1.327049999999999931e-02
-1.289979999999999946e-02
-6.642300000000000287e-03
-8.061509999999999596e-04
1.639700000000000012e-03
3.173790000000000118e-03
3.548159999999999856e-04
-7.048160000000000362e-04
6.403329999999999612e-03
1.308690000000000027e-02
1.657559999999999936e-02
1.923710000000000003e-02
1.571830000000000102e-02
1.030909999999999986e-02
8.534609999999999766e-03
9.262730000000000269e-03
1.229779999999999936e-02
1.646409999999999887e-02
1.910109999999999933e-02
2.023519999999999833e-02
2.427059999999999981e-02
2.940299999999999858e-02
2.989560000000000134e-02
3.135460000000000330e-02
3.394210000000000282e-02
3.193979999999999736e-02
3.088370000000000004e-02
2.822329999999999978e-02
1.917030000000000123e-02
1.202669999999999954e-02
3.459639999999999938e-03
-1.023100000000000051e-02
-1.692619999999999889e-02
-1.700780000000000000e-02
-1.805009999999999948e-02
-1.842890000000000153e-02
-1.507239999999999969e-02
-1.497889999999999985e-02
-1.375449999999999937e-02
-6.621430000000000198e-03
-5.139799999999999924e-03
-5.800139999999999636e-03
-5.841909999999999638e-03
-5.766099999999999698e-03
-3.336570000000000074e-03
-5.844399999999999812e-04
3.458539999999999965e-03
8.980339999999999850e-03
1.027710000000000082e-02
5.919080000000000175e-03
4.024619999999999587e-03
3.982450000000000226e-03
4.018009999999999811e-03
6.648519999999999777e-03
9.559929999999999470e-03
1.206370000000000012e-02
1.567850000000000146e-02
2.133349999999999830e-02
2.538309999999999872e-02
2.382789999999999908e-02
1.659259999999999902e-02
8.691420000000000048e-03
6.013329999999999891e-03
8.496889999999999998e-03
1.378240000000000021e-02
2.089660000000000128e-02
2.881049999999999930e-02
3.349139999999999756e-02
3.277270000000000183e-02
2.870769999999999919e-02
2.138800000000000076e-02
1.285430000000000079e-02
9.493710000000000690e-03
9.346339999999999856e-03
1.084019999999999949e-02
1.612759999999999888e-02
1.780899999999999844e-02
1.378429999999999933e-02
7.837349999999999872e-03
6.309129999999999816e-04
-3.062889999999999970e-03
-1.330400000000000029e-03
2.652250000000000094e-03
7.039179999999999916e-03
1.057029999999999949e-02
1.150930000000000009e-02
1.073050000000000045e-02
1.184089999999999969e-02
1.446590000000000029e-02
1.722869999999999957e-02
2.262959999999999972e-02
2.674939999999999957e-02
2.403479999999999853e-02
1.772100000000000064e-02
1.307640000000000018e-02
5.880149999999999787e-03
-2.366810000000000008e-03
-4.155060000000000350e-03
-9.250799999999999995e-04
5.969839999999999695e-03
1.228740000000000041e-02
1.639590000000000145e-02
1.790869999999999962e-02
1.606580000000000161e-02
1.283809999999999986e-02
9.179190000000000266e-03
6.075699999999999851e-03
-1.277539999999999969e-03
-1.120870000000000026e-02
-1.408560000000000020e-02
-1.806680000000000091e-02
-2.522970000000000074e-02
-2.634620000000000017e-02
-2.353840000000000099e-02
-1.910660000000000136e-02
-1.366140000000000063e-02
-5.419919999999999946e-03
-3.038700000000000082e-03
-1.146669999999999981e-02
-1.862569999999999851e-02
-1.978639999999999913e-02
-1.944790000000000060e-02
-1.728429999999999897e-02
-1.434269999999999989e-02
-1.334119999999999924e-02
-1.400449999999999959e-02
-1.312209999999999939e-02
-5.806979999999999781e-03
-2.968809999999999787e-04
4.009310000000000304e-03
1.072069999999999967e-02
1.481000000000000025e-02
1.574220000000000133e-02
1.300160000000000031e-02
5.692420000000000119e-03
-2.099900000000000030e-03
-6.618459999999999621e-03
-1.128290000000000022e-02
-1.402929999999999976e-02
-1.759049999999999850e-02
-2.419200000000000170e-02
-2.796540000000000137e-02
-2.880920000000000009e-02
-2.851640000000000078e-02
-2.751790000000000139e-02
-2.557210000000000039e-02
-2.274189999999999892e-02
-1.832469999999999932e-02
-1.570600000000000121e-02
-1.347899999999999966e-02
-5.934909999999999838e-03
-1.013009999999999952e-03
2.131159999999999999e-03
8.546210000000000265e-03
1.499969999999999949e-02
2.283270000000000091e-02
3.206280000000000241e-02
3.755719999999999892e-02
3.550989999999999702e-02
3.011130000000000057e-02
2.517640000000000156e-02
2.460990000000000053e-02
3.126079999999999831e-02
3.785050000000000220e-02
4.363340000000000274e-02
5.184140000000000276e-02
5.827489999999999754e-02
6.385749999999999760e-02
6.703459999999999974e-02
6.479300000000000337e-02
5.758900000000000130e-02
4.820649999999999935e-02
4.195390000000000230e-02
3.635660000000000280e-02
3.291630000000000250e-02
3.398810000000000026e-02
3.477639999999999898e-02
3.254030000000000117e-02
2.618979999999999919e-02
2.014989999999999837e-02
9.815920000000000548e-03
-8.535509999999999625e-03
-2.105210000000000067e-02
-2.671439999999999926e-02
-3.171559999999999657e-02
-3.376880000000000159e-02
-3.262670000000000153e-02
-3.170420000000000182e-02
-3.176820000000000338e-02
-3.318510000000000210e-02
-3.645869999999999667e-02
-3.901919999999999694e-02
-4.044899999999999884e-02
-4.134299999999999781e-02
-4.085840000000000305e-02
-3.876240000000000241e-02
-3.527659999999999824e-02
-2.683690000000000034e-02
-1.757219999999999963e-02
-1.419079999999999994e-02
-1.299759999999999978e-02
-7.794739999999999655e-03
-3.124130000000000136e-03
-1.931030000000000029e-03
6.650910000000000329e-05
1.515980000000000105e-03
4.670580000000000131e-04
-9.354409999999999635e-04
-1.380169999999999900e-04
7.730980000000000306e-05
-2.548649999999999961e-03
-1.022490000000000031e-02
-1.494979999999999920e-02
-1.477610000000000035e-02
-1.686280000000000071e-02
-1.726940000000000072e-02
-1.626820000000000002e-02
-1.690480000000000108e-02
-1.704169999999999990e-02
-1.739660000000000165e-02
-1.777530000000000082e-02
-1.452129999999999914e-02
-1.362039999999999952e-02
-1.331579999999999916e-02
-1.319030000000000029e-02
-1.652779999999999874e-02
-1.716519999999999851e-02
-1.598969999999999905e-02
-1.508540000000000054e-02
-1.197289999999999986e-02
-5.103329999999999672e-03
-8.220070000000000328e-04
6.240009999999999828e-03
1.420120000000000063e-02
1.439720000000000062e-02
1.543500000000000080e-02
1.893059999999999882e-02
2.028929999999999970e-02
1.682940000000000130e-02
1.199270000000000023e-02
6.588929999999999787e-03
2.297789999999999967e-04
-1.558240000000000016e-03
-4.589470000000000008e-03
-1.099389999999999916e-02
-1.278289999999999982e-02
-1.251339999999999918e-02
-1.387799999999999971e-02
-1.280199999999999914e-02
-6.286329999999999696e-03
1.055069999999999966e-03
5.428129999999999761e-03
9.974590000000000192e-03
1.727520000000000097e-02
2.577729999999999952e-02
3.299880000000000174e-02
3.584009999999999974e-02
3.439720000000000277e-02
3.171380000000000032e-02
3.062710000000000085e-02
2.862889999999999879e-02
2.685649999999999843e-02
2.917550000000000004e-02
3.101620000000000071e-02
2.994000000000000133e-02
2.747760000000000133e-02
2.681259999999999893e-02
2.682249999999999912e-02
2.683500000000000121e-02
2.957800000000000012e-02
3.125010000000000288e-02
3.354000000000000037e-02
3.659049999999999803e-02
3.539649999999999741e-02
3.203389999999999710e-02
2.712509999999999921e-02
1.940559999999999855e-02
1.293569999999999963e-02
1.093009999999999989e-02
7.043330000000000424e-03
2.018429999999999877e-03
-4.142390000000000135e-03
-1.389319999999999965e-02
-1.882019999999999874e-02
-1.835880000000000151e-02
-1.702880000000000019e-02
-1.666749999999999829e-02
-1.612310000000000132e-02
-1.347450000000000037e-02
-1.202660000000000014e-02
-1.196359999999999958e-02
-1.181929999999999960e-02
-1.253890000000000039e-02
-1.679970000000000074e-02
-2.608620000000000036e-02
-3.218850000000000183e-02
-3.446869999999999795e-02
-3.699600000000000111e-02
-3.394910000000000289e-02
-3.067129999999999856e-02
-3.161130000000000190e-02
-2.945139999999999911e-02
-2.719720000000000124e-02
-2.793019999999999878e-02
-2.557670000000000082e-02
-2.038389999999999994e-02
-1.754129999999999925e-02
-1.326270000000000053e-02
-1.315909999999999996e-03
1.154610000000000011e-02
2.065639999999999837e-02
2.797989999999999852e-02
2.921529999999999960e-02
2.077390000000000139e-02
1.009709999999999948e-02
7.589030000000000081e-04
-9.424770000000000716e-03
-1.500040000000000054e-02
-1.590950000000000003e-02
-1.599329999999999849e-02
-1.232669999999999946e-02
-6.801970000000000065e-03
-4.041269999999999585e-03
1.595180000000000079e-03
1.455190000000000086e-03
-8.631059999999999427e-03
-1.480120000000000047e-02
-2.376400000000000040e-02
-3.725490000000000052e-02
-4.287069999999999770e-02
-4.104259999999999853e-02
-3.639540000000000136e-02
-2.802989999999999995e-02
-1.572360000000000077e-02
-2.946799999999999854e-03
7.905650000000000177e-03
1.312469999999999956e-02
1.225219999999999955e-02
8.677119999999999972e-03
4.075279999999999701e-03
-2.133630000000000075e-03
-9.734680000000000763e-03
-1.336159999999999952e-02
-1.387060000000000029e-02
-1.712790000000000146e-02
-2.181239999999999915e-02
-2.330250000000000030e-02
-2.489519999999999927e-02
-2.699599999999999916e-02
-2.560319999999999957e-02
-2.218840000000000048e-02
-1.823510000000000061e-02
-1.276990000000000069e-02
-4.035419999999999632e-03
2.876539999999999913e-03
5.009279999999999636e-03
5.165409999999999620e-03
6.403009999999999778e-03
6.301819999999999644e-03
2.787529999999999869e-03
1.994670000000000037e-03
2.162600000000000199e-03
-2.116750000000000142e-03
-9.097150000000000028e-03
-1.527410000000000052e-02
-2.199730000000000088e-02
-2.592509999999999953e-02
-2.254679999999999879e-02
-1.894399999999999903e-02
-1.634750000000000092e-02
-1.329029999999999968e-02
-1.173030000000000080e-02
-4.957650000000000078e-03
2.592109999999999900e-03
5.984920000000000344e-03
1.057869999999999991e-02
1.322949999999999994e-02
1.339049999999999963e-02
1.325310000000000030e-02
1.176070000000000067e-02
1.126590000000000057e-02
1.082269999999999933e-02
1.160699999999999926e-02
1.812839999999999938e-02
2.546719999999999887e-02
2.981079999999999841e-02
3.402569999999999900e-02
3.930850000000000316e-02
4.051060000000000078e-02
3.620090000000000113e-02
2.728550000000000073e-02
1.487010000000000068e-02
3.889640000000000198e-03
-1.859760000000000016e-03
-8.313840000000000076e-04
-1.229089999999999957e-03
-9.152020000000000294e-03
-1.409189999999999922e-02
-1.459200000000000080e-02
-1.479689999999999998e-02
-1.256679999999999950e-02
-1.207390000000000026e-02
-1.188649999999999950e-02
-6.287570000000000138e-03
-4.322249999999999703e-03
-1.014570000000000055e-02
-1.530089999999999922e-02
-1.907160000000000105e-02
-2.019330000000000083e-02
-2.300129999999999883e-02
-2.805049999999999905e-02
-2.789689999999999878e-02
-2.435170000000000043e-02
-1.960850000000000093e-02
-1.558080000000000055e-02
-1.456730000000000004e-02
-1.217200000000000053e-02
-7.445310000000000122e-03
-4.519819999999999914e-03
6.076770000000000435e-04
5.755439999999999688e-03
6.504949999999999795e-03
7.428699999999999887e-03
9.296270000000000575e-03
1.287759999999999946e-02
2.049710000000000074e-02
2.879610000000000156e-02
3.901580000000000326e-02
4.848949999999999788e-02
5.252260000000000262e-02
5.480560000000000292e-02
5.524690000000000156e-02
5.396059999999999746e-02
5.050700000000000328e-02
4.411709999999999937e-02
3.667499999999999927e-02
2.611230000000000148e-02
1.510479999999999982e-02
1.091740000000000071e-02
9.384409999999999280e-03
7.272680000000000117e-03
7.485659999999999883e-03
9.048900000000000346e-03
1.103439999999999976e-02
9.918339999999999448e-03
6.497239999999999613e-03
5.516169999999999927e-03
3.046549999999999866e-03
-3.267069999999999740e-04
-4.922980000000000411e-03
-1.113010000000000041e-02
-1.291310000000000027e-02
-1.349520000000000060e-02
-1.435400000000000044e-02
-1.485219999999999943e-02
-1.508010000000000080e-02
-1.217969999999999990e-02
-1.152940000000000041e-02
-1.454489999999999950e-02
-1.490389999999999944e-02
-1.540470000000000034e-02
-1.810859999999999900e-02
-2.000980000000000120e-02
-1.880750000000000130e-02
-1.677060000000000009e-02
-1.615420000000000050e-02
-1.511020000000000071e-02
-1.512989999999999995e-02
-1.431819999999999968e-02
-1.175529999999999978e-02
-1.234140000000000063e-02
-1.196129999999999936e-02
-5.244030000000000219e-03
-2.648209999999999800e-03
-3.616110000000000071e-03
-1.792210000000000027e-03
-2.751920000000000147e-03
-3.736129999999999833e-03
-3.354999999999999909e-03
-2.863479999999999845e-03
-4.780689999999999766e-03
-1.015890000000000022e-02
-1.241770000000000027e-02
-1.283809999999999986e-02
-1.225019999999999928e-02
-1.208930000000000074e-02
-1.528060000000000009e-02
-1.568690000000000015e-02
-1.369509999999999998e-02
-1.208449999999999976e-02
-7.276630000000000077e-03
-2.157340000000000212e-03
1.615850000000000055e-03
6.713030000000000039e-03
1.057100000000000053e-02
1.160060000000000084e-02
9.334820000000000617e-03
6.480320000000000351e-03
5.021910000000000089e-03
2.033010000000000025e-03
8.629910000000000185e-04
2.290840000000000150e-03
9.858609999999999856e-04
6.312689999999999491e-04
6.510929999999999843e-03
1.283429999999999988e-02
1.536530000000000014e-02
1.454249999999999987e-02
1.335470000000000060e-02
1.214729999999999976e-02
6.351980000000000126e-03
6.095980000000000409e-04
-3.670689999999999890e-03
-1.012389999999999991e-02
-1.279300000000000055e-02
-1.353930000000000064e-02
-1.658340000000000161e-02
-1.810120000000000132e-02
-1.727010000000000003e-02
-1.581149999999999917e-02
-1.353999999999999995e-02
-1.263640000000000076e-02
-1.272359999999999984e-02
-7.898809999999999165e-03
-1.606950000000000002e-03
6.532750000000000362e-04
1.155940000000000049e-03
2.247429999999999914e-03
1.429039999999999911e-03
4.299210000000000358e-03
5.990460000000000403e-03
2.091879999999999955e-03
1.209020000000000103e-03
1.208319999999999978e-04
-3.668830000000000095e-03
-1.021870000000000070e-02
-1.295390000000000083e-02
-1.207689999999999979e-02
-1.258079999999999962e-02
-9.742709999999999912e-03
-5.181640000000000378e-03
1.007999999999999998e-03
8.777580000000000104e-03
1.523979999999999953e-02
2.203180000000000069e-02
2.603060000000000096e-02
2.787399999999999947e-02
3.066030000000000144e-02
2.916579999999999867e-02
2.627789999999999987e-02
2.257369999999999863e-02
1.534349999999999950e-02
1.094219999999999915e-02
6.897740000000000295e-03
5.616300000000000285e-04
-3.561519999999999877e-03
-4.568410000000000179e-03
-2.652059999999999921e-03
6.079030000000000241e-04
2.442210000000000214e-03
3.008980000000000075e-03
2.724489999999999985e-03
2.387740000000000175e-03
1.315470000000000007e-03
1.242959999999999985e-03
3.967929999999999721e-03
4.627759999999999860e-03
4.629489999999999994e-03
2.967229999999999954e-03
-8.906030000000000110e-04
-2.451239999999999929e-03
-3.907550000000000086e-03
-4.426349999999999903e-03
-4.307270000000000196e-03
-5.830440000000000102e-03
-6.633009999999999948e-03
-6.276209999999999949e-03
-4.763110000000000087e-03
-4.357009999999999703e-03
-5.175810000000000306e-03
-3.964289999999999654e-03
-3.343329999999999826e-03
-2.056909999999999902e-03
8.787950000000000319e-04
1.535340000000000055e-03
1.081589999999999895e-03
3.205770000000000147e-03
4.828559999999999970e-03
3.578290000000000030e-03
1.916039999999999931e-03
-1.639110000000000046e-03
-2.539669999999999948e-03
-4.702439999999999572e-03
-1.125890000000000050e-02
-1.349050000000000075e-02
-1.511739999999999959e-02
-1.792120000000000171e-02
-1.883450000000000055e-02
-1.726750000000000160e-02
-1.713730000000000114e-02
-1.775159999999999932e-02
-1.498460000000000070e-02
-1.220300000000000031e-02
-7.962550000000000530e-03
-2.908200000000000108e-03
4.427349999999999819e-04
1.547650000000000024e-03
1.345609999999999905e-03
-5.857539999999999622e-04
-5.076309999999999677e-03
-1.192789999999999996e-02
-1.329409999999999967e-02
-4.696020000000000402e-03
-1.773780000000000083e-04
1.109560000000000103e-03
4.553380000000000101e-03
6.569750000000000069e-03
8.247420000000000098e-03
1.022299999999999945e-02
1.177530000000000070e-02
1.387419999999999973e-02
1.712220000000000061e-02
1.826380000000000017e-02
1.764289999999999956e-02
1.789210000000000106e-02
1.907079999999999886e-02
2.116610000000000019e-02
2.453939999999999941e-02
2.749460000000000098e-02
2.582550000000000123e-02
2.105840000000000142e-02
1.804499999999999854e-02
1.390470000000000074e-02
9.297220000000000137e-03
5.882519999999999590e-03
2.414079999999999872e-03
-1.159899999999999950e-03
-4.468100000000000023e-03
-3.310650000000000051e-03
-1.799440000000000024e-03
-2.155470000000000042e-03
-3.412019999999999983e-03
-7.599930000000000400e-03
-1.206959999999999977e-02
-1.376679999999999918e-02
-1.341200000000000031e-02
-1.605670000000000014e-02
-1.882889999999999911e-02
-1.891170000000000004e-02
-2.042189999999999978e-02
-2.115380000000000038e-02
-1.945399999999999907e-02
-1.804969999999999838e-02
-1.496070000000000039e-02
-6.192470000000000266e-03
7.440659999999999332e-05
1.851060000000000075e-03
8.322829999999999812e-03
1.251969999999999993e-02
1.231209999999999943e-02
1.552210000000000048e-02
1.748490000000000114e-02
1.413670000000000031e-02
1.266519999999999972e-02
1.260239999999999971e-02
1.072670000000000047e-02
9.987249999999999600e-03
1.052580000000000009e-02
1.150879999999999959e-02
1.166050000000000073e-02
1.223100000000000055e-02
1.247350000000000021e-02
1.227299999999999919e-02
1.278239999999999932e-02
1.484809999999999949e-02
1.698190000000000116e-02
1.791739999999999999e-02
2.113100000000000048e-02
2.489579999999999918e-02
2.517919999999999880e-02
2.192689999999999917e-02
2.040010000000000087e-02
1.947429999999999994e-02
1.699120000000000144e-02
1.901539999999999828e-02
2.312480000000000091e-02
2.501019999999999979e-02
2.402390000000000081e-02
2.031989999999999838e-02
1.737709999999999949e-02
1.540859999999999973e-02
1.373079999999999960e-02
1.245789999999999918e-02
1.140739999999999983e-02
9.330949999999999314e-03
4.050960000000000151e-03
-5.192600000000000124e-04
-4.495820000000000198e-03
-1.120739999999999931e-02
-1.489799999999999978e-02
-1.357090000000000032e-02
-1.262920000000000015e-02
-1.484590000000000042e-02
-1.733629999999999893e-02
-1.666279999999999845e-02
-1.656399999999999886e-02
-1.711230000000000043e-02
-1.694709999999999966e-02
-1.811520000000000144e-02
-2.037819999999999909e-02
-2.313480000000000050e-02
-2.515540000000000137e-02
-2.767460000000000059e-02
-2.906720000000000137e-02
-2.906869999999999940e-02
-2.988669999999999868e-02
-3.058189999999999867e-02
-2.902019999999999947e-02
-2.512680000000000122e-02
-1.984709999999999946e-02
-1.613430000000000072e-02
-1.350819999999999972e-02
-5.609209999999999890e-03
3.992909999999999689e-03
9.704290000000000832e-03
1.241510000000000009e-02
1.403480000000000005e-02
1.385869999999999984e-02
1.295289999999999983e-02
1.144560000000000022e-02
7.862440000000000054e-03
2.401239999999999798e-03
-3.001269999999999893e-03
-5.866470000000000365e-03
-1.036439999999999931e-02
-1.246880000000000037e-02
-1.231050000000000026e-02
-1.490189999999999917e-02
-1.621349999999999875e-02
-1.946319999999999995e-02
-2.264750000000000096e-02
-2.102839999999999918e-02
-1.970890000000000142e-02
-1.878459999999999852e-02
-1.794609999999999955e-02
-1.815980000000000025e-02
-1.833409999999999901e-02
-1.826639999999999861e-02
-1.721349999999999963e-02
-1.584419999999999926e-02
-1.277509999999999930e-02
-1.247870000000000056e-02
-1.272080000000000086e-02
-6.282089999999999723e-03
-2.187210000000000196e-03
3.011910000000000238e-04
4.405960000000000432e-03
6.186149999999999635e-03
8.133899999999999464e-03
9.121040000000000397e-03
1.016330000000000011e-02
1.258120000000000072e-02
1.258040000000000026e-02
1.127009999999999991e-02
1.048269999999999931e-02
8.177230000000000609e-03
5.085270000000000241e-03
1.429029999999999970e-03
5.603260000000000288e-05
5.328569999999999704e-04
6.588909999999999906e-04
1.119039999999999965e-03
2.877819999999999901e-04
1.689779999999999939e-04
-6.389679999999999579e-04
-2.357290000000000166e-03
-2.146589999999999870e-03
-2.339850000000000090e-03
-3.333609999999999872e-03
-5.843300000000000056e-03
-1.115780000000000070e-02
-1.320059999999999983e-02
-1.203590000000000042e-02
-1.294569999999999922e-02
-1.282480000000000078e-02
-7.771349999999999786e-03
-2.739230000000000050e-03
5.621779999999999833e-04
4.516280000000000121e-03
5.963780000000000123e-03
5.887240000000000181e-03
6.620970000000000327e-03
6.814149999999999721e-03
6.434200000000000162e-03
7.907600000000000739e-03
1.117040000000000047e-02
1.542939999999999937e-02
1.849109999999999990e-02
1.966700000000000045e-02
2.346519999999999856e-02
2.591519999999999935e-02
2.857120000000000146e-02
3.344659999999999994e-02
3.371989999999999710e-02
3.398810000000000026e-02
3.466219999999999718e-02
3.047820000000000043e-02
2.834230000000000083e-02
2.733029999999999834e-02
2.068149999999999850e-02
1.574539999999999967e-02
1.323539999999999960e-02
1.051069999999999956e-02
8.960589999999999181e-03
6.925490000000000292e-03
4.874050000000000431e-03
4.470270000000000146e-03
5.957200000000000169e-03
8.100370000000000834e-03
9.765150000000000219e-03
1.070119999999999925e-02
1.054259999999999919e-02
6.230730000000000296e-03
1.673240000000000101e-03
-3.848109999999999855e-04
-3.022659999999999930e-03
-2.168690000000000027e-03
7.840139999999999783e-04
2.421360000000000005e-03
4.436619999999999626e-03
4.575469999999999884e-03
5.249010000000000134e-03
8.564320000000000266e-03
1.051919999999999938e-02
9.184140000000000359e-03
9.036479999999999513e-03
8.702470000000000344e-03
5.352710000000000107e-03
5.896890000000000118e-03
6.014109999999999595e-03
5.103830000000000172e-03
5.317620000000000333e-03
2.346669999999999919e-03
1.015209999999999897e-03
1.708160000000000017e-03
1.353250000000000069e-03
9.094090000000000203e-04
6.986289999999999818e-04
-1.466800000000000092e-03
-3.356130000000000137e-03
-5.491369999999999758e-03
-1.080030000000000052e-02
-1.295879999999999949e-02
-1.352989999999999922e-02
-1.343519999999999957e-02
-1.311320000000000020e-02
-1.530459999999999980e-02
-1.560089999999999914e-02
-1.467030000000000070e-02
-1.361650000000000013e-02
-1.186380000000000073e-02
-1.279749999999999985e-02
-1.232600000000000015e-02
-6.401170000000000297e-03
-1.293740000000000038e-03
-4.292409999999999786e-05
5.774619999999999948e-05
3.298510000000000157e-03
4.494520000000000112e-03
2.527859999999999829e-03
1.602719999999999969e-03
3.962529999999999698e-03
7.200050000000000373e-03
8.363660000000000191e-03
1.179979999999999918e-02
1.567589999999999956e-02
1.945600000000000107e-02
2.317500000000000115e-02
2.588369999999999907e-02
2.763530000000000153e-02
2.525420000000000095e-02
2.108960000000000001e-02
1.759509999999999894e-02
1.253779999999999999e-02
7.205190000000000206e-03
3.649780000000000038e-03
1.978619999999999945e-03
-3.301989999999999873e-05
-1.291700000000000010e-03
-4.553759999999999579e-03
-1.081060000000000007e-02
-1.245010000000000040e-02
-1.156390000000000022e-02
-1.193209999999999930e-02
-1.164469999999999915e-02
-1.227950000000000048e-02
-1.210490000000000003e-02
-6.990490000000000245e-03
-2.832599999999999788e-03
-4.979019999999999800e-03
-1.060819999999999992e-02
-1.219229999999999967e-02
-1.195739999999999997e-02
-1.198330000000000055e-02
-6.848019999999999802e-03
-2.804370000000000040e-03
-3.518910000000000093e-03
-4.139010000000000258e-03
-5.017540000000000021e-03
-9.653190000000000728e-03
-1.249800000000000043e-02
-1.429210000000000029e-02
-1.714519999999999933e-02
-1.778160000000000157e-02
-2.230669999999999875e-02
-2.430169999999999900e-02
-2.209600000000000106e-02
-2.407000000000000112e-02
-2.295070000000000096e-02
-1.947279999999999844e-02
-1.838690000000000116e-02
-1.601270000000000124e-02
-1.461149999999999949e-02
-1.466300000000000069e-02
-1.237820000000000066e-02
-1.087109999999999986e-02
-1.165039999999999999e-02
-1.117439999999999926e-02
-1.204550000000000065e-02
-1.142340000000000022e-02
-6.988010000000000228e-03
-3.404630000000000069e-03
-4.552800000000000076e-03
-9.360099999999999670e-03
-4.693629999999999851e-03
9.012910000000000279e-04
1.256119999999999893e-03
4.153809999999999968e-03
6.056240000000000061e-03
6.569949999999999748e-03
3.749559999999999872e-03
1.357509999999999923e-03
4.710289999999999790e-03
9.031420000000000073e-03
1.262719999999999988e-02
1.622749999999999887e-02
1.724820000000000172e-02
1.854429999999999967e-02
1.757370000000000113e-02
1.447550000000000052e-02
1.141810000000000047e-02
5.821869999999999823e-03
4.987209999999999734e-03
3.449970000000000120e-03
-5.896939999999999821e-04
-3.178480000000000021e-03
-9.860159999999999758e-03
-1.325679999999999914e-02
-1.196610000000000035e-02
-1.256359999999999942e-02
-1.228719999999999986e-02
-1.299660000000000051e-02
-1.256350000000000001e-02
-7.880559999999999996e-03
-5.679550000000000223e-03
-3.253719999999999876e-03
-2.194370000000000175e-03
-3.970160000000000355e-03
-4.656170000000000274e-03
-9.866079999999999295e-03
-1.344590000000000021e-02
-1.364590000000000074e-02
-1.390090000000000076e-02
-1.543910000000000074e-02
-1.711980000000000099e-02
-1.784919999999999909e-02
-1.851790000000000033e-02
-1.819780000000000009e-02
-1.798809999999999992e-02
-1.832440000000000110e-02
-1.708569999999999880e-02
-1.480279999999999964e-02
-1.082319999999999983e-02
-7.007990000000000400e-03
-9.352869999999999240e-03
-5.874210000000000369e-03
-1.748800000000000007e-03
-5.005370000000000305e-03
-4.375620000000000204e-03
-4.486910000000000204e-03
-9.353929999999999884e-03
-1.193849999999999946e-02
-1.084869999999999932e-02
-6.246039999999999578e-03
-1.367450000000000089e-03
1.843500000000000087e-03
5.372949999999999601e-03
7.653560000000000224e-03
1.065930000000000002e-02
1.313749999999999987e-02
1.311599999999999919e-02
1.318189999999999987e-02
1.313319999999999939e-02
1.198819999999999920e-02
9.670949999999999339e-03
6.839460000000000331e-03
5.714709999999999582e-03
4.087129999999999583e-03
2.345929999999999977e-03
2.370460000000000015e-03
3.000710000000000183e-03
5.502899999999999806e-03
7.368900000000000276e-03
7.851840000000000555e-03
8.949479999999999241e-03
8.198050000000000129e-03
7.415859999999999813e-03
7.821150000000000671e-03
5.996719999999999655e-03
4.893549999999999983e-03
6.852490000000000143e-03
7.679250000000000312e-03
7.315870000000000359e-03
7.617279999999999711e-03
6.054079999999999878e-03
3.793980000000000182e-03
2.421019999999999856e-03
-9.401039999999999831e-04
-3.873870000000000178e-03
-3.837479999999999884e-03
-2.149869999999999906e-03
-2.021820000000000127e-03
-3.247710000000000007e-03
-1.826209999999999986e-03
-2.153449999999999896e-03
-2.855599999999999805e-03
-2.752450000000000035e-03
-3.250900000000000144e-03
-4.679049999999999702e-03
-8.329599999999999504e-03
-5.955260000000000414e-03
-3.145960000000000163e-03
-2.835339999999999996e-03
-6.037629999999999993e-04
-1.020700000000000036e-03
-1.310890000000000102e-03
3.509380000000000203e-04
-8.712490000000000468e-04
-2.509649999999999988e-03
-9.529509999999999500e-04
-1.232940000000000078e-03
-2.287840000000000186e-03
-1.375010000000000078e-03
-2.991919999999999909e-03
-7.568179999999999873e-03
-8.953610000000000735e-03
-8.046609999999999180e-03
-8.963769999999999377e-03
-8.671959999999999391e-03
-8.707599999999999368e-03
-7.928110000000000365e-03
-1.868139999999999905e-03
2.971130000000000212e-03
6.382020000000000401e-03
9.415039999999999520e-03
1.022649999999999948e-02
1.064090000000000001e-02
1.026400000000000055e-02
1.014310000000000038e-02
1.116870000000000016e-02
1.263449999999999990e-02
1.322420000000000019e-02
1.381609999999999956e-02
1.498440000000000015e-02
1.520020000000000052e-02
1.482660000000000054e-02
1.458719999999999982e-02
1.439810000000000048e-02
1.554119999999999981e-02
1.556190000000000004e-02
1.378650000000000014e-02
1.333289999999999996e-02
1.284109999999999939e-02
1.192520000000000038e-02
9.916130000000000430e-03
7.924439999999999609e-03
6.678739999999999850e-03
4.147770000000000276e-03
2.304290000000000071e-03
1.807269999999999927e-03
1.161829999999999981e-03
-5.642550000000000517e-04
-2.019369999999999932e-03
-2.150519999999999949e-03
-2.594239999999999827e-03
-2.665910000000000068e-03
-2.722000000000000027e-03
-3.583760000000000071e-03
-2.983400000000000201e-03
-2.344109999999999944e-03
-2.528610000000000146e-03
-2.450630000000000083e-03
-2.355159999999999806e-03
-2.505559999999999992e-03
-1.919530000000000021e-03
-2.251309999999999856e-03
-6.322379999999999840e-03
-7.887579999999999938e-03
-7.073290000000000306e-03
-7.579640000000000336e-03
-7.164669999999999719e-03
-6.494269999999999904e-03
-6.954809999999999638e-03
-6.477819999999999585e-03
-2.536010000000000000e-03
2.004940000000000154e-05
8.673770000000000134e-04
3.086429999999999816e-03
5.750530000000000225e-03
7.805590000000000271e-03
8.046569999999999417e-03
8.443789999999999629e-03
9.614670000000000508e-03
1.044220000000000044e-02
1.046459999999999925e-02
9.649160000000000376e-03
9.813509999999999248e-03
1.079620000000000059e-02
1.133480000000000078e-02
1.253899999999999980e-02
1.381779999999999987e-02
1.325439999999999952e-02
1.135309999999999965e-02
1.152979999999999977e-02
1.075809999999999961e-02
7.181960000000000253e-03
5.827680000000000013e-03
4.891470000000000193e-03
3.128559999999999848e-03
1.778410000000000017e-03
2.975480000000000182e-04
-1.099020000000000032e-03
-1.699489999999999898e-03
-2.108790000000000144e-03
-2.377709999999999893e-03
-3.067170000000000139e-03
-3.913260000000000002e-03
-3.469669999999999786e-03
-3.233929999999999878e-03
-3.288929999999999805e-03
-3.426810000000000186e-03
-4.568140000000000048e-03
-6.745169999999999985e-03
-7.451209999999999778e-03
-6.893149999999999798e-03
-6.904620000000000202e-03
-6.569690000000000425e-03
-6.558549999999999797e-03
-7.240970000000000219e-03
-6.437799999999999599e-03
-6.008760000000000143e-03
-5.892630000000000264e-03
-3.856050000000000189e-03
-1.887449999999999935e-03
-2.603620000000000066e-03
-4.564140000000000384e-03
-3.319260000000000092e-03
-1.897880000000000010e-03
-2.416100000000000018e-03
-4.065299999999999990e-03
-5.334959999999999702e-03
-4.534139999999999872e-03
-2.928850000000000203e-03
-2.104210000000000021e-03
-1.299559999999999951e-03
-3.979510000000000122e-04
-6.066899999999999799e-05
1.197600000000000053e-03
1.551829999999999920e-03
1.009909999999999931e-03
1.656039999999999899e-03
2.275500000000000179e-03
2.329439999999999896e-03
2.032239999999999828e-03
1.374159999999999921e-03
1.638149999999999893e-03
1.955010000000000081e-03
1.699070000000000007e-03
1.703609999999999933e-03
1.557879999999999985e-03
1.539409999999999954e-03
1.842309999999999998e-03
1.522670000000000056e-03
8.596380000000000254e-04
3.857949999999999748e-04
-3.328919999999999969e-04
-1.051880000000000046e-03
-1.442640000000000025e-03
-2.258529999999999913e-03
-3.651999999999999864e-03
-4.224519999999999838e-03
-4.187419999999999858e-03
-4.396979999999999986e-03
-4.667830000000000416e-03
-4.875049999999999696e-03
-4.781009999999999600e-03
-4.142550000000000052e-03
-3.611810000000000020e-03
-3.491489999999999871e-03
-2.824609999999999968e-03
-2.099269999999999869e-03
-2.003079999999999965e-03
-1.843559999999999947e-03
-1.774439999999999958e-03
-1.904550000000000080e-03
-1.637009999999999941e-03
-1.348030000000000062e-03
-1.333179999999999999e-03
-1.146480000000000068e-03
-1.187270000000000035e-03
-9.823919999999999007e-04
1.087969999999999953e-04
6.078099999999999692e-04
6.009500000000000518e-04
9.458249999999999644e-04
1.197829999999999988e-03
1.099909999999999950e-03
1.155709999999999897e-03
1.248130000000000073e-03
1.211990000000000029e-03
1.245699999999999976e-03
1.106100000000000052e-03
1.161539999999999968e-03
1.169679999999999982e-03
1.073680000000000034e-03
1.066850000000000047e-03
9.177690000000000283e-04
1.021910000000000006e-03
1.470399999999999962e-03
1.854439999999999951e-03
1.945200000000000011e-03
1.967169999999999856e-03
2.058899999999999793e-03
2.033150000000000061e-03
1.970250000000000213e-03
1.930199999999999971e-03
1.854689999999999984e-03
1.726419999999999995e-03
1.709449999999999945e-03
1.657639999999999938e-03
1.464280000000000095e-03
1.273499999999999893e-03
1.053850000000000056e-03
8.692809999999999600e-04
6.881889999999999665e-04
4.207160000000000153e-04
1.568189999999999905e-04
-1.334619999999999904e-04
-5.545250000000000483e-04
-8.252630000000000165e-04
-8.748239999999999576e-04
-9.458970000000000138e-04
-9.401429999999999466e-04
-7.997590000000000384e-04
-7.474009999999999682e-04
-8.128470000000000053e-04
-7.906420000000000375e-04
-7.571299999999999558e-04
-7.577670000000000109e-04
-7.606660000000000114e-04
-8.990820000000000495e-04
-9.135299999999999627e-04
-8.041879999999999515e-04
-7.713940000000000076e-04
-7.364820000000000004e-04
-6.887230000000000261e-04
-6.302389999999999945e-04
-5.532449999999999521e-04
-4.497339999999999736e-04
-3.786179999999999993e-04
-3.337479999999999765e-04
-2.618009999999999825e-04
-2.240099999999999915e-04
-1.831500000000000066e-04
-4.450949999999999796e-05
2.291789999999999957e-05
1.682229999999999986e-05
8.585069999999999442e-05
1.057009999999999965e-04
7.870319999999999551e-05
8.981889999999999482e-05
1.063850000000000055e-04
1.040949999999999986e-04
8.847610000000000489e-05
8.290960000000000322e-05
7.003210000000000327e-05
3.961109999999999756e-05
8.192610000000000831e-06
-2.692860000000000167e-05
-5.800300000000000014e-05
-9.122630000000000441e-05
-1.158160000000000038e-04
-1.190050000000000032e-04
-1.242009999999999989e-04
-1.250570000000000056e-04
-1.185040000000000025e-04
-1.164419999999999941e-04
-1.133550000000000014e-04
-1.079319999999999959e-04
-1.077459999999999947e-04
-1.076750000000000016e-04
-1.059750000000000009e-04
-1.064049999999999951e-04
-1.067230000000000012e-04
-1.071029999999999942e-04
-1.068249999999999945e-04
-1.056389999999999960e-04
