1.153670000000000086e-03
1.596989999999999955e-03
1.849769999999999930e-03
1.482290000000000040e-03
1.541730000000000054e-03
1.563919999999999894e-03
1.609930000000000085e-03
1.640270000000000096e-03
1.621889999999999964e-03
1.564080000000000028e-03
1.515220000000000065e-03
1.523229999999999983e-03
1.578720000000000036e-03
1.606350000000000095e-03
1.536400000000000049e-03
1.394559999999999984e-03
1.320599999999999899e-03
1.438529999999999930e-03
1.694069999999999994e-03
1.917890000000000003e-03
2.034869999999999821e-03
2.109499999999999830e-03
2.151790000000000213e-03
1.974500000000000127e-03
1.386709999999999983e-03
5.251809999999999985e-04
-1.215349999999999943e-04
-1.590650000000000093e-04
3.111400000000000060e-04
8.068180000000000534e-04
8.858209999999999609e-04
5.557960000000000027e-04
2.837679999999999977e-04
4.697050000000000032e-04
9.987550000000000421e-04
1.438459999999999912e-03
1.488780000000000095e-03
1.215659999999999918e-03
1.104130000000000042e-03
1.549709999999999933e-03
2.258200000000000138e-03
2.611989999999999798e-03
2.451420000000000161e-03
2.374230000000000177e-03
2.982530000000000164e-03
3.759719999999999816e-03
3.608099999999999936e-03
2.337930000000000216e-03
7.135649999999999892e-04
-6.453840000000000401e-04
-1.690380000000000008e-03
-2.468360000000000172e-03
-2.910999999999999959e-03
-3.164389999999999998e-03
-3.671460000000000088e-03
-4.323249999999999836e-03
-3.815690000000000054e-03
-1.356819999999999901e-03
1.760499999999999912e-03
3.849330000000000199e-03
4.672240000000000247e-03
4.933250000000000135e-03
5.172359999999999979e-03
5.455510000000000220e-03
5.588420000000000193e-03
5.373150000000000148e-03
4.837840000000000369e-03
4.397210000000000354e-03
4.633670000000000323e-03
5.712809999999999590e-03
6.944979999999999903e-03
7.355930000000000107e-03
7.159070000000000017e-03
7.234469999999999790e-03
6.827670000000000093e-03
4.097550000000000150e-03
-1.217109999999999980e-03
-6.817479999999999894e-03
-9.133350000000000149e-03
-6.474030000000000409e-03
-1.496450000000000080e-03
5.761429999999999893e-04
-2.911739999999999901e-03
-8.783759999999999832e-03
-1.081829999999999944e-02
-6.239709999999999875e-03
1.557220000000000002e-03
6.941359999999999718e-03
7.878420000000000561e-03
6.972869999999999936e-03
6.491359999999999839e-03
5.016340000000000209e-03
3.621610000000000042e-04
-6.263730000000000339e-03
-9.679989999999999428e-03
-5.278960000000000076e-03
4.958579999999999759e-03
1.341320000000000012e-02
1.490529999999999980e-02
1.140539999999999957e-02
7.959690000000000168e-03
6.638550000000000006e-03
5.794220000000000100e-03
3.488839999999999997e-03
-2.055269999999999992e-04
-4.046450000000000047e-03
-7.389800000000000188e-03
-1.077260000000000023e-02
-1.517029999999999941e-02
-2.064469999999999847e-02
-2.472830000000000167e-02
-2.331060000000000076e-02
-1.611850000000000088e-02
-9.124200000000000713e-03
-7.796850000000000135e-03
-1.046710000000000002e-02
-1.162260000000000029e-02
-9.081880000000000508e-03
-4.925510000000000131e-03
-1.646759999999999934e-03
-3.895319999999999967e-04
-1.652110000000000037e-03
-4.789479999999999606e-03
-7.060639999999999972e-03
-5.607069999999999589e-03
-1.479679999999999928e-03
5.227260000000000500e-04
-1.772579999999999946e-03
-4.435739999999999648e-03
-3.698120000000000053e-03
-2.359790000000000065e-03
-5.558310000000000334e-03
-1.296740000000000045e-02
-1.961279999999999968e-02
-2.332290000000000058e-02
-2.714120000000000074e-02
-3.411259999999999987e-02
-4.258119999999999961e-02
-4.766530000000000072e-02
-4.696560000000000318e-02
-4.293969999999999732e-02
-3.921600000000000086e-02
-3.694650000000000017e-02
-3.499239999999999989e-02
-3.093380000000000088e-02
-2.211820000000000105e-02
-8.156260000000000246e-03
7.180210000000000238e-03
1.631809999999999858e-02
1.341870000000000042e-02
1.754099999999999973e-03
-8.770439999999999139e-03
-1.222449999999999926e-02
-1.179780000000000065e-02
-1.463249999999999967e-02
-2.341359999999999969e-02
-3.354239999999999999e-02
-3.848959999999999881e-02
-3.777980000000000227e-02
-3.781650000000000289e-02
-4.421209999999999724e-02
-5.511579999999999951e-02
-6.199000000000000343e-02
-5.758579999999999949e-02
-4.342510000000000120e-02
-2.697549999999999948e-02
-1.365159999999999985e-02
-4.024999999999999932e-03
4.018139999999999906e-03
1.236349999999999949e-02
2.160240000000000077e-02
3.168170000000000014e-02
4.236530000000000157e-02
5.323529999999999929e-02
6.326429999999999554e-02
7.093649999999999956e-02
7.547890000000000155e-02
7.693999999999999451e-02
7.574259999999999327e-02
7.296569999999999445e-02
7.032950000000000312e-02
6.971660000000000357e-02
7.131469999999999476e-02
7.144979999999999387e-02
6.535920000000000618e-02
5.291799999999999976e-02
3.875289999999999985e-02
2.742400000000000046e-02
1.993150000000000130e-02
1.412970000000000025e-02
7.817640000000000700e-03
6.826129999999999915e-04
-6.887859999999999989e-03
-1.555050000000000009e-02
-2.555059999999999970e-02
-3.242239999999999706e-02
-2.858089999999999936e-02
-1.245349999999999929e-02
9.111450000000000105e-03
2.564960000000000157e-02
2.798990000000000158e-02
1.513289999999999948e-02
-4.735429999999999674e-03
-2.035409999999999997e-02
-2.253339999999999857e-02
-9.584129999999999733e-03
1.249379999999999935e-02
3.477840000000000098e-02
4.795300000000000257e-02
4.830879999999999896e-02
4.136109999999999787e-02
3.546710000000000140e-02
3.519039999999999668e-02
4.006889999999999757e-02
4.632479999999999931e-02
4.889919999999999684e-02
4.446150000000000102e-02
3.405790000000000206e-02
2.151010000000000075e-02
1.038859999999999957e-02
2.716629999999999826e-03
-9.387610000000000063e-05
3.222899999999999897e-03
8.281290000000000179e-03
3.545280000000000046e-03
-1.622670000000000015e-02
-3.875399999999999678e-02
-4.591590000000000255e-02
-3.423770000000000285e-02
-1.603610000000000105e-02
-6.711980000000000203e-03
-1.505839999999999956e-02
-3.754140000000000255e-02
-5.894030000000000102e-02
-6.362859999999999350e-02
-5.186290000000000344e-02
-3.973469999999999780e-02
-3.931289999999999785e-02
-4.751989999999999686e-02
-5.527859999999999718e-02
-5.826039999999999691e-02
-5.725969999999999671e-02
-5.475510000000000099e-02
-5.381579999999999697e-02
-5.714570000000000066e-02
-6.384059999999999735e-02
-6.816859999999999586e-02
-6.420399999999999718e-02
-4.959910000000000013e-02
-2.632599999999999871e-02
-2.264599999999999860e-03
1.390480000000000015e-02
2.177060000000000106e-02
2.724829999999999960e-02
3.245010000000000255e-02
3.311569999999999792e-02
2.640889999999999904e-02
1.535440000000000069e-02
5.930340000000000091e-03
3.650759999999999856e-03
9.885669999999999180e-03
1.932899999999999896e-02
2.370190000000000144e-02
2.000199999999999895e-02
1.405570000000000083e-02
1.392630000000000083e-02
2.036860000000000059e-02
2.531829999999999845e-02
2.065650000000000125e-02
6.961659999999999723e-03
-8.708880000000000440e-03
-2.117410000000000125e-02
-2.992260000000000059e-02
-3.463109999999999800e-02
-3.303119999999999667e-02
-2.533439999999999998e-02
-1.577699999999999936e-02
-7.798420000000000352e-03
-1.639129999999999873e-04
1.080799999999999990e-02
2.581690000000000026e-02
4.126479999999999732e-02
5.331439999999999790e-02
5.957609999999999989e-02
5.703219999999999817e-02
4.453349999999999670e-02
2.612669999999999923e-02
7.184069999999999866e-03
-9.477990000000000373e-03
-2.073770000000000127e-02
-2.261260000000000006e-02
-1.536970000000000003e-02
-3.204250000000000067e-03
1.096100000000000026e-02
2.415559999999999929e-02
2.705640000000000128e-02
1.115670000000000030e-02
-1.645030000000000103e-02
-3.984479999999999966e-02
-5.154899999999999760e-02
-5.280300000000000271e-02
-4.574480000000000213e-02
-3.267430000000000334e-02
-1.696179999999999910e-02
-1.023550000000000024e-03
1.416410000000000065e-02
2.717349999999999974e-02
3.650550000000000322e-02
4.279229999999999839e-02
4.684789999999999788e-02
4.660840000000000122e-02
3.875350000000000322e-02
2.367649999999999963e-02
9.826480000000000284e-03
8.001309999999999326e-03
1.894629999999999925e-02
3.338209999999999789e-02
4.157489999999999797e-02
3.744909999999999906e-02
2.102089999999999861e-02
3.032249999999999979e-05
-1.712750000000000036e-02
-2.732650000000000010e-02
-2.926269999999999913e-02
-2.226710000000000148e-02
-9.390209999999999529e-03
4.509029999999999809e-03
1.727170000000000094e-02
2.880869999999999959e-02
3.605080000000000090e-02
3.528970000000000024e-02
3.143689999999999679e-02
3.457280000000000075e-02
4.753079999999999805e-02
6.303100000000000369e-02
6.813769999999999549e-02
5.350549999999999751e-02
2.382569999999999827e-02
-5.278810000000000099e-03
-1.952490000000000128e-02
-1.428600000000000009e-02
2.089559999999999855e-03
1.294919999999999925e-02
7.175159999999999871e-03
-1.155109999999999991e-02
-3.244350000000000012e-02
-4.848709999999999826e-02
-5.414929999999999743e-02
-4.339010000000000089e-02
-1.712100000000000080e-02
1.299529999999999956e-02
2.951470000000000135e-02
2.282079999999999873e-02
6.772949999999999587e-04
-2.168720000000000023e-02
-3.612390000000000045e-02
-4.159170000000000228e-02
-3.747980000000000061e-02
-2.453340000000000035e-02
-7.255629999999999892e-03
9.279060000000000433e-03
2.115689999999999932e-02
2.537589999999999985e-02
2.159039999999999918e-02
1.115290000000000031e-02
-5.222799999999999665e-03
-2.609119999999999842e-02
-4.567550000000000082e-02
-5.349860000000000032e-02
-4.400769999999999682e-02
-2.500279999999999864e-02
-9.846960000000000088e-03
-5.289760000000000122e-03
-9.677689999999999210e-03
-1.762369999999999909e-02
-2.311799999999999966e-02
-2.148749999999999966e-02
-1.251180000000000000e-02
-1.363640000000000110e-04
1.202630000000000018e-02
2.216560000000000058e-02
2.834669999999999898e-02
3.101790000000000103e-02
3.555149999999999977e-02
4.655750000000000166e-02
6.221619999999999928e-02
7.499799999999999522e-02
7.709180000000000199e-02
6.822029999999999761e-02
5.656259999999999760e-02
4.826079999999999953e-02
3.936769999999999853e-02
2.270109999999999836e-02
2.432129999999999904e-04
-1.531500000000000049e-02
-1.444040000000000080e-02
-2.726839999999999906e-03
7.326410000000000214e-03
9.696130000000000720e-03
5.349099999999999862e-03
-1.981829999999999963e-03
-8.414730000000000473e-03
-1.218980000000000063e-02
-1.168469999999999925e-02
-2.607379999999999854e-03
1.728369999999999906e-02
4.207210000000000116e-02
6.179520000000000152e-02
7.008599999999999552e-02
6.572759999999999714e-02
5.004610000000000308e-02
2.135820000000000080e-02
-1.932779999999999915e-02
-5.442570000000000047e-02
-6.108630000000000310e-02
-3.608379999999999921e-02
3.107050000000000090e-03
3.529580000000000217e-02
4.540129999999999860e-02
2.745869999999999908e-02
-8.462410000000000071e-03
-4.003410000000000302e-02
-5.365990000000000343e-02
-5.571609999999999757e-02
-6.012889999999999902e-02
-7.221110000000000029e-02
-8.670329999999999704e-02
-9.513789999999999747e-02
-9.137330000000000452e-02
-7.290209999999999746e-02
-3.657379999999999659e-02
2.414260000000000017e-02
1.013219999999999954e-01
1.564790000000000070e-01
1.478619999999999934e-01
7.003360000000000141e-02
-4.032179999999999792e-02
-1.290060000000000096e-01
-1.553620000000000001e-01
-1.123330000000000023e-01
-3.387659999999999977e-02
3.086260000000000045e-02
5.717440000000000022e-02
5.041469999999999979e-02
3.108860000000000096e-02
2.114450000000000010e-02
3.095710000000000128e-02
5.399140000000000189e-02
7.748520000000000407e-02
9.835109999999999686e-02
1.176230000000000053e-01
1.138549999999999979e-01
5.862479999999999775e-02
-3.378479999999999678e-02
-1.169909999999999978e-01
-1.601960000000000051e-01
-1.632599999999999885e-01
-1.460720000000000074e-01
-1.313660000000000105e-01
-1.299740000000000062e-01
-1.355590000000000128e-01
-1.304549999999999876e-01
-9.655679999999999819e-02
-2.920089999999999839e-02
5.696020000000000250e-02
1.432789999999999897e-01
2.137850000000000028e-01
2.462409999999999877e-01
2.245260000000000034e-01
1.489729999999999943e-01
3.680150000000000088e-02
-6.966310000000000557e-02
-1.266269999999999896e-01
-1.273160000000000125e-01
-1.000359999999999999e-01
-7.427649999999999531e-02
-5.775219999999999659e-02
-4.444510000000000127e-02
-3.127680000000000043e-02
-1.956050000000000150e-02
-8.471489999999999923e-03
3.350909999999999913e-03
1.216530000000000042e-02
1.310440000000000042e-02
8.261320000000000816e-03
3.948039999999999883e-03
3.980570000000000115e-03
1.035389999999999922e-02
2.440610000000000002e-02
4.394479999999999914e-02
6.111439999999999928e-02
6.438729999999999454e-02
4.764970000000000316e-02
1.722409999999999913e-02
-1.559920000000000057e-02
-4.143840000000000023e-02
-4.903640000000000082e-02
-3.098510000000000153e-02
4.775699999999999910e-03
3.901199999999999807e-02
5.457200000000000245e-02
4.152190000000000047e-02
1.019040000000000055e-04
-5.100249999999999923e-02
-8.756129999999999469e-02
-1.032880000000000048e-01
-1.047050000000000064e-01
-9.603190000000000337e-02
-7.810430000000000150e-02
-5.440529999999999672e-02
-3.515580000000000094e-02
-2.967490000000000058e-02
-3.674870000000000220e-02
-4.840040000000000314e-02
-5.828629999999999922e-02
-6.319929999999999992e-02
-6.119460000000000177e-02
-5.129149999999999682e-02
-3.333509999999999945e-02
-8.534399999999999278e-03
2.116739999999999941e-02
5.432549999999999879e-02
8.756690000000000307e-02
1.149609999999999937e-01
1.316569999999999963e-01
1.335099999999999898e-01
1.063449999999999951e-01
3.499189999999999939e-02
-5.824150000000000160e-02
-1.197619999999999935e-01
-1.199640000000000012e-01
-7.524920000000000220e-02
-2.219820000000000126e-02
1.386030000000000074e-02
2.846310000000000159e-02
2.785989999999999994e-02
1.923899999999999916e-02
1.052400000000000037e-02
8.054999999999999660e-03
1.173890000000000003e-02
1.786170000000000119e-02
2.571789999999999840e-02
3.765650000000000247e-02
5.213140000000000135e-02
6.011099999999999777e-02
5.329500000000000209e-02
3.367549999999999710e-02
1.373800000000000021e-02
1.007030000000000078e-02
2.882059999999999830e-02
5.677109999999999795e-02
7.386679999999999635e-02
7.065960000000000296e-02
5.131979999999999875e-02
2.461659999999999890e-02
-1.739550000000000081e-03
-1.971710000000000129e-02
-2.384879999999999986e-02
-1.965429999999999955e-02
-2.279020000000000004e-02
-4.272109999999999796e-02
-7.331050000000000066e-02
-9.966039999999999621e-02
-1.083210000000000006e-01
-9.717140000000000499e-02
-7.694520000000000526e-02
-6.082100000000000006e-02
-5.386790000000000328e-02
-5.092590000000000311e-02
-4.301619999999999749e-02
-2.607179999999999914e-02
-4.457700000000000204e-03
1.427920000000000057e-02
2.754739999999999966e-02
3.652760000000000035e-02
3.937469999999999859e-02
3.320800000000000141e-02
1.989669999999999980e-02
5.095670000000000061e-03
-4.737629999999999619e-03
-4.941609999999999926e-03
4.126369999999999864e-03
1.746280000000000054e-02
2.819019999999999859e-02
3.142640000000000017e-02
2.818139999999999881e-02
2.318599999999999828e-02
1.916199999999999848e-02
1.603260000000000102e-02
1.624000000000000096e-02
2.589330000000000104e-02
4.546170000000000072e-02
6.322949999999999404e-02
6.528899999999999981e-02
4.845060000000000339e-02
2.014880000000000143e-02
-6.766920000000000053e-03
-2.162340000000000095e-02
-2.343589999999999909e-02
-1.852260000000000018e-02
-1.140080000000000086e-02
-2.252539999999999924e-03
6.390980000000000098e-03
8.801009999999999736e-03
4.523649999999999720e-03
7.215849999999999565e-04
2.582909999999999894e-03
6.484890000000000099e-03
6.556130000000000291e-03
3.483389999999999837e-03
3.477689999999999861e-03
1.005179999999999962e-02
1.976740000000000094e-02
2.720500000000000002e-02
3.112550000000000039e-02
3.231379999999999669e-02
2.773870000000000155e-02
1.228850000000000081e-02
-1.379670000000000028e-02
-4.079089999999999799e-02
-5.560879999999999990e-02
-5.382800000000000085e-02
-4.081509999999999999e-02
-2.294619999999999993e-02
-3.890460000000000099e-03
1.333969999999999947e-02
2.413610000000000061e-02
2.412109999999999949e-02
1.457390000000000074e-02
2.789390000000000099e-03
-3.934179999999999795e-03
-4.107859999999999637e-03
-3.655250000000000079e-03
-1.094750000000000063e-02
-2.555839999999999848e-02
-3.454639999999999794e-02
-2.707249999999999934e-02
-7.596750000000000204e-03
1.026449999999999932e-02
1.791210000000000024e-02
1.688620000000000052e-02
1.235190000000000073e-02
6.646110000000000212e-03
5.793750000000000289e-04
-2.984000000000000107e-03
-7.821129999999999706e-04
6.409839999999999982e-03
1.362539999999999932e-02
1.601440000000000155e-02
1.273490000000000039e-02
6.067760000000000167e-03
-1.818579999999999980e-03
-9.960969999999999547e-03
-1.812570000000000153e-02
-2.498970000000000011e-02
-2.724740000000000148e-02
-2.306110000000000104e-02
-1.485500000000000015e-02
-8.382840000000000777e-03
-9.976669999999999983e-03
-2.120640000000000025e-02
-3.557230000000000114e-02
-4.404840000000000144e-02
-4.487660000000000260e-02
-4.482619999999999660e-02
-5.012060000000000126e-02
-5.882160000000000166e-02
-6.325379999999999892e-02
-5.807609999999999856e-02
-4.239539999999999975e-02
-1.789550000000000168e-02
9.675150000000000416e-03
3.289460000000000300e-02
4.882380000000000053e-02
5.958429999999999976e-02
6.769229999999999692e-02
7.128790000000000127e-02
6.652529999999999555e-02
5.337050000000000127e-02
3.415619999999999767e-02
1.252860000000000085e-02
-3.663000000000000023e-03
-6.836309999999999956e-03
2.350089999999999991e-03
1.623660000000000034e-02
2.798509999999999887e-02
3.553150000000000058e-02
3.971960000000000074e-02
4.139829999999999899e-02
4.100750000000000228e-02
3.930009999999999754e-02
3.670029999999999820e-02
3.267799999999999871e-02
2.546220000000000080e-02
1.416169999999999929e-02
3.093779999999999968e-03
-1.547680000000000063e-04
7.654580000000000238e-03
2.167010000000000117e-02
3.406390000000000112e-02
4.046700000000000297e-02
3.990069999999999728e-02
3.369740000000000235e-02
2.501719999999999985e-02
1.638430000000000095e-02
9.796100000000000294e-03
8.865949999999999179e-03
1.600060000000000024e-02
2.854129999999999862e-02
4.101769999999999722e-02
4.996140000000000303e-02
5.590010000000000118e-02
6.133140000000000119e-02
6.618620000000000059e-02
6.648529999999999718e-02
5.946989999999999915e-02
4.687100000000000294e-02
3.154409999999999853e-02
1.478229999999999995e-02
-2.577990000000000056e-03
-1.887930000000000164e-02
-3.245719999999999855e-02
-4.186460000000000181e-02
-4.521789999999999837e-02
-4.307049999999999768e-02
-4.043370000000000297e-02
-4.215329999999999772e-02
-4.813230000000000286e-02
-5.481690000000000174e-02
-5.878549999999999748e-02
-5.856070000000000025e-02
-5.527699999999999975e-02
-5.131379999999999969e-02
-4.814109999999999917e-02
-4.596959999999999935e-02
-4.448429999999999745e-02
-4.333240000000000008e-02
-4.184890000000000138e-02
-3.887600000000000083e-02
-3.382940000000000252e-02
-2.798600000000000046e-02
-2.361270000000000036e-02
-2.165519999999999945e-02
-2.194060000000000107e-02
-2.459619999999999862e-02
-2.937079999999999899e-02
-3.499820000000000014e-02
-4.021650000000000225e-02
-4.462950000000000250e-02
-4.722729999999999984e-02
-4.519970000000000238e-02
-3.751030000000000336e-02
-2.784789999999999835e-02
-2.089540000000000147e-02
-1.740799999999999986e-02
-1.498009999999999967e-02
-1.192529999999999979e-02
-8.467570000000000652e-03
-5.345619999999999712e-03
-2.331709999999999859e-03
1.838989999999999982e-03
7.713270000000000369e-03
1.325119999999999944e-02
1.525890000000000059e-02
1.397939999999999947e-02
1.326199999999999948e-02
1.457840000000000004e-02
1.485659999999999932e-02
1.219869999999999982e-02
9.820729999999999738e-03
1.177729999999999923e-02
1.793619999999999937e-02
2.427680000000000116e-02
2.617310000000000123e-02
2.199850000000000069e-02
1.462680000000000057e-02
8.918250000000000829e-03
7.029030000000000347e-03
6.280039999999999754e-03
2.644339999999999798e-03
-4.244569999999999593e-03
-1.065900000000000007e-02
-1.291789999999999952e-02
-1.167370000000000040e-02
-1.101040000000000005e-02
-1.200720000000000086e-02
-1.035649999999999939e-02
-2.799049999999999976e-03
8.510329999999999978e-03
1.897350000000000078e-02
2.582960000000000117e-02
2.979019999999999932e-02
3.284200000000000313e-02
3.518140000000000156e-02
3.534459999999999685e-02
3.237570000000000031e-02
2.689429999999999946e-02
2.027309999999999876e-02
1.356590000000000053e-02
8.038329999999999781e-03
4.870199999999999876e-03
2.277809999999999904e-03
-3.716989999999999877e-03
-1.353159999999999953e-02
-2.284469999999999903e-02
-2.832089999999999955e-02
-3.105300000000000074e-02
-3.388730000000000214e-02
-3.796569999999999806e-02
-4.244180000000000175e-02
-4.552160000000000234e-02
-4.544399999999999828e-02
-4.216740000000000071e-02
-3.750930000000000236e-02
-3.310760000000000092e-02
-2.929520000000000041e-02
-2.532540000000000138e-02
-1.975690000000000085e-02
-1.153020000000000087e-02
-1.264139999999999969e-03
9.326980000000000340e-03
1.925280000000000047e-02
2.859019999999999964e-02
3.768470000000000153e-02
4.632599999999999912e-02
5.341880000000000239e-02
5.777829999999999772e-02
5.842250000000000221e-02
5.475340000000000068e-02
4.790069999999999745e-02
4.041659999999999697e-02
3.391349999999999920e-02
2.816679999999999878e-02
2.240769999999999915e-02
1.646919999999999981e-02
1.057319999999999961e-02
4.826949999999999991e-03
-5.776569999999999752e-04
-5.176090000000000378e-03
-8.716500000000000289e-03
-1.161200000000000079e-02
-1.445660000000000001e-02
-1.687270000000000089e-02
-1.754340000000000066e-02
-1.595840000000000106e-02
-1.321750000000000008e-02
-1.059219999999999953e-02
-8.584760000000000307e-03
-8.014969999999999734e-03
-1.010630000000000035e-02
-1.468829999999999962e-02
-2.033590000000000050e-02
-2.643970000000000001e-02
-3.350159999999999944e-02
-4.126090000000000313e-02
-4.724600000000000327e-02
-4.875000000000000167e-02
-4.633759999999999962e-02
-4.365460000000000174e-02
-4.379949999999999816e-02
-4.672239999999999727e-02
-5.034020000000000161e-02
-5.326670000000000016e-02
-5.575940000000000063e-02
-5.866419999999999968e-02
-6.208500000000000130e-02
-6.449989999999999890e-02
-6.343360000000000665e-02
-5.830590000000000078e-02
-5.125060000000000032e-02
-4.433030000000000304e-02
-3.782390000000000058e-02
-3.104590000000000127e-02
-2.280010000000000023e-02
-1.161550000000000082e-02
2.617369999999999940e-03
1.808919999999999972e-02
3.279579999999999995e-02
4.539730000000000154e-02
5.477920000000000011e-02
6.049179999999999835e-02
6.336569999999999703e-02
6.415450000000000319e-02
6.240740000000000176e-02
5.780890000000000334e-02
5.087409999999999849e-02
4.230029999999999901e-02
3.353949999999999987e-02
2.712260000000000018e-02
2.431279999999999900e-02
2.300200000000000161e-02
1.954639999999999850e-02
1.263369999999999944e-02
4.163939999999999655e-03
-3.321220000000000162e-03
-9.081439999999999652e-03
-1.420109999999999949e-02
-1.961649999999999852e-02
-2.484859999999999847e-02
-2.880349999999999924e-02
-3.131140000000000312e-02
-3.325170000000000209e-02
-3.470290000000000180e-02
-3.434190000000000159e-02
-3.113919999999999882e-02
-2.424549999999999969e-02
-1.367690000000000052e-02
-3.076150000000000152e-03
3.200849999999999876e-03
5.329440000000000392e-03
7.074079999999999951e-03
1.119339999999999918e-02
1.806570000000000051e-02
2.819580000000000003e-02
4.089919999999999667e-02
5.176739999999999814e-02
5.746219999999999800e-02
5.962710000000000232e-02
6.136160000000000225e-02
6.353200000000000514e-02
6.557449999999999390e-02
6.820550000000000224e-02
7.315299999999999581e-02
7.960200000000000609e-02
8.406479999999999508e-02
8.476559999999999651e-02
8.281289999999999485e-02
7.937660000000000549e-02
7.391050000000000397e-02
6.408170000000000532e-02
4.786080000000000195e-02
2.614800000000000110e-02
2.749249999999999958e-03
-1.746639999999999998e-02
-3.172389999999999932e-02
-4.110119999999999746e-02
-4.787489999999999801e-02
-5.213829999999999854e-02
-5.332119999999999915e-02
-5.383940000000000253e-02
-5.710040000000000254e-02
-6.263599999999999723e-02
-6.606439999999999535e-02
-6.415819999999999856e-02
-5.833159999999999734e-02
-5.209230000000000110e-02
-4.801620000000000194e-02
-4.754619999999999680e-02
-4.980899999999999911e-02
-5.159430000000000266e-02
-5.089330000000000243e-02
-4.729719999999999758e-02
-3.953129999999999838e-02
-2.834889999999999979e-02
-1.867950000000000166e-02
-1.384840000000000029e-02
-1.198330000000000055e-02
-9.616359999999999145e-03
-5.422180000000000402e-03
-3.540740000000000120e-04
4.339009999999999916e-03
8.443710000000000104e-03
1.248460000000000021e-02
1.682619999999999949e-02
2.088260000000000116e-02
2.320600000000000093e-02
2.306520000000000098e-02
2.146419999999999925e-02
1.988600000000000090e-02
1.884320000000000092e-02
1.793449999999999905e-02
1.619759999999999950e-02
1.262409999999999921e-02
7.304149999999999705e-03
2.345240000000000172e-03
8.799899999999999823e-04
3.846989999999999785e-03
9.105439999999999368e-03
1.383239999999999990e-02
1.586260000000000100e-02
1.414520000000000013e-02
9.561909999999999854e-03
4.216329999999999904e-03
-6.254119999999999948e-04
-5.095770000000000334e-03
-8.999119999999999342e-03
-1.084210000000000035e-02
-9.706960000000000588e-03
-6.882229999999999598e-03
-4.910160000000000219e-03
-5.268000000000000113e-03
-7.240400000000000134e-03
-9.386860000000000342e-03
-1.107539999999999913e-02
-1.203390000000000015e-02
-1.157030000000000038e-02
-9.335800000000000001e-03
-6.805770000000000049e-03
-6.847210000000000275e-03
-1.084809999999999941e-02
-1.727789999999999881e-02
-2.304209999999999939e-02
-2.523030000000000064e-02
-2.307359999999999967e-02
-1.853899999999999992e-02
-1.403139999999999943e-02
-1.005200000000000017e-02
-5.217849999999999572e-03
1.348980000000000058e-03
8.204450000000000284e-03
1.343540000000000012e-02
1.711789999999999839e-02
2.078620000000000120e-02
2.543149999999999925e-02
3.070300000000000112e-02
3.534040000000000098e-02
3.796309999999999962e-02
3.836149999999999977e-02
3.768459999999999865e-02
3.713360000000000272e-02
3.702849999999999892e-02
3.704110000000000041e-02
3.689359999999999862e-02
3.634459999999999774e-02
3.509890000000000232e-02
3.321489999999999859e-02
3.113519999999999829e-02
2.918820000000000095e-02
2.738190000000000068e-02
2.576219999999999899e-02
2.493290000000000090e-02
2.566070000000000156e-02
2.780619999999999967e-02
3.003750000000000170e-02
3.024299999999999905e-02
2.708870000000000028e-02
2.139299999999999882e-02
1.471919999999999999e-02
7.648839999999999632e-03
2.458979999999999825e-04
-6.732969999999999580e-03
-1.197140000000000010e-02
-1.536999999999999998e-02
-1.763970000000000121e-02
-1.830810000000000076e-02
-1.670390000000000069e-02
-1.345700000000000021e-02
-9.971729999999999830e-03
-7.798239999999999686e-03
-8.115970000000000129e-03
-1.078810000000000012e-02
-1.432399999999999993e-02
-1.635210000000000136e-02
-1.455829999999999971e-02
-8.764779999999999793e-03
-1.259509999999999926e-03
4.913060000000000344e-03
7.410449999999999850e-03
6.157239999999999588e-03
3.321849999999999890e-03
8.824819999999999713e-04
-3.283960000000000047e-04
3.865660000000000255e-04
3.436030000000000074e-03
7.949529999999999791e-03
1.169929999999999928e-02
1.233889999999999987e-02
9.576410000000000478e-03
5.329060000000000047e-03
1.608440000000000043e-03
-6.756789999999999932e-04
-1.665540000000000076e-03
-2.109320000000000032e-03
-2.825080000000000213e-03
-4.220250000000000043e-03
-5.877099999999999685e-03
-6.719840000000000362e-03
-6.231219999999999988e-03
-5.001580000000000262e-03
-3.809429999999999934e-03
-2.947910000000000200e-03
-2.360339999999999834e-03
-2.221359999999999914e-03
-2.756259999999999960e-03
-3.838100000000000105e-03
-5.568209999999999653e-03
-8.126460000000000281e-03
-1.090700000000000003e-02
-1.247030000000000013e-02
-1.179619999999999974e-02
-9.525260000000000671e-03
-7.098100000000000416e-03
-5.090909999999999706e-03
-3.157409999999999817e-03
-1.041409999999999992e-03
1.174609999999999977e-03
3.295160000000000103e-03
4.823509999999999603e-03
5.089709999999999894e-03
4.023930000000000215e-03
2.200249999999999949e-03
-3.749569999999999872e-07
-2.284990000000000198e-03
-3.631989999999999871e-03
-2.933980000000000095e-03
-4.230200000000000258e-04
2.989390000000000189e-03
7.194129999999999969e-03
1.219370000000000002e-02
1.676189999999999972e-02
1.943720000000000170e-02
2.039880000000000165e-02
2.096719999999999834e-02
2.199840000000000129e-02
2.309809999999999988e-02
2.287840000000000013e-02
2.042559999999999862e-02
1.636249999999999857e-02
1.190669999999999923e-02
7.518649999999999986e-03
3.206759999999999906e-03
-7.168230000000000044e-04
-3.925790000000000182e-03
-6.601550000000000300e-03
-9.264690000000000772e-03
-1.225320000000000055e-02
-1.559900000000000002e-02
-1.951289999999999969e-02
-2.438939999999999858e-02
-2.969070000000000042e-02
-3.338680000000000120e-02
-3.385149999999999965e-02
-3.185000000000000331e-02
-2.941670000000000049e-02
-2.780070000000000111e-02
-2.711919999999999956e-02
-2.689729999999999899e-02
-2.610530000000000142e-02
-2.327490000000000114e-02
-1.784519999999999856e-02
-1.111760000000000005e-02
-4.980130000000000147e-03
-7.517040000000000115e-05
4.109579999999999830e-03
8.048980000000000717e-03
1.159239999999999923e-02
1.371619999999999957e-02
1.324029999999999999e-02
1.054979999999999980e-02
8.055649999999999269e-03
8.182369999999999574e-03
1.096040000000000035e-02
1.440649999999999917e-02
1.653709999999999902e-02
1.657329999999999914e-02
1.526379999999999924e-02
1.384409999999999981e-02
1.279059999999999919e-02
1.187640000000000050e-02
1.084779999999999946e-02
9.966739999999999974e-03
9.780540000000000761e-03
1.038689999999999926e-02
1.135549999999999927e-02
1.213930000000000044e-02
1.207989999999999932e-02
1.064649999999999971e-02
8.081190000000000248e-03
5.130339999999999727e-03
2.148080000000000128e-03
-9.328579999999999511e-04
-4.225950000000000019e-03
-7.459509999999999925e-03
-9.237109999999999765e-03
-8.088800000000000157e-03
-4.459539999999999685e-03
-2.415770000000000081e-04
3.213090000000000043e-03
6.009200000000000132e-03
8.761730000000000559e-03
1.105860000000000003e-02
1.170140000000000069e-02
1.043119999999999985e-02
8.389149999999999732e-03
6.686970000000000414e-03
5.411149999999999988e-03
3.921299999999999959e-03
1.606849999999999945e-03
-1.418970000000000084e-03
-4.614619999999999833e-03
-7.499969999999999901e-03
-9.381640000000000118e-03
-9.489469999999999850e-03
-8.264600000000000418e-03
-7.792040000000000077e-03
-9.695580000000000517e-03
-1.342379999999999962e-02
-1.735139999999999946e-02
-2.064830000000000138e-02
-2.358920000000000114e-02
-2.663509999999999836e-02
-2.986799999999999872e-02
-3.321720000000000228e-02
-3.617639999999999745e-02
-3.716459999999999902e-02
-3.480269999999999891e-02
-2.971379999999999855e-02
-2.351960000000000162e-02
-1.681260000000000046e-02
-9.678140000000000007e-03
-3.350039999999999876e-03
5.993329999999999621e-04
2.326030000000000198e-03
3.445189999999999884e-03
5.099069999999999818e-03
7.273889999999999870e-03
9.545160000000000450e-03
1.168800000000000047e-02
1.372899999999999988e-02
1.554200000000000026e-02
1.637730000000000088e-02
1.560070000000000033e-02
1.365880000000000045e-02
1.150200000000000007e-02
9.672129999999999270e-03
8.690989999999999133e-03
9.438959999999999712e-03
1.205950000000000077e-02
1.506240000000000009e-02
1.607190000000000007e-02
1.422939999999999969e-02
1.171379999999999991e-02
1.113279999999999999e-02
1.186169999999999933e-02
1.104819999999999934e-02
7.483970000000000379e-03
2.464420000000000152e-03
-2.357919999999999894e-03
-6.317719999999999760e-03
-9.047490000000000046e-03
-9.955699999999999619e-03
-9.156650000000000553e-03
-7.792000000000000315e-03
-7.143469999999999855e-03
-7.893159999999999760e-03
-9.734170000000000322e-03
-1.132750000000000076e-02
-1.116160000000000069e-02
-8.856209999999999777e-03
-5.366120000000000265e-03
-1.898640000000000050e-03
1.087180000000000091e-03
3.790720000000000027e-03
6.480050000000000220e-03
9.201559999999999254e-03
1.189540000000000042e-02
1.458519999999999955e-02
1.735220000000000165e-02
2.027920000000000070e-02
2.334759999999999960e-02
2.607179999999999914e-02
2.761190000000000172e-02
2.773909999999999917e-02
2.723060000000000064e-02
2.709479999999999875e-02
2.754540000000000113e-02
2.780200000000000032e-02
2.697350000000000095e-02
2.496419999999999889e-02
2.237990000000000118e-02
1.981449999999999878e-02
1.744389999999999830e-02
1.514479999999999993e-02
1.278559999999999940e-02
1.036409999999999935e-02
8.031719999999999138e-03
6.070530000000000197e-03
4.676310000000000362e-03
3.669439999999999941e-03
2.726090000000000024e-03
2.075539999999999850e-03
2.597980000000000168e-03
4.832519999999999871e-03
8.059039999999999954e-03
1.084249999999999971e-02
1.234030000000000023e-02
1.287330000000000071e-02
1.320930000000000021e-02
1.334779999999999994e-02
1.263039999999999996e-02
1.091370000000000014e-02
8.751280000000000170e-03
6.445440000000000197e-03
3.718079999999999909e-03
3.985139999999999863e-04
-3.258529999999999933e-03
-6.800050000000000192e-03
-9.639510000000000439e-03
-1.128849999999999992e-02
-1.188619999999999954e-02
-1.213969999999999980e-02
-1.238150000000000014e-02
-1.222179999999999968e-02
-1.141840000000000042e-02
-1.051150000000000001e-02
-1.048220000000000054e-02
-1.179649999999999969e-02
-1.388990000000000016e-02
-1.544539999999999975e-02
-1.506170000000000078e-02
-1.239400000000000050e-02
-8.510500000000000703e-03
-5.036009999999999619e-03
-3.450239999999999817e-03
-4.274680000000000320e-03
-6.612070000000000274e-03
-9.105729999999999380e-03
-1.117680000000000062e-02
-1.307499999999999982e-02
-1.539929999999999945e-02
-1.923089999999999869e-02
-2.531040000000000026e-02
-3.236569999999999725e-02
-3.779930000000000095e-02
-4.056660000000000127e-02
-4.167180000000000190e-02
-4.184639999999999888e-02
-4.095030000000000198e-02
-3.913640000000000174e-02
-3.706469999999999904e-02
-3.534829999999999917e-02
-3.419420000000000098e-02
-3.336809999999999776e-02
-3.232209999999999944e-02
-3.041560000000000097e-02
-2.740549999999999931e-02
-2.375580000000000053e-02
-2.010139999999999844e-02
-1.662970000000000073e-02
-1.316890000000000074e-02
-9.537079999999999863e-03
-5.723770000000000420e-03
-1.833079999999999952e-03
1.928349999999999899e-03
5.172040000000000144e-03
7.672179999999999798e-03
9.510219999999999785e-03
1.034299999999999976e-02
9.387190000000000117e-03
6.688829999999999776e-03
3.541719999999999938e-03
1.711740000000000006e-03
2.290359999999999965e-03
4.716170000000000431e-03
7.507319999999999618e-03
9.730459999999999804e-03
1.081159999999999934e-02
1.004930000000000059e-02
7.384169999999999796e-03
3.607040000000000159e-03
-5.574329999999999737e-04
-4.818910000000000034e-03
-8.806130000000000554e-03
-1.182610000000000085e-02
-1.361910000000000030e-02
-1.479349999999999936e-02
-1.563459999999999850e-02
-1.533409999999999981e-02
-1.329930000000000001e-02
-1.074119999999999936e-02
-1.019860000000000037e-02
-1.291169999999999991e-02
-1.755220000000000044e-02
-2.176679999999999934e-02
-2.340619999999999853e-02
-2.137740000000000126e-02
-1.668489999999999904e-02
-1.156090000000000069e-02
-7.869110000000000341e-03
-6.509260000000000219e-03
-7.070840000000000111e-03
-7.913750000000000645e-03
-7.229030000000000004e-03
-4.571079999999999935e-03
-1.002520000000000017e-03
1.930939999999999913e-03
2.820889999999999943e-03
1.362219999999999924e-03
-1.367130000000000038e-03
-3.981179999999999962e-03
-5.207380000000000168e-03
-3.856280000000000124e-03
1.532360000000000081e-04
5.433020000000000210e-03
1.029230000000000075e-02
1.330710000000000053e-02
1.368379999999999944e-02
1.208279999999999944e-02
1.004260000000000048e-02
8.657240000000000074e-03
8.252539999999999182e-03
8.551100000000000714e-03
8.880189999999999612e-03
8.447049999999999351e-03
6.928479999999999882e-03
4.755239999999999988e-03
2.536350000000000150e-03
6.958900000000000068e-04
-3.174000000000000172e-04
-2.563600000000000189e-04
5.490150000000000282e-04
1.473600000000000040e-03
1.799910000000000052e-03
6.160890000000000030e-04
-2.495530000000000144e-03
-6.321130000000000325e-03
-8.413810000000000733e-03
-7.353669999999999651e-03
-4.227609999999999701e-03
-1.551440000000000067e-03
-1.041929999999999940e-03
-2.369619999999999799e-03
-4.072209999999999719e-03
-5.291739999999999639e-03
-6.083800000000000319e-03
-6.131069999999999749e-03
-4.284579999999999639e-03
-2.092499999999999905e-04
4.798649999999999791e-03
9.189620000000000774e-03
1.261110000000000009e-02
1.570329999999999990e-02
1.845060000000000103e-02
1.974679999999999838e-02
1.907609999999999861e-02
1.733310000000000059e-02
1.570960000000000065e-02
1.509029999999999920e-02
1.635489999999999861e-02
1.967050000000000048e-02
2.404260000000000078e-02
2.840310000000000057e-02
3.191870000000000124e-02
3.323879999999999890e-02
3.135120000000000268e-02
2.713930000000000162e-02
2.257959999999999828e-02
1.888130000000000017e-02
1.605760000000000173e-02
1.357449999999999976e-02
1.102110000000000069e-02
8.391509999999999594e-03
5.926579999999999869e-03
3.722959999999999985e-03
1.620860000000000009e-03
-3.679749999999999861e-04
-1.695529999999999997e-03
-1.808399999999999938e-03
-9.105349999999999685e-04
1.796240000000000000e-04
6.737110000000000147e-04
1.801309999999999869e-04
-1.209110000000000002e-03
-2.842059999999999986e-03
-3.632489999999999938e-03
-2.839690000000000183e-03
-8.260719999999999608e-04
1.389810000000000004e-03
3.271249999999999852e-03
4.832450000000000287e-03
5.823730000000000052e-03
5.936639999999999973e-03
5.413750000000000159e-03
4.781539999999999922e-03
4.185580000000000377e-03
3.198050000000000025e-03
1.531980000000000060e-03
-5.449850000000000007e-04
-2.590879999999999832e-03
-3.867189999999999950e-03
-3.349249999999999797e-03
-9.128600000000000386e-04
2.089319999999999979e-03
4.025540000000000194e-03
4.447949999999999994e-03
3.988760000000000049e-03
3.037269999999999900e-03
1.377839999999999968e-03
-1.031870000000000053e-03
-3.762469999999999964e-03
-6.325769999999999657e-03
-8.529679999999999554e-03
-1.044250000000000039e-02
-1.226030000000000002e-02
-1.414400000000000032e-02
-1.588969999999999966e-02
-1.699080000000000035e-02
-1.726679999999999882e-02
-1.710129999999999983e-02
-1.695800000000000085e-02
-1.695769999999999916e-02
-1.711239999999999983e-02
-1.776389999999999914e-02
-1.925549999999999831e-02
-2.136149999999999854e-02
-2.357969999999999858e-02
-2.569679999999999881e-02
-2.753569999999999976e-02
-2.823109999999999856e-02
-2.674949999999999897e-02
-2.331830000000000014e-02
-1.929689999999999878e-02
-1.598700000000000121e-02
-1.400520000000000063e-02
-1.311960000000000036e-02
-1.259459999999999920e-02
-1.191039999999999981e-02
-1.107209999999999965e-02
-1.031430000000000020e-02
-9.674300000000000260e-03
-8.712829999999999533e-03
-6.809179999999999747e-03
-3.917099999999999749e-03
-6.367190000000000003e-04
2.508260000000000003e-03
5.463960000000000344e-03
8.436829999999999330e-03
1.146409999999999964e-02
1.384819999999999975e-02
1.444209999999999938e-02
1.307670000000000013e-02
1.088150000000000055e-02
8.926760000000000597e-03
7.330719999999999771e-03
5.853220000000000124e-03
4.923529999999999747e-03
5.344680000000000090e-03
7.099239999999999717e-03
9.301570000000000324e-03
1.113330000000000049e-02
1.237249999999999982e-02
1.326090000000000081e-02
1.411429999999999976e-02
1.508010000000000080e-02
1.623459999999999834e-02
1.768990000000000146e-02
1.941630000000000092e-02
2.123620000000000022e-02
2.291790000000000146e-02
2.395330000000000029e-02
2.374609999999999915e-02
2.240639999999999993e-02
2.070989999999999984e-02
1.920579999999999857e-02
1.790289999999999937e-02
1.649170000000000150e-02
1.462950000000000014e-02
1.228420000000000033e-02
9.725519999999999651e-03
7.215230000000000428e-03
4.820610000000000346e-03
2.443489999999999985e-03
2.500349999999999871e-05
-2.517119999999999861e-03
-5.728630000000000180e-03
-1.038670000000000045e-02
-1.593850000000000128e-02
-1.982089999999999894e-02
-2.000949999999999951e-02
-1.739999999999999880e-02
-1.454820000000000071e-02
-1.325969999999999926e-02
-1.359819999999999952e-02
-1.454530000000000059e-02
-1.528050000000000068e-02
-1.572880000000000111e-02
-1.621329999999999993e-02
-1.687059999999999949e-02
-1.732389999999999972e-02
-1.692530000000000076e-02
-1.551250000000000025e-02
-1.361109999999999924e-02
-1.180409999999999966e-02
-1.023800000000000057e-02
-8.731110000000000260e-03
-7.135200000000000396e-03
-5.455559999999999923e-03
-3.784140000000000073e-03
-2.419049999999999846e-03
-1.770180000000000104e-03
-1.874980000000000049e-03
-2.321460000000000017e-03
-2.597149999999999893e-03
-2.015669999999999788e-03
1.806680000000000124e-04
3.914820000000000279e-03
8.231040000000000231e-03
1.233880000000000046e-02
1.591129999999999975e-02
1.863510000000000166e-02
2.034690000000000110e-02
2.127470000000000055e-02
2.149939999999999837e-02
2.085740000000000163e-02
1.931129999999999999e-02
1.631650000000000114e-02
1.086009999999999927e-02
3.641909999999999939e-03
-2.166710000000000077e-03
-4.056760000000000400e-03
-2.935999999999999808e-03
-1.452320000000000000e-03
-9.217910000000000383e-04
-8.747919999999999958e-04
-5.108960000000000497e-04
1.819869999999999908e-05
-4.347749999999999835e-04
-2.639729999999999854e-03
-5.993189999999999802e-03
-9.114809999999999232e-03
-1.091740000000000071e-02
-1.137939999999999958e-02
-1.135360000000000015e-02
-1.151220000000000021e-02
-1.189750000000000009e-02
-1.211379999999999922e-02
-1.164369999999999988e-02
-1.034930000000000051e-02
-8.619119999999999213e-03
-6.907410000000000112e-03
-5.342200000000000074e-03
-3.764389999999999837e-03
-1.987619999999999838e-03
-2.232700000000000155e-05
1.992840000000000063e-03
3.941740000000000001e-03
5.829810000000000374e-03
7.707349999999999965e-03
9.550990000000000521e-03
1.134650000000000068e-02
1.311089999999999998e-02
1.489180000000000018e-02
1.659510000000000152e-02
1.774799999999999989e-02
1.783459999999999906e-02
1.701010000000000022e-02
1.595289999999999903e-02
1.492040000000000033e-02
1.350359999999999928e-02
1.136530000000000006e-02
9.028039999999999329e-03
7.631780000000000334e-03
7.769250000000000114e-03
8.864149999999999460e-03
9.961269999999999500e-03
1.059230000000000067e-02
1.052269999999999942e-02
9.608550000000000424e-03
8.128909999999999608e-03
6.795490000000000384e-03
6.346779999999999783e-03
6.879019999999999579e-03
7.825280000000000430e-03
8.418250000000000385e-03
7.948880000000000182e-03
6.272040000000000427e-03
4.268909999999999892e-03
3.462789999999999879e-03
4.609979999999999634e-03
6.968639999999999904e-03
9.260310000000000763e-03
1.044849999999999945e-02
9.950799999999999229e-03
8.077090000000000311e-03
5.779499999999999915e-03
3.725340000000000162e-03
1.913739999999999929e-03
7.200470000000000535e-05
-1.884449999999999971e-03
-3.875270000000000103e-03
-5.824430000000000232e-03
-7.383060000000000317e-03
-7.740160000000000269e-03
-6.453650000000000012e-03
-4.161080000000000161e-03
-2.207810000000000154e-03
-1.884770000000000022e-03
-3.462929999999999914e-03
-5.967830000000000357e-03
-8.348549999999999721e-03
-9.853870000000000684e-03
-9.628410000000000440e-03
-7.462729999999999884e-03
-4.252999999999999836e-03
-1.068230000000000091e-03
1.779949999999999978e-03
4.387079999999999799e-03
6.087030000000000218e-03
5.801480000000000352e-03
3.877970000000000115e-03
2.154810000000000059e-03
1.907660000000000041e-03
2.771179999999999824e-03
3.490979999999999864e-03
3.013130000000000148e-03
1.176519999999999910e-03
-1.292240000000000055e-03
-2.906370000000000134e-03
-2.118259999999999848e-03
9.698880000000000218e-04
4.229400000000000347e-03
5.418710000000000193e-03
4.314629999999999854e-03
2.447459999999999827e-03
1.076380000000000045e-03
2.174560000000000132e-04
-8.632429999999999748e-04
-2.918500000000000087e-03
-6.111629999999999840e-03
-9.923229999999999898e-03
-1.371859999999999920e-02
-1.680720000000000131e-02
-1.814129999999999909e-02
-1.720870000000000039e-02
-1.490359999999999949e-02
-1.252630000000000063e-02
-1.069319999999999993e-02
-9.458219999999999822e-03
-8.686090000000000477e-03
-8.155269999999999186e-03
-7.689139999999999690e-03
-7.089530000000000137e-03
-5.580950000000000320e-03
-2.260859999999999953e-03
2.647029999999999869e-03
8.109170000000000614e-03
1.340700000000000051e-02
1.807349999999999929e-02
2.152000000000000093e-02
2.362809999999999910e-02
2.509660000000000016e-02
2.660459999999999908e-02
2.791360000000000022e-02
2.819610000000000172e-02
2.727169999999999941e-02
2.595669999999999922e-02
2.532509999999999969e-02
2.590560000000000085e-02
2.732329999999999828e-02
2.858890000000000042e-02
2.888399999999999995e-02
2.822119999999999837e-02
2.723669999999999911e-02
2.591879999999999878e-02
2.296110000000000165e-02
1.745529999999999998e-02
1.027830000000000063e-02
3.382940000000000079e-03
-1.450770000000000098e-03
-3.829009999999999879e-03
-4.907749999999999786e-03
-5.755650000000000176e-03
-6.426580000000000313e-03
-7.087419999999999658e-03
-8.407140000000000446e-03
-1.054959999999999926e-02
-1.300710000000000061e-02
-1.530929999999999964e-02
-1.742130000000000067e-02
-1.944709999999999842e-02
-2.126170000000000143e-02
-2.277399999999999911e-02
-2.406410000000000146e-02
-2.487549999999999831e-02
-2.455730000000000066e-02
-2.294850000000000015e-02
-2.070850000000000121e-02
-1.855920000000000139e-02
-1.664610000000000048e-02
-1.481520000000000059e-02
-1.323140000000000080e-02
-1.222439999999999985e-02
-1.146520000000000004e-02
-9.875669999999999588e-03
-6.797359999999999687e-03
-2.782839999999999966e-03
7.268539999999999767e-04
2.410059999999999893e-03
2.221139999999999920e-03
1.474929999999999948e-03
1.734580000000000106e-03
3.455880000000000150e-03
5.611520000000000050e-03
6.780600000000000342e-03
6.581000000000000044e-03
5.797410000000000237e-03
5.228169999999999866e-03
4.745880000000000064e-03
3.624329999999999826e-03
1.598150000000000005e-03
-8.859070000000000139e-04
-3.225800000000000022e-03
-4.817700000000000281e-03
-5.123510000000000390e-03
-4.275679999999999585e-03
-3.027520000000000124e-03
-1.943649999999999892e-03
-1.039259999999999967e-03
-1.008249999999999977e-04
8.805700000000000072e-04
1.731829999999999958e-03
2.358719999999999914e-03
2.861289999999999840e-03
3.388790000000000031e-03
3.911030000000000235e-03
4.243099999999999650e-03
4.304080000000000059e-03
4.274349999999999677e-03
4.235769999999999813e-03
3.656969999999999839e-03
1.716700000000000040e-03
-1.670019999999999925e-03
-5.540330000000000428e-03
-8.388339999999999338e-03
-9.080670000000000755e-03
-7.852800000000000058e-03
-6.182939999999999617e-03
-5.809349999999999584e-03
-7.609229999999999813e-03
-1.081820000000000004e-02
-1.350930000000000013e-02
-1.426170000000000042e-02
-1.338239999999999916e-02
-1.217339999999999915e-02
-1.140129999999999963e-02
-1.090499999999999976e-02
-1.027089999999999947e-02
-9.430070000000000466e-03
-8.585819999999999216e-03
-7.713189999999999977e-03
-6.226279999999999835e-03
-3.499439999999999929e-03
2.391430000000000107e-04
4.228240000000000297e-03
7.858540000000000664e-03
1.027609999999999982e-02
1.057729999999999955e-02
8.978520000000000251e-03
6.729680000000000037e-03
4.747590000000000317e-03
3.340740000000000029e-03
3.151730000000000156e-03
4.853729999999999677e-03
8.034940000000000832e-03
1.157339999999999931e-02
1.433500000000000052e-02
1.520649999999999953e-02
1.386270000000000037e-02
1.128969999999999974e-02
8.712819999999999593e-03
6.515579999999999983e-03
4.412140000000000159e-03
2.131000000000000082e-03
-3.005400000000000194e-04
-2.672889999999999815e-03
-4.449950000000000259e-03
-4.786269999999999587e-03
-3.472330000000000035e-03
-1.347529999999999995e-03
6.157190000000000319e-04
1.821219999999999914e-03
1.863740000000000015e-03
8.270239999999999883e-04
-6.665259999999999675e-04
-2.035350000000000006e-03
-2.892710000000000160e-03
-3.048480000000000113e-03
-2.669110000000000146e-03
-2.109900000000000057e-03
-1.624639999999999895e-03
-1.218169999999999973e-03
-8.930029999999999609e-04
-9.593610000000000462e-04
-1.703270000000000001e-03
-2.966569999999999971e-03
-4.249799999999999758e-03
-5.148589999999999764e-03
-5.536120000000000277e-03
-5.550089999999999711e-03
-5.516309999999999963e-03
-5.584310000000000315e-03
-5.683539999999999946e-03
-5.750279999999999975e-03
-5.778170000000000008e-03
-5.796919999999999677e-03
-5.826190000000000188e-03
-5.863339999999999871e-03
-5.888169999999999862e-03
-5.888179999999999803e-03
-5.866699999999999866e-03
-5.853549999999999899e-03
-6.098769999999999886e-03
-6.984770000000000388e-03
-8.551500000000000073e-03
-1.043050000000000054e-02
-1.224270000000000046e-02
-1.366020000000000081e-02
-1.421279999999999939e-02
-1.374060000000000038e-02
-1.271650000000000037e-02
-1.170050000000000083e-02
-1.091220000000000037e-02
-1.054070000000000007e-02
-1.093829999999999976e-02
-1.214220000000000056e-02
-1.371009999999999937e-02
-1.520190000000000083e-02
-1.653109999999999996e-02
-1.754170000000000035e-02
-1.772059999999999955e-02
-1.688229999999999939e-02
-1.549339999999999919e-02
-1.412270000000000018e-02
-1.290799999999999934e-02
-1.163639999999999987e-02
-1.014110000000000011e-02
-8.571109999999999840e-03
-7.400460000000000198e-03
-7.051189999999999715e-03
-7.497140000000000228e-03
-8.013670000000000515e-03
-7.520709999999999895e-03
-5.568570000000000117e-03
-2.938239999999999949e-03
-1.107569999999999995e-03
-8.768030000000000008e-04
-1.671249999999999993e-03
-2.329719999999999968e-03
-2.261330000000000198e-03
-1.706360000000000082e-03
-1.223010000000000069e-03
-1.294659999999999995e-03
-2.155859999999999894e-03
-3.625970000000000061e-03
-4.612660000000000197e-03
-2.836299999999999932e-03
3.223530000000000059e-03
1.159830000000000062e-02
1.808830000000000160e-02
2.082410000000000164e-02
2.122819999999999915e-02
2.071310000000000165e-02
1.918490000000000126e-02
1.630979999999999930e-02
1.293790000000000044e-02
1.150960000000000004e-02
1.394789999999999919e-02
1.931760000000000074e-02
2.501139999999999960e-02
2.904289999999999997e-02
3.090129999999999960e-02
3.143309999999999854e-02
3.185219999999999718e-02
3.261180000000000329e-02
3.291020000000000056e-02
3.138520000000000199e-02
2.773760000000000114e-02
2.312159999999999910e-02
1.870089999999999947e-02
1.491570000000000049e-02
1.230030000000000012e-02
1.145730000000000012e-02
1.207910000000000060e-02
1.309199999999999947e-02
1.381019999999999991e-02
1.433479999999999997e-02
1.484579999999999927e-02
1.484929999999999931e-02
1.346229999999999996e-02
1.069849999999999968e-02
7.668689999999999708e-03
5.334939999999999821e-03
3.713890000000000073e-03
2.259409999999999891e-03
7.800980000000000110e-04
-4.475160000000000162e-04
-1.282420000000000044e-03
-1.935050000000000008e-03
-2.711980000000000120e-03
-3.795970000000000073e-03
-5.157069999999999710e-03
-6.597109999999999780e-03
-7.983940000000000134e-03
-9.318709999999999147e-03
-1.066190000000000020e-02
-1.204080000000000081e-02
-1.346289999999999987e-02
-1.466519999999999976e-02
-1.481030000000000020e-02
-1.324380000000000002e-02
-1.041180000000000057e-02
-7.652319999999999782e-03
-6.436719999999999942e-03
-7.362210000000000108e-03
-9.443750000000000755e-03
-1.086250000000000063e-02
-1.058910000000000060e-02
-9.160349999999999396e-03
-7.685550000000000194e-03
-6.585810000000000101e-03
-5.698660000000000357e-03
-4.892780000000000219e-03
-4.215329999999999772e-03
-3.714550000000000057e-03
-3.304740000000000021e-03
-2.855700000000000079e-03
-2.433929999999999948e-03
-2.548459999999999788e-03
-3.850310000000000017e-03
-6.275440000000000185e-03
-9.090100000000000263e-03
-1.155429999999999999e-02
-1.294739999999999953e-02
-1.284899999999999931e-02
-1.174590000000000009e-02
-1.101249999999999972e-02
-1.188990000000000012e-02
-1.429990000000000080e-02
-1.711170000000000052e-02
-1.889439999999999870e-02
-1.849450000000000052e-02
-1.623890000000000056e-02
-1.420289999999999921e-02
-1.423939999999999928e-02
-1.615000000000000116e-02
-1.846799999999999831e-02
-2.008180000000000034e-02
-2.052819999999999992e-02
-1.981050000000000172e-02
-1.840469999999999953e-02
-1.690890000000000101e-02
-1.566970000000000168e-02
-1.478750000000000030e-02
-1.416970000000000035e-02
-1.358889999999999924e-02
-1.272829999999999968e-02
-1.136520000000000065e-02
-9.634570000000000287e-03
-7.857909999999999201e-03
-6.174930000000000349e-03
-4.527319999999999608e-03
-2.875940000000000007e-03
-1.225259999999999934e-03
3.861730000000000176e-04
1.919249999999999949e-03
3.437169999999999809e-03
4.966779999999999633e-03
6.506989999999999823e-03
8.028640000000000082e-03
9.392030000000000864e-03
1.058420000000000021e-02
1.171960000000000016e-02
1.288489999999999948e-02
1.394560000000000070e-02
1.436450000000000053e-02
1.370309999999999931e-02
1.224519999999999949e-02
1.067210000000000034e-02
9.361970000000000708e-03
8.345059999999999631e-03
7.526859999999999801e-03
6.802970000000000197e-03
6.059469999999999960e-03
4.945309999999999637e-03
2.998380000000000142e-03
2.005809999999999961e-04
-2.717779999999999935e-03
-4.530639999999999841e-03
-4.566849999999999903e-03
-3.504029999999999992e-03
-2.612249999999999989e-03
-2.561690000000000147e-03
-3.085740000000000011e-03
-3.574700000000000100e-03
-3.816940000000000003e-03
-3.990389999999999909e-03
-4.228729999999999989e-03
-4.193040000000000309e-03
-3.288249999999999940e-03
-1.464470000000000051e-03
7.289930000000000455e-04
2.775039999999999885e-03
4.339029999999999797e-03
5.055760000000000289e-03
4.854510000000000249e-03
4.202250000000000256e-03
3.588630000000000205e-03
3.118150000000000088e-03
2.758109999999999815e-03
2.736240000000000026e-03
3.337000000000000122e-03
4.445509999999999740e-03
5.679319999999999855e-03
6.808039999999999578e-03
7.777430000000000107e-03
8.325100000000000208e-03
8.121629999999999475e-03
7.288949999999999770e-03
6.283190000000000129e-03
5.419199999999999885e-03
4.673749999999999953e-03
3.903660000000000203e-03
3.041489999999999992e-03
2.090470000000000089e-03
1.101600000000000105e-03
1.072589999999999975e-04
-8.242580000000000219e-04
-1.281889999999999939e-03
-7.443369999999999717e-04
7.287240000000000384e-04
2.479030000000000122e-03
3.619890000000000174e-03
3.461179999999999899e-03
2.089090000000000044e-03
2.631709999999999779e-04
-1.263060000000000094e-03
-1.842260000000000078e-03
-1.102820000000000016e-03
5.732639999999999784e-04
2.426460000000000075e-03
4.075099999999999903e-03
5.450380000000000329e-03
6.289030000000000141e-03
6.313110000000000249e-03
5.740890000000000229e-03
5.069370000000000126e-03
4.542339999999999746e-03
4.256120000000000389e-03
4.483250000000000256e-03
5.428350000000000189e-03
6.836619999999999850e-03
8.282569999999999516e-03
9.635299999999999421e-03
1.084919999999999982e-02
1.144869999999999916e-02
1.071509999999999997e-02
8.670640000000000291e-03
6.149729999999999953e-03
3.847220000000000154e-03
2.144870000000000110e-03
1.437990000000000101e-03
1.798490000000000028e-03
2.705899999999999798e-03
3.604490000000000124e-03
4.233950000000000213e-03
4.322349999999999977e-03
3.606219999999999825e-03
2.240849999999999960e-03
6.932229999999999729e-04
-7.033729999999999757e-04
-1.665299999999999983e-03
-1.884840000000000040e-03
-1.391979999999999910e-03
-6.070630000000000253e-04
7.323459999999999844e-05
6.114519999999999591e-04
1.163250000000000004e-03
1.796520000000000018e-03
2.487290000000000074e-03
3.174029999999999994e-03
3.824230000000000077e-03
4.475299999999999764e-03
5.006720000000000094e-03
4.852060000000000053e-03
3.497000000000000108e-03
1.197219999999999925e-03
-1.284870000000000023e-03
-3.220230000000000141e-03
-4.144369999999999651e-03
-4.135190000000000393e-03
-3.764350000000000075e-03
-3.492069999999999896e-03
-3.364310000000000130e-03
-3.234149999999999872e-03
-2.878480000000000101e-03
-2.055910000000000203e-03
-6.831769999999999813e-04
8.308880000000000042e-04
1.574270000000000010e-03
9.739840000000000043e-04
-5.548639999999999649e-04
-2.207639999999999863e-03
-3.469900000000000154e-03
-3.689190000000000177e-03
-2.100359999999999901e-03
9.545509999999999889e-04
3.899670000000000046e-03
5.597389999999999831e-03
6.354819999999999740e-03
7.080369999999999893e-03
7.977760000000000407e-03
8.340560000000000335e-03
7.659769999999999773e-03
6.327400000000000385e-03
5.012660000000000379e-03
3.953469999999999727e-03
3.067700000000000028e-03
2.372570000000000061e-03
1.961440000000000058e-03
1.764729999999999945e-03
1.624419999999999900e-03
1.441540000000000052e-03
1.175559999999999973e-03
7.923109999999999702e-04
2.850020000000000201e-04
-2.735200000000000240e-04
-8.165279999999999587e-04
-1.334619999999999904e-03
-1.841320000000000023e-03
-2.356619999999999809e-03
-2.896670000000000061e-03
-3.452750000000000090e-03
-3.965960000000000145e-03
-4.135159999999999704e-03
-3.542500000000000076e-03
-2.219969999999999929e-03
-8.342109999999999586e-04
-2.866839999999999948e-04
-9.426600000000000040e-04
-2.300490000000000087e-03
-3.626069999999999901e-03
-4.684230000000000164e-03
-5.671990000000000018e-03
-6.773129999999999602e-03
-8.002089999999999897e-03
-9.085199999999999873e-03
-9.376860000000000750e-03
-8.441960000000000089e-03
-6.649210000000000016e-03
-4.740199999999999969e-03
-3.060160000000000137e-03
-1.474749999999999932e-03
1.570169999999999910e-04
1.731649999999999943e-03
3.112929999999999864e-03
4.343009999999999579e-03
5.549359999999999710e-03
6.816319999999999844e-03
8.127099999999999949e-03
9.219120000000000786e-03
9.660649999999999793e-03
9.305229999999999405e-03
8.519129999999999758e-03
7.759890000000000190e-03
7.157189999999999906e-03
6.592820000000000104e-03
5.941649999999999709e-03
5.230079999999999799e-03
4.566859999999999843e-03
4.075439999999999618e-03
3.839340000000000114e-03
3.771299999999999999e-03
3.710820000000000091e-03
3.598599999999999976e-03
3.612049999999999896e-03
4.062829999999999914e-03
5.024609999999999667e-03
6.255499999999999776e-03
7.397339999999999645e-03
8.089560000000000847e-03
8.084809999999999566e-03
7.525750000000000321e-03
6.852190000000000190e-03
6.311419999999999877e-03
5.849980000000000284e-03
5.345070000000000376e-03
4.773349999999999989e-03
4.181999999999999953e-03
3.598730000000000071e-03
3.025860000000000008e-03
2.495659999999999806e-03
2.164539999999999954e-03
2.195100000000000176e-03
2.517720000000000201e-03
2.913100000000000064e-03
3.255189999999999820e-03
3.420149999999999840e-03
3.119400000000000037e-03
2.192729999999999940e-03
8.633739999999999774e-04
-4.674910000000000003e-04
-1.373890000000000007e-03
-1.528770000000000042e-03
-1.026299999999999955e-03
-3.032579999999999889e-04
3.099840000000000191e-04
8.101529999999999799e-04
1.341069999999999979e-03
1.959349999999999894e-03
2.519299999999999925e-03
2.557370000000000216e-03
1.689860000000000060e-03
1.215210000000000042e-04
-1.589780000000000056e-03
-3.126449999999999802e-03
-4.545679999999999860e-03
-5.897849999999999621e-03
-7.068950000000000060e-03
-7.990010000000000515e-03
-8.777780000000000651e-03
-9.580719999999999167e-03
-1.042970000000000008e-02
-1.128230000000000031e-02
-1.202240000000000079e-02
-1.254779999999999958e-02
-1.290290000000000013e-02
-1.321190000000000038e-02
-1.355959999999999978e-02
-1.394819999999999914e-02
-1.432729999999999941e-02
-1.454919999999999998e-02
-1.439690000000000067e-02
-1.385160000000000037e-02
-1.314069999999999995e-02
-1.247479999999999943e-02
-1.188020000000000048e-02
-1.127900000000000083e-02
-1.061289999999999976e-02
-9.903949999999999906e-03
-9.196199999999999861e-03
-8.492440000000000405e-03
-7.794419999999999821e-03
-7.100650000000000017e-03
-6.410569999999999984e-03
-5.727649999999999929e-03
-5.049239999999999978e-03
-4.371459999999999756e-03
-3.687909999999999973e-03
-3.000399999999999855e-03
-2.304669999999999982e-03
-1.657749999999999935e-03
-1.254169999999999981e-03
-1.229910000000000074e-03
-1.480130000000000074e-03
-1.780859999999999995e-03
-2.004530000000000027e-03
-2.182780000000000050e-03
-2.386679999999999965e-03
-2.564379999999999785e-03
-2.428549999999999806e-03
-1.713270000000000027e-03
-5.674099999999999630e-04
7.413730000000000320e-04
1.875289999999999943e-03
2.355659999999999872e-03
1.631910000000000088e-03
-1.790499999999999882e-04
-2.349420000000000067e-03
-4.351849999999999989e-03
-6.161200000000000357e-03
-7.696080000000000108e-03
-8.395539999999999947e-03
-7.918579999999999716e-03
-6.731209999999999624e-03
-5.554350000000000433e-03
-4.656719999999999610e-03
-3.854259999999999978e-03
-2.955409999999999895e-03
-1.959119999999999959e-03
-9.585839999999999552e-04
-1.446860000000000069e-05
8.985240000000000457e-04
1.819080000000000046e-03
2.757240000000000212e-03
3.664759999999999979e-03
4.431659999999999593e-03
4.998759999999999662e-03
5.430469999999999742e-03
5.846320000000000336e-03
6.300250000000000294e-03
6.764430000000000096e-03
7.204440000000000323e-03
7.621900000000000029e-03
8.031339999999999660e-03
8.442289999999999864e-03
8.855309999999999918e-03
9.268850000000000353e-03
9.647170000000000051e-03
9.817579999999999363e-03
9.586330000000000545e-03
9.009049999999999350e-03
8.335699999999999707e-03
7.729960000000000130e-03
7.187990000000000004e-03
6.601570000000000181e-03
5.822700000000000098e-03
4.785560000000000334e-03
3.592789999999999786e-03
2.407840000000000067e-03
1.290010000000000072e-03
2.051440000000000132e-04
-8.726400000000000476e-04
-1.765779999999999997e-03
-2.119849999999999946e-03
-1.848589999999999999e-03
-1.286919999999999991e-03
-8.042289999999999465e-04
-4.702910000000000141e-04
-1.594300000000000101e-04
2.106440000000000114e-04
6.145840000000000504e-04
1.000919999999999978e-03
1.411729999999999929e-03
1.972499999999999861e-03
2.732630000000000215e-03
3.591089999999999907e-03
4.415470000000000332e-03
5.166419999999999693e-03
5.883180000000000007e-03
6.602430000000000278e-03
7.320280000000000190e-03
7.980199999999999794e-03
8.503540000000000404e-03
8.867939999999999504e-03
9.139950000000000851e-03
9.407900000000000290e-03
9.693910000000000027e-03
9.959590000000000803e-03
1.009810000000000048e-02
9.970059999999999339e-03
9.591380000000000045e-03
9.129550000000000165e-03
8.706449999999999259e-03
8.331450000000000661e-03
7.957759999999999487e-03
7.556760000000000040e-03
7.148380000000000185e-03
6.755549999999999923e-03
6.372680000000000358e-03
5.994270000000000327e-03
5.620570000000000080e-03
5.251399999999999818e-03
4.894729999999999914e-03
4.533539999999999966e-03
4.100490000000000038e-03
3.541519999999999824e-03
2.893000000000000172e-03
2.240559999999999947e-03
1.624529999999999898e-03
1.030309999999999993e-03
4.386600000000000048e-04
-1.465419999999999939e-04
-7.173239999999999781e-04
-1.259329999999999911e-03
-1.723649999999999965e-03
-2.064569999999999947e-03
-2.307000000000000023e-03
-2.526420000000000141e-03
-2.764579999999999989e-03
-3.005999999999999991e-03
-3.232389999999999916e-03
-3.440260000000000106e-03
-3.629820000000000182e-03
-3.815949999999999811e-03
-4.005640000000000416e-03
-4.190980000000000399e-03
-4.368720000000000415e-03
-4.545129999999999657e-03
-4.786860000000000420e-03
-5.174660000000000197e-03
-5.685710000000000069e-03
-6.217819999999999771e-03
-6.741269999999999728e-03
-7.374099999999999752e-03
-8.199160000000000476e-03
-9.133689999999999864e-03
-1.002450000000000042e-02
-1.065100000000000074e-02
-1.074950000000000037e-02
-1.030509999999999933e-02
-9.626730000000000009e-03
-9.011270000000000044e-03
-8.500250000000000861e-03
-8.033270000000000341e-03
-7.722970000000000008e-03
-7.761259999999999860e-03
-8.118929999999999897e-03
-8.559350000000000291e-03
-8.909260000000000443e-03
-9.086669999999999817e-03
-8.946529999999999413e-03
-8.418810000000000529e-03
-7.668900000000000196e-03
-6.925999999999999865e-03
-6.272449999999999727e-03
-5.659579999999999993e-03
-5.032830000000000290e-03
-4.447219999999999993e-03
-4.079290000000000173e-03
-4.021330000000000043e-03
-4.144469999999999925e-03
-4.254209999999999589e-03
-4.278670000000000043e-03
-4.265269999999999825e-03
-4.218630000000000123e-03
-3.996800000000000005e-03
-3.473389999999999811e-03
-2.738089999999999882e-03
-1.997039999999999840e-03
-1.352679999999999985e-03
-7.783360000000000235e-04
-2.416779999999999992e-04
2.158580000000000058e-04
5.480669999999999552e-04
7.910999999999999846e-04
1.011009999999999904e-03
1.243409999999999915e-03
1.528489999999999970e-03
1.910489999999999931e-03
2.370600000000000051e-03
2.831129999999999845e-03
3.231400000000000158e-03
3.569080000000000082e-03
3.868819999999999811e-03
4.125750000000000077e-03
4.310669999999999953e-03
4.419010000000000125e-03
4.479349999999999998e-03
4.521060000000000356e-03
4.526679999999999940e-03
4.438519999999999618e-03
4.242939999999999733e-03
3.996890000000000338e-03
3.763049999999999989e-03
3.557010000000000206e-03
3.361509999999999845e-03
3.164170000000000003e-03
2.966289999999999899e-03
2.775450000000000052e-03
2.595150000000000061e-03
2.420209999999999896e-03
2.238190000000000145e-03
2.037629999999999910e-03
1.825800000000000036e-03
1.621550000000000031e-03
1.435249999999999894e-03
1.266269999999999896e-03
1.109189999999999916e-03
9.624399999999999535e-04
8.246489999999999983e-04
6.887759999999999933e-04
5.524899999999999907e-04
4.229349999999999885e-04
3.083389999999999764e-04
2.103440000000000041e-04
1.247590000000000027e-04
4.912739999999999994e-05
-1.652839999999999916e-05
-7.168739999999999401e-05
-1.152980000000000064e-04
-1.415470000000000053e-04
-1.417179999999999872e-04
-1.195540000000000009e-04
-9.068730000000000161e-05
-6.711499999999999693e-05
-4.988180000000000072e-05
-3.447829999999999818e-05
-1.881649999999999848e-05
-4.199050000000000056e-06
7.966509999999999727e-06
1.575630000000000024e-05
1.543609999999999947e-05
7.574150000000000149e-06
-1.089269999999999906e-06
-4.866070000000000321e-06
-2.654270000000000169e-06
4.310549999999999751e-06
1.417389999999999994e-05
2.542940000000000085e-05
3.728350000000000311e-05
4.925760000000000083e-05
6.116290000000000355e-05
7.321559999999999744e-05
8.548149999999999802e-05
9.798580000000000636e-05
1.112120000000000052e-04
1.249249999999999872e-04
1.379320000000000069e-04
1.491899999999999997e-04
1.585629999999999928e-04
1.664910000000000023e-04
1.732840000000000031e-04
1.790109999999999976e-04
1.835969999999999974e-04
1.871409999999999892e-04
1.898480000000000024e-04
1.917060000000000107e-04
1.926809999999999938e-04
1.928280000000000044e-04
1.922659999999999918e-04
1.911410000000000051e-04
1.895450000000000021e-04
1.875939999999999932e-04
1.853749999999999929e-04
1.829269999999999920e-04
1.802750000000000045e-04
1.774199999999999920e-04
1.743729999999999922e-04
1.711430000000000113e-04
1.677299999999999950e-04
1.641269999999999958e-04
1.603189999999999943e-04
