-2.748319999999999843e-03
-4.277500000000000052e-03
-5.956170000000000214e-03
-5.408979999999999864e-03
-5.170740000000000058e-03
-4.994250000000000425e-03
-4.845419999999999588e-03
-4.690899999999999584e-03
-4.474129999999999774e-03
-4.218880000000000373e-03
-3.950969999999999829e-03
-3.792110000000000012e-03
-4.020160000000000053e-03
-4.646459999999999826e-03
-5.452959999999999752e-03
-6.175510000000000374e-03
-6.526210000000000171e-03
-6.541390000000000225e-03
-6.204989999999999638e-03
-5.434210000000000082e-03
-4.631950000000000130e-03
-4.150530000000000365e-03
-4.266579999999999852e-03
-4.372049999999999721e-03
-3.656050000000000098e-03
-3.746209999999999818e-03
-5.149159999999999848e-03
-6.043690000000000000e-03
-6.222369999999999637e-03
-6.006889999999999973e-03
-5.795970000000000115e-03
-5.650699999999999820e-03
-4.314089999999999592e-03
-2.495980000000000074e-03
-1.714880000000000007e-03
-1.077880000000000027e-03
-3.670619999999999764e-04
-1.058219999999999907e-03
-2.873829999999999961e-03
-3.693099999999999942e-03
-2.590639999999999957e-03
-1.294510000000000018e-03
-1.544280000000000088e-03
-2.576090000000000064e-03
-3.382150000000000000e-03
-2.065550000000000198e-03
2.529920000000000172e-03
4.891279999999999586e-03
3.304319999999999913e-03
3.609320000000000063e-03
2.544760000000000078e-03
-4.562090000000000416e-03
-8.516849999999999421e-03
-6.466480000000000145e-03
-7.648450000000000214e-03
-8.829729999999999177e-03
-3.619700000000000001e-03
2.292310000000000094e-03
5.924590000000000412e-03
9.191629999999999245e-03
1.118609999999999917e-02
1.082130000000000071e-02
8.642679999999999807e-03
4.271679999999999922e-03
-7.696829999999999557e-04
-5.028529999999999806e-03
-1.217649999999999982e-02
-1.923450000000000160e-02
-1.850200000000000108e-02
-1.255339999999999928e-02
-6.622590000000000247e-03
-7.776530000000000031e-04
3.934230000000000366e-03
5.655989999999999629e-03
5.462840000000000057e-03
4.446499999999999932e-03
2.188129999999999936e-03
-3.338910000000000055e-03
-1.216399999999999947e-02
-1.958170000000000049e-02
-2.175099999999999950e-02
-1.879159999999999858e-02
-1.539910000000000063e-02
-1.346140000000000010e-02
-8.164650000000000726e-03
-7.113539999999999794e-04
4.241789999999999623e-03
8.259380000000000194e-03
1.060520000000000039e-02
9.121580000000000660e-03
7.033379999999999667e-03
7.188619999999999732e-03
8.769439999999999874e-03
8.644630000000000369e-03
6.883130000000000324e-03
1.044549999999999992e-02
2.258510000000000031e-02
3.263630000000000003e-02
2.696549999999999989e-02
1.169410000000000067e-02
9.607060000000000599e-03
1.755960000000000160e-02
8.725210000000000604e-03
-1.203629999999999978e-02
-2.299990000000000021e-02
-2.308419999999999916e-02
-1.798539999999999861e-02
-1.068359999999999969e-02
-1.030789999999999961e-03
8.951249999999999138e-03
1.225880000000000025e-02
1.133600000000000059e-02
1.437279999999999981e-02
1.145069999999999942e-02
-8.199599999999999597e-03
-2.004939999999999847e-02
-7.601219999999999678e-03
5.103350000000000421e-03
9.204089999999999624e-04
-1.346890000000000066e-02
-1.913060000000000108e-02
-8.441830000000000861e-03
3.287500000000000058e-03
7.884000000000000383e-03
9.324759999999999646e-03
1.092959999999999939e-02
1.307990000000000021e-02
1.372510000000000049e-02
1.235789999999999979e-02
2.098860000000000135e-03
-2.182040000000000021e-02
-4.165220000000000034e-02
-4.036109999999999698e-02
-3.353989999999999749e-02
-3.882100000000000134e-02
-2.521129999999999899e-02
1.204150000000000012e-02
1.197930000000000002e-02
-1.207000000000000087e-02
4.938559999999999825e-03
2.725669999999999829e-02
8.985500000000000431e-03
-3.414799999999999953e-03
1.398710000000000057e-02
3.479000000000000148e-02
3.764170000000000016e-02
2.564330000000000082e-02
3.130589999999999762e-02
4.466749999999999887e-02
4.097859999999999697e-02
3.258339999999999848e-02
2.062790000000000110e-02
7.698850000000000138e-03
-1.532809999999999902e-03
-1.393630000000000042e-02
-2.691220000000000070e-02
-3.850939999999999919e-02
-4.775970000000000215e-02
-4.859610000000000318e-02
-4.063780000000000170e-02
-3.259039999999999854e-02
-2.930970000000000103e-02
-2.112199999999999842e-02
-8.265889999999999696e-03
-1.973850000000000084e-04
7.266199999999999569e-03
1.515589999999999993e-02
2.118010000000000032e-02
2.760750000000000010e-02
3.196360000000000173e-02
3.494660000000000127e-02
4.001819999999999683e-02
4.219570000000000265e-02
3.518720000000000181e-02
2.473710000000000145e-02
2.250929999999999945e-02
2.365410000000000082e-02
1.533690000000000053e-02
7.677540000000000059e-03
1.141059999999999991e-02
1.594550000000000134e-02
1.320750000000000049e-02
1.849249999999999982e-03
-1.516660000000000057e-02
-3.263300000000000228e-02
-5.112950000000000134e-02
-7.490700000000000136e-02
-9.887250000000000205e-02
-9.990730000000000444e-02
-7.324110000000000342e-02
-4.592170000000000279e-02
-3.147950000000000054e-02
-2.498739999999999989e-02
-3.230290000000000245e-02
-3.830150000000000221e-02
-3.693679999999999967e-03
3.423720000000000235e-02
2.820860000000000034e-02
3.457210000000000144e-02
6.165110000000000035e-02
6.054670000000000191e-02
5.984459999999999780e-02
6.563370000000000315e-02
4.675839999999999858e-02
3.350790000000000018e-02
4.567600000000000132e-02
4.830979999999999996e-02
2.894719999999999932e-02
1.972250000000000045e-02
2.948100000000000026e-02
2.788569999999999938e-02
1.069269999999999943e-02
-4.676320000000000303e-03
-2.031430000000000041e-02
-3.827040000000000303e-02
-5.465079999999999938e-02
-6.697680000000000300e-02
-6.330040000000000666e-02
-5.407130000000000269e-02
-5.623609999999999720e-02
-4.234509999999999663e-02
-1.975249999999999923e-02
-1.752659999999999982e-02
-7.982750000000000262e-03
1.118270000000000028e-02
1.541209999999999976e-02
9.996289999999999690e-03
1.017990000000000041e-02
2.590179999999999913e-02
4.315970000000000223e-02
4.792300000000000032e-02
4.825809999999999822e-02
4.648719999999999936e-02
4.171620000000000189e-02
3.693280000000000174e-02
2.965589999999999893e-02
2.025630000000000139e-02
6.741590000000000429e-03
-1.820000000000000090e-02
-4.225740000000000052e-02
-5.463260000000000338e-02
-5.513710000000000139e-02
-4.191740000000000049e-02
-3.636659999999999893e-02
-3.424220000000000041e-02
-9.345499999999999641e-03
6.949389999999999734e-03
-2.725640000000000094e-03
-1.906050000000000062e-03
1.808979999999999963e-02
3.567420000000000313e-02
3.225070000000000020e-02
1.447509999999999943e-02
1.178799999999999987e-02
3.263950000000000184e-02
4.577690000000000231e-02
3.355360000000000287e-02
3.610909999999999814e-02
4.933760000000000229e-02
3.045399999999999843e-02
1.654169999999999946e-02
2.620400000000000160e-02
1.898069999999999966e-02
-3.752240000000000002e-03
-2.945280000000000120e-02
-4.870529999999999998e-02
-3.934760000000000341e-02
-1.374970000000000012e-02
-1.778669999999999991e-03
-9.697050000000000461e-03
-2.697609999999999938e-02
-3.785960000000000020e-02
-3.484790000000000110e-02
-2.627909999999999968e-02
-2.555709999999999926e-02
-3.360769999999999730e-02
-3.093529999999999891e-02
-1.651640000000000053e-02
-1.863510000000000166e-02
-3.396310000000000301e-02
-3.013750000000000109e-02
-3.435500000000000186e-03
2.381749999999999839e-02
3.723989999999999939e-02
3.577140000000000181e-02
2.464500000000000024e-02
1.525450000000000070e-02
1.934330000000000077e-02
3.208459999999999784e-02
3.621939999999999882e-02
2.743779999999999830e-02
1.217870000000000064e-02
-2.329139999999999943e-03
-4.259940000000000254e-03
3.817130000000000176e-03
8.900279999999999997e-03
1.649339999999999834e-02
2.481600000000000125e-02
2.016509999999999830e-02
4.501380000000000138e-03
-1.428940000000000071e-02
-1.551130000000000043e-02
-5.209499999999999721e-03
-1.687019999999999839e-02
-1.500390000000000057e-02
1.459580000000000079e-02
1.301369999999999957e-02
-1.169330000000000022e-02
-1.501830000000000005e-02
6.864760000000000133e-03
2.159099999999999908e-02
1.303699999999999998e-02
2.133130000000000095e-02
3.520920000000000299e-02
1.904370000000000021e-02
9.115810000000000232e-03
2.740739999999999843e-02
4.250910000000000105e-02
3.443849999999999689e-02
2.152549999999999950e-02
1.532810000000000075e-02
5.225439999999999599e-03
1.610190000000000059e-03
1.176699999999999968e-02
9.482310000000000738e-03
-7.848720000000000002e-03
-1.805839999999999876e-02
-2.162470000000000017e-02
-2.481440000000000035e-02
-2.689599999999999977e-02
-2.383400000000000102e-02
-1.198920000000000020e-02
-1.181940000000000031e-03
-4.958739999999999676e-03
-2.696669999999999970e-02
-4.620319999999999983e-02
-3.335149999999999920e-02
-1.364560000000000078e-02
-2.215469999999999939e-02
-3.209660000000000291e-02
-1.888770000000000032e-02
3.801769999999999889e-03
2.060079999999999897e-02
2.872130000000000169e-02
2.788250000000000103e-02
2.373190000000000022e-02
2.994799999999999893e-02
3.019809999999999856e-02
3.122679999999999900e-02
5.499919999999999809e-02
5.806839999999999918e-02
5.749649999999999900e-02
9.061550000000000160e-02
9.866590000000000082e-02
7.126029999999999864e-02
5.913630000000000275e-02
6.741229999999999445e-02
5.578380000000000144e-02
2.846189999999999831e-02
3.215319999999999984e-02
3.065760000000000013e-02
5.736449999999999709e-03
1.019620000000000075e-02
4.400850000000000421e-03
-2.675249999999999850e-02
-1.422299999999999953e-02
7.481520000000000184e-03
-1.074340000000000017e-02
-2.742759999999999990e-02
-1.690329999999999958e-02
2.473959999999999874e-03
4.657129999999999777e-03
-1.295740000000000086e-02
-2.537570000000000103e-02
-1.977570000000000022e-02
-3.947830000000000263e-03
1.261140000000000004e-02
2.206989999999999993e-02
2.269890000000000102e-02
2.315439999999999859e-02
2.983119999999999869e-02
3.712719999999999909e-02
3.407459999999999656e-02
2.915910000000000030e-02
5.385319999999999691e-02
9.467630000000000490e-02
1.091779999999999973e-01
1.106410000000000032e-01
1.126390000000000030e-01
1.044090000000000018e-01
9.803409999999999902e-02
1.013539999999999996e-01
1.053270000000000040e-01
1.036979999999999985e-01
9.255739999999999801e-02
7.135710000000000663e-02
4.934340000000000254e-02
3.415109999999999674e-02
2.202339999999999853e-02
1.548300000000000067e-03
-2.921289999999999998e-02
-5.862980000000000275e-02
-8.501250000000000473e-02
-1.087299999999999933e-01
-1.335530000000000050e-01
-1.732420000000000071e-01
-1.927089999999999914e-01
-1.631019999999999970e-01
-1.451399999999999912e-01
-1.685889999999999889e-01
-1.894079999999999930e-01
-1.652049999999999907e-01
-1.262099999999999889e-01
-1.803109999999999991e-01
-2.534839999999999871e-01
-1.780039999999999956e-01
-7.828200000000000436e-02
-9.376829999999999887e-02
-1.310729999999999951e-01
-1.364380000000000037e-01
-1.313560000000000005e-01
-7.014890000000000014e-02
4.852639999999999731e-02
1.096459999999999935e-01
9.059129999999999960e-02
6.707970000000000599e-02
6.548660000000000592e-02
8.541079999999999506e-02
1.175240000000000035e-01
1.411320000000000074e-01
1.371729999999999894e-01
1.097349999999999992e-01
8.065740000000000409e-02
5.137219999999999981e-02
1.914340000000000139e-02
5.831649999999999855e-03
1.914870000000000114e-02
3.732150000000000051e-02
5.408400000000000013e-02
7.698729999999999463e-02
9.498130000000000461e-02
8.159199999999999786e-02
3.808399999999999980e-02
-1.084189999999999980e-02
-6.477209999999999912e-02
-1.037359999999999949e-01
-9.035700000000000676e-02
-5.857409999999999700e-02
-4.164210000000000134e-02
-9.643769999999999426e-03
2.125159999999999896e-02
1.135079999999999943e-02
-8.233340000000000016e-04
9.582049999999999942e-03
5.536319999999999956e-03
-1.210460000000000008e-02
-2.555920000000000067e-02
-4.019099999999999756e-02
-3.489880000000000065e-02
-3.412749999999999985e-03
2.091710000000000097e-02
3.999269999999999908e-02
5.736490000000000339e-02
4.891029999999999683e-02
3.975920000000000148e-02
5.345769999999999689e-02
5.294580000000000120e-02
3.163610000000000033e-02
1.849289999999999962e-02
9.542109999999999481e-03
1.635759999999999992e-03
1.191230000000000067e-02
2.495330000000000117e-02
4.085619999999999877e-03
-4.054309999999999858e-02
-4.857469999999999843e-02
-4.990200000000000191e-03
3.621590000000000226e-02
6.300310000000000632e-02
8.401899999999999646e-02
7.893740000000000478e-02
6.024929999999999869e-02
4.826350000000000084e-02
3.707590000000000191e-02
9.472299999999999470e-03
-3.604389999999999677e-02
-5.785989999999999883e-02
-4.496370000000000228e-02
-4.904089999999999838e-02
-6.702510000000000412e-02
-5.153719999999999829e-02
-2.772120000000000140e-02
-3.713500000000000134e-02
-4.550819999999999865e-02
4.740659999999999839e-03
8.369630000000000125e-02
1.090710000000000013e-01
8.713379999999999737e-02
8.458490000000000453e-02
1.061659999999999965e-01
1.136250000000000038e-01
1.216649999999999954e-01
1.440430000000000044e-01
1.376130000000000131e-01
9.053769999999999873e-02
3.248519999999999880e-02
5.711139999999999967e-03
1.538869999999999995e-02
-6.118629999999999902e-03
-8.248679999999999901e-02
-1.765930000000000000e-01
-2.732979999999999854e-01
-3.514789999999999859e-01
-3.932849999999999957e-01
-4.186300000000000021e-01
-4.215740000000000043e-01
-4.141549999999999954e-01
-4.387119999999999909e-01
-3.090780000000000194e-01
2.839739999999999973e-02
1.326910000000000034e-01
-1.812909999999999869e-02
3.372329999999999772e-02
2.176039999999999919e-01
2.452820000000000000e-01
1.993499999999999994e-01
1.750579999999999914e-01
1.338219999999999965e-01
9.038749999999999563e-02
5.597830000000000167e-02
-2.100459999999999827e-02
-1.280030000000000057e-01
-1.787829999999999975e-01
-1.805380000000000040e-01
-1.468569999999999875e-01
-5.066400000000000070e-02
2.183250000000000121e-02
1.162149999999999989e-02
9.752510000000000692e-03
5.324210000000000054e-02
7.380480000000000373e-02
7.971409999999999607e-02
1.128689999999999971e-01
1.463849999999999874e-01
1.482850000000000001e-01
1.273769999999999902e-01
1.335659999999999903e-01
1.574730000000000019e-01
1.563710000000000100e-01
1.538329999999999975e-01
1.442579999999999973e-01
1.021679999999999949e-01
6.026689999999999825e-02
5.491279999999999772e-02
5.308179999999999843e-02
3.682400000000000256e-02
3.236590000000000300e-02
5.694209999999999897e-03
-3.638729999999999742e-02
-4.937829999999999997e-02
-4.746750000000000275e-02
-5.148069999999999730e-02
-8.498949999999999561e-02
-1.802219999999999933e-01
-3.226109999999999811e-01
-2.757870000000000044e-01
1.947859999999999869e-02
1.813150000000000039e-01
1.592330000000000134e-01
1.207509999999999972e-01
5.503050000000000302e-02
5.583230000000000137e-02
1.182060000000000055e-01
1.335600000000000120e-01
1.076059999999999933e-01
8.842919999999999947e-02
1.030760000000000010e-01
1.110880000000000062e-01
7.884040000000000492e-02
5.065730000000000233e-02
6.021340000000000026e-02
9.327159999999999618e-02
1.353830000000000033e-01
1.551869999999999916e-01
1.311400000000000066e-01
1.124570000000000014e-01
1.337700000000000000e-01
1.708530000000000049e-01
2.089229999999999976e-01
2.278439999999999910e-01
2.036570000000000047e-01
1.504929999999999879e-01
1.005800000000000027e-01
6.675359999999999627e-02
3.587730000000000086e-02
1.759960000000000083e-03
-2.914310000000000164e-02
-5.635090000000000238e-02
-9.583250000000000102e-02
-1.492449999999999888e-01
-2.004440000000000111e-01
-2.623840000000000061e-01
-3.001710000000000211e-01
-2.801400000000000001e-01
-3.125959999999999850e-01
-4.477829999999999866e-01
-5.466220000000000523e-01
-5.260550000000000503e-01
-4.566470000000000251e-01
-3.927519999999999900e-01
-3.412399999999999878e-01
-3.412510000000000265e-01
-3.582400000000000029e-01
-2.722539999999999960e-01
-1.077420000000000044e-01
-1.292409999999999913e-03
3.982349999999999779e-02
6.697799999999999587e-02
6.312070000000000181e-02
3.224289999999999795e-02
6.087859999999999626e-03
-1.808099999999999985e-02
-5.485840000000000161e-02
-9.685130000000000128e-02
-1.294760000000000078e-01
-1.306750000000000134e-01
-7.923940000000000150e-02
-1.054899999999999935e-02
3.180039999999999950e-02
6.369800000000000462e-02
9.445280000000000342e-02
1.071710000000000024e-01
1.078270000000000062e-01
1.008460000000000051e-01
8.192689999999999695e-02
5.819730000000000042e-02
3.839080000000000270e-02
3.009929999999999897e-02
3.718559999999999921e-02
5.474400000000000099e-02
6.427470000000000405e-02
5.207599999999999729e-02
3.279959999999999820e-02
3.003139999999999976e-02
3.947599999999999720e-02
4.247129999999999656e-02
4.151210000000000316e-02
3.981459999999999860e-02
2.638899999999999926e-02
6.440539999999999807e-03
-7.399850000000000351e-03
-1.871249999999999997e-02
-2.892300000000000079e-02
-3.628909999999999775e-02
-4.377720000000000222e-02
-4.682139999999999913e-02
-3.097329999999999875e-02
5.341340000000000194e-04
2.759469999999999978e-02
4.300210000000000143e-02
3.934159999999999741e-02
2.202899999999999997e-02
6.647499999999999763e-03
-3.731620000000000163e-03
2.921609999999999832e-03
1.243520000000000042e-02
3.826550000000000177e-03
6.710269999999999950e-03
2.445840000000000167e-02
2.802210000000000117e-02
1.686009999999999939e-02
-9.943300000000000402e-03
-4.058719999999999689e-02
-5.009229999999999933e-02
-4.306170000000000136e-02
-3.387799999999999839e-02
-2.476980000000000154e-02
-1.518979999999999983e-02
-1.977829999999999866e-02
-3.813319999999999904e-02
-4.530700000000000005e-02
-3.612289999999999945e-02
-1.028139999999999957e-02
2.038919999999999969e-02
3.651820000000000066e-02
5.877879999999999910e-02
8.345950000000000590e-02
7.977259999999999907e-02
7.527910000000000157e-02
9.151339999999999475e-02
1.081020000000000036e-01
1.226040000000000046e-01
1.388459999999999972e-01
1.554929999999999923e-01
1.719650000000000067e-01
1.821919999999999928e-01
1.905320000000000069e-01
2.061219999999999997e-01
2.201660000000000006e-01
2.146959999999999980e-01
2.012819999999999887e-01
2.189520000000000077e-01
2.384979999999999878e-01
2.111260000000000081e-01
1.946299999999999975e-01
2.268499999999999961e-01
2.504020000000000135e-01
2.279329999999999967e-01
1.742470000000000130e-01
1.094539999999999957e-01
4.344479999999999870e-02
-6.796100000000000231e-03
-1.626640000000000030e-02
1.229030000000000053e-02
5.337499999999999883e-02
3.982290000000000135e-02
-2.349729999999999874e-01
-6.211849999999999872e-01
-5.114170000000000105e-01
-7.033190000000000275e-02
7.217550000000000354e-02
4.430989999999999929e-02
4.676369999999999832e-02
6.661900000000000113e-03
-1.333669999999999994e-02
-5.108179999999999665e-02
-1.089829999999999965e-01
-1.128580000000000000e-01
-2.207520000000000038e-01
-4.603579999999999894e-01
-5.470939999999999692e-01
-4.193479999999999985e-01
-2.858089999999999797e-01
-2.143760000000000110e-01
-1.388500000000000012e-01
-5.178850000000000120e-02
8.814749999999999669e-03
3.321679999999999772e-02
1.632600000000000023e-02
-4.190259999999999818e-02
-1.098610000000000003e-01
-1.397760000000000113e-01
-1.037229999999999958e-01
-5.495830000000000159e-02
-5.664430000000000159e-02
-7.722900000000000598e-02
-6.758970000000000256e-02
-3.708360000000000128e-02
-7.075180000000000358e-03
2.240740000000000093e-02
5.008060000000000289e-02
6.364699999999999525e-02
5.177129999999999926e-02
1.922640000000000113e-02
-1.516490000000000025e-02
-2.717100000000000071e-02
-1.855089999999999864e-02
-2.555249999999999883e-02
-5.464959999999999957e-02
-7.333879999999999566e-02
-7.068460000000000021e-02
-7.443790000000000129e-02
-8.453760000000000441e-02
-6.640329999999999844e-02
-3.364729999999999804e-02
-1.630879999999999830e-02
-1.290539999999999916e-02
-2.353749999999999939e-02
-3.813810000000000117e-02
-3.606990000000000196e-02
-1.940590000000000023e-02
7.767489999999999725e-04
1.162329999999999960e-02
1.862139999999999976e-03
-1.073179999999999967e-02
-7.745179999999999947e-03
5.459000000000000311e-03
2.621710000000000013e-02
5.165079999999999671e-02
7.786890000000000478e-02
1.000599999999999962e-01
9.952379999999999560e-02
8.742779999999999996e-02
1.005349999999999994e-01
1.318610000000000060e-01
1.520589999999999997e-01
1.534429999999999961e-01
1.427599999999999980e-01
1.258779999999999899e-01
1.082830000000000042e-01
1.040679999999999938e-01
1.167180000000000023e-01
1.365190000000000015e-01
1.557209999999999983e-01
1.674070000000000003e-01
1.735250000000000126e-01
1.748129999999999962e-01
1.681570000000000009e-01
1.513210000000000111e-01
1.179230000000000000e-01
8.048840000000000161e-02
5.562910000000000077e-02
3.864839999999999942e-02
2.375499999999999834e-02
1.103739999999999929e-02
2.010119999999999789e-03
-5.029139999999999652e-03
-1.614700000000000163e-02
-2.431420000000000109e-02
-1.225910000000000021e-02
2.437380000000000102e-02
7.947029999999999372e-02
1.314379999999999993e-01
1.501580000000000137e-01
1.397190000000000099e-01
1.315159999999999940e-01
1.405440000000000023e-01
1.504639999999999866e-01
1.419950000000000101e-01
1.142849999999999977e-01
6.199339999999999712e-02
3.997259999999999876e-03
-1.132619999999999981e-02
1.161359999999999996e-02
3.838140000000000301e-02
6.127559999999999951e-02
7.475980000000000125e-02
7.769270000000000342e-02
6.946420000000000372e-02
4.692149999999999793e-02
3.675860000000000238e-02
5.051699999999999940e-02
5.879199999999999704e-02
5.341610000000000108e-02
3.704079999999999873e-02
5.825180000000000115e-03
-2.997460000000000055e-02
-6.290959999999999608e-02
-8.972929999999999795e-02
-1.147949999999999943e-01
-1.547719999999999929e-01
-2.115249999999999908e-01
-2.532849999999999824e-01
-2.537920000000000176e-01
-2.400210000000000121e-01
-2.476770000000000083e-01
-2.754739999999999966e-01
-2.635299999999999865e-01
-2.041540000000000021e-01
-1.856740000000000057e-01
-1.632409999999999972e-01
-9.074219999999999509e-02
-5.780910000000000215e-02
-7.655299999999999605e-02
-9.835470000000000323e-02
-9.103809999999999680e-02
-8.602959999999999774e-02
-1.168799999999999978e-01
-1.141849999999999948e-01
-6.667950000000000266e-02
-3.792650000000000188e-02
-2.271870000000000139e-02
1.142159999999999920e-03
2.203820000000000084e-02
3.616790000000000282e-02
5.095059999999999867e-02
6.359449999999999825e-02
5.937459999999999960e-02
3.855809999999999793e-02
2.383580000000000074e-02
2.970379999999999895e-02
4.796129999999999838e-02
5.733730000000000077e-02
4.510410000000000114e-02
2.160979999999999845e-02
1.248760000000000018e-03
-1.512959999999999999e-02
-3.352159999999999862e-02
-5.451799999999999702e-02
-6.664820000000000466e-02
-6.600549999999999473e-02
-6.093660000000000049e-02
-3.974969999999999892e-02
2.094340000000000090e-03
3.700049999999999867e-02
5.850709999999999938e-02
7.931439999999999324e-02
1.012149999999999994e-01
1.290550000000000030e-01
1.531200000000000061e-01
1.524320000000000119e-01
1.403290000000000093e-01
1.448109999999999953e-01
1.713649999999999896e-01
2.078339999999999910e-01
2.375480000000000091e-01
2.672370000000000023e-01
2.910510000000000042e-01
2.583329999999999793e-01
1.791139999999999954e-01
1.065350000000000047e-01
-1.102500000000000008e-02
-2.019700000000000106e-01
-2.700770000000000115e-01
-1.249230000000000063e-01
-3.160790000000000127e-02
-8.162840000000000373e-02
-6.507739999999999359e-02
2.596750000000000100e-02
5.872779999999999667e-02
3.723769999999999858e-02
4.512920000000000126e-03
-1.695030000000000148e-02
-2.141459999999999891e-02
-5.250389999999999918e-02
-9.918849999999999889e-02
-1.053339999999999971e-01
-1.055989999999999984e-01
-1.408699999999999952e-01
-1.608370000000000077e-01
-1.412509999999999877e-01
-1.268990000000000118e-01
-1.420200000000000073e-01
-1.632520000000000082e-01
-1.381529999999999980e-01
-6.794459999999999389e-02
-2.271170000000000133e-02
-2.532140000000000085e-02
-3.406870000000000037e-02
-1.285550000000000061e-02
2.432520000000000168e-02
4.490149999999999697e-02
4.963170000000000082e-02
4.119380000000000264e-02
1.400120000000000010e-02
-2.167969999999999967e-02
-5.423589999999999661e-02
-8.082540000000000557e-02
-1.074090000000000045e-01
-1.315999999999999948e-01
-1.409660000000000080e-01
-1.322450000000000014e-01
-1.105980000000000019e-01
-9.787129999999999441e-02
-1.018590000000000051e-01
-9.362600000000000089e-02
-6.107599999999999835e-02
-2.519319999999999893e-02
-1.702490000000000080e-03
1.381910000000000083e-02
2.098560000000000009e-02
1.097930000000000086e-02
-1.239040000000000063e-03
4.694399999999999615e-03
1.756639999999999938e-02
1.981279999999999847e-02
1.534400000000000000e-02
1.438560000000000012e-02
1.847630000000000106e-02
2.520239999999999980e-02
3.201099999999999779e-02
3.704849999999999810e-02
3.833620000000000083e-02
3.645480000000000248e-02
3.917349999999999999e-02
4.547720000000000234e-02
4.624219999999999720e-02
4.311340000000000311e-02
4.277389999999999665e-02
4.720669999999999727e-02
5.273019999999999791e-02
5.532379999999999937e-02
5.239730000000000082e-02
4.295249999999999763e-02
3.441070000000000240e-02
3.467420000000000224e-02
3.871549999999999991e-02
3.571989999999999887e-02
2.344769999999999840e-02
5.416699999999999987e-03
-1.215639999999999950e-02
-1.324969999999999967e-02
1.063200000000000083e-02
4.081869999999999943e-02
5.138539999999999774e-02
3.981509999999999910e-02
2.595870000000000122e-02
2.153180000000000024e-02
3.239510000000000306e-02
6.548310000000000242e-02
1.027389999999999970e-01
1.188850000000000046e-01
1.102979999999999933e-01
9.010609999999999453e-02
7.714690000000000436e-02
8.050019999999999398e-02
9.576940000000000452e-02
1.109330000000000038e-01
1.145400000000000029e-01
1.079829999999999957e-01
9.811359999999999526e-02
9.277140000000000386e-02
1.046470000000000039e-01
1.284730000000000039e-01
1.559689999999999965e-01
1.799729999999999941e-01
1.654640000000000000e-01
1.064470000000000000e-01
2.917029999999999970e-02
-5.552050000000000041e-02
-1.074470000000000008e-01
-9.779780000000000417e-02
-7.916600000000000026e-02
-7.911700000000000677e-02
-6.435670000000000279e-02
-4.452439999999999870e-02
-4.139530000000000293e-02
-4.191729999999999762e-02
-4.460850000000000232e-02
-5.702929999999999805e-02
-7.747859999999999470e-02
-9.899840000000000029e-02
-1.114519999999999955e-01
-1.185019999999999962e-01
-1.376429999999999876e-01
-1.580030000000000046e-01
-1.581770000000000120e-01
-1.571190000000000087e-01
-1.693999999999999950e-01
-1.826740000000000030e-01
-1.875799999999999967e-01
-2.138660000000000005e-01
-2.696080000000000143e-01
-2.060089999999999977e-01
-4.880100000000000063e-03
8.724899999999999323e-02
4.285030000000000089e-02
2.789969999999999950e-02
4.830670000000000103e-02
6.568590000000000539e-02
7.578200000000000214e-02
4.736669999999999769e-02
2.177510000000000123e-03
-1.296469999999999914e-02
-1.580749999999999864e-02
-2.047459999999999905e-02
-2.140130000000000157e-02
-2.844160000000000091e-02
-3.366700000000000248e-02
-2.680019999999999972e-02
-1.882779999999999870e-02
-1.487669999999999965e-02
-1.049959999999999956e-02
-3.859589999999999983e-03
4.686789999999999706e-03
1.443979999999999916e-02
2.621160000000000156e-02
3.834939999999999877e-02
4.755059999999999842e-02
5.999779999999999697e-02
7.665160000000000029e-02
8.326500000000000568e-02
7.827249999999999486e-02
7.008079999999999865e-02
6.650860000000000105e-02
7.807160000000000488e-02
9.319379999999999331e-02
9.478930000000000688e-02
8.877790000000000681e-02
8.287139999999999784e-02
8.229419999999999791e-02
8.879700000000000093e-02
9.558350000000000180e-02
9.546490000000000531e-02
8.659020000000000605e-02
8.099389999999999368e-02
8.610410000000000286e-02
9.357300000000000340e-02
1.009349999999999969e-01
1.102810000000000040e-01
1.221919999999999951e-01
1.361529999999999963e-01
1.511669999999999958e-01
1.607169999999999987e-01
1.491500000000000048e-01
1.223010000000000069e-01
9.850509999999999822e-02
6.214299999999999685e-02
-7.355279999999999631e-03
-7.433049999999999380e-02
-1.049370000000000025e-01
-1.212519999999999987e-01
-1.164140000000000036e-01
-8.358680000000000276e-02
-7.996540000000000592e-02
-1.048209999999999975e-01
-1.058260000000000034e-01
-1.027620000000000061e-01
-1.076330000000000064e-01
-9.021360000000000490e-02
-6.168560000000000015e-02
-4.453159999999999757e-02
-4.629380000000000300e-02
-5.686909999999999882e-02
-5.595599999999999880e-02
-4.730670000000000014e-02
-3.970739999999999686e-02
-3.241949999999999693e-02
-2.146630000000000066e-02
-7.171920000000000031e-03
3.802919999999999998e-03
1.405140000000000035e-02
2.212619999999999865e-02
1.850769999999999846e-02
8.712980000000000377e-03
9.885490000000000249e-04
-9.148999999999999147e-03
-3.097110000000000141e-02
-5.650800000000000267e-02
-6.463499999999999801e-02
-5.729730000000000240e-02
-4.612519999999999815e-02
-3.389219999999999733e-02
-2.538549999999999834e-02
-2.191009999999999833e-02
-2.128599999999999937e-02
-2.429550000000000112e-02
-2.988570000000000115e-02
-3.705130000000000229e-02
-4.833029999999999965e-02
-5.596489999999999798e-02
-5.012939999999999757e-02
-4.223659999999999914e-02
-4.471800000000000080e-02
-5.011970000000000314e-02
-5.039289999999999742e-02
-4.837070000000000258e-02
-4.712759999999999866e-02
-4.882000000000000228e-02
-5.584540000000000337e-02
-6.147459999999999730e-02
-5.403469999999999801e-02
-3.684439999999999937e-02
-2.147270000000000081e-02
-1.009739999999999943e-02
-3.934169999999999855e-03
-2.714059999999999910e-03
-1.319770000000000058e-03
1.172099999999999921e-03
3.694840000000000017e-03
6.527400000000000042e-03
9.574990000000000237e-03
1.273610000000000020e-02
1.588760000000000172e-02
1.837779999999999969e-02
2.006049999999999847e-02
2.227229999999999835e-02
2.563719999999999888e-02
2.722940000000000083e-02
2.601370000000000071e-02
2.422039999999999957e-02
2.021759999999999877e-02
1.413679999999999971e-02
9.752280000000000323e-03
4.703320000000000417e-03
-3.488359999999999812e-03
-9.454840000000000813e-03
-6.937249999999999840e-03
2.848250000000000087e-03
1.297440000000000052e-02
2.185869999999999827e-02
3.033049999999999982e-02
3.142589999999999967e-02
2.665860000000000105e-02
3.052890000000000117e-02
4.102499999999999897e-02
4.784349999999999714e-02
5.647619999999999724e-02
7.129599999999999826e-02
8.655359999999999443e-02
9.851959999999999884e-02
1.057189999999999935e-01
1.041590000000000016e-01
9.556729999999999392e-02
8.858679999999999333e-02
8.496470000000000411e-02
8.397390000000000410e-02
8.827509999999999524e-02
8.918850000000000389e-02
7.748289999999999345e-02
6.177389999999999964e-02
4.855269999999999725e-02
3.571010000000000156e-02
2.785260000000000166e-02
2.651569999999999969e-02
2.223659999999999873e-02
1.123739999999999982e-02
-8.165509999999999956e-04
-1.255110000000000080e-02
-2.166610000000000064e-02
-1.846770000000000009e-02
-9.654589999999999353e-03
-1.594699999999999937e-02
-3.262219999999999703e-02
-4.023630000000000262e-02
-3.715609999999999746e-02
-3.300070000000000087e-02
-3.749920000000000336e-02
-5.203549999999999842e-02
-6.647759999999999780e-02
-6.899030000000000440e-02
-6.123590000000000283e-02
-5.532569999999999849e-02
-5.202240000000000336e-02
-4.402579999999999688e-02
-3.151829999999999909e-02
-2.272980000000000139e-02
-2.135240000000000055e-02
-2.461059999999999984e-02
-3.217720000000000302e-02
-3.759459999999999885e-02
-3.187279999999999974e-02
-1.991269999999999846e-02
-1.044909999999999936e-02
-1.956359999999999870e-03
8.041509999999999977e-03
1.785399999999999834e-02
2.842329999999999857e-02
3.926290000000000335e-02
4.678090000000000026e-02
5.097920000000000229e-02
5.370769999999999711e-02
5.569700000000000345e-02
5.690920000000000006e-02
5.607779999999999709e-02
5.234760000000000107e-02
4.496730000000000171e-02
3.620070000000000232e-02
3.219770000000000271e-02
3.412799999999999861e-02
3.811959999999999654e-02
4.132630000000000331e-02
3.610019999999999896e-02
1.477329999999999963e-02
-8.568489999999999787e-03
-1.830089999999999842e-02
-2.097850000000000062e-02
-2.072670000000000068e-02
-1.867330000000000031e-02
-2.129400000000000043e-02
-2.589440000000000144e-02
-2.540950000000000153e-02
-2.173210000000000072e-02
-2.055759999999999879e-02
-2.240500000000000130e-02
-2.403129999999999850e-02
-2.113610000000000141e-02
-1.408599999999999956e-02
-6.732779999999999841e-03
2.178869999999999852e-03
1.245519999999999960e-02
1.657540000000000055e-02
1.286739999999999932e-02
9.244030000000000302e-03
1.067670000000000077e-02
1.714780000000000124e-02
2.813809999999999922e-02
4.216260000000000147e-02
5.618750000000000133e-02
6.616660000000000597e-02
6.743349999999999345e-02
6.007810000000000233e-02
4.856850000000000056e-02
3.700309999999999711e-02
3.056570000000000120e-02
2.986660000000000009e-02
3.112780000000000061e-02
3.325829999999999759e-02
3.548749999999999821e-02
3.698409999999999892e-02
3.818839999999999735e-02
3.956470000000000126e-02
3.998589999999999783e-02
3.701009999999999717e-02
3.169759999999999939e-02
2.778709999999999861e-02
2.440780000000000033e-02
1.605940000000000145e-02
3.028460000000000180e-03
-9.342819999999999944e-03
-2.301150000000000070e-02
-3.726519999999999833e-02
-4.370600000000000179e-02
-4.294830000000000175e-02
-3.923549999999999954e-02
-3.452349999999999863e-02
-3.464869999999999756e-02
-4.006690000000000251e-02
-4.572980000000000100e-02
-5.127720000000000194e-02
-5.724089999999999734e-02
-6.272410000000000485e-02
-6.808670000000000000e-02
-7.371460000000000512e-02
-7.958439999999999959e-02
-8.519459999999999533e-02
-9.047539999999999749e-02
-9.568590000000000428e-02
-9.945589999999999986e-02
-1.008379999999999971e-01
-1.020680000000000059e-01
-1.018609999999999932e-01
-1.005230000000000012e-01
-1.037440000000000029e-01
-8.449650000000000216e-02
-3.472250000000000336e-02
-1.050910000000000039e-02
-6.221019999999999849e-03
1.801449999999999926e-02
3.688369999999999843e-02
3.908770000000000300e-02
3.806149999999999811e-02
3.479630000000000223e-02
3.432000000000000328e-02
3.664579999999999921e-02
3.689080000000000137e-02
3.664049999999999946e-02
3.732579999999999926e-02
3.466539999999999899e-02
2.663480000000000014e-02
1.882779999999999870e-02
1.253429999999999996e-02
3.797589999999999993e-03
-6.103840000000000134e-03
-1.494700000000000022e-02
-2.154400000000000065e-02
-2.486970000000000153e-02
-2.629139999999999949e-02
-2.760059999999999944e-02
-2.990309999999999843e-02
-3.277229999999999727e-02
-3.511519999999999919e-02
-3.682040000000000313e-02
-3.930009999999999754e-02
-4.402829999999999938e-02
-4.974640000000000312e-02
-5.501310000000000228e-02
-6.101739999999999942e-02
-6.673669999999999602e-02
-6.907439999999999414e-02
-7.103310000000000179e-02
-6.497360000000000635e-02
-3.588809999999999917e-02
7.441429999999999529e-04
2.275239999999999901e-02
2.332969999999999836e-02
1.216509999999999987e-02
1.956609999999999946e-02
3.625239999999999713e-02
3.142709999999999948e-02
2.361140000000000114e-02
2.840969999999999954e-02
3.046959999999999946e-02
2.804569999999999980e-02
2.668190000000000145e-02
2.421490000000000101e-02
2.060839999999999894e-02
1.700919999999999863e-02
1.293500000000000032e-02
9.228619999999999879e-03
6.885940000000000116e-03
5.926200000000000391e-03
6.086509999999999837e-03
5.525330000000000172e-03
3.151650000000000198e-03
-1.532939999999999997e-03
-9.838029999999999345e-03
-1.892570000000000016e-02
-2.662990000000000149e-02
-3.434870000000000284e-02
-4.071720000000000200e-02
-4.475149999999999961e-02
-4.727569999999999689e-02
-4.877150000000000235e-02
-4.988220000000000154e-02
-4.963399999999999757e-02
-4.649140000000000217e-02
-4.149619999999999698e-02
-3.533979999999999760e-02
-2.774269999999999861e-02
-2.131380000000000080e-02
-1.776799999999999907e-02
-1.535070000000000011e-02
-1.408539999999999966e-02
-1.559259999999999986e-02
-1.961819999999999883e-02
-2.599090000000000081e-02
-3.243990000000000068e-02
-3.533859999999999779e-02
-2.918240000000000070e-02
-4.734119999999999648e-03
2.224280000000000007e-02
2.549979999999999955e-02
1.658029999999999921e-02
1.423059999999999950e-02
2.204460000000000100e-02
3.547949999999999715e-02
3.985969999999999791e-02
3.478230000000000210e-02
3.356809999999999655e-02
4.378089999999999760e-02
5.886840000000000128e-02
6.738990000000000258e-02
6.720470000000000610e-02
6.030069999999999875e-02
5.339279999999999721e-02
5.240410000000000207e-02
5.639099999999999668e-02
5.691800000000000331e-02
4.446089999999999764e-02
3.107220000000000121e-02
2.993159999999999918e-02
3.393580000000000207e-02
3.736720000000000319e-02
3.214270000000000321e-02
1.647169999999999884e-02
8.234379999999999478e-03
1.113240000000000063e-02
1.503570000000000080e-02
1.780920000000000072e-02
1.940710000000000005e-02
1.666700000000000126e-02
3.835939999999999923e-03
-1.073349999999999999e-02
-1.407130000000000013e-02
-9.548759999999999887e-03
-3.715330000000000195e-03
-2.882399999999999806e-03
-1.072629999999999938e-02
-2.220729999999999926e-02
-3.099369999999999903e-02
-3.670679999999999776e-02
-3.942350000000000021e-02
-3.617379999999999901e-02
-2.907509999999999956e-02
-2.287890000000000063e-02
-2.323319999999999899e-02
-3.113089999999999954e-02
-3.757800000000000029e-02
-3.895250000000000101e-02
-3.910349999999999937e-02
-3.909119999999999956e-02
-3.791660000000000169e-02
-3.566819999999999713e-02
-3.334129999999999733e-02
-3.058359999999999898e-02
-2.690079999999999902e-02
-2.337660000000000085e-02
-2.064010000000000150e-02
-1.851540000000000130e-02
-1.766850000000000018e-02
-1.845019999999999993e-02
-2.020879999999999899e-02
-2.415930000000000161e-02
-3.030139999999999917e-02
-3.469789999999999680e-02
-3.684919999999999862e-02
-3.931840000000000335e-02
-4.103579999999999728e-02
-4.094319999999999904e-02
-4.036290000000000017e-02
-3.642750000000000155e-02
-2.760939999999999922e-02
-2.209509999999999946e-02
-2.342460000000000028e-02
-2.695229999999999848e-02
-2.874439999999999981e-02
-2.574040000000000009e-02
-1.869260000000000019e-02
-9.832739999999999536e-03
-2.191110000000000019e-03
2.247449999999999795e-03
5.547459999999999718e-03
8.150720000000000187e-03
9.853799999999999365e-03
1.083439999999999924e-02
1.035329999999999931e-02
8.269759999999999264e-03
4.903109999999999587e-03
1.879409999999999978e-03
1.051129999999999946e-04
-2.629090000000000268e-04
2.078570000000000070e-03
6.110899999999999839e-03
1.052909999999999957e-02
1.564180000000000084e-02
2.017489999999999908e-02
2.338600000000000054e-02
2.577420000000000058e-02
2.852429999999999896e-02
3.390510000000000052e-02
4.012759999999999938e-02
4.335250000000000214e-02
4.481170000000000292e-02
4.602760000000000185e-02
4.563570000000000126e-02
4.441810000000000203e-02
4.189339999999999731e-02
3.565870000000000151e-02
3.060620000000000007e-02
3.164009999999999739e-02
3.667639999999999789e-02
4.295439999999999675e-02
4.835269999999999846e-02
5.153459999999999985e-02
5.043380000000000085e-02
4.460449999999999832e-02
3.595249999999999835e-02
2.672690000000000135e-02
2.089440000000000047e-02
1.861509999999999901e-02
1.741420000000000121e-02
1.801840000000000039e-02
2.005020000000000066e-02
1.981609999999999969e-02
1.495209999999999942e-02
7.140210000000000133e-03
-6.165219999999999902e-04
-8.127409999999999843e-03
-1.594069999999999862e-02
-2.185410000000000130e-02
-2.576739999999999933e-02
-3.004830000000000001e-02
-3.327920000000000184e-02
-3.388680000000000164e-02
-3.370299999999999685e-02
-3.353989999999999749e-02
-3.297630000000000006e-02
-3.222850000000000020e-02
-3.211540000000000228e-02
-3.231269999999999976e-02
-3.005160000000000123e-02
-2.513369999999999840e-02
-2.017829999999999971e-02
-1.551310000000000015e-02
-1.059090000000000031e-02
-5.739840000000000393e-03
-9.575480000000000146e-04
3.983030000000000251e-03
8.919220000000000273e-03
1.390410000000000083e-02
1.901850000000000068e-02
2.363209999999999963e-02
2.799880000000000077e-02
3.235289999999999694e-02
3.508019999999999888e-02
3.587830000000000186e-02
3.604700000000000265e-02
3.549390000000000184e-02
3.373009999999999897e-02
3.071170000000000150e-02
2.432410000000000128e-02
1.610549999999999829e-02
1.175769999999999940e-02
1.070510000000000038e-02
1.241169999999999947e-02
1.609649999999999970e-02
1.651170000000000068e-02
1.427130000000000065e-02
1.168720000000000002e-02
9.557670000000000748e-03
1.028330000000000043e-02
1.389220000000000038e-02
1.916910000000000142e-02
2.439409999999999842e-02
2.808940000000000048e-02
3.111320000000000058e-02
3.319459999999999772e-02
3.333300000000000152e-02
3.342060000000000169e-02
3.570469999999999894e-02
3.828430000000000027e-02
3.919210000000000055e-02
3.925920000000000104e-02
3.880959999999999965e-02
3.751800000000000274e-02
3.365200000000000136e-02
2.734620000000000106e-02
2.117049999999999835e-02
1.595150000000000040e-02
1.129920000000000056e-02
6.155319999999999715e-03
-2.331890000000000132e-05
-7.192379999999999954e-03
-1.369710000000000025e-02
-1.731069999999999831e-02
-1.855690000000000117e-02
-1.829199999999999923e-02
-1.685619999999999827e-02
-1.476930000000000083e-02
-1.212129999999999978e-02
-9.410889999999999880e-03
-7.808329999999999611e-03
-7.385400000000000298e-03
-7.396319999999999631e-03
-7.713369999999999775e-03
-9.951820000000000110e-03
-1.605229999999999851e-02
-2.409709999999999977e-02
-3.114779999999999979e-02
-3.580669999999999686e-02
-3.842029999999999751e-02
-4.068929999999999769e-02
-4.224320000000000158e-02
-4.270360000000000128e-02
-4.274839999999999890e-02
-4.267900000000000166e-02
-4.271350000000000147e-02
-4.277059999999999890e-02
-4.212769999999999709e-02
-3.774140000000000134e-02
-2.808290000000000092e-02
-1.655270000000000005e-02
-6.103980000000000170e-03
2.695879999999999891e-03
9.400030000000000191e-03
1.434560000000000002e-02
1.777619999999999895e-02
1.888739999999999863e-02
1.838860000000000147e-02
1.719690000000000107e-02
1.468009999999999975e-02
1.066439999999999923e-02
5.778319999999999984e-03
1.228460000000000012e-03
-2.185709999999999997e-03
-4.307690000000000304e-03
-5.162960000000000292e-03
-4.650950000000000049e-03
-2.187020000000000023e-03
1.956499999999999906e-03
6.161279999999999882e-03
9.186530000000000043e-03
1.134340000000000001e-02
1.310680000000000005e-02
1.492270000000000055e-02
1.579509999999999942e-02
1.406649999999999914e-02
1.109979999999999994e-02
8.432949999999999821e-03
7.067180000000000163e-03
7.535909999999999831e-03
7.949180000000000135e-03
8.466899999999999427e-03
1.022379999999999990e-02
1.141379999999999999e-02
1.127359999999999994e-02
8.886339999999999517e-03
3.566150000000000136e-03
9.267259999999999766e-05
5.352949999999999766e-04
1.487709999999999944e-03
4.193190000000000285e-03
1.121149999999999924e-02
2.206980000000000053e-02
3.431340000000000084e-02
4.192850000000000049e-02
4.487800000000000122e-02
4.725220000000000115e-02
4.764260000000000023e-02
4.654849999999999960e-02
4.584219999999999962e-02
4.547820000000000334e-02
4.440290000000000209e-02
4.008130000000000026e-02
3.311639999999999723e-02
2.546150000000000149e-02
1.748610000000000095e-02
9.353500000000000703e-03
9.396819999999999522e-04
-7.303729999999999598e-03
-1.601959999999999842e-02
-2.652480000000000115e-02
-3.537350000000000216e-02
-3.978430000000000161e-02
-4.282760000000000039e-02
-4.553000000000000103e-02
-4.674480000000000302e-02
-4.644260000000000055e-02
-4.500069999999999765e-02
-4.217159999999999659e-02
-3.729860000000000120e-02
-3.237940000000000262e-02
-2.899380000000000013e-02
-2.778430000000000136e-02
-2.937050000000000077e-02
-3.177680000000000088e-02
-3.359390000000000293e-02
-3.410570000000000268e-02
-3.244940000000000324e-02
-3.043349999999999875e-02
-2.899039999999999950e-02
-2.654979999999999840e-02
-2.324369999999999908e-02
-2.006760000000000141e-02
-1.596780000000000074e-02
-1.036379999999999940e-02
-4.799699999999999626e-03
4.757669999999999868e-04
5.479359999999999960e-03
9.540150000000000713e-03
1.348049999999999943e-02
1.702640000000000056e-02
1.906520000000000090e-02
1.982460000000000125e-02
1.946600000000000066e-02
1.793049999999999852e-02
1.533840000000000030e-02
1.203689999999999968e-02
8.505630000000000135e-03
4.740760000000000113e-03
8.312729999999999946e-04
-2.445970000000000002e-03
-4.925360000000000155e-03
-7.228960000000000420e-03
-9.259210000000000357e-03
-1.116499999999999958e-02
-1.303619999999999952e-02
-1.338160000000000044e-02
-1.217810000000000073e-02
-1.050730000000000067e-02
-9.508670000000000316e-03
-1.105369999999999964e-02
-1.493039999999999992e-02
-1.817939999999999834e-02
-1.777110000000000148e-02
-1.521480000000000055e-02
-1.284949999999999981e-02
-1.020369999999999958e-02
-9.204389999999999794e-03
-1.096010000000000040e-02
-1.284479999999999997e-02
-1.304020000000000006e-02
-1.072110000000000077e-02
-6.888390000000000311e-03
-3.471489999999999819e-03
3.366500000000000243e-04
3.052469999999999836e-03
1.172850000000000021e-03
-3.992120000000000044e-03
-7.948659999999999753e-03
-7.015490000000000094e-03
-2.080680000000000116e-03
1.494710000000000006e-03
-5.737340000000000061e-04
-3.842860000000000026e-03
-3.316769999999999755e-05
6.980359999999999690e-03
1.080930000000000085e-02
1.374839999999999916e-02
1.511179999999999989e-02
1.351300000000000071e-02
1.225829999999999975e-02
1.113980000000000005e-02
8.087070000000000022e-03
4.723220000000000196e-03
2.408149999999999961e-03
-8.694350000000000537e-05
-3.441850000000000204e-03
-6.480510000000000090e-03
-8.716710000000000777e-03
-1.090750000000000053e-02
-1.232549999999999965e-02
-1.190040000000000021e-02
-1.079029999999999920e-02
-1.039149999999999970e-02
-9.456859999999999225e-03
-7.676299999999999617e-03
-8.418699999999999448e-03
-1.190949999999999995e-02
-1.585299999999999904e-02
-2.026029999999999845e-02
-2.373230000000000131e-02
-2.555040000000000089e-02
-2.774309999999999971e-02
-3.055669999999999914e-02
-3.288370000000000182e-02
-3.293959999999999944e-02
-3.034330000000000013e-02
-2.805389999999999967e-02
-2.616220000000000004e-02
-2.253959999999999991e-02
-1.893680000000000016e-02
-1.574450000000000155e-02
-1.060739999999999947e-02
-4.522970000000000289e-03
1.510279999999999912e-03
6.649709999999999649e-03
9.481289999999999857e-03
1.130019999999999983e-02
1.146160000000000061e-02
9.830419999999999436e-03
6.969770000000000132e-03
1.327889999999999973e-03
-4.084220000000000385e-03
-6.562659999999999674e-03
-6.778779999999999875e-03
-5.940130000000000063e-03
-6.003950000000000085e-03
-6.434519999999999997e-03
-6.499320000000000271e-03
-6.677599999999999682e-03
-8.038389999999999425e-03
-1.227070000000000070e-02
-1.894780000000000075e-02
-2.554359999999999964e-02
-2.983090000000000047e-02
-3.163289999999999852e-02
-3.103550000000000059e-02
-2.645170000000000160e-02
-1.908639999999999989e-02
-1.310620000000000014e-02
-8.960410000000000250e-03
-4.909239999999999611e-03
-4.345740000000000171e-04
4.240299999999999798e-03
6.664139999999999821e-03
5.341170000000000119e-03
3.519179999999999791e-03
5.534930000000000405e-03
1.124539999999999915e-02
1.695589999999999944e-02
2.110290000000000082e-02
2.364619999999999916e-02
2.496929999999999983e-02
2.613240000000000007e-02
2.700200000000000169e-02
2.766740000000000171e-02
2.866399999999999851e-02
2.872179999999999872e-02
2.715040000000000162e-02
2.562520000000000076e-02
2.425070000000000003e-02
2.222390000000000129e-02
2.036510000000000056e-02
1.898740000000000150e-02
1.758770000000000125e-02
1.617000000000000035e-02
1.483040000000000053e-02
1.346340000000000037e-02
1.199470000000000050e-02
1.048830000000000075e-02
8.642580000000000401e-03
5.584600000000000328e-03
2.245869999999999963e-04
-6.230900000000000154e-03
-9.354140000000000371e-03
-8.547340000000000493e-03
-7.003249999999999927e-03
-5.423350000000000393e-03
-3.549660000000000055e-03
-1.735149999999999974e-03
-5.088449999999999706e-05
1.540949999999999915e-03
2.881579999999999905e-03
4.001249999999999599e-03
5.210290000000000234e-03
6.565559999999999799e-03
7.593919999999999663e-03
8.057450000000000723e-03
8.307699999999999460e-03
9.175219999999999557e-03
1.048029999999999969e-02
1.040040000000000062e-02
9.061289999999999623e-03
7.552739999999999627e-03
5.696960000000000045e-03
3.483689999999999790e-03
2.093830000000000083e-03
3.057629999999999983e-03
4.384609999999999723e-03
3.318180000000000001e-03
8.699730000000000137e-04
-1.268189999999999986e-03
-2.893179999999999970e-03
-4.779399999999999621e-03
-6.699140000000000129e-03
-8.353460000000000052e-03
-9.000559999999999464e-03
-6.417879999999999939e-03
-2.800069999999999990e-03
-8.590419999999999653e-04
1.280619999999999892e-03
4.046639999999999786e-03
4.969040000000000089e-03
2.274949999999999976e-03
-3.287840000000000207e-03
-9.943010000000000390e-03
-1.523730000000000050e-02
-1.787829999999999975e-02
-1.972640000000000157e-02
-2.167809999999999876e-02
-2.363449999999999926e-02
-2.562940000000000010e-02
-2.743809999999999999e-02
-2.904520000000000018e-02
-2.809709999999999985e-02
-2.399509999999999837e-02
-1.919629999999999947e-02
-1.419890000000000041e-02
-1.016199999999999916e-02
-7.406669999999999747e-03
-4.909840000000000385e-03
-5.039400000000000303e-03
-7.683169999999999583e-03
-9.304430000000000686e-03
-1.074080000000000000e-02
-1.205789999999999987e-02
-9.540859999999999966e-03
-4.623649999999999982e-03
-1.435279999999999933e-03
2.349340000000000109e-03
9.706340000000000801e-03
1.620800000000000018e-02
1.969970000000000054e-02
2.291100000000000081e-02
2.444520000000000026e-02
2.352639999999999940e-02
2.162769999999999970e-02
1.905159999999999840e-02
1.706339999999999940e-02
1.625280000000000127e-02
1.605559999999999973e-02
1.600429999999999908e-02
1.564880000000000090e-02
1.541269999999999966e-02
1.639219999999999913e-02
1.762800000000000131e-02
1.749850000000000017e-02
1.660429999999999892e-02
1.511389999999999956e-02
1.279880000000000080e-02
1.050680000000000017e-02
9.089349999999999513e-03
8.612150000000000707e-03
8.639020000000000726e-03
9.282520000000000701e-03
1.056310000000000061e-02
1.247400000000000071e-02
1.566479999999999956e-02
1.963089999999999974e-02
2.294879999999999837e-02
2.546870000000000037e-02
2.758330000000000157e-02
2.933209999999999984e-02
3.082690000000000083e-02
3.189560000000000312e-02
3.229789999999999744e-02
3.258819999999999772e-02
3.224300000000000083e-02
3.039319999999999869e-02
2.837639999999999954e-02
2.620170000000000138e-02
2.231309999999999891e-02
1.826409999999999839e-02
1.633489999999999942e-02
1.530339999999999999e-02
1.449669999999999952e-02
1.507819999999999994e-02
1.619869999999999990e-02
1.677359999999999962e-02
1.686280000000000071e-02
1.680080000000000115e-02
1.649520000000000153e-02
1.453020000000000006e-02
1.139410000000000076e-02
8.461039999999999534e-03
4.148960000000000148e-03
-1.600230000000000012e-03
-6.008549999999999655e-03
-9.951979999999999160e-03
-1.626029999999999837e-02
-2.271319999999999936e-02
-2.725669999999999829e-02
-3.113410000000000136e-02
-3.412849999999999911e-02
-3.658059999999999784e-02
-3.831489999999999896e-02
-3.719890000000000002e-02
-3.371989999999999710e-02
-2.975380000000000039e-02
-2.570419999999999996e-02
-2.126489999999999977e-02
-1.588559999999999972e-02
-9.915629999999999930e-03
-4.871369999999999867e-03
-1.240949999999999996e-03
1.139390000000000108e-03
1.871129999999999929e-03
1.771039999999999984e-03
2.023790000000000137e-03
2.287500000000000037e-03
1.317580000000000053e-03
-1.772850000000000077e-03
-5.199839999999999844e-03
-6.015620000000000168e-03
-3.562629999999999790e-03
3.108660000000000069e-03
1.380460000000000020e-02
2.431049999999999878e-02
3.161760000000000265e-02
3.541439999999999866e-02
3.692190000000000055e-02
3.823089999999999822e-02
4.007979999999999876e-02
4.137760000000000049e-02
4.048879999999999840e-02
3.820380000000000303e-02
3.528819999999999873e-02
3.079000000000000140e-02
2.573920000000000027e-02
2.094750000000000084e-02
1.594220000000000012e-02
1.091139999999999992e-02
5.967159999999999999e-03
2.012980000000000151e-03
-6.274679999999999494e-04
-3.202669999999999909e-03
-5.806079999999999922e-03
-8.348360000000000850e-03
-1.084380000000000066e-02
-1.273129999999999921e-02
-1.434820000000000019e-02
-1.467339999999999964e-02
-1.274190000000000045e-02
-1.059369999999999930e-02
-9.116640000000000507e-03
-8.001889999999999351e-03
-7.562390000000000431e-03
-7.574840000000000219e-03
-7.618360000000000236e-03
-8.002369999999999969e-03
-9.865699999999999817e-03
-1.213739999999999958e-02
-1.310279999999999952e-02
-1.315900000000000056e-02
-1.226769999999999944e-02
-1.106419999999999973e-02
-1.001589999999999946e-02
-7.863369999999999735e-03
-5.024909999999999620e-03
-2.299970000000000139e-03
5.345859999999999805e-04
3.263910000000000075e-03
5.906980000000000043e-03
8.513569999999999818e-03
1.137349999999999993e-02
1.467949999999999984e-02
1.787470000000000031e-02
2.054289999999999936e-02
2.237280000000000171e-02
2.332990000000000064e-02
2.330609999999999973e-02
2.188419999999999949e-02
1.979759999999999853e-02
1.760930000000000134e-02
1.480850000000000048e-02
1.203500000000000056e-02
9.613709999999999270e-03
7.061510000000000009e-03
5.064860000000000022e-03
3.553680000000000033e-03
1.980909999999999789e-03
4.907940000000000176e-04
-1.189109999999999950e-03
-2.415599999999999952e-03
-1.590609999999999897e-03
1.813989999999999917e-03
5.238900000000000327e-03
6.302170000000000168e-03
6.613939999999999576e-03
7.504280000000000325e-03
8.044429999999999983e-03
6.913889999999999793e-03
4.204929999999999952e-03
1.193590000000000016e-03
-1.949479999999999963e-03
-5.126219999999999909e-03
-8.161959999999999354e-03
-1.135279999999999970e-02
-1.378500000000000038e-02
-1.507670000000000017e-02
-1.627119999999999955e-02
-1.755069999999999894e-02
-1.901080000000000131e-02
-2.092070000000000041e-02
-2.185470000000000121e-02
-2.149490000000000081e-02
-2.125660000000000049e-02
-2.015480000000000049e-02
-1.749979999999999938e-02
-1.455329999999999992e-02
-1.131710000000000008e-02
-7.344680000000000132e-03
-3.451389999999999927e-03
-1.036990000000000004e-03
2.015420000000000026e-04
9.550840000000000328e-04
6.207880000000000472e-04
-1.592259999999999964e-04
-6.440699999999999507e-04
-1.593629999999999960e-03
-3.249859999999999815e-03
-4.706169999999999971e-03
-5.725189999999999793e-03
-6.767470000000000256e-03
-7.840949999999999309e-03
-8.898579999999999685e-03
-9.553519999999999374e-03
-9.513290000000000635e-03
-9.344069999999999460e-03
-9.293859999999999275e-03
-8.797670000000000490e-03
-8.039400000000000365e-03
-7.467149999999999656e-03
-6.232019999999999574e-03
-4.167539999999999960e-03
-2.925609999999999929e-03
-2.747419999999999984e-03
-2.562560000000000185e-03
-2.862069999999999979e-03
-4.258109999999999846e-03
-6.843000000000000124e-03
-9.372830000000000397e-03
-9.966090000000000365e-03
-8.943039999999999323e-03
-7.163319999999999931e-03
-5.394099999999999763e-03
-4.147210000000000132e-03
-3.528449999999999816e-03
-3.897069999999999874e-03
-5.102350000000000288e-03
-6.855339999999999698e-03
-8.998360000000000386e-03
-1.161210000000000020e-02
-1.337909999999999967e-02
-1.291209999999999927e-02
-1.153180000000000004e-02
-9.322020000000000306e-03
-6.283900000000000249e-03
-4.891949999999999944e-03
-5.447539999999999848e-03
-6.907749999999999828e-03
-8.425020000000000078e-03
-8.197009999999999366e-03
-6.576410000000000415e-03
-4.915160000000000015e-03
-2.926220000000000210e-03
-6.652449999999999640e-04
1.230519999999999921e-03
2.795119999999999896e-03
3.803739999999999899e-03
3.303529999999999835e-03
1.838039999999999986e-03
8.542789999999999976e-04
5.925499999999999561e-04
2.626349999999999952e-04
6.185249999999999776e-04
3.186319999999999864e-03
6.165430000000000389e-03
8.248639999999999792e-03
9.649690000000000697e-03
9.467460000000000458e-03
8.490730000000000152e-03
7.722040000000000327e-03
6.505150000000000342e-03
4.751319999999999849e-03
4.365720000000000017e-03
6.598429999999999747e-03
9.493249999999999952e-03
1.169749999999999956e-02
1.370170000000000068e-02
1.587579999999999894e-02
1.771800000000000111e-02
1.867450000000000013e-02
1.946660000000000057e-02
1.960970000000000074e-02
1.842090000000000047e-02
1.709139999999999965e-02
1.530890000000000029e-02
1.253620000000000081e-02
1.061319999999999972e-02
1.006609999999999970e-02
9.433789999999999190e-03
8.852759999999999449e-03
9.894850000000000173e-03
1.144880000000000030e-02
1.161970000000000017e-02
1.044050000000000013e-02
6.725469999999999886e-03
1.872200000000000079e-03
-1.430449999999999994e-03
-2.736349999999999807e-03
-3.618280000000000194e-03
-3.726230000000000080e-03
-1.914630000000000064e-03
9.455759999999999469e-04
2.765529999999999985e-03
4.214980000000000115e-03
6.007509999999999760e-03
7.536740000000000106e-03
8.644249999999999157e-03
9.716199999999999490e-03
1.100879999999999914e-02
1.153159999999999949e-02
1.059270000000000003e-02
9.221780000000000602e-03
8.049219999999999292e-03
6.724479999999999694e-03
5.277839999999999789e-03
3.809089999999999785e-03
2.384849999999999991e-03
9.932479999999999608e-04
-5.816509999999999779e-04
-1.441910000000000023e-03
-1.089169999999999982e-03
-4.468329999999999958e-04
-3.993319999999999910e-05
4.555130000000000008e-04
2.506340000000000130e-03
5.617829999999999872e-03
6.888449999999999955e-03
6.944950000000000082e-03
7.366079999999999676e-03
6.359319999999999903e-03
3.637940000000000097e-03
9.570590000000000130e-04
-1.529689999999999999e-03
-4.314740000000000068e-03
-7.055080000000000032e-03
-8.912009999999999724e-03
-9.966140000000000068e-03
-1.093339999999999937e-02
-1.189699999999999959e-02
-1.288560000000000053e-02
-1.403719999999999968e-02
-1.517770000000000057e-02
-1.626810000000000062e-02
-1.735300000000000037e-02
-1.829329999999999845e-02
-1.952040000000000025e-02
-2.053900000000000170e-02
-1.994069999999999870e-02
-1.828689999999999830e-02
-1.684480000000000005e-02
-1.535489999999999945e-02
-1.300549999999999970e-02
-1.066109999999999974e-02
-9.830180000000000862e-03
-1.014439999999999960e-02
-1.111780000000000060e-02
-1.227319999999999973e-02
-1.364079999999999980e-02
-1.700159999999999866e-02
-2.056240000000000151e-02
-2.153369999999999937e-02
-2.178180000000000047e-02
-2.257980000000000056e-02
-2.289959999999999912e-02
-2.238980000000000137e-02
-2.149500000000000022e-02
-2.046270000000000033e-02
-1.942649999999999932e-02
-1.878490000000000021e-02
-1.834780000000000091e-02
-1.827969999999999942e-02
-1.915369999999999920e-02
-2.050309999999999980e-02
-2.186340000000000158e-02
-2.269169999999999868e-02
-2.260869999999999894e-02
-2.254590000000000066e-02
-2.199510000000000007e-02
-1.963209999999999955e-02
-1.665000000000000160e-02
-1.389950000000000040e-02
-1.086409999999999980e-02
-8.690420000000000783e-03
-8.025499999999999648e-03
-7.640090000000000423e-03
-7.212539999999999923e-03
-6.512440000000000416e-03
-5.020420000000000264e-03
-3.362720000000000032e-03
-2.138950000000000139e-03
-1.215699999999999897e-03
-3.663960000000000068e-04
3.872430000000000056e-04
1.145140000000000003e-03
2.217450000000000150e-03
3.480430000000000069e-03
4.332110000000000127e-03
4.571470000000000221e-03
4.821250000000000015e-03
5.038459999999999814e-03
4.579309999999999631e-03
3.814419999999999790e-03
3.090160000000000216e-03
1.906389999999999994e-03
3.218359999999999862e-04
-1.155610000000000057e-03
-2.447260000000000147e-03
-3.595699999999999851e-03
-4.546539999999999956e-03
-5.428159999999999583e-03
-6.762950000000000211e-03
-8.120159999999999531e-03
-8.372529999999999556e-03
-7.937380000000000824e-03
-7.645980000000000137e-03
-7.401610000000000307e-03
-6.750729999999999925e-03
-5.459069999999999895e-03
-4.027529999999999652e-03
-2.757170000000000194e-03
-1.323769999999999938e-03
2.849209999999999915e-04
1.831560000000000089e-03
3.550980000000000022e-03
5.574420000000000069e-03
7.412079999999999710e-03
8.657659999999999315e-03
9.523550000000000418e-03
1.040199999999999979e-02
1.121630000000000023e-02
1.180359999999999916e-02
1.220079999999999949e-02
1.254620000000000041e-02
1.284569999999999983e-02
1.295750000000000027e-02
1.301859999999999996e-02
1.304259999999999968e-02
1.290640000000000016e-02
1.331880000000000043e-02
1.451120000000000014e-02
1.540539999999999965e-02
1.573259999999999936e-02
1.578960000000000086e-02
1.548940000000000039e-02
1.477209999999999981e-02
1.367969999999999950e-02
1.250670000000000080e-02
1.142450000000000063e-02
1.050350000000000068e-02
9.809379999999999489e-03
9.202319999999999944e-03
8.631069999999999368e-03
8.009880000000000472e-03
7.230140000000000351e-03
6.410820000000000234e-03
5.656719999999999630e-03
5.108660000000000111e-03
4.714659999999999858e-03
4.336360000000000041e-03
4.212190000000000205e-03
4.343669999999999996e-03
4.505130000000000419e-03
4.555820000000000355e-03
4.365530000000000278e-03
4.079440000000000149e-03
3.692990000000000161e-03
3.081739999999999913e-03
2.463760000000000169e-03
1.930180000000000090e-03
1.450029999999999939e-03
1.077929999999999947e-03
7.565160000000000461e-04
4.691909999999999874e-04
2.765290000000000217e-04
1.378720000000000108e-04
6.796569999999999879e-06
-1.074119999999999941e-04
-1.975550000000000017e-04
-2.331839999999999954e-04
-2.299919999999999894e-04
-2.293870000000000045e-04
-2.286660000000000092e-04
-2.471840000000000105e-04
-2.767290000000000266e-04
-3.107529999999999841e-04
-3.648549999999999753e-04
-3.935540000000000067e-04
-3.914240000000000254e-04
-3.843380000000000190e-04
-3.632719999999999873e-04
-3.337810000000000082e-04
-2.960290000000000078e-04
-2.434919999999999923e-04
-1.864590000000000117e-04
-1.295219999999999976e-04
-5.547149999999999905e-05
3.869949999999999768e-05
1.276709999999999911e-04
2.059089999999999965e-04
2.845869999999999910e-04
3.425160000000000119e-04
3.634970000000000063e-04
3.652330000000000181e-04
3.773420000000000203e-04
4.254600000000000092e-04
4.938619999999999685e-04
5.577709999999999830e-04
6.167300000000000126e-04
6.642959999999999837e-04
6.962230000000000458e-04
7.170450000000000304e-04
7.270510000000000427e-04
7.259330000000000036e-04
7.186010000000000271e-04
7.100160000000000542e-04
6.991099999999999658e-04
6.823569999999999722e-04
6.586779999999999979e-04
6.312989999999999878e-04
6.029580000000000096e-04
5.743599999999999964e-04
5.464079999999999632e-04
5.194660000000000033e-04
4.937039999999999745e-04
4.691440000000000063e-04
4.455479999999999836e-04
4.230349999999999909e-04
4.016860000000000027e-04
3.814870000000000153e-04
3.627999999999999823e-04
3.457549999999999990e-04
3.302429999999999754e-04
3.162090000000000213e-04
3.035380000000000066e-04
2.920949999999999740e-04
2.817419999999999734e-04
2.724350000000000166e-04
2.641489999999999810e-04
2.568509999999999977e-04
2.504979999999999859e-04
