-3.626600000000000006e-04
-2.001010000000000007e-04
5.215130000000000330e-04
1.038539999999999906e-03
8.513960000000000321e-04
8.377799999999999917e-04
8.188930000000000081e-04
8.049799999999999534e-04
7.912830000000000471e-04
7.686610000000000187e-04
7.260289999999999973e-04
6.618330000000000176e-04
5.755289999999999712e-04
4.750919999999999839e-04
3.757930000000000255e-04
2.939109999999999986e-04
2.361739999999999922e-04
2.078670000000000073e-04
2.140300000000000091e-04
2.523340000000000001e-04
3.075069999999999952e-04
3.662129999999999986e-04
4.198369999999999988e-04
4.679880000000000194e-04
5.243799999999999633e-04
6.087350000000000053e-04
7.231470000000000476e-04
8.394610000000000049e-04
9.135979999999999492e-04
9.212060000000000430e-04
8.647839999999999520e-04
7.888879999999999591e-04
7.688480000000000357e-04
8.411010000000000231e-04
9.680690000000000042e-04
1.064239999999999934e-03
1.041910000000000058e-03
8.836490000000000230e-04
6.634629999999999868e-04
4.883280000000000043e-04
3.988330000000000217e-04
3.321169999999999916e-04
2.068860000000000111e-04
1.444949999999999947e-05
-1.939370000000000102e-04
-3.609470000000000256e-04
-4.443730000000000228e-04
-4.510510000000000018e-04
-4.657490000000000024e-04
-5.707460000000000137e-04
-7.533250000000000016e-04
-9.178979999999999995e-04
-9.816390000000000792e-04
-9.698410000000000407e-04
-1.010150000000000024e-03
-1.181799999999999995e-03
-1.382650000000000025e-03
-1.437240000000000002e-03
-1.322449999999999971e-03
-1.158369999999999929e-03
-1.057489999999999906e-03
-1.065909999999999991e-03
-1.135829999999999999e-03
-1.158160000000000092e-03
-1.095430000000000102e-03
-9.698149999999999566e-04
-7.956470000000000209e-04
-6.827629999999999680e-04
-7.789490000000000259e-04
-9.998870000000000847e-04
-1.050570000000000019e-03
-8.006330000000000304e-04
-4.684860000000000001e-04
-3.275299999999999761e-04
-4.410199999999999754e-04
-6.391809999999999506e-04
-6.642240000000000427e-04
-5.013220000000000089e-04
-4.200040000000000262e-04
-6.404060000000000481e-04
-1.112069999999999942e-03
-1.606140000000000042e-03
-1.928519999999999974e-03
-2.020049999999999797e-03
-1.947079999999999905e-03
-1.864599999999999895e-03
-1.927759999999999934e-03
-2.159460000000000199e-03
-2.482349999999999921e-03
-2.750219999999999835e-03
-2.712410000000000168e-03
-2.155970000000000109e-03
-1.169469999999999928e-03
-2.408339999999999917e-04
1.442509999999999984e-04
-8.215000000000000459e-05
-6.387310000000000210e-04
-1.023419999999999929e-03
-8.496009999999999587e-04
-1.620480000000000043e-04
7.788499999999999850e-04
1.609650000000000013e-03
1.988489999999999876e-03
1.867280000000000025e-03
1.458380000000000006e-03
1.101619999999999986e-03
1.170170000000000108e-03
1.769579999999999981e-03
2.543859999999999785e-03
3.107190000000000125e-03
3.367440000000000190e-03
3.381830000000000166e-03
3.172030000000000162e-03
2.813749999999999845e-03
2.535100000000000200e-03
2.355120000000000043e-03
2.067589999999999793e-03
1.630909999999999955e-03
1.121699999999999997e-03
6.539840000000000323e-04
4.221000000000000143e-04
5.667460000000000249e-04
9.468169999999999711e-04
1.194600000000000089e-03
1.126800000000000067e-03
9.755299999999999519e-04
1.251429999999999990e-03
2.168970000000000099e-03
3.171479999999999959e-03
3.415490000000000193e-03
2.542580000000000014e-03
8.653279999999999523e-04
-8.567810000000000356e-04
-1.845899999999999928e-03
-1.964019999999999915e-03
-1.887769999999999986e-03
-2.309160000000000205e-03
-3.294989999999999811e-03
-4.501070000000000244e-03
-5.661470000000000044e-03
-6.552080000000000057e-03
-6.744660000000000412e-03
-5.979850000000000096e-03
-4.445939999999999788e-03
-2.504530000000000037e-03
-6.266870000000000123e-04
3.938419999999999877e-04
-2.221059999999999907e-04
-2.291500000000000134e-03
-4.478010000000000150e-03
-5.350180000000000387e-03
-4.383559999999999887e-03
-2.219930000000000167e-03
-2.728820000000000074e-04
5.015140000000000234e-05
-1.737709999999999949e-03
-4.551350000000000014e-03
-6.278230000000000095e-03
-5.278180000000000371e-03
-1.625259999999999899e-03
2.774959999999999927e-03
5.956689999999999728e-03
7.444619999999999883e-03
7.356149999999999668e-03
5.843209999999999724e-03
3.652630000000000026e-03
1.874320000000000066e-03
1.205300000000000078e-03
1.438760000000000082e-03
1.745060000000000101e-03
1.423229999999999938e-03
5.068180000000000254e-04
-2.659679999999999987e-04
-2.481389999999999971e-05
1.768800000000000060e-03
4.898999999999999709e-03
8.418379999999999613e-03
1.107490000000000037e-02
1.179709999999999960e-02
1.029500000000000033e-02
7.185320000000000248e-03
3.483469999999999796e-03
3.291850000000000136e-04
-1.220530000000000052e-03
-7.732690000000000397e-04
1.108459999999999914e-03
3.278510000000000105e-03
4.725639999999999702e-03
5.002720000000000430e-03
4.580940000000000359e-03
4.270989999999999683e-03
3.901739999999999896e-03
2.920700000000000032e-03
1.336029999999999987e-03
-7.175740000000000113e-04
-3.359959999999999943e-03
-6.739270000000000330e-03
-1.047110000000000055e-02
-1.375410000000000001e-02
-1.581439999999999929e-02
-1.619179999999999925e-02
-1.512009999999999917e-02
-1.300409999999999934e-02
-9.999140000000000111e-03
-6.908639999999999746e-03
-5.023950000000000117e-03
-4.635880000000000209e-03
-5.235749999999999953e-03
-6.906299999999999766e-03
-9.808300000000000698e-03
-1.260569999999999920e-02
-1.326319999999999930e-02
-1.166129999999999944e-02
-9.933640000000000525e-03
-1.022859999999999915e-02
-1.277799999999999943e-02
-1.517590000000000085e-02
-1.404339999999999929e-02
-8.627789999999999765e-03
-1.767389999999999977e-03
3.023759999999999903e-03
4.254230000000000338e-03
2.295039999999999927e-03
-1.651200000000000020e-03
-5.652619999999999693e-03
-7.415240000000000026e-03
-5.497329999999999925e-03
-5.030749999999999632e-04
5.301769999999999920e-03
9.990729999999999750e-03
1.302299999999999985e-02
1.491959999999999988e-02
1.687429999999999833e-02
1.948949999999999988e-02
2.155280000000000043e-02
2.129730000000000165e-02
1.816689999999999972e-02
1.294939999999999980e-02
7.229560000000000326e-03
2.630690000000000198e-03
3.154140000000000264e-04
7.031900000000000216e-04
3.152419999999999962e-03
6.379179999999999920e-03
9.202619999999999897e-03
1.078140000000000001e-02
1.090209999999999964e-02
1.044570000000000047e-02
1.089069999999999969e-02
1.327859999999999978e-02
1.736019999999999924e-02
2.120690000000000075e-02
2.255690000000000126e-02
2.072790000000000049e-02
1.652510000000000090e-02
1.140180000000000013e-02
7.107650000000000079e-03
4.616010000000000252e-03
3.340860000000000184e-03
2.078500000000000052e-03
5.176070000000000063e-04
-4.141440000000000247e-04
1.076500000000000010e-04
1.414749999999999992e-03
2.166700000000000136e-03
1.995289999999999824e-03
1.453960000000000018e-03
9.685709999999999936e-04
2.293859999999999888e-04
-1.370499999999999973e-03
-3.720479999999999968e-03
-6.045499999999999659e-03
-8.000969999999999610e-03
-9.879399999999999987e-03
-1.204260000000000053e-02
-1.427679999999999921e-02
-1.536850000000000022e-02
-1.420019999999999963e-02
-1.110219999999999957e-02
-7.517600000000000150e-03
-4.799920000000000055e-03
-3.481049999999999856e-03
-3.614249999999999841e-03
-5.132760000000000100e-03
-7.257010000000000370e-03
-8.622309999999999350e-03
-8.317420000000000715e-03
-6.288860000000000283e-03
-3.320299999999999987e-03
-6.680710000000000077e-04
7.651300000000000419e-04
7.635030000000000115e-04
-5.007520000000000330e-04
-2.709609999999999883e-03
-5.466849999999999661e-03
-8.641889999999999294e-03
-1.255919999999999953e-02
-1.721730000000000135e-02
-2.143060000000000104e-02
-2.323549999999999921e-02
-2.100820000000000118e-02
-1.428169999999999960e-02
-4.547400000000000053e-03
4.905060000000000149e-03
1.051080000000000070e-02
1.016049999999999939e-02
4.043380000000000064e-03
-5.237860000000000432e-03
-1.325989999999999981e-02
-1.604469999999999855e-02
-1.241579999999999941e-02
-4.444710000000000154e-03
3.931490000000000158e-03
9.269309999999999355e-03
1.114580000000000085e-02
1.192430000000000052e-02
1.373920000000000002e-02
1.721929999999999988e-02
2.127410000000000065e-02
2.294140000000000068e-02
1.994929999999999967e-02
1.325600000000000042e-02
6.344619999999999600e-03
2.857269999999999862e-03
3.782769999999999969e-03
6.569919999999999927e-03
7.706069999999999760e-03
5.851499999999999931e-03
2.874209999999999873e-03
2.254209999999999981e-03
5.822830000000000193e-03
1.184810000000000030e-02
1.644479999999999900e-02
1.646660000000000137e-02
1.101919999999999983e-02
1.550399999999999955e-03
-8.759170000000000150e-03
-1.597140000000000018e-02
-1.692750000000000157e-02
-1.137969999999999954e-02
-2.468049999999999845e-03
5.402930000000000232e-03
9.657419999999999893e-03
1.097719999999999946e-02
1.149060000000000012e-02
1.211989999999999942e-02
1.212459999999999927e-02
9.928380000000000538e-03
4.045929999999999666e-03
-5.251340000000000174e-03
-1.521379999999999955e-02
-2.248460000000000042e-02
-2.537700000000000025e-02
-2.440020000000000036e-02
-2.148689999999999975e-02
-1.840299999999999922e-02
-1.551459999999999992e-02
-1.213219999999999923e-02
-7.540490000000000387e-03
-1.904960000000000030e-03
3.883199999999999846e-03
8.908340000000000702e-03
1.201990000000000003e-02
1.180269999999999930e-02
7.597119999999999741e-03
1.986529999999999969e-04
-8.197400000000000519e-03
-1.422730000000000002e-02
-1.516690000000000052e-02
-1.134890000000000031e-02
-5.774510000000000060e-03
-1.610120000000000041e-03
-3.538559999999999948e-04
-1.215649999999999977e-03
-1.808750000000000028e-03
-5.911439999999999767e-05
4.010149999999999652e-03
8.093809999999999893e-03
9.896669999999999773e-03
9.976189999999999364e-03
1.127850000000000033e-02
1.568239999999999912e-02
2.216189999999999827e-02
2.778190000000000173e-02
3.000879999999999867e-02
2.832170000000000173e-02
2.382789999999999908e-02
1.826490000000000058e-02
1.303110000000000032e-02
8.684849999999999168e-03
4.583659999999999818e-03
-8.899220000000000221e-04
-8.498860000000000442e-03
-1.733300000000000118e-02
-2.550430000000000058e-02
-3.119840000000000113e-02
-3.372929999999999678e-02
-3.319420000000000009e-02
-2.970510000000000164e-02
-2.382379999999999914e-02
-1.698250000000000107e-02
-1.068850000000000008e-02
-5.884859999999999570e-03
-2.933129999999999939e-03
-2.000000000000000042e-03
-3.142680000000000126e-03
-5.624849999999999815e-03
-8.383410000000000861e-03
-1.100240000000000072e-02
-1.310489999999999919e-02
-1.385519999999999981e-02
-1.284609999999999919e-02
-1.037560000000000045e-02
-7.224099999999999792e-03
-4.652220000000000313e-03
-4.230910000000000053e-03
-6.825659999999999887e-03
-1.107170000000000029e-02
-1.380400000000000030e-02
-1.252230000000000010e-02
-7.522749999999999923e-03
-1.581930000000000055e-03
2.702340000000000124e-03
4.811379999999999650e-03
5.518170000000000193e-03
5.567680000000000198e-03
5.432349999999999852e-03
5.338840000000000079e-03
4.986540000000000243e-03
4.017129999999999833e-03
2.695910000000000147e-03
1.358510000000000056e-03
2.530610000000000086e-04
-3.282140000000000122e-04
-3.533419999999999790e-04
4.847529999999999851e-04
3.141099999999999969e-03
7.997660000000000186e-03
1.369300000000000031e-02
1.768619999999999914e-02
1.787889999999999965e-02
1.399560000000000040e-02
7.876559999999999465e-03
2.410579999999999841e-03
-5.796290000000000166e-04
-1.588849999999999941e-03
-2.478789999999999813e-03
-4.285549999999999950e-03
-6.164769999999999972e-03
-6.648330000000000038e-03
-4.604460000000000323e-03
4.278789999999999872e-04
7.345479999999999718e-03
1.339270000000000044e-02
1.592750000000000069e-02
1.481419999999999959e-02
1.248319999999999985e-02
1.112660000000000038e-02
1.111269999999999966e-02
1.210690000000000030e-02
1.362780000000000068e-02
1.475369999999999980e-02
1.458180000000000066e-02
1.285530000000000006e-02
9.831200000000000008e-03
6.126010000000000309e-03
2.881050000000000017e-03
1.318960000000000098e-03
1.459009999999999951e-03
1.767759999999999948e-03
6.489910000000000210e-04
-2.159420000000000003e-03
-5.516010000000000010e-03
-7.867880000000000706e-03
-8.491109999999999630e-03
-7.212539999999999923e-03
-3.731480000000000127e-03
1.568879999999999927e-03
7.842099999999999418e-03
1.427570000000000054e-02
1.945749999999999910e-02
2.156900000000000137e-02
1.955279999999999865e-02
1.431239999999999943e-02
8.272359999999999436e-03
3.639439999999999863e-03
1.384819999999999931e-03
1.382070000000000000e-03
2.921420000000000093e-03
4.905610000000000352e-03
5.852480000000000182e-03
4.729149999999999673e-03
2.019359999999999992e-03
-8.921520000000000058e-04
-3.121210000000000130e-03
-4.520470000000000391e-03
-5.279729999999999840e-03
-6.170840000000000353e-03
-8.220740000000000686e-03
-1.158999999999999961e-02
-1.504710000000000075e-02
-1.722589999999999885e-02
-1.812029999999999891e-02
-1.817730000000000040e-02
-1.765109999999999943e-02
-1.690940000000000151e-02
-1.621970000000000009e-02
-1.606919999999999876e-02
-1.710360000000000005e-02
-1.906760000000000052e-02
-2.075439999999999924e-02
-2.150269999999999959e-02
-2.160859999999999864e-02
-2.128970000000000168e-02
-2.050549999999999942e-02
-1.954989999999999853e-02
-1.914470000000000061e-02
-1.938370000000000024e-02
-1.961560000000000040e-02
-1.953979999999999953e-02
-1.863319999999999907e-02
-1.586179999999999882e-02
-1.093240000000000010e-02
-4.347499999999999802e-03
3.021990000000000006e-03
9.392640000000000711e-03
1.251230000000000050e-02
1.143130000000000014e-02
7.695070000000000035e-03
4.387310000000000168e-03
3.189630000000000156e-03
2.997779999999999802e-03
2.378100000000000179e-03
1.568680000000000031e-03
1.460090000000000042e-03
2.544970000000000131e-03
4.527390000000000060e-03
6.462739999999999804e-03
7.337439999999999761e-03
6.556679999999999627e-03
4.238930000000000128e-03
1.342099999999999934e-03
-5.744199999999999653e-04
-8.464539999999999564e-04
-3.004349999999999924e-04
3.440779999999999945e-04
8.839250000000000319e-04
9.829520000000000444e-04
4.038240000000000015e-04
-6.998339999999999813e-04
-1.417679999999999938e-03
-7.907180000000000415e-04
1.038660000000000061e-03
3.032360000000000003e-03
3.552050000000000173e-03
1.571789999999999993e-03
-2.154919999999999839e-03
-6.133900000000000290e-03
-9.273999999999999258e-03
-1.141769999999999938e-02
-1.288890000000000001e-02
-1.353030000000000031e-02
-1.328670000000000025e-02
-1.242359999999999992e-02
-1.071519999999999938e-02
-8.031430000000000860e-03
-5.030680000000000048e-03
-2.214840000000000038e-03
4.470160000000000041e-04
2.970400000000000210e-03
5.619279999999999935e-03
8.891839999999999813e-03
1.278969999999999933e-02
1.666640000000000135e-02
1.992980000000000099e-02
2.263470000000000065e-02
2.526389999999999886e-02
2.852210000000000162e-02
3.284310000000000007e-02
3.794879999999999781e-02
4.270539999999999753e-02
4.550710000000000172e-02
4.550030000000000047e-02
4.305400000000000199e-02
3.935389999999999722e-02
3.587100000000000011e-02
3.330609999999999821e-02
3.126519999999999994e-02
2.937280000000000099e-02
2.762689999999999937e-02
2.606630000000000058e-02
2.520649999999999974e-02
2.624069999999999875e-02
2.970770000000000008e-02
3.443600000000000133e-02
3.879869999999999847e-02
4.223890000000000283e-02
4.515170000000000294e-02
4.798070000000000113e-02
5.087280000000000274e-02
5.383299999999999891e-02
5.676479999999999720e-02
5.960130000000000289e-02
6.215799999999999798e-02
6.392989999999999784e-02
6.459789999999999976e-02
6.420230000000000381e-02
6.263829999999999398e-02
5.948219999999999896e-02
5.504450000000000315e-02
5.064649999999999708e-02
4.662979999999999903e-02
4.197370000000000267e-02
3.610159999999999758e-02
2.945930000000000076e-02
2.257709999999999925e-02
1.567589999999999956e-02
8.954739999999999228e-03
2.368760000000000136e-03
-4.210030000000000022e-03
-1.045249999999999999e-02
-1.553049999999999917e-02
-1.910509999999999986e-02
-2.172129999999999894e-02
-2.410479999999999914e-02
-2.693720000000000142e-02
-3.051109999999999933e-02
-3.442950000000000177e-02
-3.802629999999999899e-02
-4.071840000000000181e-02
-4.220499999999999946e-02
-4.314559999999999923e-02
-4.447369999999999796e-02
-4.642360000000000236e-02
-4.943009999999999765e-02
-5.374929999999999986e-02
-5.855599999999999694e-02
-6.331130000000000091e-02
-6.797839999999999439e-02
-7.212480000000000280e-02
-7.590070000000000150e-02
-8.033250000000000113e-02
-8.575339999999999352e-02
-9.158109999999999862e-02
-9.733459999999999335e-02
-1.029029999999999945e-01
-1.077899999999999969e-01
-1.108999999999999986e-01
-1.118979999999999975e-01
-1.115040000000000059e-01
-1.106209999999999971e-01
-1.097019999999999940e-01
-1.078940000000000038e-01
-1.037489999999999940e-01
-9.726170000000000648e-02
-8.954109999999999847e-02
-8.127910000000000690e-02
-7.275139999999999385e-02
-6.394900000000000584e-02
-5.436839999999999729e-02
-4.333379999999999871e-02
-3.085869999999999932e-02
-1.796849999999999836e-02
-6.035729999999999568e-03
3.781440000000000062e-03
1.098470000000000002e-02
1.669939999999999966e-02
2.316359999999999947e-02
3.110989999999999936e-02
3.880560000000000259e-02
4.407900000000000013e-02
4.610720000000000096e-02
4.531410000000000299e-02
4.278400000000000258e-02
3.978870000000000323e-02
3.738169999999999688e-02
3.603660000000000196e-02
3.570009999999999850e-02
3.608009999999999690e-02
3.666989999999999833e-02
3.710070000000000034e-02
3.761889999999999679e-02
3.870570000000000260e-02
4.040660000000000085e-02
4.243059999999999887e-02
4.453519999999999701e-02
4.649960000000000204e-02
4.808430000000000343e-02
4.894280000000000158e-02
4.842219999999999858e-02
4.612100000000000227e-02
4.224050000000000027e-02
3.738989999999999675e-02
3.273059999999999858e-02
2.903860000000000122e-02
2.570139999999999925e-02
2.164790000000000117e-02
1.651019999999999918e-02
1.065690000000000040e-02
4.665240000000000185e-03
-9.012640000000000364e-04
-6.445570000000000292e-03
-1.311780000000000064e-02
-2.115140000000000076e-02
-3.043430000000000094e-02
-4.063850000000000101e-02
-5.020109999999999850e-02
-5.732620000000000077e-02
-6.153610000000000330e-02
-6.338320000000000065e-02
-6.305990000000000206e-02
-6.050930000000000197e-02
-5.675929999999999864e-02
-5.378399999999999848e-02
-5.273760000000000253e-02
-5.299679999999999669e-02
-5.329489999999999922e-02
-5.258159999999999917e-02
-4.994339999999999891e-02
-4.524650000000000200e-02
-3.878319999999999684e-02
-3.075630000000000031e-02
-2.190570000000000017e-02
-1.309950000000000003e-02
-4.700329999999999959e-03
3.240010000000000199e-03
1.089640000000000053e-02
1.864319999999999866e-02
2.633249999999999827e-02
3.315139999999999754e-02
3.869650000000000173e-02
4.280719999999999664e-02
4.478560000000000180e-02
4.429910000000000098e-02
4.247730000000000256e-02
4.100759999999999822e-02
4.060260000000000258e-02
4.138950000000000268e-02
4.317089999999999816e-02
4.497539999999999871e-02
4.579239999999999700e-02
4.488799999999999735e-02
4.188309999999999950e-02
3.730019999999999863e-02
3.180039999999999950e-02
2.555189999999999892e-02
1.889100000000000154e-02
1.248840000000000020e-02
7.067269999999999629e-03
3.406610000000000020e-03
1.957910000000000206e-03
2.433359999999999863e-03
4.296349999999999995e-03
6.881149999999999940e-03
9.242800000000000668e-03
1.095789999999999959e-02
1.226419999999999941e-02
1.314010000000000004e-02
1.317560000000000085e-02
1.158320000000000009e-02
7.484310000000000095e-03
1.128469999999999907e-03
-5.708829999999999807e-03
-1.064960000000000039e-02
-1.215100000000000034e-02
-1.063530000000000031e-02
-7.519269999999999773e-03
-3.286620000000000080e-03
2.102510000000000143e-03
8.487500000000000253e-03
1.581259999999999957e-02
2.427390000000000103e-02
3.431250000000000272e-02
4.589590000000000336e-02
5.770270000000000260e-02
6.807209999999999650e-02
7.617340000000000222e-02
8.157509999999999761e-02
8.448440000000000116e-02
8.617389999999999772e-02
8.749600000000000433e-02
8.829480000000000661e-02
8.762449999999999406e-02
8.358119999999999439e-02
7.517649999999999333e-02
6.386569999999999747e-02
5.208669999999999967e-02
4.112489999999999896e-02
3.085850000000000051e-02
2.115210000000000007e-02
1.256409999999999992e-02
5.803430000000000047e-03
1.083119999999999916e-03
-1.998080000000000168e-03
-4.141790000000000228e-03
-5.761139999999999664e-03
-6.748289999999999671e-03
-7.846580000000000568e-03
-9.956639999999999241e-03
-1.217679999999999978e-02
-1.404990000000000058e-02
-1.650149999999999881e-02
-1.972749999999999851e-02
-2.332909999999999845e-02
-2.747089999999999949e-02
-3.183149999999999868e-02
-3.446540000000000020e-02
-3.362600000000000311e-02
-2.920499999999999832e-02
-2.184430000000000052e-02
-1.289129999999999963e-02
-4.538480000000000118e-03
1.453979999999999899e-03
4.504550000000000394e-03
4.747610000000000198e-03
2.115010000000000067e-03
-3.794640000000000166e-03
-1.265619999999999939e-02
-2.365130000000000010e-02
-3.652269999999999822e-02
-5.144220000000000043e-02
-6.867779999999999718e-02
-8.796009999999999940e-02
-1.077260000000000023e-01
-1.254550000000000110e-01
-1.393020000000000092e-01
-1.489090000000000136e-01
-1.547850000000000059e-01
-1.577250000000000041e-01
-1.581970000000000043e-01
-1.562510000000000010e-01
-1.517789999999999973e-01
-1.443450000000000011e-01
-1.337150000000000005e-01
-1.208650000000000002e-01
-1.074890000000000012e-01
-9.417649999999999633e-02
-7.972680000000000045e-02
-6.246619999999999950e-02
-4.086900000000000255e-02
-1.318719999999999962e-02
2.141629999999999923e-02
6.038810000000000011e-02
9.669089999999999629e-02
1.229100000000000054e-01
1.371429999999999871e-01
1.436340000000000117e-01
1.484240000000000004e-01
1.545789999999999942e-01
1.612649999999999917e-01
1.659920000000000007e-01
1.661380000000000079e-01
1.598400000000000098e-01
1.471059999999999868e-01
1.298559999999999992e-01
1.112439999999999957e-01
9.472089999999999677e-02
8.240599999999999314e-02
7.349529999999999952e-02
6.501959999999999684e-02
5.485210000000000086e-02
4.338920000000000277e-02
3.262820000000000303e-02
2.414070000000000105e-02
1.797170000000000017e-02
1.322860000000000008e-02
9.350560000000000815e-03
6.253700000000000057e-03
3.941710000000000179e-03
2.930509999999999886e-03
3.487290000000000095e-03
4.832089999999999823e-03
6.093679999999999757e-03
6.697169999999999686e-03
6.349729999999999611e-03
5.503270000000000210e-03
4.987809999999999640e-03
4.807360000000000105e-03
3.836439999999999989e-03
1.383550000000000101e-03
-2.565019999999999887e-03
-8.285839999999999178e-03
-1.513849999999999918e-02
-2.151569999999999871e-02
-2.678039999999999934e-02
-3.136440000000000061e-02
-3.559890000000000276e-02
-3.937009999999999815e-02
-4.242499999999999744e-02
-4.477520000000000111e-02
-4.634760000000000268e-02
-4.648490000000000261e-02
-4.470439999999999831e-02
-4.181390000000000107e-02
-3.905999999999999750e-02
-3.638759999999999911e-02
-3.310749999999999804e-02
-2.962829999999999978e-02
-2.717529999999999946e-02
-2.606150000000000133e-02
-2.574550000000000102e-02
-2.636559999999999945e-02
-2.836320000000000160e-02
-3.170699999999999907e-02
-3.683700000000000169e-02
-4.430590000000000223e-02
-5.350259999999999738e-02
-6.340139999999999665e-02
-7.332360000000000266e-02
-8.239639999999999465e-02
-8.929729999999999612e-02
-9.331639999999999380e-02
-9.492380000000000262e-02
-9.453910000000000091e-02
-9.204089999999999494e-02
-8.778370000000000617e-02
-8.226350000000000329e-02
-7.522660000000000458e-02
-6.642370000000000219e-02
-5.619559999999999833e-02
-4.525110000000000243e-02
-3.425219999999999654e-02
-2.330190000000000039e-02
-1.209799999999999938e-02
-4.867340000000000056e-04
1.136479999999999956e-02
2.308100000000000082e-02
3.407960000000000156e-02
4.374900000000000316e-02
5.160759999999999653e-02
5.727469999999999783e-02
6.099589999999999873e-02
6.349380000000000301e-02
6.519199999999999995e-02
6.609260000000000135e-02
6.620320000000000371e-02
6.594490000000000074e-02
6.562729999999999952e-02
6.472519999999999663e-02
6.239979999999999832e-02
5.931340000000000223e-02
5.732280000000000014e-02
5.629760000000000320e-02
5.442770000000000247e-02
5.144819999999999949e-02
4.819910000000000166e-02
4.497120000000000284e-02
4.193290000000000212e-02
3.891359999999999958e-02
3.494490000000000096e-02
2.918209999999999901e-02
2.208310000000000134e-02
1.496330000000000056e-02
8.419450000000000198e-03
2.116460000000000129e-03
-3.884449999999999795e-03
-8.644880000000000619e-03
-1.114109999999999927e-02
-1.099420000000000085e-02
-9.215229999999999602e-03
-7.706239999999999618e-03
-7.652479999999999699e-03
-8.935709999999999487e-03
-1.075150000000000064e-02
-1.240259999999999974e-02
-1.345690000000000081e-02
-1.291469999999999944e-02
-9.101539999999999977e-03
-1.796429999999999902e-03
7.262740000000000168e-03
1.638919999999999960e-02
2.471040000000000042e-02
3.167350000000000027e-02
3.670749999999999708e-02
3.940790000000000265e-02
3.995300000000000240e-02
3.872760000000000091e-02
3.621610000000000107e-02
3.343879999999999769e-02
3.093069999999999847e-02
2.768539999999999890e-02
2.245959999999999970e-02
1.520729999999999998e-02
7.032430000000000105e-03
-3.726399999999999830e-04
-5.952039999999999588e-03
-9.716110000000000024e-03
-1.206139999999999990e-02
-1.322369999999999969e-02
-1.300220000000000022e-02
-1.150639999999999996e-02
-9.487429999999999822e-03
-7.643350000000000144e-03
-6.180090000000000063e-03
-5.031459999999999752e-03
-4.367969999999999665e-03
-4.060130000000000336e-03
-3.301999999999999814e-03
-1.685850000000000022e-03
-2.104479999999999882e-05
4.234630000000000078e-04
-7.938380000000000523e-04
-2.980500000000000076e-03
-5.455510000000000220e-03
-8.369949999999999266e-03
-1.140249999999999944e-02
-1.359480000000000063e-02
-1.478220000000000055e-02
-1.536640000000000054e-02
-1.494629999999999917e-02
-1.237680000000000030e-02
-7.497020000000000073e-03
-1.644609999999999909e-03
3.907990000000000075e-03
9.048679999999999918e-03
1.356899999999999946e-02
1.660309999999999911e-02
1.780270000000000116e-02
1.712790000000000146e-02
1.467429999999999950e-02
1.097139999999999921e-02
6.513500000000000192e-03
1.660210000000000071e-03
-3.313910000000000206e-03
-8.290350000000000150e-03
-1.309079999999999966e-02
-1.727350000000000066e-02
-2.026170000000000054e-02
-2.166449999999999973e-02
-2.164179999999999923e-02
-2.062920000000000031e-02
-1.857839999999999839e-02
-1.527919999999999973e-02
-1.098619999999999979e-02
-6.111169999999999970e-03
-1.078980000000000000e-03
3.521709999999999945e-03
7.259790000000000340e-03
1.017410000000000016e-02
1.268419999999999964e-02
1.508729999999999967e-02
1.728129999999999944e-02
1.916709999999999942e-02
2.057929999999999829e-02
2.074650000000000105e-02
1.888719999999999982e-02
1.516430000000000035e-02
1.023119999999999932e-02
4.404189999999999668e-03
-2.464389999999999897e-03
-1.066959999999999957e-02
-2.009450000000000125e-02
-3.002420000000000089e-02
-3.950010000000000326e-02
-4.784279999999999783e-02
-5.456409999999999733e-02
-5.877109999999999973e-02
-5.954480000000000189e-02
-5.697560000000000124e-02
-5.201019999999999949e-02
-4.591470000000000273e-02
-4.016959999999999975e-02
-3.551170000000000021e-02
-3.159119999999999984e-02
-2.794519999999999990e-02
-2.420920000000000016e-02
-2.007449999999999860e-02
-1.552159999999999998e-02
-1.050530000000000040e-02
-4.955400000000000429e-03
8.415799999999999757e-04
6.494019999999999654e-03
1.163699999999999977e-02
1.589480000000000059e-02
1.943690000000000001e-02
2.255240000000000022e-02
2.502659999999999954e-02
2.686809999999999893e-02
2.841629999999999850e-02
2.984550000000000050e-02
3.090779999999999916e-02
3.110239999999999880e-02
3.012060000000000085e-02
2.799460000000000143e-02
2.549140000000000086e-02
2.369829999999999853e-02
2.266819999999999946e-02
2.136920000000000139e-02
1.903650000000000134e-02
1.581689999999999832e-02
1.204249999999999939e-02
8.026699999999999460e-03
4.279790000000000330e-03
9.282490000000000229e-04
-2.110209999999999950e-03
-4.727270000000000430e-03
-6.923610000000000181e-03
-9.054980000000000667e-03
-1.178049999999999931e-02
-1.522180000000000061e-02
-1.865040000000000101e-02
-2.135340000000000155e-02
-2.297240000000000046e-02
-2.344090000000000062e-02
-2.338449999999999904e-02
-2.337960000000000038e-02
-2.325670000000000168e-02
-2.343769999999999881e-02
-2.492739999999999886e-02
-2.759160000000000085e-02
-3.035500000000000004e-02
-3.262790000000000135e-02
-3.459269999999999706e-02
-3.654840000000000172e-02
-3.840330000000000132e-02
-3.966360000000000025e-02
-3.964840000000000031e-02
-3.816950000000000204e-02
-3.603689999999999671e-02
-3.444040000000000296e-02
-3.369289999999999785e-02
-3.288130000000000219e-02
-3.099400000000000072e-02
-2.815350000000000144e-02
-2.532550000000000079e-02
-2.284989999999999938e-02
-2.056480000000000113e-02
-1.865189999999999904e-02
-1.721970000000000098e-02
-1.610380000000000145e-02
-1.503400000000000049e-02
-1.369390000000000017e-02
-1.157019999999999924e-02
-7.882919999999999858e-03
-2.448089999999999988e-03
3.924269999999999668e-03
1.068859999999999949e-02
1.759430000000000022e-02
2.344440000000000066e-02
2.701210000000000069e-02
2.863749999999999976e-02
2.947599999999999873e-02
2.988239999999999993e-02
2.967449999999999949e-02
2.901480000000000031e-02
2.836690000000000045e-02
2.827500000000000152e-02
2.879210000000000103e-02
2.918849999999999917e-02
2.933749999999999900e-02
3.027360000000000120e-02
3.243870000000000087e-02
3.510920000000000013e-02
3.752090000000000286e-02
3.913620000000000293e-02
3.998320000000000346e-02
4.083149999999999974e-02
4.156760000000000316e-02
4.112770000000000314e-02
3.952119999999999939e-02
3.791150000000000075e-02
3.686219999999999775e-02
3.614699999999999858e-02
3.572399999999999881e-02
3.524839999999999918e-02
3.410080000000000056e-02
3.258719999999999672e-02
3.178539999999999838e-02
3.217169999999999752e-02
3.345689999999999775e-02
3.530830000000000080e-02
3.741610000000000075e-02
3.935269999999999740e-02
4.074300000000000144e-02
4.161870000000000153e-02
4.192980000000000318e-02
4.125510000000000288e-02
3.955100000000000282e-02
3.700919999999999904e-02
3.351860000000000256e-02
2.892540000000000042e-02
2.301780000000000145e-02
1.537960000000000022e-02
6.278579999999999751e-03
-2.921299999999999938e-03
-1.114350000000000063e-02
-1.786870000000000125e-02
-2.235759999999999831e-02
-2.466600000000000042e-02
-2.592910000000000006e-02
-2.682589999999999975e-02
-2.689280000000000143e-02
-2.556670000000000123e-02
-2.347530000000000103e-02
-2.164469999999999936e-02
-2.056109999999999882e-02
-2.062599999999999850e-02
-2.175639999999999866e-02
-2.317260000000000153e-02
-2.429660000000000153e-02
-2.509919999999999859e-02
-2.584260000000000029e-02
-2.654290000000000121e-02
-2.698309999999999945e-02
-2.730729999999999963e-02
-2.719099999999999989e-02
-2.535950000000000010e-02
-2.121759999999999965e-02
-1.562440000000000009e-02
-9.764359999999999706e-03
-4.277070000000000004e-03
5.195869999999999569e-04
4.433849999999999597e-03
7.531480000000000119e-03
9.870880000000000279e-03
1.109620000000000051e-02
1.116679999999999930e-02
1.124580000000000024e-02
1.244110000000000008e-02
1.456389999999999942e-02
1.706960000000000074e-02
1.978509999999999991e-02
2.252349999999999838e-02
2.499660000000000076e-02
2.688199999999999965e-02
2.784450000000000119e-02
2.807070000000000051e-02
2.833779999999999979e-02
2.902139999999999928e-02
2.968700000000000158e-02
2.960379999999999956e-02
2.848579999999999862e-02
2.664829999999999977e-02
2.430360000000000159e-02
2.138309999999999864e-02
1.792360000000000134e-02
1.413629999999999921e-02
1.021369999999999917e-02
6.071199999999999687e-03
1.540420000000000027e-03
-3.381690000000000130e-03
-8.684149999999999855e-03
-1.422529999999999975e-02
-1.996679999999999983e-02
-2.608629999999999977e-02
-3.247789999999999705e-02
-3.876099999999999685e-02
-4.450609999999999983e-02
-4.930459999999999704e-02
-5.293319999999999970e-02
-5.562870000000000315e-02
-5.785930000000000240e-02
-5.983549999999999980e-02
-6.164769999999999972e-02
-6.327900000000000191e-02
-6.435340000000000504e-02
-6.431580000000000630e-02
-6.308869999999999756e-02
-6.143239999999999812e-02
-6.004419999999999896e-02
-5.911899999999999794e-02
-5.896350000000000202e-02
-5.962950000000000195e-02
-6.060780000000000334e-02
-6.119089999999999946e-02
-6.096710000000000323e-02
-5.988509999999999667e-02
-5.757049999999999668e-02
-5.377640000000000198e-02
-4.875190000000000079e-02
-4.263410000000000116e-02
-3.547669999999999990e-02
-2.735620000000000065e-02
-1.830489999999999895e-02
-8.438309999999999214e-03
1.689769999999999944e-03
1.122620000000000041e-02
1.977720000000000172e-02
2.741740000000000149e-02
3.440900000000000208e-02
4.046890000000000209e-02
4.439789999999999709e-02
4.692849999999999799e-02
5.050899999999999834e-02
5.502440000000000109e-02
5.861820000000000225e-02
6.049179999999999835e-02
6.098230000000000317e-02
6.099620000000000042e-02
6.120840000000000308e-02
6.099689999999999973e-02
5.918640000000000012e-02
5.585910000000000181e-02
5.171449999999999658e-02
4.680929999999999813e-02
4.112199999999999883e-02
3.514810000000000156e-02
2.940749999999999961e-02
2.397559999999999969e-02
1.894130000000000119e-02
1.464110000000000064e-02
1.103660000000000058e-02
7.778819999999999658e-03
4.666069999999999593e-03
1.460020000000000024e-03
-2.013979999999999850e-03
-5.354850000000000408e-03
-7.795459999999999716e-03
-9.132859999999999590e-03
-9.527360000000000342e-03
-8.973339999999999789e-03
-8.348420000000000493e-03
-8.865710000000000604e-03
-1.048209999999999940e-02
-1.247599999999999924e-02
-1.447400000000000075e-02
-1.643040000000000125e-02
-1.837990000000000110e-02
-2.067070000000000018e-02
-2.360309999999999839e-02
-2.672160000000000160e-02
-2.908989999999999840e-02
-3.024740000000000067e-02
-3.046779999999999974e-02
-3.007869999999999988e-02
-2.911899999999999905e-02
-2.770769999999999830e-02
-2.633040000000000033e-02
-2.553489999999999926e-02
-2.534449999999999897e-02
-2.477760000000000032e-02
-2.293740000000000015e-02
-2.024350000000000108e-02
-1.730200000000000141e-02
-1.398349999999999940e-02
-1.026350000000000005e-02
-6.895469999999999898e-03
-4.657370000000000086e-03
-3.453680000000000205e-03
-2.523960000000000006e-03
-1.298740000000000051e-03
-4.991550000000000007e-05
9.274510000000000349e-04
2.066779999999999833e-03
3.736209999999999792e-03
5.638240000000000092e-03
7.007700000000000387e-03
7.438110000000000381e-03
7.710319999999999674e-03
8.938009999999999705e-03
1.107819999999999985e-02
1.355909999999999928e-02
1.643280000000000088e-02
1.979049999999999906e-02
2.294010000000000146e-02
2.507279999999999925e-02
2.636379999999999973e-02
2.754150000000000001e-02
2.886199999999999877e-02
3.022239999999999996e-02
3.144050000000000317e-02
3.218100000000000127e-02
3.231300000000000144e-02
3.205319999999999697e-02
3.156430000000000347e-02
3.083630000000000052e-02
2.984219999999999928e-02
2.901410000000000100e-02
2.888670000000000126e-02
2.884429999999999980e-02
2.775479999999999961e-02
2.545000000000000040e-02
2.262580000000000147e-02
1.984599999999999906e-02
1.705090000000000078e-02
1.407060000000000081e-02
1.106719999999999926e-02
8.217689999999999717e-03
5.414610000000000256e-03
2.577980000000000115e-03
-5.080030000000000217e-05
-2.188250000000000091e-03
-3.835229999999999802e-03
-5.029709999999999737e-03
-5.581250000000000273e-03
-5.839809999999999966e-03
-6.563120000000000412e-03
-7.561400000000000239e-03
-7.797819999999999578e-03
-6.744700000000000174e-03
-5.019840000000000239e-03
-3.382140000000000059e-03
-1.795069999999999956e-03
1.032839999999999957e-04
2.257690000000000131e-03
4.141119999999999871e-03
5.121210000000000172e-03
5.412049999999999847e-03
5.859620000000000280e-03
6.389350000000000238e-03
6.406010000000000176e-03
5.909850000000000346e-03
5.310129999999999711e-03
4.865659999999999950e-03
4.515650000000000393e-03
4.176799999999999610e-03
4.183169999999999944e-03
4.819559999999999643e-03
5.718069999999999577e-03
6.743400000000000089e-03
8.057760000000000616e-03
9.159779999999999311e-03
9.364410000000000095e-03
8.814189999999999525e-03
7.960889999999999980e-03
6.536290000000000155e-03
4.230180000000000051e-03
1.562119999999999958e-03
-7.028279999999999597e-04
-2.335250000000000086e-03
-3.412679999999999967e-03
-3.638230000000000110e-03
-2.650009999999999952e-03
-5.546989999999999690e-04
2.093629999999999970e-03
4.839610000000000266e-03
7.598050000000000290e-03
1.017020000000000077e-02
1.233169999999999926e-02
1.420970000000000046e-02
1.579149999999999998e-02
1.636200000000000154e-02
1.529359999999999921e-02
1.276429999999999926e-02
9.229029999999999179e-03
4.867739999999999741e-03
-2.177720000000000014e-04
-5.662389999999999785e-03
-1.116800000000000084e-02
-1.649580000000000143e-02
-2.116339999999999888e-02
-2.490490000000000065e-02
-2.797610000000000027e-02
-3.068279999999999966e-02
-3.305140000000000161e-02
-3.518500000000000100e-02
-3.729880000000000001e-02
-3.943699999999999983e-02
-4.146980000000000111e-02
-4.316960000000000242e-02
-4.430459999999999954e-02
-4.453939999999999982e-02
-4.336559999999999720e-02
-4.078260000000000218e-02
-3.792679999999999663e-02
-3.564060000000000145e-02
-3.344840000000000313e-02
-3.089520000000000113e-02
-2.782389999999999863e-02
-2.413679999999999992e-02
-2.055850000000000039e-02
-1.786969999999999878e-02
-1.571919999999999915e-02
-1.343169999999999954e-02
-1.093489999999999913e-02
-8.762010000000000631e-03
-7.248819999999999569e-03
-5.869710000000000205e-03
-4.115330000000000377e-03
-2.206839999999999843e-03
-5.068390000000000308e-04
1.200890000000000030e-03
3.437770000000000149e-03
6.301329999999999952e-03
9.380960000000000687e-03
1.239540000000000086e-02
1.539410000000000084e-02
1.825250000000000136e-02
2.070040000000000074e-02
2.270830000000000071e-02
2.431760000000000171e-02
2.544700000000000087e-02
2.615599999999999870e-02
2.667189999999999839e-02
2.711190000000000128e-02
2.742769999999999930e-02
2.740369999999999959e-02
2.680170000000000122e-02
2.587640000000000079e-02
2.533540000000000098e-02
2.527010000000000020e-02
2.513040000000000065e-02
2.479900000000000160e-02
2.423509999999999900e-02
2.305880000000000082e-02
2.133820000000000161e-02
1.949530000000000013e-02
1.745520000000000058e-02
1.489580000000000071e-02
1.179179999999999985e-02
8.171770000000000075e-03
4.082820000000000026e-03
-5.867760000000000212e-05
-3.682239999999999819e-03
-6.882909999999999896e-03
-1.027070000000000066e-02
-1.401359999999999932e-02
-1.781690000000000010e-02
-2.152870000000000131e-02
-2.503259999999999860e-02
-2.786910000000000082e-02
-2.982419999999999863e-02
-3.129889999999999756e-02
-3.257879999999999804e-02
-3.355389999999999762e-02
-3.402190000000000075e-02
-3.350270000000000331e-02
-3.155100000000000265e-02
-2.855680000000000024e-02
-2.547109999999999999e-02
-2.278180000000000135e-02
-2.011490000000000153e-02
-1.707459999999999881e-02
-1.399730000000000071e-02
-1.137900000000000023e-02
-9.435620000000000465e-03
-8.304670000000000107e-03
-7.813330000000000275e-03
-7.418629999999999843e-03
-6.774879999999999618e-03
-6.144130000000000251e-03
-5.778990000000000342e-03
-5.160190000000000263e-03
-3.712299999999999975e-03
-1.679149999999999913e-03
3.334410000000000217e-04
2.095720000000000135e-03
3.828279999999999877e-03
5.458669999999999668e-03
6.551290000000000412e-03
7.354720000000000354e-03
8.299849999999999242e-03
9.009589999999999613e-03
9.044029999999999778e-03
8.465850000000000458e-03
7.524740000000000248e-03
6.369089999999999994e-03
5.055200000000000145e-03
3.755570000000000176e-03
2.547310000000000112e-03
1.164859999999999984e-03
-4.563880000000000085e-04
-1.731810000000000077e-03
-2.169640000000000023e-03
-2.060740000000000141e-03
-1.671139999999999995e-03
-6.709290000000000132e-04
1.107169999999999986e-03
3.200619999999999941e-03
5.045589999999999971e-03
6.475299999999999806e-03
7.595229999999999690e-03
8.522349999999999717e-03
8.967930000000000693e-03
8.436350000000000446e-03
7.252920000000000374e-03
6.366890000000000049e-03
6.140529999999999947e-03
6.183130000000000223e-03
6.099590000000000220e-03
5.863110000000000370e-03
5.542609999999999898e-03
5.110420000000000067e-03
4.414719999999999582e-03
3.432189999999999894e-03
2.617930000000000083e-03
2.355209999999999942e-03
2.458409999999999849e-03
2.568850000000000126e-03
2.581519999999999909e-03
2.536730000000000061e-03
2.398239999999999834e-03
2.135499999999999812e-03
1.679799999999999956e-03
1.029439999999999956e-03
5.370089999999999673e-04
4.377019999999999912e-04
4.483220000000000217e-04
4.199259999999999907e-04
5.531870000000000146e-04
9.737329999999999553e-04
1.852590000000000096e-03
3.359239999999999882e-03
5.185440000000000361e-03
6.757260000000000176e-03
7.891429999999999625e-03
8.580900000000000680e-03
8.742150000000000615e-03
8.535340000000000635e-03
8.268330000000000818e-03
7.949869999999999506e-03
7.455370000000000226e-03
7.069830000000000038e-03
7.083530000000000208e-03
7.237890000000000296e-03
7.168719999999999953e-03
6.863110000000000391e-03
6.514930000000000374e-03
6.256580000000000301e-03
6.049879999999999668e-03
6.048549999999999760e-03
6.565380000000000001e-03
7.376249999999999994e-03
7.934770000000000711e-03
8.009119999999999781e-03
7.790049999999999752e-03
7.569410000000000374e-03
7.439229999999999801e-03
7.355940000000000048e-03
7.271969999999999996e-03
7.181220000000000311e-03
6.993079999999999609e-03
6.618650000000000228e-03
6.152959999999999853e-03
5.843890000000000022e-03
5.908899999999999916e-03
6.199790000000000162e-03
6.580039999999999674e-03
7.215560000000000203e-03
7.837039999999999978e-03
7.541609999999999807e-03
6.100419999999999628e-03
4.578809999999999998e-03
3.863010000000000055e-03
3.742140000000000136e-03
3.620350000000000044e-03
3.340469999999999898e-03
3.053290000000000171e-03
2.616320000000000104e-03
2.158800000000000215e-03
2.308689999999999961e-03
3.034910000000000038e-03
3.885860000000000095e-03
4.726389999999999585e-03
5.248169999999999918e-03
5.099710000000000354e-03
4.255029999999999923e-03
2.850489999999999795e-03
1.103140000000000067e-03
-7.835340000000000100e-04
-2.798140000000000176e-03
-4.942760000000000035e-03
-6.931660000000000078e-03
-8.574309999999999918e-03
-1.003219999999999980e-02
-1.149249999999999924e-02
-1.280899999999999921e-02
-1.380029999999999972e-02
-1.451960000000000056e-02
-1.509530000000000073e-02
-1.578099999999999989e-02
-1.642930000000000085e-02
-1.681509999999999949e-02
-1.701959999999999931e-02
-1.660470000000000002e-02
-1.529520000000000012e-02
-1.350050000000000035e-02
-1.128389999999999949e-02
-8.805199999999999139e-03
-6.769660000000000261e-03
-5.288049999999999869e-03
-4.106069999999999859e-03
-3.365369999999999907e-03
-3.084879999999999914e-03
-2.986369999999999910e-03
-2.873049999999999823e-03
-2.721760000000000151e-03
-2.559979999999999895e-03
-2.375519999999999889e-03
-2.189360000000000004e-03
-1.930190000000000031e-03
-1.260110000000000050e-03
-1.451210000000000087e-04
8.479559999999999702e-04
1.269860000000000043e-03
1.255220000000000034e-03
1.175580000000000071e-03
1.194530000000000071e-03
1.244150000000000074e-03
1.217479999999999951e-03
1.443470000000000083e-03
2.335299999999999789e-03
3.489640000000000016e-03
4.512969999999999829e-03
5.486719999999999618e-03
6.431609999999999931e-03
7.412079999999999710e-03
8.669220000000000051e-03
1.037929999999999929e-02
1.225700000000000053e-02
1.379340000000000080e-02
1.470600000000000032e-02
1.512400000000000029e-02
1.527500000000000038e-02
1.483259999999999960e-02
1.351459999999999988e-02
1.200039999999999961e-02
1.104310000000000014e-02
1.017880000000000000e-02
8.797309999999999158e-03
7.752079999999999735e-03
7.610999999999999710e-03
7.196880000000000117e-03
5.690719999999999806e-03
3.578149999999999994e-03
1.467760000000000028e-03
-2.346240000000000088e-04
-1.440450000000000020e-03
-2.456320000000000118e-03
-3.302779999999999952e-03
-3.969590000000000271e-03
-4.854490000000000367e-03
-6.221240000000000277e-03
-8.021119999999999639e-03
-1.006250000000000026e-02
-1.217350000000000029e-02
-1.432240000000000076e-02
-1.643729999999999844e-02
-1.828060000000000102e-02
-1.946940000000000129e-02
-2.000940000000000010e-02
-2.032449999999999882e-02
-2.041139999999999968e-02
-2.013720000000000093e-02
-1.954979999999999912e-02
-1.864390000000000144e-02
-1.758279999999999912e-02
-1.665710000000000107e-02
-1.593709999999999918e-02
-1.502170000000000068e-02
-1.382590000000000034e-02
-1.307370000000000060e-02
-1.293509999999999972e-02
-1.274680000000000084e-02
-1.217320000000000034e-02
-1.141909999999999974e-02
-1.073009999999999936e-02
-1.015549999999999960e-02
-9.709179999999999547e-03
-9.298910000000000509e-03
-8.677990000000000009e-03
-7.940380000000000354e-03
-7.239830000000000050e-03
-6.174569999999999885e-03
-4.437520000000000353e-03
-2.306620000000000111e-03
-7.736460000000000125e-06
2.550390000000000035e-03
5.306070000000000404e-03
7.862130000000000160e-03
9.993780000000000718e-03
1.198549999999999963e-02
1.398210000000000078e-02
1.577709999999999876e-02
1.732349999999999862e-02
1.854010000000000033e-02
1.933440000000000158e-02
1.998449999999999879e-02
2.078709999999999933e-02
2.148670000000000094e-02
2.146259999999999835e-02
2.098919999999999952e-02
2.098879999999999843e-02
2.130109999999999990e-02
2.109110000000000151e-02
2.024530000000000080e-02
1.928420000000000134e-02
1.848019999999999871e-02
1.739289999999999933e-02
1.571459999999999871e-02
1.380059999999999967e-02
1.191309999999999938e-02
9.930589999999999556e-03
7.590450000000000322e-03
5.149489999999999623e-03
3.194680000000000089e-03
1.589490000000000043e-03
-1.310139999999999894e-04
-1.965129999999999828e-03
-3.549940000000000127e-03
-4.722569999999999719e-03
-5.777909999999999817e-03
-6.754930000000000136e-03
-7.215550000000000262e-03
-7.076050000000000395e-03
-6.731749999999999887e-03
-6.462550000000000065e-03
-6.326380000000000371e-03
-6.601369999999999634e-03
-7.495990000000000118e-03
-8.713939999999999880e-03
-9.789130000000000054e-03
-1.039200000000000020e-02
-1.057010000000000068e-02
-1.075139999999999950e-02
-1.115870000000000056e-02
-1.137870000000000027e-02
-1.106990000000000057e-02
-1.051320000000000032e-02
-1.002059999999999930e-02
-9.300189999999999846e-03
-7.907380000000000311e-03
-5.979749999999999822e-03
-3.857849999999999908e-03
-1.918650000000000043e-03
-5.716319999999999778e-04
4.460110000000000094e-04
1.539879999999999981e-03
2.350060000000000170e-03
2.538900000000000184e-03
2.378970000000000216e-03
2.253849999999999951e-03
2.262839999999999904e-03
2.306499999999999957e-03
2.299139999999999864e-03
2.239350000000000195e-03
2.181199999999999892e-03
2.135779999999999883e-03
2.085810000000000008e-03
2.035009999999999857e-03
1.949650000000000038e-03
1.629570000000000107e-03
9.997660000000000227e-04
5.619359999999999676e-04
6.993960000000000237e-04
1.134360000000000056e-03
1.462530000000000080e-03
1.642229999999999948e-03
2.194279999999999842e-03
3.281730000000000064e-03
4.101510000000000052e-03
4.152170000000000166e-03
3.770969999999999791e-03
3.090320000000000133e-03
1.799220000000000029e-03
7.682020000000000016e-05
-1.643549999999999916e-03
-3.407920000000000046e-03
-5.191270000000000433e-03
-6.761020000000000398e-03
-7.918029999999999513e-03
-8.450749999999999929e-03
-8.408250000000000793e-03
-8.021699999999999664e-03
-7.390660000000000285e-03
-6.387979999999999700e-03
-5.100750000000000249e-03
-3.896020000000000039e-03
-2.766339999999999945e-03
-1.618819999999999981e-03
-7.829170000000000530e-04
-3.450589999999999907e-04
2.579540000000000175e-04
1.271149999999999971e-03
2.126139999999999888e-03
2.253719999999999855e-03
1.862839999999999939e-03
1.705359999999999949e-03
2.242070000000000087e-03
3.268249999999999888e-03
3.987049999999999796e-03
3.792150000000000208e-03
3.232829999999999905e-03
3.247359999999999917e-03
3.733919999999999947e-03
4.003900000000000341e-03
3.866300000000000032e-03
3.597429999999999985e-03
3.436830000000000093e-03
3.380220000000000186e-03
3.328110000000000009e-03
3.235819999999999929e-03
3.136270000000000030e-03
3.001170000000000053e-03
2.710970000000000046e-03
2.343959999999999967e-03
1.866140000000000073e-03
1.067070000000000041e-03
2.768189999999999800e-04
-2.328559999999999945e-05
8.058420000000000004e-05
2.450899999999999997e-04
3.097400000000000262e-04
1.638570000000000000e-04
-4.686369999999999924e-04
-1.505169999999999902e-03
-2.271599999999999921e-03
-2.359190000000000158e-03
-2.060549999999999968e-03
-1.840119999999999994e-03
-1.773210000000000107e-03
-1.363099999999999902e-03
-7.711920000000000526e-05
1.810589999999999943e-03
3.608080000000000054e-03
5.081600000000000353e-03
6.376899999999999583e-03
7.571869999999999643e-03
8.553170000000000564e-03
9.444299999999999223e-03
1.057169999999999985e-02
1.190910000000000059e-02
1.312340000000000034e-02
1.380920000000000064e-02
1.394800000000000033e-02
1.404449999999999969e-02
1.436780000000000002e-02
1.490750000000000061e-02
1.567560000000000134e-02
1.651489999999999903e-02
1.729630000000000056e-02
1.795029999999999890e-02
1.824200000000000127e-02
1.833169999999999938e-02
1.846839999999999940e-02
1.848450000000000093e-02
1.852140000000000036e-02
1.853350000000000136e-02
1.800169999999999895e-02
1.698699999999999863e-02
1.558200000000000036e-02
1.326049999999999972e-02
9.907159999999999925e-03
6.351299999999999828e-03
3.374779999999999967e-03
8.558990000000000261e-04
-1.548539999999999943e-03
-3.934049999999999700e-03
-6.500950000000000131e-03
-9.221170000000000755e-03
-1.163510000000000065e-02
-1.361159999999999974e-02
-1.547059999999999928e-02
-1.728429999999999897e-02
-1.866779999999999828e-02
-1.935800000000000021e-02
-1.978989999999999916e-02
-2.041880000000000084e-02
-2.117459999999999828e-02
-2.181759999999999949e-02
-2.225800000000000001e-02
-2.266450000000000062e-02
-2.279360000000000067e-02
-2.207889999999999853e-02
-2.099660000000000068e-02
-2.040000000000000147e-02
-1.983889999999999959e-02
-1.858150000000000079e-02
-1.704800000000000065e-02
-1.601110000000000033e-02
-1.552890000000000000e-02
-1.517100000000000046e-02
-1.467719999999999962e-02
-1.392269999999999966e-02
-1.293200000000000079e-02
-1.224699999999999921e-02
-1.220210000000000045e-02
-1.227679999999999917e-02
-1.195189999999999968e-02
-1.140260000000000058e-02
-1.133239999999999942e-02
-1.201039999999999920e-02
-1.262549999999999957e-02
-1.254240000000000042e-02
-1.206800000000000060e-02
-1.155100000000000050e-02
-1.097079999999999930e-02
-1.032220000000000013e-02
-9.506189999999999432e-03
-8.203629999999999950e-03
-6.590870000000000409e-03
-5.038149999999999920e-03
-3.567879999999999836e-03
-2.473050000000000075e-03
-1.731729999999999901e-03
-4.589199999999999768e-04
1.524409999999999914e-03
3.132750000000000118e-03
3.696019999999999948e-03
3.656560000000000105e-03
3.589380000000000088e-03
3.624379999999999963e-03
3.647889999999999987e-03
3.583919999999999988e-03
3.688449999999999802e-03
4.425019999999999995e-03
5.510420000000000249e-03
6.400570000000000391e-03
7.251610000000000347e-03
8.036520000000000122e-03
8.627160000000000037e-03
9.226899999999999685e-03
9.682619999999999422e-03
9.757750000000000798e-03
9.576809999999999837e-03
9.280270000000000186e-03
8.878240000000000784e-03
8.247620000000000645e-03
7.137029999999999937e-03
5.680809999999999679e-03
4.488879999999999780e-03
3.726549999999999915e-03
2.814710000000000215e-03
1.303920000000000079e-03
-5.378110000000000182e-04
-2.190090000000000005e-03
-3.341489999999999912e-03
-4.077370000000000300e-03
-4.743899999999999680e-03
-5.529019999999999942e-03
-6.424219999999999584e-03
-7.092489999999999906e-03
-7.135400000000000076e-03
-6.783270000000000098e-03
-6.522000000000000020e-03
-6.292370000000000255e-03
-5.865800000000000007e-03
-5.362549999999999782e-03
-4.987240000000000423e-03
-4.751599999999999921e-03
-4.549219999999999653e-03
-4.209560000000000211e-03
-3.535799999999999967e-03
-2.606339999999999959e-03
-1.717769999999999974e-03
-1.005220000000000028e-03
-4.527369999999999854e-04
-1.030929999999999970e-05
6.011299999999999586e-04
1.643930000000000044e-03
2.707939999999999826e-03
3.285150000000000136e-03
3.852599999999999861e-03
5.223150000000000188e-03
7.308339999999999975e-03
9.281350000000000711e-03
1.056039999999999930e-02
1.128939999999999978e-02
1.186500000000000055e-02
1.227499999999999945e-02
1.211910000000000071e-02
1.118390000000000009e-02
9.844260000000000510e-03
8.666200000000000639e-03
7.589789999999999905e-03
6.067870000000000381e-03
4.143580000000000006e-03
2.364890000000000134e-03
9.407970000000000525e-04
1.966639999999999860e-05
-3.171210000000000153e-04
-6.133669999999999704e-04
-1.384040000000000010e-03
-2.241860000000000033e-03
-2.573460000000000070e-03
-2.530389999999999983e-03
-2.515579999999999899e-03
-2.402080000000000014e-03
-2.110120000000000051e-03
-1.980179999999999788e-03
-2.322390000000000131e-03
-3.099909999999999992e-03
-3.802680000000000123e-03
-4.262529999999999618e-03
-4.899620000000000364e-03
-5.678670000000000245e-03
-6.388709999999999702e-03
-7.056940000000000261e-03
-7.450960000000000395e-03
-7.402879999999999704e-03
-7.212950000000000091e-03
-7.194779999999999578e-03
-7.164700000000000409e-03
-6.707549999999999624e-03
-5.838630000000000035e-03
-4.912650000000000176e-03
-3.948580000000000145e-03
-2.756470000000000014e-03
-1.587359999999999900e-03
-5.408620000000000268e-04
6.729260000000000146e-04
1.858400000000000069e-03
2.928959999999999984e-03
4.093399999999999643e-03
5.000629999999999832e-03
5.544789999999999962e-03
6.219709999999999822e-03
7.171710000000000411e-03
8.207809999999999412e-03
9.176280000000000200e-03
1.007130000000000004e-02
1.106170000000000070e-02
1.230619999999999978e-02
1.372869999999999993e-02
1.481610000000000045e-02
1.517399999999999999e-02
1.503469999999999980e-02
1.474439999999999952e-02
1.426469999999999995e-02
1.353719999999999923e-02
1.317459999999999985e-02
1.374459999999999918e-02
1.459109999999999921e-02
1.470420000000000060e-02
1.405840000000000041e-02
1.323799999999999977e-02
1.279070000000000033e-02
1.309199999999999947e-02
1.377570000000000010e-02
1.410649999999999925e-02
1.418900000000000022e-02
1.447120000000000004e-02
1.470089999999999938e-02
1.443889999999999930e-02
1.375630000000000082e-02
1.302670000000000043e-02
1.247850000000000001e-02
1.204910000000000009e-02
1.159510000000000055e-02
1.107080000000000043e-02
1.052340000000000046e-02
1.001690000000000046e-02
9.537860000000000435e-03
8.996040000000000286e-03
8.203850000000000378e-03
6.998909999999999680e-03
5.590910000000000150e-03
4.218190000000000134e-03
2.654109999999999889e-03
7.258660000000000329e-04
-1.345529999999999947e-03
-3.315890000000000157e-03
-5.288020000000000047e-03
-7.432890000000000157e-03
-9.496469999999999911e-03
-1.122279999999999979e-02
-1.270349999999999951e-02
-1.405999999999999958e-02
-1.519479999999999963e-02
-1.586119999999999891e-02
-1.617280000000000106e-02
-1.661220000000000058e-02
-1.711779999999999899e-02
-1.722210000000000060e-02
-1.690559999999999979e-02
-1.645049999999999985e-02
-1.605830000000000105e-02
-1.563060000000000144e-02
-1.490009999999999946e-02
-1.380349999999999980e-02
-1.278649999999999926e-02
-1.249809999999999983e-02
-1.264760000000000016e-02
-1.215869999999999972e-02
-1.098790000000000010e-02
-1.036169999999999973e-02
-1.061340000000000026e-02
-1.058620000000000047e-02
-9.812329999999999317e-03
-9.133610000000000340e-03
-8.848480000000000581e-03
-8.377839999999999246e-03
-7.433849999999999660e-03
-6.361290000000000347e-03
-5.689910000000000280e-03
-5.378970000000000279e-03
-4.883189999999999927e-03
-4.030709999999999849e-03
-3.142530000000000150e-03
-2.520010000000000045e-03
-2.252329999999999870e-03
-2.232449999999999973e-03
-2.500660000000000036e-03
-3.190070000000000145e-03
-3.917679999999999774e-03
-4.370019999999999634e-03
-4.865549999999999736e-03
-5.477229999999999599e-03
-5.757400000000000191e-03
-5.548439999999999969e-03
-5.179699999999999756e-03
-4.647730000000000090e-03
-3.597389999999999789e-03
-2.247809999999999826e-03
-9.739510000000000268e-04
3.600659999999999777e-04
1.902290000000000057e-03
3.629439999999999836e-03
5.516270000000000201e-03
7.393639999999999934e-03
9.042240000000000000e-03
1.048289999999999986e-02
1.190669999999999923e-02
1.330330000000000054e-02
1.428910000000000076e-02
1.453430000000000000e-02
1.418050000000000040e-02
1.379529999999999992e-02
1.353150000000000013e-02
1.302110000000000073e-02
1.256389999999999937e-02
1.262220000000000009e-02
1.270489999999999987e-02
1.220869999999999941e-02
1.125130000000000054e-02
1.005449999999999920e-02
8.545489999999999337e-03
6.866249999999999958e-03
5.550539999999999641e-03
4.659749999999999830e-03
3.467519999999999977e-03
1.603910000000000058e-03
-5.885489999999999515e-04
-2.760929999999999981e-03
-4.697469999999999597e-03
-6.304729999999999709e-03
-7.789619999999999704e-03
-9.344399999999999235e-03
-1.090029999999999992e-02
-1.236429999999999994e-02
-1.370470000000000022e-02
-1.490030000000000000e-02
-1.594579999999999956e-02
-1.661119999999999958e-02
-1.669079999999999869e-02
-1.655329999999999996e-02
-1.660340000000000080e-02
-1.664869999999999892e-02
-1.628409999999999927e-02
-1.516739999999999929e-02
-1.330250000000000009e-02
-1.146989999999999989e-02
-1.007710000000000029e-02
-8.556140000000000273e-03
-6.779409999999999603e-03
-5.131290000000000157e-03
-3.550999999999999903e-03
-1.771840000000000004e-03
1.289220000000000101e-04
1.709709999999999919e-03
2.665600000000000174e-03
3.286449999999999788e-03
4.257799999999999953e-03
5.996859999999999691e-03
7.943479999999999291e-03
9.216010000000000174e-03
9.865610000000000351e-03
1.042700000000000050e-02
1.116170000000000009e-02
1.197669999999999985e-02
1.243599999999999914e-02
1.247640000000000034e-02
1.262869999999999965e-02
1.315810000000000070e-02
1.378859999999999982e-02
1.396739999999999961e-02
1.338570000000000038e-02
1.244759999999999964e-02
1.155280000000000022e-02
1.045070000000000027e-02
9.002649999999999195e-03
7.396009999999999737e-03
5.749090000000000103e-03
4.419499999999999817e-03
3.488250000000000031e-03
2.450110000000000135e-03
1.277850000000000080e-03
5.110100000000000016e-04
2.236999999999999893e-04
-4.410189999999999868e-05
-5.888910000000000238e-04
-1.399669999999999994e-03
-2.213010000000000064e-03
-2.652789999999999922e-03
-2.677329999999999901e-03
-2.577400000000000090e-03
-2.509529999999999834e-03
-2.295929999999999846e-03
-1.694339999999999909e-03
-7.809790000000000048e-04
2.169510000000000003e-06
2.983250000000000008e-04
1.940060000000000124e-04
1.081379999999999970e-05
-7.233960000000000108e-05
-1.801419999999999974e-04
-3.418800000000000268e-04
-3.751299999999999947e-04
-4.097029999999999769e-04
-8.706239999999999639e-04
-1.846409999999999935e-03
-2.726010000000000065e-03
-2.970770000000000181e-03
-2.780089999999999818e-03
-2.578229999999999932e-03
-2.525390000000000187e-03
-2.629170000000000118e-03
-2.795070000000000193e-03
-2.961399999999999883e-03
-3.435179999999999918e-03
-4.282270000000000347e-03
-4.890079999999999774e-03
-4.875449999999999923e-03
-4.573390000000000094e-03
-4.654079999999999676e-03
-5.450260000000000174e-03
-6.493640000000000176e-03
-7.040669999999999741e-03
-6.935280000000000264e-03
-6.876000000000000167e-03
-7.447539999999999889e-03
-8.140820000000000001e-03
-8.232120000000000756e-03
-7.755279999999999813e-03
-7.244880000000000417e-03
-7.193429999999999790e-03
-7.695770000000000215e-03
-8.388170000000000348e-03
-8.640939999999999732e-03
-7.954879999999999243e-03
-6.851140000000000355e-03
-6.515970000000000269e-03
-6.922160000000000118e-03
-7.117250000000000312e-03
-6.798979999999999607e-03
-6.296399999999999740e-03
-5.900820000000000197e-03
-5.627939999999999679e-03
-5.396139999999999791e-03
-5.068610000000000303e-03
-4.240520000000000227e-03
-2.867209999999999811e-03
-1.500189999999999987e-03
-1.018300000000000059e-04
1.736740000000000072e-03
3.774510000000000018e-03
5.410350000000000402e-03
6.360870000000000239e-03
6.990900000000000412e-03
7.784250000000000370e-03
8.558659999999999185e-03
8.820649999999999324e-03
8.551829999999999848e-03
8.169690000000000285e-03
7.683749999999999608e-03
6.677640000000000312e-03
5.146790000000000045e-03
3.471489999999999819e-03
2.212669999999999915e-03
1.750510000000000043e-03
1.681580000000000010e-03
1.278959999999999993e-03
3.941710000000000179e-04
-4.476160000000000186e-04
-7.421980000000000114e-04
-5.788399999999999535e-04
-3.607610000000000244e-04
-2.812199999999999943e-04
-2.868629999999999943e-04
-2.556920000000000178e-04
-1.239769999999999956e-04
1.097379999999999986e-04
3.955200000000000079e-04
5.816429999999999604e-04
5.264160000000000367e-04
3.461049999999999804e-04
2.547870000000000256e-04
1.987470000000000133e-04
2.034860000000000098e-04
2.934039999999999847e-04
-1.056149999999999976e-04
-1.094020000000000018e-03
-1.844970000000000030e-03
-2.200960000000000069e-03
-2.732720000000000114e-03
-3.383880000000000134e-03
-3.621969999999999964e-03
-3.358820000000000208e-03
-2.960250000000000208e-03
-2.620519999999999881e-03
-2.263589999999999786e-03
-1.815219999999999985e-03
-1.370429999999999955e-03
-1.259310000000000030e-03
-1.445300000000000057e-03
-1.502869999999999900e-03
-1.310729999999999968e-03
-8.530309999999999716e-04
7.570849999999999520e-05
1.310280000000000038e-03
2.202350000000000054e-03
2.409160000000000034e-03
2.458559999999999825e-03
3.046549999999999866e-03
3.607860000000000060e-03
3.263450000000000205e-03
2.532400000000000189e-03
2.256479999999999944e-03
2.235309999999999901e-03
2.060259999999999956e-03
2.016819999999999898e-03
2.649279999999999951e-03
3.962170000000000102e-03
5.084499999999999610e-03
5.694339999999999992e-03
6.376169999999999581e-03
7.031090000000000256e-03
7.248980000000000354e-03
7.097380000000000355e-03
7.069989999999999955e-03
7.739949999999999782e-03
8.744230000000000405e-03
9.152109999999999759e-03
8.809759999999999813e-03
8.445209999999999870e-03
8.705459999999999934e-03
9.356369999999999271e-03
9.730340000000000517e-03
9.738719999999999322e-03
1.006860000000000047e-02
1.082149999999999952e-02
1.106030000000000034e-02
1.036070000000000046e-02
9.131999999999999493e-03
7.884439999999999504e-03
7.024019999999999743e-03
6.638589999999999769e-03
6.461739999999999672e-03
6.237200000000000036e-03
5.942629999999999961e-03
5.655499999999999937e-03
5.409800000000000199e-03
5.182459999999999845e-03
4.943140000000000381e-03
4.703019999999999597e-03
4.568459999999999882e-03
4.834999999999999888e-03
5.615539999999999594e-03
6.344980000000000064e-03
6.443400000000000169e-03
6.029849999999999793e-03
5.534930000000000405e-03
5.562899999999999963e-03
6.325560000000000037e-03
6.830069999999999718e-03
6.259559999999999950e-03
5.104009999999999971e-03
4.124789999999999707e-03
3.509500000000000033e-03
3.126400000000000099e-03
2.849110000000000184e-03
2.592929999999999801e-03
2.330130000000000135e-03
2.068889999999999878e-03
1.808149999999999905e-03
1.540509999999999926e-03
1.290899999999999990e-03
1.070729999999999989e-03
8.867589999999999847e-04
5.640219999999999609e-04
-3.725310000000000015e-04
-1.736719999999999974e-03
-2.800759999999999795e-03
-3.725909999999999812e-03
-4.811929999999999853e-03
-5.546729999999999716e-03
-5.989699999999999712e-03
-6.804219999999999713e-03
-7.807770000000000335e-03
-8.704669999999999422e-03
-9.599430000000000809e-03
-1.035220000000000064e-02
-1.104480000000000045e-02
-1.179709999999999960e-02
-1.220979999999999982e-02
-1.203180000000000048e-02
-1.157009999999999983e-02
-1.118850000000000053e-02
-1.089719999999999925e-02
-1.082669999999999987e-02
-1.137080000000000035e-02
-1.219699999999999951e-02
-1.249300000000000063e-02
-1.224180000000000060e-02
-1.195120000000000036e-02
-1.161859999999999976e-02
-1.111930000000000036e-02
-1.068189999999999938e-02
-1.030490000000000052e-02
-9.844369999999999857e-03
-9.380190000000000056e-03
-9.004659999999999401e-03
-8.693960000000000576e-03
-8.378450000000000827e-03
-8.061989999999999781e-03
-7.860839999999999148e-03
-7.703830000000000053e-03
-7.315150000000000298e-03
-7.020369999999999736e-03
-7.144870000000000214e-03
-7.026750000000000010e-03
-6.314590000000000133e-03
-5.296770000000000124e-03
-4.052629999999999774e-03
-2.866340000000000207e-03
-2.333930000000000119e-03
-2.259070000000000175e-03
-1.528929999999999959e-03
-5.764580000000000295e-05
1.044589999999999972e-03
1.586270000000000084e-03
2.200999999999999832e-03
2.885459999999999848e-03
3.300500000000000048e-03
3.401400000000000170e-03
3.258099999999999885e-03
2.811150000000000107e-03
1.940759999999999924e-03
9.687190000000000471e-04
2.223249999999999966e-04
-6.267860000000000532e-04
-1.585550000000000024e-03
-2.085710000000000168e-03
-1.999739999999999851e-03
-1.712519999999999928e-03
-1.531849999999999965e-03
-1.469449999999999966e-03
-1.438440000000000031e-03
-1.312159999999999932e-03
-6.887080000000000068e-04
5.072769999999999883e-04
1.544409999999999967e-03
2.069529999999999981e-03
2.642690000000000056e-03
3.527450000000000117e-03
4.176939999999999646e-03
4.206569999999999754e-03
3.906689999999999989e-03
3.684069999999999793e-03
3.656690000000000201e-03
3.601829999999999875e-03
2.985520000000000188e-03
1.738009999999999902e-03
7.245549999999999907e-04
2.646460000000000002e-04
-3.588810000000000220e-04
-1.367109999999999940e-03
-2.499630000000000081e-03
-3.580450000000000212e-03
-4.189179999999999814e-03
-4.499750000000000277e-03
-5.195690000000000204e-03
-5.975850000000000432e-03
-6.288690000000000425e-03
-6.550160000000000184e-03
-7.137779999999999819e-03
-7.581670000000000423e-03
-7.446239999999999803e-03
-6.938259999999999914e-03
-6.427360000000000018e-03
-6.127969999999999945e-03
-6.014430000000000297e-03
-5.763660000000000311e-03
-5.278680000000000004e-03
-4.734239999999999803e-03
-3.867769999999999975e-03
-2.536590000000000025e-03
-1.142769999999999984e-03
1.682130000000000105e-04
1.358279999999999904e-03
2.457669999999999907e-03
3.620690000000000193e-03
4.799870000000000352e-03
6.141970000000000068e-03
7.721419999999999673e-03
9.263399999999999759e-03
1.054339999999999965e-02
1.158750000000000058e-02
1.253179999999999919e-02
1.333190000000000069e-02
1.404649999999999996e-02
1.470540000000000042e-02
1.522689999999999981e-02
1.582470000000000057e-02
1.630960000000000049e-02
1.617609999999999881e-02
1.551160000000000039e-02
1.476359999999999999e-02
1.416579999999999923e-02
1.365910000000000041e-02
1.313019999999999986e-02
1.256690000000000064e-02
1.201230000000000006e-02
1.149709999999999968e-02
1.093410000000000042e-02
1.024860000000000007e-02
9.574269999999999309e-03
8.947399999999999451e-03
8.058279999999999263e-03
6.773949999999999937e-03
5.595300000000000100e-03
5.016470000000000304e-03
4.652169999999999743e-03
3.703300000000000081e-03
2.247110000000000080e-03
8.197290000000000522e-04
-4.453389999999999996e-04
-1.543899999999999960e-03
-2.620069999999999951e-03
-3.753520000000000207e-03
-4.961239999999999574e-03
-6.109390000000000133e-03
-6.924529999999999921e-03
-7.675450000000000328e-03
-8.469430000000000014e-03
-8.876010000000000150e-03
-9.067570000000000491e-03
-9.612120000000000039e-03
-1.021550000000000062e-02
-9.887419999999999196e-03
-8.823340000000000696e-03
-8.471110000000000445e-03
-9.018619999999999762e-03
-9.370269999999999988e-03
-9.090219999999999551e-03
-8.558259999999999826e-03
-8.178660000000000790e-03
-8.310430000000000594e-03
-9.072490000000000762e-03
-9.810140000000000179e-03
-9.855700000000000224e-03
-9.342369999999999147e-03
-8.769650000000000362e-03
-8.348039999999999280e-03
-7.817040000000000793e-03
-6.844430000000000305e-03
-5.573050000000000399e-03
-4.560550000000000020e-03
-4.149420000000000018e-03
-4.078359999999999624e-03
-3.695149999999999910e-03
-2.619840000000000016e-03
-1.269860000000000043e-03
-3.674479999999999825e-04
-1.742269999999999973e-04
-1.853129999999999925e-04
3.992520000000000053e-04
1.497920000000000024e-03
2.222790000000000096e-03
2.279300000000000163e-03
2.514409999999999909e-03
3.529650000000000062e-03
4.545760000000000252e-03
4.721770000000000134e-03
4.418120000000000207e-03
4.484029999999999960e-03
5.161920000000000397e-03
6.284129999999999751e-03
7.552770000000000317e-03
8.410590000000000774e-03
8.829510000000000483e-03
9.279809999999999448e-03
9.615840000000000498e-03
9.425779999999999922e-03
8.899690000000000031e-03
8.229610000000000050e-03
7.200060000000000314e-03
6.027339999999999955e-03
5.281459999999999974e-03
5.034949999999999842e-03
4.929590000000000187e-03
4.723269999999999899e-03
4.434689999999999813e-03
4.164029999999999988e-03
3.945360000000000186e-03
3.743499999999999866e-03
3.526860000000000151e-03
3.304109999999999860e-03
3.106919999999999994e-03
2.949880000000000210e-03
2.779080000000000179e-03
2.346969999999999872e-03
1.373700000000000051e-03
2.027569999999999969e-04
-6.123020000000000069e-04
-1.353590000000000002e-03
-2.359620000000000207e-03
-3.119639999999999913e-03
-3.282440000000000184e-03
-3.407669999999999796e-03
-4.239180000000000378e-03
-5.217040000000000045e-03
-5.635199999999999931e-03
-5.491270000000000352e-03
-5.629740000000000265e-03
-6.436060000000000392e-03
-7.249659999999999785e-03
-7.340099999999999576e-03
-7.094360000000000076e-03
-7.491580000000000288e-03
-8.103030000000000649e-03
-7.714679999999999802e-03
-6.879429999999999747e-03
-6.876310000000000061e-03
-7.389680000000000033e-03
-7.704420000000000018e-03
-8.130850000000000230e-03
-8.757980000000000279e-03
-8.999309999999999948e-03
-8.656660000000000049e-03
-8.164199999999999929e-03
-7.882760000000000808e-03
-7.737380000000000299e-03
-7.525200000000000118e-03
-7.061200000000000115e-03
-6.376869999999999761e-03
-5.777769999999999781e-03
-5.407590000000000313e-03
-5.142619999999999657e-03
-4.836860000000000118e-03
-4.472219999999999841e-03
-4.119519999999999779e-03
-3.817720000000000141e-03
-3.538110000000000126e-03
-3.249689999999999957e-03
-2.949810000000000192e-03
-2.654350000000000199e-03
-2.375229999999999876e-03
-2.109499999999999830e-03
-1.846430000000000033e-03
-1.584899999999999981e-03
-1.309320000000000102e-03
-1.168390000000000054e-03
-1.475750000000000065e-03
-1.916500000000000018e-03
-1.678189999999999977e-03
-7.644039999999999949e-04
5.208510000000000044e-05
4.371129999999999872e-04
1.003710000000000106e-03
2.108039999999999827e-03
3.170230000000000010e-03
3.984960000000000065e-03
4.825799999999999881e-03
5.495680000000000183e-03
5.688470000000000158e-03
5.529820000000000395e-03
5.313459999999999885e-03
5.218579999999999573e-03
5.477740000000000040e-03
6.220800000000000288e-03
7.015600000000000308e-03
7.271139999999999722e-03
7.289979999999999724e-03
7.820840000000000777e-03
8.592570000000000763e-03
8.794400000000000828e-03
8.583920000000000092e-03
8.804839999999999542e-03
9.483109999999999457e-03
9.825890000000000318e-03
9.528619999999999798e-03
8.963779999999999318e-03
8.469030000000000655e-03
8.263960000000000750e-03
8.520810000000000189e-03
8.985619999999999719e-03
9.180429999999999841e-03
8.927809999999999566e-03
8.420340000000000116e-03
7.922469999999999166e-03
7.515380000000000324e-03
7.154090000000000102e-03
6.573029999999999672e-03
5.448409999999999885e-03
4.138489999999999877e-03
3.332819999999999793e-03
3.105249999999999937e-03
2.985770000000000004e-03
2.477800000000000055e-03
1.551639999999999964e-03
6.490380000000000021e-04
8.282940000000000354e-05
-1.580859999999999904e-04
-2.369179999999999973e-04
-2.871190000000000135e-04
-4.192210000000000034e-04
-9.415839999999999757e-04
-1.896820000000000016e-03
-2.657459999999999944e-03
-2.861079999999999787e-03
-3.023239999999999955e-03
-3.613420000000000000e-03
-4.229250000000000370e-03
-4.375610000000000263e-03
-4.235720000000000110e-03
-4.122849999999999952e-03
-4.065479999999999788e-03
-3.987519999999999606e-03
-3.853520000000000036e-03
-3.709870000000000095e-03
-3.599419999999999877e-03
-3.498390000000000093e-03
-3.361410000000000006e-03
-3.200950000000000149e-03
-3.293770000000000118e-03
-3.734279999999999978e-03
-3.839299999999999918e-03
-3.246269999999999885e-03
-2.574330000000000108e-03
-2.367140000000000216e-03
-2.350570000000000177e-03
-1.893270000000000066e-03
-1.054709999999999936e-03
-5.056079999999999472e-04
-4.850659999999999803e-04
-6.620060000000000311e-04
-7.500459999999999810e-04
-7.311369999999999762e-04
-5.835799999999999928e-04
-3.923309999999999948e-04
-4.668620000000000170e-04
-8.942330000000000287e-04
-1.460249999999999959e-03
-1.943730000000000067e-03
-2.204230000000000165e-03
-2.219290000000000065e-03
-2.090879999999999822e-03
-2.000309999999999935e-03
-2.060839999999999981e-03
-2.120679999999999787e-03
-1.972390000000000081e-03
-1.705899999999999994e-03
-1.530600000000000016e-03
-1.486770000000000105e-03
-1.324419999999999981e-03
-7.973130000000000148e-04
-1.709889999999999988e-04
1.166729999999999991e-04
7.078420000000000577e-05
-4.242850000000000213e-05
-8.445039999999999361e-05
-7.933950000000000160e-05
-7.428100000000000252e-05
-8.089190000000000388e-05
-1.230539999999999911e-04
-2.662270000000000109e-04
-5.876769999999999911e-04
-1.012730000000000097e-03
-1.268180000000000045e-03
-1.239969999999999961e-03
-1.085849999999999966e-03
-1.004169999999999976e-03
-1.058930000000000027e-03
-1.226120000000000031e-03
-1.491850000000000077e-03
-1.696150000000000001e-03
-1.511879999999999951e-03
-9.200989999999999603e-04
-3.797930000000000143e-04
-2.145869999999999971e-04
-2.767229999999999863e-04
-1.883079999999999867e-04
2.354110000000000133e-04
6.841860000000000389e-04
8.296889999999999907e-04
8.871140000000000449e-04
1.153799999999999965e-03
1.422850000000000026e-03
1.492520000000000001e-03
1.552949999999999990e-03
1.716440000000000066e-03
1.830849999999999969e-03
1.768379999999999952e-03
1.563839999999999935e-03
1.304650000000000080e-03
1.088060000000000069e-03
9.534590000000000339e-04
7.394699999999999928e-04
3.714859999999999733e-04
5.972089999999999940e-05
-4.494620000000000006e-05
-3.389590000000000186e-05
-4.305330000000000333e-05
-9.882009999999999937e-05
-1.489390000000000050e-04
-1.823569999999999889e-04
-2.424419999999999939e-04
-3.889240000000000188e-04
-6.298680000000000077e-04
-8.351009999999999857e-04
-8.852330000000000268e-04
-8.220509999999999666e-04
-7.389799999999999754e-04
-7.441999999999999831e-04
-9.133369999999999597e-04
-1.111250000000000042e-03
-1.151780000000000035e-03
-1.122420000000000058e-03
-1.193940000000000105e-03
-1.288489999999999991e-03
-1.256600000000000078e-03
-1.184240000000000032e-03
-1.213040000000000082e-03
-1.268040000000000009e-03
-1.270950000000000074e-03
-1.276100000000000064e-03
-1.258900000000000080e-03
-1.148069999999999950e-03
-9.638290000000000312e-04
-7.752180000000000442e-04
-6.284679999999999737e-04
-5.347050000000000110e-04
-4.559839999999999900e-04
-3.311090000000000040e-04
-1.514370000000000072e-04
2.161770000000000141e-05
1.650110000000000097e-04
3.397610000000000018e-04
5.867630000000000198e-04
8.509750000000000170e-04
1.021130000000000084e-03
1.051609999999999915e-03
1.042989999999999933e-03
1.114779999999999894e-03
1.254890000000000042e-03
1.375960000000000074e-03
1.444570000000000055e-03
1.471450000000000015e-03
1.456049999999999966e-03
1.427890000000000019e-03
1.410489999999999921e-03
1.355249999999999901e-03
1.251280000000000014e-03
1.164069999999999905e-03
1.106610000000000059e-03
1.034079999999999938e-03
9.397869999999999792e-04
8.360340000000000393e-04
7.288620000000000428e-04
6.251159999999999963e-04
5.287119999999999754e-04
4.400019999999999929e-04
3.602060000000000136e-04
2.766339999999999945e-04
1.699650000000000032e-04
5.978010000000000046e-05
-1.242270000000000051e-05
-5.396400000000000036e-05
-1.053780000000000065e-04
-1.651869999999999890e-04
-2.109170000000000001e-04
-2.460210000000000218e-04
-2.686659999999999786e-04
-2.786050000000000202e-04
-2.918959999999999849e-04
-3.098539999999999780e-04
-3.102840000000000264e-04
-2.814369999999999958e-04
-2.449129999999999775e-04
-2.228549999999999932e-04
-2.082030000000000122e-04
-1.866760000000000131e-04
-1.510089999999999902e-04
-1.065649999999999936e-04
-6.939989999999999939e-05
-4.276919999999999702e-05
-1.364589999999999923e-05
2.189700000000000058e-05
5.370969999999999840e-05
7.492719999999999643e-05
9.125570000000000112e-05
1.097559999999999974e-04
1.286910000000000050e-04
1.421510000000000015e-04
1.491429999999999915e-04
1.517920000000000131e-04
1.509770000000000014e-04
1.461400000000000069e-04
1.365030000000000041e-04
1.220949999999999889e-04
1.039980000000000028e-04
8.297800000000000412e-05
5.945040000000000258e-05
3.343119999999999935e-05
4.712200000000000386e-06
-2.640320000000000159e-05
-5.893589999999999929e-05
-9.218499999999999915e-05
-1.259210000000000028e-04
