-1.693459999999999931e-03
-2.796369999999999845e-03
-4.289420000000000385e-03
-4.287540000000000275e-03
-4.189199999999999695e-03
-4.365100000000000230e-03
-4.890219999999999810e-03
-5.308349999999999874e-03
-4.586859999999999896e-03
-2.745519999999999992e-03
-1.273819999999999944e-03
-6.067619999999999481e-04
-2.918539999999999741e-04
-7.650670000000000257e-04
-2.207090000000000093e-03
-3.238110000000000207e-03
-2.842250000000000158e-03
-2.305730000000000193e-03
-3.770379999999999825e-03
-6.572729999999999718e-03
-8.710860000000000825e-03
-1.274849999999999942e-02
-1.751580000000000151e-02
-1.500950000000000027e-02
-8.394089999999999885e-03
-5.741210000000000063e-03
-3.450560000000000085e-03
1.410180000000000027e-03
7.487749999999999614e-03
1.478220000000000055e-02
1.911449999999999955e-02
1.599369999999999958e-02
4.720860000000000334e-03
-6.088869999999999699e-03
-4.895570000000000130e-03
1.162569999999999923e-03
3.727160000000000195e-03
4.601390000000000341e-03
-3.576530000000000074e-03
-2.026460000000000067e-02
-3.003170000000000145e-02
-3.342130000000000101e-02
-3.500400000000000039e-02
-2.877619999999999831e-02
-1.588660000000000072e-02
-2.209490000000000152e-03
5.546910000000000382e-03
2.668310000000000126e-03
-7.622590000000000268e-03
-1.307859999999999925e-02
-3.445870000000000183e-03
1.063000000000000056e-02
1.226870000000000044e-02
2.730719999999999849e-03
-8.894779999999999701e-03
-1.632859999999999867e-02
-1.769609999999999933e-02
-1.826559999999999989e-02
-1.833780000000000132e-02
-1.447060000000000013e-02
-7.919640000000000360e-03
-4.147600000000000202e-04
1.108729999999999959e-02
2.529690000000000064e-02
3.106199999999999933e-02
2.582749999999999976e-02
1.006220000000000031e-02
-9.680869999999999406e-03
-1.460930000000000041e-02
-1.207459999999999957e-02
-1.814059999999999978e-02
-2.149730000000000044e-02
-1.211220000000000005e-02
6.600329999999999739e-03
2.537330000000000141e-02
3.322050000000000003e-02
2.003949999999999829e-02
-1.779740000000000141e-02
-4.760709999999999942e-02
-4.232299999999999951e-02
-3.214949999999999752e-02
-3.259039999999999854e-02
-3.009809999999999916e-02
-2.965869999999999965e-02
-3.255860000000000004e-02
-3.154730000000000034e-02
-2.400009999999999991e-02
-1.401119999999999970e-02
-1.037949999999999984e-02
-1.242129999999999970e-02
-1.424689999999999984e-02
-1.046659999999999952e-02
6.666799999999999636e-03
3.396430000000000282e-02
5.276469999999999771e-02
4.693739999999999718e-02
2.486470000000000000e-02
4.380509999999999786e-03
-4.253329999999999611e-03
5.271760000000000335e-03
1.802170000000000161e-02
3.198829999999999729e-02
6.249389999999999806e-02
8.894420000000000104e-02
9.883480000000000043e-02
1.052209999999999951e-01
1.067960000000000020e-01
1.016920000000000046e-01
8.090229999999999644e-02
4.706540000000000029e-02
2.272779999999999939e-02
6.841680000000000157e-03
-1.593280000000000087e-03
5.105819999999999630e-03
2.232910000000000103e-02
5.157450000000000229e-02
8.206510000000000193e-02
8.942600000000000549e-02
8.237819999999999865e-02
6.769659999999999567e-02
3.119749999999999954e-02
-6.924700000000000430e-04
-8.224480000000000375e-04
6.058440000000000006e-03
1.308080000000000007e-02
3.064549999999999913e-02
4.451580000000000120e-02
5.420450000000000268e-02
7.236009999999999664e-02
8.910339999999999927e-02
9.232329999999999703e-02
9.396400000000000585e-02
9.881550000000000056e-02
9.585490000000000677e-02
8.441390000000000005e-02
5.683400000000000257e-02
1.279259999999999946e-02
-4.649489999999999873e-02
-1.204159999999999953e-01
-1.590669999999999862e-01
-1.581559999999999910e-01
-1.625590000000000090e-01
-1.626940000000000053e-01
-1.486989999999999978e-01
-1.366370000000000084e-01
-1.304639999999999966e-01
-1.275229999999999975e-01
-1.267060000000000131e-01
-1.231809999999999988e-01
-1.157539999999999958e-01
-1.128210000000000046e-01
-1.167379999999999945e-01
-1.156100000000000044e-01
-1.054110000000000047e-01
-9.533329999999999582e-02
-7.399999999999999634e-02
-3.324040000000000328e-02
2.248819999999999986e-02
8.860740000000000283e-02
1.311970000000000081e-01
1.493539999999999868e-01
1.611380000000000035e-01
1.093360000000000026e-01
6.261000000000000072e-03
-1.974410000000000054e-02
1.716909999999999964e-02
3.468799999999999661e-02
5.830430000000000335e-02
8.527389999999999970e-02
8.927920000000000300e-02
8.515899999999999859e-02
8.023460000000000314e-02
6.842589999999999784e-02
5.234540000000000026e-02
3.373539999999999872e-02
-2.298150000000000011e-05
-4.185339999999999894e-02
-6.685729999999999451e-02
-8.163059999999999761e-02
-1.015930000000000027e-01
-1.184130000000000044e-01
-1.262909999999999866e-01
-1.304389999999999994e-01
-1.334039999999999948e-01
-1.322490000000000054e-01
-1.274510000000000087e-01
-1.219469999999999998e-01
-1.086410000000000015e-01
-8.270779999999999799e-02
-5.930950000000000111e-02
-4.343910000000000132e-02
-1.460460000000000057e-02
1.751569999999999863e-02
3.121159999999999907e-02
3.910729999999999762e-02
4.299019999999999925e-02
4.118730000000000308e-02
5.106990000000000141e-02
7.750799999999999357e-02
1.120850000000000041e-01
1.444189999999999918e-01
1.686209999999999931e-01
1.881440000000000057e-01
1.994019999999999959e-01
1.787860000000000005e-01
1.124140000000000000e-01
3.148270000000000235e-02
-5.794780000000000070e-02
-1.430430000000000035e-01
-1.568370000000000042e-01
-1.132179999999999992e-01
-5.727959999999999996e-02
-4.961049999999999835e-03
2.904529999999999959e-02
5.122940000000000133e-02
6.479999999999999649e-02
8.370260000000000200e-02
1.106290000000000051e-01
1.239340000000000025e-01
1.218550000000000050e-01
1.044429999999999942e-01
6.568789999999999352e-02
2.330780000000000005e-02
-8.307649999999999757e-03
-3.771399999999999753e-02
-5.749409999999999937e-02
-5.643680000000000224e-02
-4.802150000000000168e-02
-3.305000000000000299e-02
7.509240000000000359e-03
5.816260000000000180e-02
7.929899999999999449e-02
6.246260000000000007e-02
3.478610000000000035e-02
3.197789999999999661e-02
4.491869999999999891e-02
4.626750000000000307e-02
4.482119999999999854e-02
3.073450000000000140e-02
-1.454599999999999990e-02
-7.210189999999999655e-02
-1.251140000000000030e-01
-1.589889999999999914e-01
-1.665159999999999973e-01
-1.670659999999999923e-01
-1.642619999999999914e-01
-1.515279999999999960e-01
-1.382029999999999925e-01
-1.285219999999999974e-01
-1.237970000000000043e-01
-1.312000000000000111e-01
-1.505269999999999941e-01
-1.733750000000000013e-01
-1.762090000000000045e-01
-1.535009999999999986e-01
-1.231580000000000036e-01
-7.172270000000000034e-02
1.438569999999999910e-03
6.826709999999999723e-02
1.405849999999999878e-01
2.357120000000000049e-01
3.077079999999999815e-01
3.239400000000000057e-01
3.112190000000000234e-01
2.863379999999999814e-01
2.514959999999999973e-01
2.020730000000000026e-01
1.470259999999999900e-01
1.156620000000000009e-01
9.431269999999999931e-02
5.957749999999999851e-02
3.087319999999999995e-02
1.641540000000000013e-02
4.447170000000000289e-03
1.825730000000000018e-04
9.521549999999999936e-04
-2.196050000000000085e-02
-8.383010000000000461e-02
-1.445430000000000048e-01
-1.662339999999999929e-01
-1.779469999999999941e-01
-1.869109999999999938e-01
-1.646990000000000121e-01
-1.329899999999999971e-01
-1.190449999999999980e-01
-1.050050000000000011e-01
-8.186309999999999421e-02
-6.260989999999999611e-02
-5.117460000000000064e-02
-5.608989999999999809e-02
-7.256980000000000375e-02
-8.370579999999999687e-02
-8.710170000000000412e-02
-7.585189999999999988e-02
-4.853199999999999875e-02
-1.873040000000000121e-02
1.314990000000000039e-03
1.266959999999999961e-02
2.464420000000000152e-02
3.677720000000000294e-02
4.417759999999999743e-02
4.444510000000000127e-02
4.184000000000000219e-02
5.479400000000000243e-02
8.143069999999999475e-02
9.612700000000000411e-02
9.805360000000000464e-02
9.966029999999999334e-02
1.039670000000000039e-01
1.123979999999999979e-01
1.195269999999999944e-01
1.126709999999999934e-01
8.532800000000000107e-02
3.934320000000000178e-02
-3.118860000000000209e-03
-1.596119999999999831e-02
-1.485279999999999934e-02
-1.918519999999999948e-02
-2.208769999999999831e-02
-2.174569999999999975e-02
-1.794310000000000002e-02
-1.784200000000000022e-02
-3.791619999999999713e-02
-6.826649999999999385e-02
-1.004970000000000030e-01
-1.275489999999999957e-01
-1.267530000000000046e-01
-1.073869999999999963e-01
-7.982419999999999793e-02
-4.479230000000000017e-02
-1.519670000000000049e-02
1.426320000000000018e-02
5.000079999999999802e-02
7.790859999999999452e-02
8.752909999999999857e-02
8.750059999999999782e-02
8.568430000000000490e-02
9.225239999999999829e-02
1.207440000000000041e-01
1.464650000000000118e-01
1.506570000000000131e-01
1.527940000000000131e-01
1.431580000000000075e-01
1.026269999999999960e-01
4.019989999999999675e-02
-1.019409999999999934e-02
-2.600960000000000077e-02
-4.010040000000000132e-02
-5.765479999999999910e-02
-5.337820000000000065e-02
-4.156370000000000203e-02
-3.897420000000000051e-02
-4.174230000000000301e-02
-4.225550000000000139e-02
-3.772500000000000159e-02
-2.417019999999999932e-02
-2.364439999999999879e-04
2.064749999999999919e-02
2.699379999999999835e-02
2.401079999999999881e-02
1.626719999999999902e-02
-4.985579999999999873e-03
-3.384800000000000308e-02
-5.150230000000000086e-02
-6.466489999999999738e-02
-7.735050000000000259e-02
-7.165989999999999860e-02
-5.637000000000000344e-02
-5.312940000000000024e-02
-5.416379999999999806e-02
-5.057860000000000134e-02
-4.090359999999999829e-02
-1.783289999999999875e-02
8.680669999999999706e-03
2.246789999999999898e-02
2.991150000000000059e-02
3.662699999999999984e-02
3.926840000000000191e-02
3.993010000000000309e-02
3.493029999999999746e-02
1.323069999999999975e-02
-2.339499999999999913e-02
-4.863270000000000093e-02
-5.452599999999999808e-02
-6.528789999999999594e-02
-7.970470000000000332e-02
-8.648409999999999431e-02
-9.369360000000000188e-02
-9.729000000000000148e-02
-8.691690000000000527e-02
-6.138389999999999819e-02
-3.258520000000000166e-02
-2.046900000000000108e-02
-2.101729999999999918e-02
-2.689240000000000033e-02
-3.971519999999999911e-02
-4.634479999999999850e-02
-3.933090000000000197e-02
-2.058209999999999901e-02
6.868830000000000248e-03
3.371110000000000079e-02
5.443200000000000122e-02
7.170189999999999897e-02
8.748440000000000383e-02
9.789660000000000029e-02
9.785679999999999379e-02
8.708680000000000587e-02
6.856980000000000020e-02
5.076119999999999938e-02
3.947969999999999952e-02
2.587120000000000045e-02
6.106190000000000055e-03
-1.576759999999999967e-02
-3.652459999999999735e-02
-5.152260000000000173e-02
-6.326690000000000091e-02
-7.427269999999999706e-02
-7.921659999999999813e-02
-7.635939999999999395e-02
-6.701479999999999937e-02
-4.707650000000000029e-02
-1.651429999999999912e-02
1.953420000000000156e-02
5.757400000000000018e-02
9.331810000000000105e-02
1.278620000000000034e-01
1.616640000000000021e-01
1.856069999999999942e-01
1.997760000000000091e-01
2.080599999999999949e-01
2.097739999999999883e-01
1.997510000000000119e-01
1.160879999999999967e-01
-2.321060000000000137e-02
-8.250730000000000564e-02
-8.739080000000000459e-02
-1.200770000000000032e-01
-1.381090000000000095e-01
-1.256220000000000114e-01
-1.004270000000000024e-01
-5.860900000000000137e-02
-1.756529999999999897e-02
3.982689999999999668e-03
1.343860000000000020e-02
1.626100000000000115e-02
2.846889999999999924e-03
-2.523970000000000033e-02
-5.424720000000000236e-02
-6.984859999999999680e-02
-7.312870000000000481e-02
-7.567649999999999377e-02
-6.820320000000000549e-02
-4.691250000000000281e-02
-1.224079999999999960e-02
2.219250000000000042e-02
3.160860000000000058e-02
3.302089999999999886e-02
4.007709999999999745e-02
3.921800000000000286e-02
2.991569999999999993e-02
1.792229999999999865e-02
5.282460000000000107e-03
-6.421800000000000078e-03
-1.819110000000000171e-02
-3.204010000000000191e-02
-4.961970000000000269e-02
-7.066809999999999758e-02
-7.832100000000000173e-02
-6.331249999999999378e-02
-4.541239999999999860e-02
-1.492309999999999991e-02
3.078699999999999840e-02
4.575219999999999981e-02
4.044289999999999691e-02
4.581860000000000099e-02
4.417589999999999711e-02
3.718980000000000202e-02
2.958310000000000106e-02
1.149419999999999956e-02
-3.486159999999999867e-03
-1.127039999999999986e-02
-2.594559999999999922e-02
-3.983359999999999679e-02
-3.708899999999999697e-02
-2.427870000000000028e-02
-9.881479999999999778e-03
1.034170000000000054e-02
3.366140000000000104e-02
5.342020000000000102e-02
6.353590000000000626e-02
6.200610000000000149e-02
3.257840000000000041e-02
-2.130430000000000171e-02
-5.660130000000000022e-02
-8.143830000000000513e-02
-1.033290000000000042e-01
-1.023400000000000004e-01
-9.774910000000000543e-02
-1.001090000000000035e-01
-8.004799999999999416e-02
-3.133919999999999761e-02
2.859650000000000039e-03
2.254489999999999966e-02
5.352019999999999694e-02
7.610350000000000448e-02
8.175029999999999797e-02
8.457599999999999840e-02
8.051659999999999373e-02
6.403810000000000058e-02
4.677180000000000226e-02
3.516269999999999812e-02
2.518000000000000099e-02
1.535629999999999981e-02
4.793989999999999710e-03
-1.190959999999999935e-02
-3.022880000000000011e-02
-4.094420000000000004e-02
-5.084190000000000237e-02
-5.550139999999999935e-02
-4.486140000000000266e-02
-2.455600000000000144e-02
-2.748909999999999808e-04
1.579469999999999832e-02
1.799639999999999920e-02
1.409320000000000017e-02
4.242319999999999945e-03
-9.433369999999999950e-03
-1.858080000000000148e-02
-2.062800000000000050e-02
-1.398579999999999962e-02
2.681129999999999885e-03
2.091200000000000003e-02
3.291829999999999756e-02
4.165669999999999790e-02
4.559470000000000189e-02
4.307020000000000293e-02
4.112199999999999883e-02
4.100619999999999959e-02
3.954080000000000095e-02
3.767410000000000203e-02
3.609409999999999702e-02
3.442980000000000346e-02
3.516280000000000100e-02
3.963030000000000025e-02
4.442440000000000278e-02
4.618669999999999720e-02
4.407319999999999988e-02
3.768139999999999684e-02
3.025390000000000024e-02
2.268639999999999893e-02
6.283659999999999940e-03
-1.488300000000000040e-02
-2.916099999999999942e-02
-3.759590000000000154e-02
-3.552530000000000271e-02
-2.071339999999999987e-02
-5.297780000000000197e-03
5.346730000000000059e-03
1.272850000000000023e-02
1.296950000000000013e-02
7.539790000000000207e-03
6.241980000000000271e-03
9.832149999999999571e-03
1.331979999999999970e-02
1.620169999999999944e-02
1.624219999999999831e-02
4.055409999999999744e-03
-1.968409999999999951e-02
-4.075800000000000256e-02
-6.149829999999999880e-02
-7.960129999999999983e-02
-7.901379999999999515e-02
-6.785149999999999515e-02
-5.436040000000000316e-02
-3.573180000000000106e-02
-1.765440000000000065e-02
-5.751390000000000322e-03
-2.544900000000000113e-03
-1.828200000000000094e-03
2.878799999999999935e-03
6.195729999999999987e-03
5.551050000000000081e-03
5.614749999999999949e-03
5.796349999999999593e-03
3.076329999999999950e-03
1.448070000000000086e-03
2.699399999999999803e-03
3.076029999999999997e-03
5.782940000000000302e-04
-4.407549999999999663e-03
-1.405149999999999975e-02
-2.670430000000000026e-02
-3.313060000000000310e-02
-3.364070000000000255e-02
-3.268259999999999915e-02
-2.873300000000000159e-02
-1.999220000000000164e-02
-7.928740000000000093e-03
3.062120000000000206e-03
1.373639999999999931e-02
2.742040000000000102e-02
4.217730000000000090e-02
5.038639999999999786e-02
5.222820000000000240e-02
5.390299999999999953e-02
5.050820000000000309e-02
4.206669999999999854e-02
3.212570000000000009e-02
1.786549999999999944e-02
-8.740749999999999822e-04
-2.459369999999999959e-02
-4.546499999999999847e-02
-5.670909999999999840e-02
-6.434420000000000417e-02
-6.693300000000000638e-02
-6.161119999999999791e-02
-5.246030000000000137e-02
-4.102700000000000097e-02
-2.996870000000000089e-02
-2.076230000000000089e-02
-1.492629999999999998e-02
-1.507849999999999989e-02
-1.772150000000000114e-02
-2.029869999999999938e-02
-2.374839999999999937e-02
-1.975170000000000051e-02
-6.635480000000000024e-03
7.499010000000000398e-03
2.316620000000000137e-02
3.823499999999999815e-02
5.282599999999999796e-02
6.518659999999999732e-02
6.611619999999999997e-02
5.551070000000000310e-02
3.749759999999999899e-02
1.794650000000000065e-02
6.300919999999999785e-03
4.906719999999999832e-03
7.435620000000000424e-03
1.169949999999999983e-02
2.162820000000000020e-02
3.362919999999999798e-02
3.978720000000000173e-02
4.064210000000000045e-02
3.747729999999999811e-02
2.653290000000000162e-02
5.668529999999999749e-03
-1.336230000000000057e-02
-2.199109999999999954e-02
-2.445649999999999907e-02
-2.018649999999999958e-02
-1.638099999999999973e-02
-1.715469999999999842e-02
-1.651899999999999896e-02
-1.456170000000000034e-02
-1.200030000000000020e-02
-8.909989999999999577e-03
-6.069920000000000350e-03
-3.045579999999999989e-03
-5.270809999999999905e-04
-3.773469999999999906e-04
-3.552290000000000048e-03
-9.132039999999999255e-03
-1.467590000000000040e-02
-2.002249999999999863e-02
-2.405049999999999896e-02
-2.590380000000000113e-02
-2.229139999999999941e-02
-7.249939999999999857e-03
1.112010000000000082e-02
2.245099999999999874e-02
2.941950000000000121e-02
3.408089999999999731e-02
3.286000000000000032e-02
2.793580000000000021e-02
2.199970000000000050e-02
6.109599999999999753e-03
-2.178099999999999828e-02
-4.193449999999999955e-02
-4.455259999999999776e-02
-3.951500000000000151e-02
-2.924749999999999919e-02
-1.658880000000000077e-02
-6.368590000000000362e-03
4.412420000000000231e-03
1.328930000000000042e-02
1.194950000000000005e-02
4.638820000000000096e-03
1.827940000000000120e-04
-9.558809999999999182e-03
-2.241189999999999849e-02
-2.131929999999999936e-02
-9.137849999999999445e-03
7.106910000000000137e-03
2.436069999999999902e-02
3.649159999999999904e-02
4.753280000000000005e-02
5.679590000000000333e-02
5.928900000000000142e-02
6.153879999999999767e-02
6.547070000000000667e-02
6.349720000000000364e-02
4.686099999999999988e-02
1.694179999999999992e-02
-1.023559999999999921e-02
-2.438939999999999858e-02
-3.220250000000000196e-02
-4.097409999999999941e-02
-4.219790000000000346e-02
-2.804929999999999923e-02
-1.566079999999999903e-02
-1.695199999999999832e-02
-1.616400000000000128e-02
-1.217129999999999948e-02
-1.527320000000000066e-02
-1.508469999999999950e-02
-3.959749999999999728e-03
7.309010000000000333e-03
1.447179999999999994e-02
2.070680000000000090e-02
1.777259999999999951e-02
6.730400000000000098e-03
3.977020000000000381e-03
8.652659999999999518e-03
1.051170000000000056e-02
1.004269999999999989e-02
-1.777160000000000068e-03
-2.379579999999999890e-02
-3.900039999999999757e-02
-5.254120000000000318e-02
-6.179409999999999764e-02
-5.194279999999999731e-02
-3.068850000000000050e-02
-1.067240000000000029e-02
3.281019999999999943e-03
9.213030000000000524e-03
1.106419999999999973e-02
1.320789999999999985e-02
1.738450000000000065e-02
2.364240000000000091e-02
3.173720000000000013e-02
3.868660000000000154e-02
3.655420000000000197e-02
2.868309999999999957e-02
2.065509999999999916e-02
9.851499999999999146e-03
7.985299999999999863e-04
-5.037640000000000347e-03
-1.344380000000000054e-02
-2.323439999999999880e-02
-3.017660000000000134e-02
-3.480350000000000110e-02
-3.379809999999999759e-02
-2.649419999999999900e-02
-2.286219999999999919e-02
-2.197750000000000051e-02
-1.929339999999999875e-02
-1.998199999999999976e-02
-2.492609999999999965e-02
-2.406329999999999927e-02
-1.231370000000000034e-02
-1.862759999999999980e-03
4.081079999999999951e-03
1.204749999999999918e-02
1.812719999999999956e-02
2.140759999999999885e-02
2.343550000000000147e-02
1.988670000000000021e-02
7.956210000000000018e-03
-9.803370000000000486e-03
-2.536309999999999953e-02
-3.058999999999999914e-02
-2.358410000000000020e-02
-9.085380000000000539e-03
1.607159999999999839e-02
4.414139999999999731e-02
5.557109999999999828e-02
6.202839999999999743e-02
7.102909999999999779e-02
7.504389999999999672e-02
7.458180000000000365e-02
6.250880000000000325e-02
4.278989999999999877e-02
2.020200000000000121e-02
-4.948609999999999988e-03
-1.748229999999999923e-02
-1.981010000000000063e-02
-2.510799999999999838e-02
-2.480950000000000169e-02
-1.500830000000000046e-02
-1.042290000000000057e-02
-1.160109999999999961e-02
-1.054079999999999948e-02
-1.107810000000000045e-02
-1.304040000000000060e-02
-1.400140000000000065e-02
-1.685479999999999964e-02
-2.041750000000000162e-02
-2.682879999999999987e-02
-4.220669999999999977e-02
-5.918720000000000231e-02
-6.984509999999999330e-02
-7.644610000000000294e-02
-8.046010000000000661e-02
-8.004200000000000204e-02
-7.648979999999999668e-02
-7.086850000000000094e-02
-5.840660000000000296e-02
-4.082800000000000318e-02
-2.341910000000000172e-02
-7.860860000000000763e-03
7.527569999999999921e-03
1.964950000000000030e-02
2.305329999999999879e-02
2.643339999999999926e-02
3.092670000000000141e-02
2.888409999999999936e-02
2.656179999999999999e-02
2.729619999999999963e-02
2.648839999999999875e-02
2.452680000000000138e-02
2.246609999999999926e-02
1.841299999999999881e-02
1.091909999999999929e-02
4.356810000000000023e-03
2.849790000000000049e-03
1.857839999999999926e-03
-2.046459999999999946e-03
-6.965240000000000146e-03
-1.090170000000000028e-02
-1.313150000000000081e-02
-1.526160000000000017e-02
-1.629639999999999908e-02
-1.359149999999999942e-02
-9.122609999999999747e-03
-3.283560000000000038e-03
2.931309999999999905e-03
6.661590000000000220e-03
1.034509999999999943e-02
1.246779999999999937e-02
9.957960000000000075e-03
7.477369999999999677e-03
7.412320000000000020e-03
8.515490000000000559e-03
1.007929999999999937e-02
1.181399999999999985e-02
1.432280000000000011e-02
1.696160000000000029e-02
1.932330000000000159e-02
2.187160000000000146e-02
2.401050000000000059e-02
2.534089999999999954e-02
2.722509999999999861e-02
3.061269999999999963e-02
3.450890000000000207e-02
3.752570000000000211e-02
3.764730000000000160e-02
3.558710000000000345e-02
3.459430000000000144e-02
3.345259999999999900e-02
3.102900000000000102e-02
2.737699999999999856e-02
2.093029999999999891e-02
1.199060000000000056e-02
4.359659999999999577e-03
1.880050000000000080e-03
1.543349999999999974e-03
5.664749999999999647e-03
1.835600000000000079e-02
3.272130000000000177e-02
4.135189999999999699e-02
4.428800000000000098e-02
4.410970000000000169e-02
3.303430000000000255e-02
1.075360000000000031e-02
-7.621140000000000206e-03
-1.820640000000000105e-02
-2.798580000000000165e-02
-3.244140000000000218e-02
-2.664160000000000139e-02
-2.195319999999999910e-02
-2.103280000000000080e-02
-1.698960000000000053e-02
-1.381699999999999942e-02
-1.468129999999999956e-02
-1.605799999999999936e-02
-1.795980000000000146e-02
-1.973309999999999995e-02
-1.949319999999999872e-02
-1.958239999999999981e-02
-2.052549999999999861e-02
-2.106020000000000114e-02
-2.219259999999999983e-02
-2.141339999999999910e-02
-1.398950000000000020e-02
-4.565630000000000209e-03
1.012880000000000074e-03
6.145000000000000288e-03
1.218029999999999981e-02
1.691609999999999989e-02
1.966510000000000133e-02
1.727539999999999978e-02
1.114779999999999938e-02
7.760930000000000085e-03
3.828240000000000115e-03
-5.863460000000000026e-03
-1.374709999999999994e-02
-1.201050000000000034e-02
-8.060400000000000550e-03
-2.658559999999999916e-03
1.118719999999999958e-02
1.955360000000000084e-02
1.469789999999999985e-02
1.078959999999999989e-02
4.858949999999999901e-03
-1.665200000000000014e-02
-3.894650000000000195e-02
-4.859190000000000037e-02
-5.617529999999999746e-02
-6.247930000000000150e-02
-6.030590000000000256e-02
-5.187880000000000269e-02
-4.316740000000000160e-02
-3.565750000000000169e-02
-2.753009999999999832e-02
-1.910720000000000127e-02
-1.131350000000000064e-02
-3.771810000000000006e-03
2.867059999999999834e-03
7.211999999999999661e-03
1.096759999999999922e-02
1.523790000000000040e-02
1.904559999999999934e-02
2.154139999999999874e-02
1.752470000000000069e-02
9.870020000000000182e-03
6.840259999999999917e-03
9.392030000000000864e-03
1.817130000000000134e-02
2.608639999999999917e-02
2.730199999999999988e-02
2.367889999999999925e-02
1.527719999999999946e-02
3.856189999999999792e-03
-4.181800000000000274e-03
-2.312659999999999803e-03
3.281959999999999999e-03
5.656979999999999821e-03
7.790189999999999788e-03
9.924439999999999651e-03
1.165610000000000084e-02
1.218960000000000009e-02
9.229140000000000260e-03
5.475650000000000309e-03
2.377910000000000006e-03
-3.365219999999999930e-03
-1.234449999999999957e-02
-2.034559999999999841e-02
-2.562249999999999944e-02
-2.906529999999999878e-02
-3.095470000000000166e-02
-3.306280000000000330e-02
-3.539370000000000016e-02
-3.669800000000000145e-02
-3.353359999999999674e-02
-2.493460000000000121e-02
-1.410679999999999920e-02
2.888699999999999905e-04
1.606130000000000058e-02
2.563440000000000163e-02
2.916490000000000055e-02
3.479519999999999835e-02
3.891870000000000052e-02
3.181060000000000137e-02
2.070810000000000012e-02
1.473189999999999916e-02
1.325579999999999987e-02
1.312439999999999961e-02
1.197800000000000080e-02
1.050109999999999932e-02
6.132010000000000238e-03
9.574950000000000204e-05
-1.942319999999999984e-03
-9.395039999999999685e-04
3.357680000000000040e-03
1.136110000000000071e-02
2.082300000000000123e-02
2.872699999999999906e-02
3.220180000000000264e-02
3.149389999999999828e-02
2.480819999999999900e-02
1.347109999999999974e-02
3.655789999999999908e-03
-4.578620000000000259e-03
-1.141110000000000041e-02
-1.068080000000000071e-02
-4.000690000000000322e-03
1.063549999999999912e-03
4.913269999999999964e-03
5.405209999999999702e-03
2.944150000000000196e-04
-4.539450000000000429e-03
-8.258369999999999253e-03
-1.235619999999999948e-02
-1.427660000000000040e-02
-1.502550000000000066e-02
-1.508140000000000001e-02
-1.323290000000000056e-02
-1.128769999999999947e-02
-7.026079999999999652e-03
7.922930000000000120e-04
7.252469999999999577e-03
1.067189999999999979e-02
1.334740000000000058e-02
1.667690000000000144e-02
2.011790000000000106e-02
2.048699999999999827e-02
1.609150000000000164e-02
1.059629999999999947e-02
4.848680000000000177e-03
-1.582010000000000013e-03
-5.490649999999999697e-03
-8.006370000000000500e-03
-1.172660000000000022e-02
-1.421490000000000080e-02
-1.038619999999999995e-02
-1.627870000000000011e-03
6.096350000000000380e-03
1.526819999999999913e-02
2.697950000000000001e-02
3.756869999999999654e-02
4.916430000000000106e-02
6.066740000000000327e-02
6.561079999999999690e-02
6.060349999999999765e-02
3.863649999999999723e-02
6.809680000000000247e-03
-7.358909999999999757e-03
-1.667590000000000044e-02
-3.911400000000000293e-02
-5.076520000000000338e-02
-5.438319999999999960e-02
-6.175690000000000346e-02
-6.253119999999999512e-02
-5.650100000000000261e-02
-5.299070000000000169e-02
-5.444410000000000222e-02
-5.509789999999999827e-02
-5.665200000000000097e-02
-5.589140000000000080e-02
-3.898730000000000251e-02
-1.694270000000000151e-02
-3.679940000000000034e-03
1.719040000000000151e-02
3.710600000000000009e-02
3.955759999999999832e-02
4.391899999999999971e-02
5.154430000000000123e-02
4.768950000000000272e-02
3.520779999999999743e-02
2.067580000000000112e-02
1.401930000000000016e-03
-1.519159999999999955e-02
-1.654330000000000037e-02
-1.559199999999999996e-02
-2.045479999999999868e-02
-2.150979999999999906e-02
-1.909579999999999958e-02
-1.650719999999999965e-02
-1.233509999999999988e-02
-4.708649999999999988e-03
1.024560000000000054e-02
2.767659999999999912e-02
3.501900000000000152e-02
3.747219999999999718e-02
4.268170000000000297e-02
4.032870000000000205e-02
3.142190000000000261e-02
2.448840000000000044e-02
1.513459999999999979e-02
5.678820000000000222e-03
1.734459999999999951e-03
-3.034649999999999848e-03
-1.080799999999999990e-02
-1.565010000000000012e-02
-1.490380000000000003e-02
-1.238719999999999925e-02
-1.138149999999999926e-02
-9.464550000000000393e-03
-7.614990000000000300e-03
-8.427439999999999584e-03
-8.139209999999999154e-03
-4.443579999999999926e-03
2.600719999999999942e-03
1.162380000000000010e-02
1.812039999999999831e-02
2.137479999999999936e-02
2.017189999999999955e-02
9.702590000000000520e-03
-7.950290000000000482e-03
-2.090190000000000103e-02
-2.608090000000000061e-02
-3.285430000000000295e-02
-4.251569999999999655e-02
-4.974060000000000287e-02
-5.374929999999999986e-02
-5.448669999999999902e-02
-5.130180000000000157e-02
-4.628079999999999694e-02
-3.626399999999999763e-02
-2.272309999999999955e-02
-1.387290000000000051e-02
-7.704329999999999685e-03
-4.194869999999999849e-03
-3.223950000000000166e-03
-1.676020000000000125e-04
4.875410000000000160e-03
1.356609999999999934e-02
2.564680000000000085e-02
3.465730000000000199e-02
3.889999999999999708e-02
3.744909999999999906e-02
2.389940000000000120e-02
5.600950000000000373e-03
-8.066780000000000825e-03
-1.879300000000000068e-02
-2.620600000000000013e-02
-3.171800000000000314e-02
-3.451049999999999951e-02
-3.257059999999999816e-02
-2.816530000000000075e-02
-2.092640000000000125e-02
-1.169279999999999972e-02
-4.395549999999999805e-03
2.179540000000000210e-03
7.571389999999999891e-03
9.477150000000000157e-03
1.174380000000000042e-02
1.516870000000000024e-02
1.764320000000000124e-02
2.011529999999999915e-02
2.346919999999999909e-02
2.556210000000000079e-02
2.278579999999999842e-02
1.778319999999999901e-02
1.364310000000000002e-02
7.183769999999999913e-03
3.307500000000000110e-03
6.383759999999999608e-03
1.304939999999999919e-02
2.451889999999999972e-02
3.280070000000000208e-02
3.346339999999999731e-02
3.353969999999999868e-02
2.990960000000000146e-02
2.379730000000000040e-02
1.951299999999999910e-02
1.524380000000000006e-02
1.321559999999999922e-02
1.254109999999999947e-02
1.251850000000000011e-02
1.692340000000000164e-02
2.198140000000000163e-02
2.415899999999999992e-02
2.100149999999999934e-02
1.007150000000000059e-02
1.825039999999999996e-03
5.548070000000000432e-04
-5.528029999999999994e-05
1.332110000000000065e-03
3.619069999999999839e-03
1.617930000000000063e-03
-3.409940000000000193e-03
-7.817199999999999843e-03
-1.054869999999999940e-02
-1.112729999999999969e-02
-9.898070000000000132e-03
-8.068320000000000353e-03
-5.460640000000000112e-03
-4.715599999999999913e-04
9.085259999999999517e-03
1.896499999999999922e-02
2.384769999999999945e-02
2.655379999999999893e-02
2.616310000000000163e-02
2.007509999999999850e-02
9.110530000000000364e-03
-7.975730000000000319e-03
-2.113179999999999920e-02
-2.305810000000000151e-02
-2.501880000000000076e-02
-2.831320000000000017e-02
-2.569820000000000090e-02
-1.992299999999999974e-02
-1.376959999999999990e-02
-6.602949999999999792e-03
7.047209999999999499e-04
7.805119999999999593e-03
1.380289999999999989e-02
1.730469999999999925e-02
1.876179999999999862e-02
1.784130000000000091e-02
1.382369999999999953e-02
8.458699999999999553e-03
2.301239999999999970e-03
-5.871750000000000233e-03
-1.352569999999999988e-02
-1.840079999999999841e-02
-2.351670000000000149e-02
-2.654719999999999996e-02
-2.120139999999999872e-02
-1.205239999999999957e-02
-5.254039999999999752e-03
2.459170000000000106e-04
2.022050000000000063e-03
-6.393590000000000427e-04
-1.916149999999999928e-03
-1.928999999999999942e-03
-3.405229999999999976e-03
-4.682170000000000255e-03
-6.640369999999999606e-03
-1.150130000000000076e-02
-1.688390000000000030e-02
-1.995929999999999926e-02
-2.130889999999999868e-02
-2.219869999999999829e-02
-2.285749999999999935e-02
-2.274670000000000164e-02
-2.137429999999999886e-02
-2.010179999999999953e-02
-1.902739999999999987e-02
-1.573760000000000089e-02
-1.077660000000000076e-02
-9.391389999999999461e-03
-1.287729999999999951e-02
-1.551720000000000009e-02
-1.657269999999999924e-02
-1.922089999999999910e-02
-2.153350000000000056e-02
-2.093209999999999862e-02
-1.977579999999999963e-02
-1.788529999999999981e-02
-1.134630000000000014e-02
-3.288530000000000012e-03
6.324220000000000189e-03
1.933959999999999846e-02
2.574179999999999871e-02
2.476969999999999866e-02
2.229070000000000010e-02
1.704069999999999890e-02
1.386150000000000056e-02
1.310000000000000053e-02
1.020090000000000059e-02
7.645149999999999862e-03
5.031800000000000335e-03
5.652230000000000058e-04
-3.916180000000000008e-03
-7.259690000000000067e-03
-6.702490000000000184e-03
-2.694649999999999823e-03
-1.520860000000000072e-04
2.151140000000000170e-03
6.007909999999999986e-03
9.885500000000000190e-03
1.257119999999999939e-02
1.080219999999999965e-02
6.287039999999999816e-03
3.036309999999999964e-03
-1.993149999999999956e-03
-8.182349999999999693e-03
-1.292220000000000001e-02
-1.606099999999999889e-02
-1.393750000000000024e-02
-9.426449999999999413e-03
-5.994270000000000327e-03
6.204999999999999578e-04
8.876800000000000662e-03
1.418870000000000027e-02
1.709690000000000168e-02
1.767830000000000096e-02
1.364609999999999955e-02
8.525249999999999842e-03
7.774060000000000172e-03
7.897140000000000409e-03
6.491779999999999946e-03
8.021429999999999533e-03
1.190779999999999964e-02
1.744530000000000039e-02
2.701589999999999894e-02
3.681899999999999756e-02
4.272700000000000109e-02
4.292739999999999750e-02
3.873410000000000047e-02
3.520550000000000068e-02
3.294500000000000206e-02
2.982419999999999863e-02
2.658340000000000009e-02
2.282709999999999947e-02
1.202210000000000084e-02
-5.930709999999999628e-03
-2.259380000000000069e-02
-3.355759999999999993e-02
-3.881520000000000109e-02
-4.217329999999999690e-02
-4.437010000000000259e-02
-4.482789999999999692e-02
-4.364320000000000005e-02
-4.020479999999999887e-02
-3.689350000000000268e-02
-3.139410000000000117e-02
-2.223790000000000142e-02
-1.420880000000000060e-02
-7.812170000000000225e-03
-8.659569999999999898e-04
6.299360000000000376e-03
1.322510000000000005e-02
2.032530000000000101e-02
2.735860000000000028e-02
3.345940000000000025e-02
3.944899999999999796e-02
4.442650000000000071e-02
4.626979999999999982e-02
4.735779999999999851e-02
4.890590000000000215e-02
4.979179999999999717e-02
4.983680000000000054e-02
4.819020000000000248e-02
4.364110000000000211e-02
3.407219999999999693e-02
2.299870000000000039e-02
1.607249999999999998e-02
6.958530000000000097e-03
-8.425059999999999841e-03
-2.132010000000000155e-02
-3.082280000000000089e-02
-4.082439999999999680e-02
-4.182419999999999888e-02
-3.264879999999999866e-02
-2.766060000000000046e-02
-2.672379999999999894e-02
-2.357789999999999886e-02
-2.196899999999999895e-02
-2.515569999999999959e-02
-3.157970000000000221e-02
-3.696510000000000074e-02
-4.140529999999999905e-02
-4.605299999999999672e-02
-4.710809999999999997e-02
-4.229809999999999820e-02
-3.460959999999999731e-02
-2.487960000000000171e-02
-1.618500000000000147e-02
-1.399910000000000043e-02
-1.225689999999999939e-02
-8.736219999999999403e-03
-7.313009999999999997e-03
-4.308440000000000186e-03
5.613719999999999778e-04
7.180480000000000369e-03
2.049039999999999889e-02
3.291059999999999819e-02
3.729289999999999689e-02
3.811780000000000029e-02
3.396369999999999945e-02
2.379310000000000105e-02
1.068679999999999977e-02
1.269780000000000084e-03
-1.178500000000000077e-03
-9.737339999999999711e-04
3.333930000000000140e-03
1.159729999999999962e-02
1.824320000000000108e-02
2.207680000000000059e-02
2.425489999999999938e-02
2.160209999999999908e-02
1.295540000000000060e-02
4.725509999999999607e-03
-2.034020000000000099e-03
-1.153410000000000026e-02
-2.245720000000000008e-02
-3.105089999999999933e-02
-3.426900000000000085e-02
-3.469830000000000136e-02
-3.820060000000000122e-02
-4.221679999999999877e-02
-4.343500000000000139e-02
-4.520640000000000075e-02
-4.347229999999999844e-02
-3.194439999999999780e-02
-1.921049999999999841e-02
-8.655360000000000831e-03
5.658780000000000407e-03
1.849440000000000112e-02
2.655100000000000168e-02
3.171070000000000139e-02
3.028459999999999833e-02
2.475329999999999891e-02
2.084779999999999966e-02
1.824419999999999861e-02
1.688759999999999914e-02
1.660009999999999958e-02
1.706260000000000068e-02
1.890850000000000170e-02
2.011730000000000115e-02
1.832150000000000098e-02
1.357620000000000007e-02
3.559580000000000122e-03
-1.129089999999999955e-02
-2.452860000000000110e-02
-3.166469999999999702e-02
-3.322200000000000153e-02
-3.360889999999999711e-02
-3.164299999999999752e-02
-2.728190000000000129e-02
-2.264930000000000068e-02
-1.307299999999999955e-02
-9.858130000000000972e-04
8.942739999999999370e-03
1.886279999999999901e-02
2.778709999999999861e-02
3.391700000000000270e-02
3.728189999999999976e-02
3.995320000000000121e-02
3.661679999999999796e-02
1.707169999999999868e-02
-6.457130000000000161e-03
-1.570999999999999827e-02
-1.886869999999999867e-02
-2.618830000000000116e-02
-2.960959999999999981e-02
-2.766650000000000012e-02
-2.526880000000000098e-02
-2.034630000000000119e-02
-1.032309999999999998e-02
1.174679999999999995e-03
1.016210000000000030e-02
1.917100000000000054e-02
2.760750000000000010e-02
3.243490000000000262e-02
3.732449999999999657e-02
4.290000000000000063e-02
4.009750000000000120e-02
2.994029999999999955e-02
2.145079999999999903e-02
1.130819999999999916e-02
1.483729999999999945e-03
-2.087760000000000137e-03
-5.508139999999999911e-03
-7.286680000000000240e-03
-4.221899999999999785e-03
-2.511199999999999891e-03
-2.047470000000000019e-03
5.328050000000000190e-04
4.902819999999999574e-03
1.011809999999999966e-02
2.010570000000000065e-02
3.492130000000000234e-02
4.279999999999999777e-02
4.126780000000000032e-02
3.697609999999999786e-02
3.036509999999999904e-02
1.678939999999999946e-02
-3.377750000000000110e-03
-1.869080000000000047e-02
-2.561549999999999938e-02
-3.115779999999999939e-02
-3.475890000000000229e-02
-3.466559999999999780e-02
-3.422399999999999748e-02
-3.378980000000000178e-02
-3.195889999999999842e-02
-3.049270000000000105e-02
-3.009859999999999966e-02
-2.926170000000000160e-02
-2.847560000000000022e-02
-2.746399999999999883e-02
-2.318999999999999881e-02
-1.703400000000000053e-02
-1.127919999999999964e-02
-3.250789999999999930e-03
6.036679999999999997e-03
1.361489999999999922e-02
1.952409999999999909e-02
2.484219999999999831e-02
3.098789999999999878e-02
3.588109999999999911e-02
3.729670000000000207e-02
3.865609999999999880e-02
3.950909999999999839e-02
3.468249999999999805e-02
2.790870000000000156e-02
2.342520000000000019e-02
1.650240000000000040e-02
6.270590000000000365e-03
-1.460060000000000004e-03
-5.841930000000000386e-03
-9.340950000000000641e-03
-7.909040000000000861e-03
-2.189609999999999820e-03
1.460979999999999961e-03
6.998169999999999738e-03
1.658729999999999927e-02
2.292699999999999946e-02
2.540620000000000031e-02
2.666340000000000030e-02
2.141969999999999985e-02
1.066439999999999923e-02
-7.055400000000000245e-06
-1.196909999999999988e-02
-2.376510000000000081e-02
-3.399459999999999982e-02
-4.451669999999999933e-02
-5.211269999999999791e-02
-5.378569999999999879e-02
-5.393590000000000190e-02
-5.306090000000000112e-02
-4.757249999999999673e-02
-4.083490000000000036e-02
-3.502779999999999783e-02
-2.814360000000000125e-02
-2.101360000000000033e-02
-1.614979999999999888e-02
-1.298200000000000048e-02
-9.357149999999999843e-03
-5.048819999999999870e-03
2.070670000000000149e-03
1.221629999999999938e-02
1.928759999999999850e-02
2.213129999999999958e-02
2.630410000000000040e-02
2.797880000000000159e-02
2.108820000000000139e-02
1.367230000000000008e-02
8.845360000000000028e-03
-7.407260000000000634e-05
-1.120720000000000049e-02
-2.210190000000000071e-02
-3.227309999999999901e-02
-3.644599999999999923e-02
-3.830569999999999808e-02
-4.231610000000000232e-02
-4.033280000000000198e-02
-3.326130000000000059e-02
-2.929270000000000138e-02
-1.995720000000000133e-02
-7.566159999999999943e-04
1.473220000000000085e-02
2.240299999999999930e-02
2.917319999999999983e-02
3.605420000000000152e-02
3.894650000000000195e-02
3.635800000000000143e-02
2.818120000000000000e-02
1.315309999999999917e-02
-6.334730000000000222e-03
-2.541269999999999987e-02
-3.952220000000000039e-02
-4.691510000000000125e-02
-4.815980000000000261e-02
-4.417209999999999886e-02
-3.766080000000000122e-02
-2.852170000000000052e-02
-1.746440000000000145e-02
-8.352260000000000240e-03
-5.885789999999999902e-04
7.040799999999999836e-03
1.284180000000000044e-02
1.758859999999999937e-02
2.299580000000000027e-02
2.710090000000000068e-02
2.634320000000000064e-02
2.315369999999999928e-02
2.141320000000000029e-02
1.669879999999999975e-02
1.085400000000000080e-02
1.002319999999999947e-02
8.202249999999999472e-03
3.032200000000000086e-03
-1.221950000000000076e-03
-7.587059999999999638e-03
-2.067149999999999890e-02
-3.186069999999999874e-02
-3.244770000000000293e-02
-2.820709999999999884e-02
-1.916990000000000013e-02
-6.835899999999999789e-03
5.725909999999999854e-03
2.393320000000000169e-02
4.340190000000000020e-02
5.471360000000000112e-02
5.903619999999999701e-02
6.431979999999999642e-02
6.498420000000000585e-02
5.448920000000000152e-02
4.194869999999999849e-02
3.105619999999999908e-02
2.156649999999999887e-02
1.538250000000000034e-02
1.004969999999999995e-02
4.858770000000000103e-03
1.818310000000000065e-03
-7.889229999999999680e-04
-2.284340000000000155e-03
4.651869999999999898e-04
4.055399999999999804e-03
8.506460000000000410e-03
1.642120000000000038e-02
2.342970000000000122e-02
2.874869999999999856e-02
3.410069999999999768e-02
3.542850000000000166e-02
3.380110000000000059e-02
3.384619999999999990e-02
3.316560000000000341e-02
2.558509999999999951e-02
7.622359999999999899e-03
-8.791860000000000300e-03
-1.586430000000000132e-02
-2.202710000000000085e-02
-2.767359999999999959e-02
-3.167690000000000089e-02
-3.557069999999999677e-02
-3.759799999999999948e-02
-3.441799999999999721e-02
-2.658260000000000137e-02
-1.920909999999999979e-02
-1.242440000000000037e-02
-5.997770000000000358e-03
-1.115359999999999973e-04
5.835929999999999590e-03
1.019890000000000033e-02
1.380810000000000023e-02
1.803650000000000045e-02
1.944260000000000085e-02
1.594440000000000093e-02
1.064520000000000050e-02
5.385909999999999830e-03
3.446459999999999932e-04
-4.545679999999999860e-03
-1.096570000000000010e-02
-1.910550000000000095e-02
-2.630969999999999837e-02
-3.059660000000000157e-02
-3.373990000000000322e-02
-3.638750000000000318e-02
-3.589160000000000267e-02
-3.479299999999999754e-02
-3.567179999999999657e-02
-3.708179999999999810e-02
-4.020150000000000112e-02
-4.538530000000000342e-02
-4.795329999999999732e-02
-4.528399999999999787e-02
-4.083529999999999799e-02
-3.391809999999999964e-02
-2.178319999999999909e-02
-1.269170000000000020e-02
-1.244149999999999943e-02
-1.166320000000000030e-02
-7.841370000000000284e-03
-6.668610000000000163e-03
-5.299929999999999572e-03
-4.039509999999999954e-04
5.302740000000000231e-03
1.004080000000000077e-02
1.497549999999999923e-02
1.958470000000000003e-02
2.305089999999999917e-02
2.500300000000000092e-02
2.559890000000000082e-02
2.659989999999999924e-02
2.734330000000000094e-02
2.694799999999999973e-02
2.712339999999999890e-02
2.836409999999999973e-02
2.930179999999999937e-02
2.753890000000000157e-02
2.207690000000000000e-02
1.263549999999999916e-02
-7.787189999999999824e-04
-1.172340000000000014e-02
-1.724919999999999926e-02
-2.198599999999999860e-02
-2.563640000000000016e-02
-2.664170000000000080e-02
-2.441269999999999898e-02
-1.900589999999999918e-02
-1.314180000000000036e-02
-6.353949999999999702e-03
1.915220000000000030e-03
8.823620000000000768e-03
1.209209999999999972e-02
1.351660000000000014e-02
1.583439999999999848e-02
1.546319999999999986e-02
1.148719999999999949e-02
8.637139999999999748e-03
6.366809999999999657e-03
2.869360000000000053e-03
1.383969999999999992e-03
3.677769999999999911e-03
6.019700000000000224e-03
8.565869999999999734e-03
1.305510000000000004e-02
1.602659999999999849e-02
1.774179999999999854e-02
1.895269999999999941e-02
1.756939999999999891e-02
1.395090000000000045e-02
9.862269999999999370e-03
7.785300000000000206e-03
6.628769999999999975e-03
4.747590000000000317e-03
4.773580000000000358e-03
6.168400000000000098e-03
6.566540000000000050e-03
7.012319999999999838e-03
8.055730000000000529e-03
8.812479999999999272e-03
7.578820000000000001e-03
4.158679999999999669e-03
1.197080000000000106e-03
-1.680129999999999948e-03
-5.910130000000000418e-03
-1.044870000000000000e-02
-1.513379999999999934e-02
-1.936679999999999999e-02
-2.186710000000000043e-02
-2.433379999999999918e-02
-2.567219999999999919e-02
-2.140179999999999860e-02
-1.497270000000000024e-02
-8.540080000000000240e-03
9.475920000000000306e-04
8.367289999999999450e-03
1.207000000000000087e-02
1.765229999999999924e-02
2.350819999999999993e-02
2.659260000000000096e-02
2.718459999999999974e-02
2.421519999999999923e-02
1.932940000000000005e-02
1.143940000000000061e-02
-2.001789999999999820e-03
-9.574680000000000343e-03
-7.639289999999999969e-03
-8.128170000000000534e-03
-7.629109999999999711e-03
-1.580719999999999868e-04
7.622809999999999829e-03
1.372199999999999982e-02
1.965340000000000142e-02
2.414519999999999861e-02
2.538419999999999913e-02
2.484410000000000091e-02
2.538400000000000031e-02
2.633790000000000089e-02
2.779739999999999989e-02
2.993519999999999862e-02
3.163049999999999889e-02
3.407190000000000218e-02
3.547720000000000040e-02
2.900509999999999894e-02
1.658280000000000171e-02
5.038410000000000111e-03
-4.922540000000000422e-03
-1.068099999999999952e-02
-1.277640000000000026e-02
-1.577740000000000045e-02
-1.819789999999999949e-02
-1.881419999999999967e-02
-1.994659999999999836e-02
-2.119000000000000050e-02
-2.074339999999999865e-02
-1.920820000000000166e-02
-1.665700000000000167e-02
-1.300139999999999976e-02
-9.468539999999999249e-03
-5.536329999999999897e-03
-1.022979999999999940e-03
1.894770000000000048e-03
3.311460000000000011e-03
3.570770000000000020e-03
-2.189060000000000051e-03
-1.356060000000000078e-02
-1.905259999999999940e-02
-1.729139999999999844e-02
-1.722330000000000041e-02
-1.720630000000000076e-02
-1.495649999999999931e-02
-1.386189999999999992e-02
-1.412099999999999987e-02
-1.441249999999999996e-02
-1.552079999999999953e-02
-1.724900000000000044e-02
-1.584400000000000044e-02
-1.269140000000000025e-02
-1.128520000000000044e-02
-9.099309999999999343e-03
-5.467689999999999877e-03
-2.147979999999999855e-03
-1.471059999999999946e-03
-4.999009999999999912e-03
-8.464789999999999814e-03
-1.147339999999999992e-02
-1.694659999999999916e-02
-2.360860000000000042e-02
-2.983840000000000103e-02
-3.141530000000000017e-02
-2.887870000000000020e-02
-2.836570000000000064e-02
-2.835179999999999992e-02
-2.702339999999999950e-02
-2.620580000000000132e-02
-2.335790000000000088e-02
-1.788510000000000100e-02
-1.304980000000000029e-02
-3.950069999999999970e-03
1.248830000000000079e-02
2.252559999999999979e-02
2.168250000000000038e-02
2.324719999999999911e-02
2.802019999999999858e-02
2.896790000000000129e-02
2.740209999999999868e-02
2.504440000000000138e-02
1.889400000000000107e-02
1.005149999999999967e-02
4.252210000000000191e-03
-7.775009999999999951e-04
-5.509080000000000400e-03
-6.325129999999999988e-03
-6.449719999999999932e-03
-6.582379999999999655e-03
-5.018589999999999857e-03
-2.701129999999999937e-03
-1.032109999999999983e-04
2.508279999999999885e-03
6.299769999999999676e-03
1.170730000000000035e-02
1.622499999999999984e-02
1.811899999999999969e-02
1.935829999999999843e-02
2.038960000000000078e-02
1.760950000000000015e-02
1.327940000000000023e-02
1.154780000000000043e-02
9.903310000000000238e-03
7.515499999999999611e-03
6.264289999999999616e-03
4.911539999999999830e-03
1.373539999999999917e-03
-2.998999999999999930e-03
-6.161709999999999930e-03
-8.996799999999999242e-03
-9.851139999999999550e-03
-7.878700000000000633e-03
-6.282779999999999962e-03
-4.158020000000000119e-03
-8.531170000000000246e-04
2.564929999999999988e-03
8.210310000000000177e-03
1.385360000000000064e-02
1.581950000000000023e-02
1.633679999999999854e-02
1.284519999999999933e-02
1.919300000000000086e-03
-1.002379999999999938e-02
-1.901250000000000162e-02
-2.600320000000000062e-02
-3.093219999999999997e-02
-3.486580000000000235e-02
-3.450659999999999838e-02
-2.904469999999999968e-02
-2.341779999999999903e-02
-1.518579999999999930e-02
-4.180099999999999962e-03
5.016510000000000066e-03
1.319610000000000054e-02
2.119400000000000103e-02
2.618579999999999866e-02
2.833540000000000017e-02
3.101670000000000121e-02
3.048330000000000137e-02
2.517449999999999896e-02
2.201540000000000094e-02
2.107689999999999911e-02
1.861430000000000029e-02
1.623399999999999843e-02
1.495430000000000023e-02
1.375900000000000040e-02
1.024109999999999951e-02
2.935609999999999956e-03
-4.514690000000000022e-03
-8.933250000000000218e-03
-1.111640000000000024e-02
-1.210810000000000011e-02
-9.583549999999999708e-03
-4.411319999999999825e-03
1.013620000000000016e-03
8.503619999999999929e-03
1.407869999999999955e-02
1.590609999999999941e-02
1.914079999999999948e-02
2.300929999999999989e-02
2.590579999999999966e-02
2.771159999999999943e-02
2.634749999999999939e-02
2.406619999999999940e-02
2.304519999999999832e-02
2.213259999999999880e-02
2.256570000000000104e-02
1.742650000000000102e-02
3.516009999999999969e-03
-2.980290000000000022e-03
-3.072479999999999829e-03
-7.011459999999999741e-03
-7.338090000000000238e-03
-5.092860000000000269e-03
-5.550219999999999806e-03
-5.472259999999999625e-03
-4.606970000000000162e-03
-4.701420000000000425e-03
-5.989350000000000056e-03
-7.789360000000000381e-03
-8.381960000000000799e-03
-6.630979999999999860e-03
-4.234639999999999585e-03
-3.038059999999999979e-03
-2.107790000000000011e-03
-5.547329999999999622e-04
1.069400000000000081e-03
-4.065699999999999783e-04
-5.960860000000000117e-03
-1.103969999999999951e-02
-1.712539999999999896e-02
-2.588429999999999898e-02
-2.882010000000000127e-02
-2.600809999999999927e-02
-2.590840000000000157e-02
-2.476650000000000032e-02
-1.894310000000000091e-02
-1.413720000000000081e-02
-1.063949999999999965e-02
-6.827920000000000343e-03
-5.001199999999999916e-03
-3.638460000000000045e-03
-3.164940000000000201e-03
-7.601379999999999595e-03
-1.337230000000000016e-02
-1.684039999999999843e-02
-2.060609999999999872e-02
-2.492159999999999861e-02
-2.763739999999999947e-02
-2.917310000000000042e-02
-3.069430000000000075e-02
-3.215069999999999734e-02
-3.137680000000000330e-02
-2.637729999999999936e-02
-2.094740000000000144e-02
-1.722749999999999976e-02
-1.254309999999999974e-02
-7.582379999999999676e-03
-4.709080000000000037e-03
-2.972199999999999929e-03
-5.316259999999999953e-04
1.971179999999999894e-03
3.201840000000000068e-03
3.364380000000000148e-03
3.736979999999999989e-03
4.404149999999999905e-03
4.572820000000000010e-03
4.982470000000000128e-03
7.233670000000000204e-03
1.048080000000000019e-02
1.299319999999999989e-02
1.535339999999999969e-02
1.780640000000000001e-02
2.006780000000000022e-02
2.242390000000000008e-02
2.474929999999999838e-02
2.690069999999999961e-02
2.987779999999999950e-02
3.436030000000000334e-02
3.899509999999999782e-02
4.194599999999999718e-02
4.277220000000000327e-02
4.351529999999999981e-02
4.518490000000000006e-02
4.532320000000000099e-02
4.308429999999999899e-02
4.108900000000000052e-02
3.917000000000000343e-02
3.516140000000000237e-02
3.074489999999999862e-02
2.703310000000000088e-02
2.240179999999999949e-02
1.720139999999999864e-02
1.248379999999999976e-02
7.963740000000000402e-03
2.339770000000000131e-03
-6.479999999999999649e-03
-1.538029999999999953e-02
-1.808310000000000126e-02
-1.838889999999999969e-02
-1.984999999999999959e-02
-1.608640000000000070e-02
-9.333839999999999498e-03
-6.029389999999999923e-03
-2.932280000000000216e-03
1.016870000000000013e-03
7.222840000000000120e-04
-3.112520000000000130e-03
-6.213960000000000143e-03
-9.541779999999999706e-03
-1.323949999999999953e-02
-1.591750000000000109e-02
-1.907680000000000139e-02
-2.182670000000000096e-02
-2.014569999999999902e-02
-1.589199999999999988e-02
-1.364480000000000033e-02
-1.212419999999999991e-02
-1.000099999999999947e-02
-7.811290000000000247e-03
-6.073819999999999740e-03
-7.105689999999999576e-03
-1.035870000000000020e-02
-1.155089999999999936e-02
-1.073840000000000038e-02
-1.083409999999999929e-02
-1.130659999999999998e-02
-1.171799999999999925e-02
-1.303819999999999979e-02
-1.416590000000000037e-02
-1.340960000000000069e-02
-1.164740000000000046e-02
-1.050399999999999945e-02
-9.373259999999999578e-03
-7.808169999999999694e-03
-6.500640000000000238e-03
-5.335669999999999823e-03
-4.030800000000000181e-03
-2.616330000000000044e-03
-1.105639999999999965e-03
3.874400000000000175e-04
1.993759999999999803e-03
3.028739999999999818e-03
2.218449999999999849e-03
6.310509999999999861e-04
1.549920000000000095e-04
1.027670000000000059e-03
2.841310000000000103e-03
5.371489999999999598e-03
8.605480000000000421e-03
1.136200000000000057e-02
9.524760000000000171e-03
3.308740000000000119e-03
-8.972119999999999878e-04
-2.983659999999999958e-03
-6.354949999999999835e-03
-1.034739999999999965e-02
-1.145690000000000076e-02
-7.795449999999999775e-03
-3.905560000000000195e-03
-1.609219999999999965e-03
2.003650000000000049e-03
5.880680000000000109e-03
7.510979999999999566e-03
7.752519999999999724e-03
8.626240000000000296e-03
9.656669999999999143e-03
1.027690000000000027e-02
1.083530000000000083e-02
1.030849999999999995e-02
8.951850000000000779e-03
8.338210000000000413e-03
6.915140000000000176e-03
2.634850000000000213e-03
-2.495509999999999829e-03
-5.675129999999999585e-03
-7.193970000000000052e-03
-9.063959999999999378e-03
-1.062629999999999998e-02
-1.003279999999999970e-02
-8.995190000000000130e-03
-8.797769999999999896e-03
-8.154579999999999815e-03
-7.565630000000000271e-03
-8.430649999999999603e-03
-9.833440000000000583e-03
-1.074860000000000052e-02
-1.171729999999999994e-02
-1.236220000000000027e-02
-1.240800000000000063e-02
-1.268430000000000078e-02
-1.305169999999999941e-02
-1.318320000000000082e-02
-1.340990000000000064e-02
-1.412850000000000043e-02
-1.523960000000000072e-02
-1.619659999999999850e-02
-1.716780000000000042e-02
-1.836459999999999829e-02
-1.747550000000000145e-02
-1.361930000000000085e-02
-1.021829999999999961e-02
-7.643849999999999777e-03
-4.129500000000000358e-03
-8.764800000000000108e-04
1.543230000000000036e-03
4.143560000000000125e-03
6.904750000000000297e-03
9.867570000000000854e-03
1.207109999999999954e-02
9.811030000000000098e-03
4.580439999999999859e-03
1.793220000000000100e-03
9.983100000000000827e-04
9.251339999999999824e-04
2.430550000000000072e-03
4.366570000000000173e-03
6.029620000000000292e-03
7.834519999999999332e-03
8.630910000000000318e-03
8.375270000000000631e-03
8.601970000000000449e-03
9.154080000000000203e-03
8.644219999999999335e-03
5.630610000000000302e-03
1.488659999999999940e-03
-2.127420000000000092e-03
-6.817280000000000215e-03
-1.104089999999999933e-02
-1.191809999999999918e-02
-1.211029999999999919e-02
-1.349170000000000057e-02
-1.298509999999999942e-02
-1.033970000000000028e-02
-8.363890000000000560e-03
-6.547419999999999976e-03
-5.066519999999999704e-03
-5.456879999999999890e-03
-5.893439999999999790e-03
-5.677999999999999887e-03
-5.856400000000000321e-03
-5.720399999999999617e-03
-5.378499999999999601e-03
-4.832630000000000085e-03
-2.369140000000000048e-03
1.103849999999999970e-03
3.111009999999999991e-03
4.330689999999999887e-03
6.104219999999999612e-03
7.915939999999999782e-03
9.410959999999999465e-03
1.074179999999999927e-02
1.182809999999999938e-02
1.309480000000000019e-02
1.537690000000000064e-02
1.863679999999999851e-02
1.928119999999999834e-02
1.436450000000000053e-02
8.434139999999999693e-03
5.243920000000000005e-03
2.631909999999999892e-03
-8.596190000000000515e-04
-2.670640000000000167e-03
-7.904690000000000241e-04
1.409050000000000016e-03
2.069230000000000028e-03
2.938899999999999933e-03
3.096929999999999909e-03
1.504480000000000097e-03
2.408880000000000016e-04
9.108080000000000386e-04
2.320099999999999853e-03
3.175550000000000074e-03
3.908420000000000123e-03
4.496530000000000318e-03
4.287489999999999704e-03
2.889290000000000087e-03
8.636940000000000285e-04
-7.365240000000000111e-04
-2.356109999999999802e-03
-4.259289999999999778e-03
-5.987000000000000134e-03
-7.689640000000000190e-03
-9.668299999999999464e-03
-1.087970000000000083e-02
-9.806219999999999173e-03
-8.093009999999999440e-03
-6.508619999999999683e-03
-3.234020000000000210e-03
4.142400000000000184e-04
3.193420000000000199e-03
6.006580000000000079e-03
8.847270000000000828e-03
1.187260000000000051e-02
1.451979999999999937e-02
1.401050000000000038e-02
1.111619999999999969e-02
9.456259999999999319e-03
7.945149999999999782e-03
5.214240000000000194e-03
2.616999999999999969e-03
1.450249999999999879e-04
-1.763239999999999903e-03
-1.850389999999999934e-03
-1.512300000000000059e-03
-1.881770000000000057e-03
-1.914249999999999936e-03
-1.665360000000000061e-03
-1.633310000000000014e-03
-1.605459999999999960e-03
-1.449650000000000027e-03
-1.144880000000000030e-03
-8.611969999999999608e-04
-6.507779999999999685e-04
-3.054110000000000071e-04
-3.663849999999999963e-04
-1.464390000000000093e-03
-2.739169999999999973e-03
-3.687269999999999871e-03
-4.811029999999999994e-03
-5.313209999999999635e-03
-4.801399999999999939e-03
-4.489499999999999567e-03
-4.404840000000000144e-03
-4.008969999999999721e-03
-3.639859999999999970e-03
-3.540839999999999960e-03
-3.560429999999999845e-03
-3.485289999999999829e-03
-3.437599999999999857e-03
-3.563220000000000189e-03
-3.166069999999999995e-03
-1.857170000000000001e-03
-6.143379999999999718e-04
3.396799999999999733e-04
1.512080000000000065e-03
2.985330000000000015e-03
4.885600000000000359e-03
7.153460000000000374e-03
8.713870000000000296e-03
7.208479999999999749e-03
3.834129999999999830e-03
1.742089999999999958e-03
-3.314640000000000099e-04
-3.096189999999999967e-03
-5.615189999999999938e-03
-7.832799999999999138e-03
-7.985169999999999768e-03
-6.342910000000000215e-03
-5.561009999999999912e-03
-4.924470000000000236e-03
-3.357890000000000093e-03
-1.812840000000000024e-03
-4.598350000000000180e-04
9.557860000000000271e-04
1.947740000000000105e-03
2.444949999999999988e-03
3.102479999999999908e-03
3.854849999999999943e-03
4.452120000000000383e-03
5.089459999999999644e-03
5.782709999999999934e-03
6.396950000000000205e-03
6.872439999999999626e-03
7.307020000000000008e-03
7.790179999999999848e-03
8.269769999999999205e-03
8.705920000000000672e-03
9.023099999999999177e-03
9.244219999999999174e-03
9.511109999999999703e-03
9.790359999999999688e-03
1.001630000000000055e-02
1.045510000000000016e-02
1.023690000000000017e-02
7.342559999999999712e-03
3.178740000000000211e-03
1.391900000000000006e-05
-3.238809999999999953e-03
-5.996429999999999642e-03
-7.405199999999999803e-03
-9.294510000000000619e-03
-1.128200000000000036e-02
-1.067159999999999984e-02
-8.056489999999999485e-03
-6.252979999999999997e-03
-4.731469999999999773e-03
-2.513539999999999872e-03
-4.099679999999999752e-04
1.605000000000000090e-03
2.584879999999999903e-03
1.818329999999999946e-03
1.235949999999999983e-03
1.161590000000000105e-03
5.683290000000000130e-04
-2.206839999999999898e-04
-2.020819999999999941e-04
1.458950000000000091e-03
2.840629999999999804e-03
2.857590000000000130e-03
3.528270000000000017e-03
4.767500000000000036e-03
4.419590000000000150e-03
2.007919999999999844e-03
-4.969100000000000383e-04
-3.796799999999999915e-03
-9.549099999999999602e-03
-1.357440000000000035e-02
-1.414329999999999928e-02
-1.546550000000000008e-02
-1.770089999999999858e-02
-1.919190000000000132e-02
-2.025940000000000032e-02
-1.851879999999999846e-02
-1.415819999999999926e-02
-1.136919999999999945e-02
-9.768499999999999406e-03
-7.274270000000000215e-03
-4.974079999999999648e-03
-4.274260000000000212e-03
-4.316219999999999953e-03
-3.791010000000000039e-03
-2.837150000000000089e-03
-1.596449999999999909e-03
-3.337270000000000254e-04
7.335970000000000034e-04
2.320389999999999866e-03
4.851349999999999933e-03
7.504189999999999992e-03
9.965470000000000578e-03
1.236750000000000002e-02
1.361500000000000037e-02
1.403800000000000013e-02
1.365270000000000025e-02
1.120580000000000014e-02
8.612039999999999626e-03
6.841169999999999717e-03
4.618930000000000258e-03
2.212509999999999998e-03
4.033539999999999738e-04
-7.432120000000000393e-04
-1.025510000000000093e-03
1.052689999999999979e-04
1.344010000000000083e-03
2.975690000000000019e-03
7.218460000000000328e-03
1.208240000000000008e-02
1.558690000000000075e-02
1.920960000000000029e-02
2.348719999999999974e-02
2.694519999999999901e-02
2.806569999999999898e-02
2.762119999999999853e-02
2.678339999999999888e-02
2.479589999999999919e-02
2.185820000000000124e-02
1.924879999999999994e-02
1.725679999999999922e-02
1.553870000000000078e-02
1.353840000000000078e-02
1.263010000000000001e-02
1.395629999999999961e-02
1.523779999999999926e-02
1.589039999999999897e-02
1.569910000000000055e-02
1.344910000000000029e-02
1.137469999999999974e-02
9.768119999999999928e-03
5.602880000000000187e-03
-3.363039999999999975e-04
-4.237620000000000102e-03
-5.434900000000000321e-03
-6.657299999999999676e-03
-8.646670000000000397e-03
-1.019109999999999981e-02
-1.144640000000000067e-02
-1.150669999999999991e-02
-9.807619999999999533e-03
-8.420669999999999891e-03
-7.598780000000000291e-03
-6.882459999999999967e-03
-6.599309999999999725e-03
-6.301400000000000404e-03
-6.132730000000000299e-03
-6.156799999999999599e-03
-6.081079999999999992e-03
-6.128670000000000125e-03
-6.241110000000000234e-03
-6.493350000000000163e-03
-7.218060000000000101e-03
-8.045739999999999142e-03
-8.523050000000000764e-03
-8.668959999999999860e-03
-8.759440000000000281e-03
-8.950410000000000657e-03
-9.092970000000000566e-03
-9.196589999999999279e-03
-9.359620000000000786e-03
-9.341230000000000713e-03
-9.002090000000000786e-03
-8.687510000000000718e-03
-8.474239999999999204e-03
-8.174169999999999700e-03
-7.860020000000000548e-03
-7.593889999999999842e-03
-7.273400000000000178e-03
-6.719000000000000146e-03
-6.025820000000000308e-03
-5.425580000000000160e-03
-4.726829999999999574e-03
-4.561209999999999570e-03
-5.699779999999999777e-03
-6.936239999999999767e-03
-7.761050000000000240e-03
-9.317739999999999703e-03
-1.146119999999999951e-02
-1.309249999999999997e-02
-1.423040000000000069e-02
-1.532780000000000080e-02
-1.532209999999999996e-02
-1.399850000000000053e-02
-1.303089999999999977e-02
-1.232719999999999996e-02
-1.141709999999999947e-02
-1.083830000000000036e-02
-1.030310000000000080e-02
-9.727869999999999573e-03
-9.507530000000000148e-03
-9.059680000000000510e-03
-7.008300000000000293e-03
-3.573010000000000162e-03
5.145949999999999613e-04
5.726979999999999571e-03
1.050809999999999939e-02
1.178760000000000051e-02
1.093799999999999981e-02
1.093689999999999940e-02
1.012700000000000058e-02
8.008660000000000778e-03
7.431140000000000141e-03
9.058119999999999367e-03
1.098239999999999980e-02
1.267730000000000072e-02
1.471270000000000043e-02
1.624420000000000031e-02
1.741720000000000074e-02
1.918479999999999838e-02
1.942090000000000136e-02
1.640700000000000144e-02
1.316600000000000062e-02
1.116529999999999953e-02
9.106500000000000011e-03
7.084769999999999783e-03
5.129299999999999832e-03
3.122109999999999989e-03
1.152470000000000057e-03
-9.211729999999999571e-04
-3.160780000000000187e-03
-5.160920000000000264e-03
-4.826070000000000013e-03
-2.236300000000000093e-03
-3.266599999999999929e-04
1.084639999999999996e-03
2.293760000000000156e-03
2.581060000000000038e-03
3.165920000000000019e-03
3.489719999999999975e-03
2.296920000000000038e-03
8.937730000000000501e-04
-2.721769999999999862e-05
-6.624849999999999836e-04
-6.299660000000000329e-04
-6.485700000000000059e-04
-7.430670000000000330e-04
4.994389999999999594e-04
2.463980000000000163e-03
3.869650000000000086e-03
5.629420000000000431e-03
6.926960000000000235e-03
4.909669999999999659e-03
1.382680000000000064e-03
-7.512480000000000416e-04
-3.034180000000000037e-03
-6.143779999999999727e-03
-8.119879999999999459e-03
-8.561779999999999738e-03
-9.179990000000000719e-03
-1.036789999999999934e-02
-1.086930000000000014e-02
-9.743619999999999712e-03
-7.825769999999999255e-03
-6.522309999999999913e-03
-5.181650000000000318e-03
-3.419559999999999874e-03
-1.933480000000000008e-03
-6.889900000000000017e-04
7.621719999999999797e-04
1.852689999999999936e-03
1.273279999999999898e-03
-6.461150000000000302e-05
-8.336119999999999598e-04
-1.314449999999999993e-03
-8.913389999999999985e-04
1.499700000000000024e-04
7.376490000000000520e-04
1.304899999999999897e-03
1.822199999999999948e-03
2.089140000000000181e-03
2.456729999999999851e-03
2.855009999999999840e-03
3.204990000000000009e-03
3.063649999999999794e-03
2.161310000000000054e-03
1.235540000000000032e-03
7.451720000000000002e-04
1.255859999999999919e-03
2.502780000000000022e-03
3.307280000000000116e-03
4.095190000000000288e-03
5.464089999999999572e-03
5.744729999999999975e-03
3.047610000000000076e-03
-5.880040000000000440e-04
-3.247770000000000084e-03
-5.682249999999999801e-03
-7.146269999999999706e-03
-7.978999999999999981e-03
-9.359889999999999183e-03
-1.073460000000000039e-02
-1.153870000000000069e-02
-1.065920000000000062e-02
-8.630479999999999402e-03
-7.212610000000000375e-03
-5.568199999999999712e-03
-4.019680000000000301e-03
-3.899459999999999992e-03
-3.864020000000000128e-03
-3.328830000000000070e-03
-3.192169999999999817e-03
-3.246569999999999838e-03
-3.136910000000000132e-03
-3.060830000000000061e-03
-3.030119999999999862e-03
-2.964329999999999830e-03
-2.883029999999999968e-03
-2.808970000000000043e-03
-2.796560000000000018e-03
-2.323469999999999789e-03
-1.001230000000000089e-03
1.741609999999999881e-04
1.276309999999999901e-03
3.837099999999999973e-03
7.174920000000000429e-03
9.994690000000000518e-03
1.271650000000000037e-02
1.455590000000000009e-02
1.529630000000000052e-02
1.648099999999999912e-02
1.779690000000000091e-02
1.894109999999999891e-02
1.979209999999999997e-02
1.818869999999999862e-02
1.496690000000000000e-02
1.289640000000000057e-02
1.050079999999999937e-02
6.616180000000000151e-03
3.378260000000000117e-03
2.858299999999999817e-03
3.929659999999999750e-03
4.092250000000000401e-03
4.161210000000000256e-03
4.910689999999999673e-03
5.410210000000000366e-03
5.995109999999999675e-03
7.104300000000000025e-03
8.217689999999999717e-03
9.252130000000000770e-03
1.031499999999999952e-02
1.039649999999999949e-02
9.459820000000000728e-03
8.866590000000000582e-03
8.463639999999999705e-03
7.652820000000000282e-03
6.564259999999999713e-03
5.305899999999999679e-03
4.037019999999999671e-03
2.640190000000000158e-03
1.140979999999999989e-03
-2.629689999999999957e-04
-1.669219999999999905e-03
-3.379769999999999823e-03
-5.463870000000000011e-03
-7.498819999999999791e-03
-9.423789999999999598e-03
-1.148719999999999949e-02
-1.371540000000000085e-02
-1.473290000000000016e-02
-1.363609999999999996e-02
-1.261250000000000045e-02
-1.231860000000000073e-02
-1.166529999999999997e-02
-1.107250000000000074e-02
-1.063500000000000036e-02
-1.010830000000000062e-02
-9.642690000000000636e-03
-9.196789999999999826e-03
-8.726990000000000441e-03
-8.269550000000000511e-03
-7.738850000000000243e-03
-7.578589999999999632e-03
-8.443940000000000473e-03
-9.393560000000000451e-03
-8.786040000000000169e-03
-7.168500000000000393e-03
-5.832030000000000200e-03
-6.034010000000000241e-03
-8.985339999999999647e-03
-1.206480000000000052e-02
-1.326120000000000076e-02
-1.464829999999999952e-02
-1.678769999999999915e-02
-1.850869999999999946e-02
-1.852439999999999989e-02
-1.682540000000000077e-02
-1.548609999999999917e-02
-1.447440000000000011e-02
-1.280769999999999999e-02
-1.121740000000000063e-02
-9.747509999999999161e-03
-8.246150000000000702e-03
-7.913949999999999457e-03
-8.754869999999999666e-03
-9.336570000000000633e-03
-8.722739999999999660e-03
-6.637399999999999897e-03
-4.448780000000000269e-03
-3.399370000000000083e-03
-3.194119999999999945e-03
-2.986439999999999928e-03
-2.528240000000000175e-03
-2.135619999999999966e-03
-1.614879999999999961e-03
-1.017069999999999910e-03
-5.146550000000000387e-04
3.882420000000000006e-05
6.185719999999999587e-04
1.164550000000000090e-03
1.732360000000000063e-03
2.324459999999999981e-03
2.920020000000000168e-03
3.540789999999999823e-03
3.657769999999999858e-03
3.004660000000000143e-03
2.487529999999999950e-03
2.077470000000000098e-03
1.028519999999999998e-03
-1.818359999999999985e-04
-1.144309999999999945e-03
-2.179009999999999888e-03
-3.494389999999999996e-03
-5.232119999999999826e-03
-6.628420000000000319e-03
-6.059649999999999759e-03
-4.416989999999999979e-03
-3.588070000000000061e-03
-2.732609999999999900e-03
-1.483919999999999901e-03
-5.396930000000000520e-04
4.057600000000000182e-04
1.445150000000000080e-03
2.388509999999999939e-03
3.496589999999999941e-03
4.941870000000000117e-03
6.400799999999999892e-03
7.764339999999999783e-03
9.204930000000000057e-03
1.074650000000000084e-02
1.210860000000000061e-02
1.263049999999999937e-02
1.264410000000000013e-02
1.301420000000000007e-02
1.340719999999999933e-02
1.336399999999999914e-02
1.290859999999999924e-02
1.237549999999999935e-02
1.200939999999999994e-02
1.157769999999999980e-02
1.106900000000000071e-02
1.059329999999999994e-02
1.010489999999999999e-02
9.602730000000000293e-03
9.090579999999999147e-03
8.574770000000000655e-03
8.070280000000000856e-03
7.561589999999999978e-03
7.397260000000000120e-03
6.992570000000000036e-03
6.587439999999999962e-03
6.143270000000000154e-03
5.710220000000000226e-03
5.283229999999999871e-03
5.001639999999999905e-03
4.948540000000000404e-03
4.865760000000000224e-03
4.726359999999999763e-03
4.659289999999999959e-03
4.607009999999999925e-03
4.819989999999999691e-03
5.399250000000000403e-03
5.906100000000000065e-03
6.322819999999999829e-03
6.844539999999999652e-03
7.346659999999999649e-03
7.810609999999999949e-03
8.327980000000000452e-03
8.880290000000000752e-03
8.620040000000000688e-03
7.186149999999999656e-03
5.903710000000000381e-03
4.969630000000000054e-03
3.677549999999999916e-03
2.216000000000000088e-03
7.369769999999999880e-04
-7.367539999999999463e-04
-2.181769999999999977e-03
-3.650079999999999991e-03
-5.109510000000000267e-03
-6.547660000000000285e-03
-7.976189999999999322e-03
-9.420559999999999698e-03
-1.108649999999999913e-02
-1.133600000000000059e-02
-8.620070000000000510e-03
-5.753379999999999779e-03
-4.236900000000000041e-03
-2.259890000000000076e-03
8.996200000000000366e-05
2.098920000000000213e-03
4.197959999999999713e-03
5.640090000000000381e-03
5.706059999999999778e-03
5.831150000000000222e-03
6.395200000000000190e-03
6.581520000000000425e-03
6.770580000000000001e-03
6.972830000000000174e-03
6.350630000000000337e-03
5.262000000000000184e-03
4.530260000000000363e-03
3.776339999999999992e-03
2.810850000000000154e-03
1.975740000000000135e-03
1.266479999999999950e-03
5.779309999999999526e-04
-1.064559999999999985e-04
-7.258090000000000028e-04
-1.423760000000000043e-03
-2.504699999999999895e-03
-3.747579999999999922e-03
-4.820810000000000026e-03
-5.952559999999999969e-03
-7.219810000000000116e-03
-8.451359999999999775e-03
-9.792479999999999241e-03
-1.007860000000000006e-02
-8.417650000000000479e-03
-6.812119999999999634e-03
-6.187360000000000256e-03
-5.701219999999999899e-03
-5.199520000000000010e-03
-4.846950000000000043e-03
-4.745629999999999814e-03
-4.670409999999999839e-03
-3.912829999999999954e-03
-2.327450000000000005e-03
-8.644230000000000143e-04
3.041100000000000140e-04
1.525789999999999959e-03
2.643239999999999826e-03
3.761909999999999820e-03
4.936379999999999761e-03
4.800669999999999937e-03
2.854460000000000070e-03
1.170220000000000028e-03
1.320570000000000131e-04
-1.205169999999999983e-03
-2.316110000000000130e-03
-2.552459999999999885e-03
-2.375980000000000193e-03
-2.486369999999999900e-03
-2.575430000000000080e-03
-2.496289999999999967e-03
-2.392430000000000077e-03
-1.985150000000000196e-03
-1.470280000000000024e-03
-1.099619999999999938e-03
-4.020779999999999949e-04
6.888919999999999766e-04
1.718560000000000053e-03
2.063329999999999938e-03
1.443639999999999941e-03
8.658459999999999768e-04
6.531430000000000178e-04
1.366619999999999868e-04
-9.165090000000000302e-04
-2.345750000000000179e-03
-3.520419999999999799e-03
-4.189530000000000337e-03
-4.798359999999999778e-03
-5.534179999999999655e-03
-6.188230000000000293e-03
-6.752779999999999894e-03
-7.387470000000000148e-03
-7.934619999999999868e-03
-7.684759999999999681e-03
-6.720910000000000079e-03
-6.030439999999999759e-03
-5.402500000000000184e-03
-4.867429999999999847e-03
-5.227520000000000257e-03
-5.799649999999999944e-03
-6.010449999999999647e-03
-6.333169999999999945e-03
-6.677759999999999599e-03
-6.963709999999999692e-03
-7.151910000000000038e-03
-6.574189999999999721e-03
-5.527060000000000306e-03
-4.837919999999999894e-03
-4.159430000000000419e-03
-3.299040000000000045e-03
-2.549720000000000111e-03
-1.837440000000000080e-03
-1.073460000000000039e-03
-4.611409999999999815e-04
-3.071009999999999994e-04
-3.622990000000000086e-04
-2.517870000000000069e-04
-1.528879999999999836e-05
3.439259999999999865e-04
7.111990000000000325e-04
1.016949999999999972e-03
1.401740000000000061e-03
1.674109999999999921e-03
1.498049999999999903e-03
1.144510000000000059e-03
9.679930000000000001e-04
7.630679999999999928e-04
4.788080000000000005e-04
2.229020000000000014e-04
-6.489800000000000104e-06
3.324600000000000255e-04
1.344069999999999944e-03
2.159669999999999819e-03
2.789030000000000068e-03
3.589950000000000172e-03
4.191699999999999593e-03
4.566839999999999962e-03
5.004439999999999757e-03
5.442909999999999589e-03
5.790459999999999878e-03
6.061109999999999762e-03
6.266569999999999953e-03
6.524359999999999882e-03
6.666079999999999575e-03
6.180299999999999683e-03
5.359580000000000073e-03
4.803580000000000003e-03
4.289389999999999696e-03
3.841199999999999910e-03
3.597250000000000187e-03
3.288310000000000018e-03
2.963640000000000024e-03
2.714390000000000119e-03
2.453270000000000017e-03
2.195069999999999921e-03
1.963190000000000074e-03
1.737320000000000097e-03
1.519909999999999968e-03
1.312119999999999953e-03
1.108480000000000012e-03
1.019930000000000055e-03
1.083600000000000101e-03
1.119570000000000070e-03
1.109989999999999935e-03
1.158380000000000087e-03
1.169579999999999925e-03
9.738649999999999737e-04
6.806439999999999973e-04
4.694330000000000030e-04
3.382540000000000178e-04
3.185349999999999987e-04
3.335470000000000101e-04
3.350490000000000239e-04
1.019999999999999992e-04
-5.639840000000000131e-04
-1.174970000000000007e-03
-1.599329999999999936e-03
-2.101219999999999997e-03
-2.417149999999999854e-03
-2.466059999999999953e-03
-2.267400000000000145e-03
-1.693819999999999961e-03
-1.145179999999999983e-03
-7.469230000000000314e-04
-2.093069999999999935e-04
3.589399999999999752e-04
7.510190000000000138e-04
9.390820000000000460e-04
1.066490000000000016e-03
1.238989999999999926e-03
1.370150000000000100e-03
1.381870000000000103e-03
1.315629999999999925e-03
1.266540000000000027e-03
1.233790000000000017e-03
1.193419999999999941e-03
1.037630000000000106e-03
6.702179999999999856e-04
3.144789999999999955e-04
6.335540000000000670e-05
-2.434570000000000104e-04
-5.822750000000000451e-04
-8.585049999999999669e-04
-1.103280000000000103e-03
-1.329319999999999937e-03
-1.465160000000000073e-03
-1.526580000000000038e-03
-1.614189999999999939e-03
-1.545539999999999978e-03
-1.199030000000000018e-03
-9.049719999999999813e-04
-7.031350000000000230e-04
-3.718080000000000018e-04
-2.628749999999999861e-05
1.298609999999999955e-04
1.471440000000000128e-04
1.967220000000000047e-04
2.460469999999999975e-04
2.142169999999999990e-04
1.765600000000000036e-04
1.626139999999999986e-04
1.340459999999999970e-04
9.627300000000000473e-05
6.297450000000000497e-05
3.036490000000000128e-05
6.310300000000000383e-06
4.700680000000000241e-07
-4.610349999999999828e-06
-1.916810000000000033e-05
-2.842749999999999845e-05
-3.915860000000000147e-05
-1.164479999999999937e-04
-2.542560000000000132e-04
-3.569919999999999864e-04
-4.148980000000000246e-04
-4.395889999999999954e-04
-4.371740000000000261e-04
-4.405780000000000091e-04
-4.392870000000000108e-04
-4.257150000000000127e-04
-4.069149999999999894e-04
-3.792320000000000174e-04
-3.504019999999999834e-04
-3.233409999999999930e-04
-2.967110000000000125e-04
-2.735799999999999929e-04
-2.508809999999999990e-04
-2.189310000000000084e-04
-1.720699999999999975e-04
-1.263459999999999995e-04
-9.249339999999999775e-05
-6.329860000000000412e-05
-4.089639999999999693e-05
-2.524139999999999858e-05
-1.048629999999999987e-05
2.258709999999999928e-06
1.216039999999999965e-05
1.855680000000000163e-05
2.118340000000000118e-05
2.328930000000000079e-05
2.548909999999999962e-05
2.654200000000000100e-05
2.701660000000000151e-05
2.720770000000000041e-05
2.687949999999999904e-05
2.617290000000000144e-05
2.490520000000000001e-05
2.281940000000000043e-05
2.010600000000000028e-05
1.689680000000000058e-05
1.322669999999999993e-05
9.226729999999999665e-06
5.033189999999999663e-06
7.688980000000000073e-07
