7.672100000000000490e-04
8.224919999999999714e-04
8.040620000000000276e-04
7.058770000000000452e-04
7.111729999999999484e-04
6.081409999999999767e-04
4.312270000000000100e-04
3.071479999999999805e-04
3.054439999999999846e-04
4.329289999999999744e-04
6.035619999999999787e-04
6.681579999999999681e-04
6.803269999999999934e-04
7.677320000000000281e-04
8.560349999999999990e-04
8.039289999999999934e-04
6.064339999999999878e-04
4.359960000000000181e-04
4.247510000000000131e-04
5.386170000000000237e-04
7.224280000000000024e-04
8.769869999999999706e-04
8.631879999999999761e-04
6.203219999999999741e-04
2.684119999999999909e-04
1.091710000000000022e-04
2.280930000000000132e-04
4.220699999999999756e-04
6.129240000000000426e-04
7.734190000000000162e-04
7.944710000000000443e-04
8.239299999999999532e-04
1.022660000000000105e-03
1.082220000000000057e-03
8.384399999999999752e-04
5.786819999999999594e-04
4.464270000000000000e-04
5.401800000000000221e-04
8.627660000000000537e-04
9.577239999999999668e-04
7.943750000000000507e-04
8.535059999999999696e-04
1.120260000000000093e-03
1.396880000000000083e-03
1.565250000000000018e-03
1.359799999999999984e-03
7.072689999999999533e-04
-2.664279999999999773e-04
-1.412339999999999993e-03
-1.923859999999999893e-03
-9.311760000000000306e-04
6.152129999999999795e-04
1.150959999999999917e-03
9.332070000000000252e-04
1.194670000000000107e-03
1.953320000000000143e-03
2.003550000000000209e-03
1.006100000000000006e-03
3.494510000000000259e-04
1.076240000000000009e-03
1.810229999999999912e-03
8.725389999999999752e-04
-2.275090000000000066e-04
3.175189999999999935e-04
7.930940000000000472e-04
6.637680000000000457e-05
-1.716029999999999899e-04
3.153359999999999909e-04
5.202250000000000277e-04
9.076590000000000049e-04
1.844839999999999935e-03
3.390989999999999976e-03
5.897490000000000024e-03
7.241939999999999662e-03
4.934319999999999852e-03
1.853880000000000024e-03
5.349550000000000442e-04
-1.711880000000000042e-03
-4.967159999999999978e-03
-6.187100000000000065e-03
-5.052410000000000234e-03
-2.621710000000000186e-03
1.706169999999999963e-05
9.574289999999999841e-04
1.290439999999999903e-03
4.629399999999999661e-03
9.114970000000000017e-03
9.188599999999999893e-03
3.328740000000000171e-03
-4.243730000000000245e-03
-7.887240000000000223e-03
-8.285360000000000294e-03
-9.465380000000000668e-03
-1.050659999999999962e-02
-8.253220000000000348e-03
-2.019570000000000046e-03
5.288140000000000202e-03
9.880929999999999575e-03
1.185609999999999963e-02
1.129609999999999989e-02
6.606500000000000393e-03
6.912440000000000381e-04
-4.164199999999999846e-03
-1.027299999999999915e-02
-1.385420000000000054e-02
-1.035200000000000009e-02
-5.063500000000000292e-03
-3.110640000000000020e-03
-3.234560000000000039e-03
-2.723809999999999795e-04
7.515420000000000086e-03
1.207590000000000052e-02
9.251340000000000258e-03
6.254159999999999928e-03
4.989500000000000011e-03
1.086350000000000033e-03
-1.918009999999999941e-03
1.057280000000000069e-03
6.012110000000000197e-03
8.288109999999999575e-03
7.048190000000000184e-03
1.268519999999999977e-03
-4.942939999999999834e-03
-5.110110000000000173e-03
-1.636169999999999942e-03
4.791609999999999750e-04
3.567369999999999829e-03
7.956849999999999687e-03
7.842419999999999253e-03
3.272970000000000046e-03
-4.438919999999999845e-04
-2.809789999999999944e-03
-5.542980000000000303e-03
-6.913589999999999840e-03
-5.680010000000000094e-03
-4.344330000000000414e-03
-5.550679999999999677e-03
-7.293850000000000160e-03
-5.733850000000000405e-03
-3.401579999999999968e-03
-4.601680000000000353e-03
-5.389080000000000086e-03
-5.869239999999999527e-04
5.390490000000000385e-03
6.583630000000000038e-03
8.664629999999999554e-03
1.840409999999999963e-02
2.657740000000000102e-02
2.013710000000000153e-02
1.839249999999999956e-03
-9.240730000000000818e-03
-4.177929999999999838e-03
-7.494199999999999907e-04
-4.606960000000000222e-03
-9.948550000000000015e-04
7.927820000000000353e-03
1.458779999999999973e-02
1.985019999999999840e-02
1.847060000000000021e-02
9.754960000000000020e-03
1.198580000000000088e-03
-4.957689999999999840e-03
-8.752390000000000517e-03
-1.058549999999999942e-02
-1.300519999999999975e-02
-1.230320000000000025e-02
-1.439200000000000071e-03
1.818900000000000031e-02
3.367509999999999948e-02
3.013199999999999906e-02
9.797840000000000368e-03
-9.087549999999999795e-03
-1.535880000000000058e-02
-1.558960000000000033e-02
-1.642829999999999985e-02
-1.496119999999999915e-02
-9.060709999999999598e-03
-1.815140000000000026e-03
1.765419999999999967e-03
2.982359999999999872e-03
6.652230000000000296e-03
9.963720000000000562e-03
8.125369999999999815e-03
1.142989999999999978e-03
-5.758359999999999694e-03
-4.071769999999999730e-03
6.001460000000000128e-03
1.547469999999999922e-02
1.829389999999999836e-02
1.221260000000000054e-02
3.212420000000000119e-03
1.441030000000000045e-03
2.051879999999999850e-03
-1.194769999999999947e-03
-1.655739999999999946e-03
2.482129999999999927e-03
7.731730000000000026e-03
1.302479999999999957e-02
1.302589999999999998e-02
7.598019999999999601e-03
6.114620000000000298e-03
5.167139999999999754e-03
-3.479129999999999983e-03
-9.756610000000000629e-03
-5.517529999999999657e-03
-1.542839999999999967e-03
-6.878640000000000101e-03
-1.621770000000000156e-02
-2.000489999999999907e-02
-1.742039999999999908e-02
-1.474999999999999922e-02
-1.001379999999999978e-02
6.387809999999999409e-05
5.668499999999999928e-03
5.685779999999999654e-03
1.469570000000000078e-02
2.873169999999999891e-02
2.792729999999999865e-02
1.010430000000000009e-02
-7.935120000000000368e-03
-1.063509999999999976e-02
-6.341949999999999844e-03
-1.100429999999999985e-02
-1.510549999999999914e-02
-9.681169999999999359e-03
-3.498830000000000082e-03
3.106929999999999935e-03
1.461729999999999974e-02
2.566929999999999906e-02
2.957769999999999844e-02
2.485400000000000109e-02
1.696069999999999869e-02
1.172370000000000009e-02
2.421309999999999869e-03
-1.536689999999999931e-02
-2.991639999999999924e-02
-3.407980000000000037e-02
-3.438259999999999927e-02
-3.512359999999999788e-02
-2.963479999999999934e-02
-6.517219999999999784e-03
2.220530000000000073e-02
2.844709999999999947e-02
1.951280000000000028e-02
1.498739999999999968e-02
9.091840000000000338e-03
-1.731260000000000090e-03
-7.405400000000000350e-03
-4.473440000000000402e-03
1.660610000000000081e-03
7.845410000000000578e-03
9.114449999999999635e-03
2.701960000000000212e-03
-5.486409999999999725e-03
-1.269780000000000041e-02
-1.702419999999999975e-02
-1.364390000000000047e-02
-4.212819999999999933e-03
6.521439999999999876e-03
1.640950000000000047e-02
2.197520000000000029e-02
1.798069999999999877e-02
5.174400000000000006e-03
-1.075440000000000076e-02
-2.284200000000000119e-02
-2.334460000000000007e-02
-1.559559999999999939e-02
-7.690210000000000275e-03
5.177649999999999787e-03
2.176080000000000028e-02
2.383139999999999911e-02
1.215959999999999958e-02
9.363379999999999273e-03
1.483390000000000056e-02
8.037650000000000350e-03
-1.328990000000000032e-02
-2.879690000000000027e-02
-2.350520000000000040e-02
-8.399369999999999753e-03
3.024129999999999874e-03
1.216169999999999925e-02
1.515359999999999971e-02
5.025019999999999834e-03
-7.368979999999999801e-03
-9.652970000000000300e-03
-9.223479999999999179e-03
-1.459940000000000022e-02
-2.087040000000000076e-02
-1.955840000000000009e-02
-7.797250000000000361e-03
4.820719999999999693e-03
6.387789999999999961e-03
5.091420000000000147e-03
1.091480000000000054e-02
1.324709999999999950e-02
3.462919999999999974e-03
-1.274869999999999996e-02
-2.352599999999999830e-02
-2.136379999999999876e-02
-1.314650000000000020e-02
-6.520640000000000290e-03
-1.692080000000000103e-04
4.670070000000000124e-03
6.178910000000000131e-03
7.741950000000000047e-03
8.056940000000000282e-03
2.709109999999999817e-03
-6.640100000000000342e-03
-1.718609999999999929e-02
-2.537589999999999985e-02
-2.650829999999999853e-02
-1.835289999999999838e-02
-4.898330000000000219e-03
8.252829999999999194e-03
1.964240000000000083e-02
2.285660000000000122e-02
1.481659999999999922e-02
2.111099999999999869e-03
-5.206409999999999857e-03
-2.190740000000000048e-03
4.377140000000000176e-04
-3.991080000000000148e-03
-6.914019999999999888e-03
-1.534100000000000047e-03
7.306919999999999735e-03
5.804319999999999966e-03
-7.962590000000000293e-03
-2.149890000000000134e-02
-2.661260000000000014e-02
-2.073699999999999849e-02
-7.762329999999999577e-03
3.707999999999999925e-03
6.181380000000000208e-03
2.115029999999999948e-03
4.173539999999999889e-03
1.367400000000000039e-02
2.037370000000000153e-02
2.123780000000000112e-02
1.750579999999999845e-02
7.142500000000000411e-03
-9.171969999999999776e-03
-1.877890000000000115e-02
-9.708339999999999331e-03
2.081040000000000147e-03
1.199860000000000076e-03
2.012789999999999978e-03
1.193770000000000074e-02
2.173720000000000166e-02
3.090719999999999926e-02
3.227870000000000045e-02
1.639979999999999910e-02
3.162090000000000213e-03
3.053259999999999915e-03
8.305689999999999688e-04
-4.699179999999999850e-03
-8.245840000000000808e-03
-1.216609999999999914e-02
-1.583889999999999951e-02
-1.124780000000000051e-02
2.098889999999999957e-03
8.422989999999999991e-03
8.161840000000000067e-03
9.008069999999999966e-03
1.431639999999999866e-04
-1.215830000000000036e-02
-1.487600000000000033e-02
-1.543470000000000085e-02
-1.246479999999999984e-02
-1.453759999999999905e-03
6.429400000000000046e-03
9.947589999999999211e-03
1.332449999999999954e-02
7.008109999999999687e-03
-5.217809999999999809e-03
-8.610229999999999967e-03
-8.961800000000000668e-03
-8.901390000000000344e-03
1.170870000000000070e-03
1.171389999999999931e-02
1.397709999999999925e-02
2.153630000000000128e-02
3.547159999999999896e-02
3.753039999999999848e-02
1.978279999999999969e-02
-4.357129999999999857e-03
-1.497010000000000007e-02
-1.631260000000000002e-02
-2.427100000000000091e-02
-3.495790000000000008e-02
-3.379010000000000347e-02
-1.988929999999999865e-02
-5.722490000000000215e-03
1.147420000000000037e-02
3.486840000000000078e-02
4.718209999999999765e-02
4.650630000000000042e-02
3.865450000000000136e-02
1.589420000000000069e-02
-9.973160000000000011e-03
-1.809979999999999922e-02
-1.408790000000000042e-02
-1.425829999999999979e-02
-2.155989999999999990e-02
-2.895230000000000026e-02
-2.978220000000000173e-02
-1.789599999999999871e-02
2.647810000000000007e-03
1.700079999999999994e-02
2.086079999999999879e-02
1.691820000000000129e-02
8.145200000000000010e-03
1.554189999999999999e-03
4.495999999999999780e-04
3.233540000000000025e-03
7.965989999999999183e-03
1.279439999999999918e-02
1.385639999999999962e-02
5.858490000000000052e-03
-6.268310000000000028e-03
-8.486650000000000096e-03
-1.662269999999999926e-04
6.919500000000000303e-03
1.083079999999999980e-02
1.699260000000000007e-02
2.208740000000000009e-02
2.114620000000000041e-02
1.393679999999999919e-02
3.970500000000000071e-03
1.086390000000000012e-03
2.845649999999999916e-03
-4.370839999999999968e-03
-1.555310000000000026e-02
-1.647619999999999987e-02
-8.125409999999999577e-03
1.879400000000000038e-03
1.110569999999999960e-02
1.508810000000000012e-02
9.618359999999999410e-03
-8.391299999999999974e-04
-6.834820000000000131e-03
-3.313650000000000016e-03
1.671009999999999900e-03
1.725039999999999950e-03
3.609709999999999915e-03
9.562350000000000710e-03
1.160470000000000078e-02
7.791789999999999827e-03
3.484039999999999880e-03
6.545200000000000150e-04
8.861350000000000260e-04
4.382709999999999731e-03
6.333169999999999945e-03
5.280870000000000009e-03
4.425529999999999568e-03
6.099639999999999923e-03
8.128430000000000724e-03
2.667319999999999934e-03
-9.845029999999999407e-03
-1.940800000000000164e-02
-2.431120000000000156e-02
-2.558509999999999951e-02
-2.040609999999999993e-02
-1.148199999999999915e-02
-3.862739999999999924e-03
1.014240000000000020e-03
1.600230000000000012e-03
-3.761619999999999808e-03
-1.285580000000000056e-02
-1.815320000000000128e-02
-1.346280000000000046e-02
6.660910000000000572e-05
1.726549999999999960e-02
2.686339999999999908e-02
1.981729999999999950e-02
6.385489999999999743e-03
2.263300000000000207e-03
3.465139999999999800e-03
-7.143590000000000009e-03
-2.787190000000000153e-02
-3.652500000000000191e-02
-3.003240000000000076e-02
-2.533020000000000063e-02
-1.881180000000000005e-02
1.460259999999999900e-03
1.481370000000000083e-02
7.790839999999999831e-04
-1.800449999999999967e-02
-1.668899999999999897e-02
-7.015600000000000308e-03
-4.793509999999999958e-03
-3.955850000000000338e-03
-1.043770000000000071e-03
-2.607809999999999902e-03
-5.485290000000000304e-03
-1.345529999999999947e-03
7.064779999999999671e-03
1.059900000000000078e-02
7.741160000000000402e-03
4.311429999999999776e-03
1.235589999999999952e-03
-5.458219999999999739e-03
-1.076079999999999919e-02
-6.805929999999999966e-03
3.154929999999999963e-05
4.558520000000000258e-04
-1.684109999999999947e-03
-1.804990000000000023e-03
-6.920560000000000080e-03
-1.875560000000000074e-02
-2.428529999999999925e-02
-2.096080000000000165e-02
-1.801049999999999873e-02
-1.237030000000000074e-02
1.111680000000000090e-03
1.614060000000000147e-02
2.663849999999999899e-02
3.259739999999999860e-02
3.442060000000000258e-02
2.900130000000000069e-02
1.855120000000000033e-02
1.366309999999999920e-02
1.225839999999999916e-02
4.122630000000000391e-03
-5.228100000000000282e-03
-6.673779999999999817e-03
-2.077040000000000049e-03
4.220390000000000079e-03
9.629969999999999850e-03
1.260449999999999939e-02
1.478269999999999931e-02
1.816339999999999968e-02
2.038349999999999884e-02
1.925340000000000037e-02
1.578229999999999911e-02
5.889730000000000139e-03
-1.044439999999999952e-02
-1.795870000000000105e-02
-1.120140000000000025e-02
-4.994160000000000092e-03
-6.015229999999999883e-03
-6.295610000000000095e-03
-3.054569999999999941e-03
4.887990000000000477e-04
1.575400000000000021e-03
2.050559999999999883e-03
1.290129999999999923e-02
2.970980000000000149e-02
2.945580000000000073e-02
1.476090000000000041e-02
6.969300000000000321e-03
8.494200000000000361e-03
1.315509999999999943e-02
1.793310000000000043e-02
2.086350000000000010e-02
1.803050000000000139e-02
-9.136079999999999982e-04
-3.023189999999999905e-02
-4.815989999999999854e-02
-5.033220000000000055e-02
-4.823050000000000254e-02
-4.707479999999999998e-02
-3.773069999999999896e-02
-2.013600000000000112e-02
-1.344779999999999934e-02
-1.619100000000000053e-02
-8.599060000000000384e-03
7.731130000000000120e-03
2.071510000000000018e-02
2.266249999999999862e-02
8.227840000000000154e-03
-1.703790000000000165e-02
-3.842860000000000026e-02
-4.405509999999999982e-02
-3.453490000000000032e-02
-1.749020000000000089e-02
-8.234349999999999656e-03
-1.513070000000000040e-02
-1.976309999999999872e-02
-1.510859999999999981e-02
-1.138270000000000080e-02
-3.470050000000000131e-03
5.763759999999999717e-03
-8.331019999999999528e-04
-1.817509999999999959e-02
-2.930570000000000050e-02
-3.361739999999999867e-02
-3.549469999999999709e-02
-3.291709999999999775e-02
-3.005000000000000032e-02
-3.564139999999999669e-02
-4.222069999999999990e-02
-3.582540000000000030e-02
-2.424219999999999847e-02
-2.291850000000000137e-02
-2.414219999999999908e-02
-1.015429999999999978e-02
2.073509999999999937e-02
5.076399999999999663e-02
5.625580000000000164e-02
4.001539999999999958e-02
2.652020000000000072e-02
2.327299999999999855e-02
2.302840000000000095e-02
2.269650000000000140e-02
2.329559999999999964e-02
1.861969999999999945e-02
1.669190000000000083e-03
-1.245399999999999979e-02
-1.195320000000000063e-02
-1.295420000000000078e-02
-2.016460000000000127e-02
-2.491490000000000024e-02
-3.000090000000000048e-02
-3.416729999999999767e-02
-3.380890000000000284e-02
-3.102730000000000071e-02
-2.235600000000000087e-02
-5.114770000000000254e-03
1.647229999999999875e-02
3.472970000000000224e-02
3.661009999999999959e-02
1.927850000000000050e-02
7.435589999999999734e-03
2.718630000000000005e-02
5.186509999999999732e-02
4.072339999999999988e-02
2.041410000000000100e-02
3.074690000000000062e-02
5.129550000000000082e-02
3.733800000000000313e-02
-2.307510000000000030e-03
-2.051100000000000145e-02
-1.955430000000000015e-02
-2.803840000000000152e-02
-3.932540000000000341e-02
-3.165710000000000052e-02
-1.360899999999999957e-02
-1.543630000000000002e-02
-2.924099999999999963e-02
-1.657120000000000121e-02
1.898630000000000109e-02
2.830179999999999849e-02
5.474800000000000369e-04
-1.967700000000000005e-02
-2.089629999999999960e-02
-2.969339999999999827e-02
-3.794680000000000275e-02
-2.383580000000000074e-02
-1.049600000000000012e-02
-2.661940000000000139e-02
-4.947510000000000102e-02
-5.160460000000000047e-02
-4.538969999999999810e-02
-3.909460000000000018e-02
-1.587840000000000085e-02
2.664069999999999980e-02
5.224009999999999765e-02
4.167529999999999846e-02
2.321490000000000012e-02
6.088259999999999852e-03
-1.732969999999999997e-02
-3.005889999999999951e-02
-2.791010000000000019e-02
-3.195470000000000255e-02
-3.672630000000000339e-02
-2.689590000000000036e-02
-1.747989999999999960e-02
-8.968320000000000111e-03
1.304839999999999993e-02
2.815350000000000144e-02
1.121710000000000068e-02
-2.383139999999999911e-02
-4.309459999999999680e-02
-4.126749999999999863e-02
-4.130559999999999787e-02
-3.856690000000000118e-02
-6.560759999999999682e-03
4.954309999999999964e-02
9.408610000000000584e-02
1.033739999999999937e-01
9.053730000000000111e-02
8.411209999999999520e-02
7.723770000000000635e-02
4.518930000000000169e-02
7.780429999999999638e-03
-1.307600000000000082e-02
-3.033699999999999938e-02
-4.479000000000000342e-02
-3.960049999999999681e-02
-1.938310000000000033e-02
-1.111739999999999950e-02
-2.223980000000000054e-02
-4.450500000000000289e-02
-5.965840000000000032e-02
-4.551199999999999690e-02
-1.889520000000000088e-02
-4.627749999999999919e-03
-2.683039999999999817e-03
1.937530000000000025e-03
3.205229999999999885e-02
6.424520000000000231e-02
4.661169999999999897e-02
-1.111810000000000055e-02
-4.364459999999999867e-02
-3.507509999999999795e-02
-3.705300000000000260e-02
-4.319510000000000016e-02
-8.293719999999999218e-03
4.350160000000000138e-02
5.043899999999999773e-02
6.023500000000000208e-03
-2.333990000000000023e-02
-9.219379999999999242e-03
-1.604739999999999899e-03
-2.727049999999999960e-02
-3.988799999999999985e-02
2.147780000000000175e-03
5.639000000000000262e-02
4.569510000000000238e-02
-5.601629999999999804e-03
-8.281739999999999892e-04
3.664499999999999702e-02
-4.326899999999999843e-03
-1.012969999999999982e-01
-1.204889999999999989e-01
-7.026870000000000338e-02
-4.932689999999999991e-02
-4.211050000000000210e-02
-2.905129999999999865e-02
-3.059059999999999904e-02
-1.872280000000000125e-02
1.006860000000000047e-02
1.182979999999999969e-02
-1.039119999999999974e-02
-1.884819999999999898e-02
-1.844629999999999881e-02
-3.087099999999999914e-02
-4.871989999999999654e-02
-5.578570000000000056e-02
-4.155749999999999722e-02
-9.788250000000000076e-03
3.445999999999999758e-02
8.742969999999999908e-02
1.123780000000000057e-01
8.886750000000000205e-02
3.522310000000000024e-02
-1.885409999999999864e-02
-3.391419999999999851e-02
-1.694060000000000010e-02
-1.584299999999999944e-02
-3.001819999999999836e-02
-2.357839999999999936e-02
1.416279999999999969e-02
6.628280000000000283e-02
8.481569999999999387e-02
4.644220000000000292e-02
7.873450000000000587e-03
1.409410000000000046e-03
-1.587840000000000085e-02
-5.215929999999999872e-02
-6.364019999999999400e-02
-3.566939999999999694e-02
-2.613390000000000157e-03
8.478019999999999307e-03
1.581710000000000060e-02
4.915920000000000012e-02
8.728360000000000285e-02
7.286960000000000659e-02
1.408520000000000084e-02
-4.134770000000000112e-02
-7.213790000000000480e-02
-7.326359999999999817e-02
-5.061170000000000252e-02
-6.074590000000000371e-03
4.946579999999999727e-02
8.597380000000000300e-02
7.294760000000000133e-02
2.382799999999999849e-02
7.544980000000000393e-04
1.834119999999999848e-02
2.944269999999999873e-02
2.806200000000000014e-02
3.518600000000000200e-02
3.972370000000000068e-02
2.685289999999999899e-02
4.916219999999999792e-03
-2.853500000000000134e-03
2.109310000000000091e-03
3.779949999999999803e-03
1.176139999999999998e-02
2.678919999999999912e-02
2.643850000000000020e-02
1.016880000000000041e-02
-1.019509999999999948e-03
-8.842779999999999738e-03
-3.193950000000000261e-02
-5.579329999999999706e-02
-6.294710000000000583e-02
-5.901420000000000277e-02
-3.974830000000000030e-02
-1.870979999999999865e-02
-1.478239999999999936e-02
-1.086829999999999914e-02
1.622769999999999942e-03
1.160749999999999976e-02
1.845439999999999928e-02
2.086059999999999998e-02
1.070139999999999980e-02
-1.769519999999999958e-04
1.635270000000000126e-02
5.446499999999999952e-02
8.743059999999999721e-02
1.080020000000000008e-01
1.016910000000000036e-01
6.816389999999999949e-02
5.378829999999999723e-02
8.695050000000000001e-02
1.255340000000000067e-01
1.119020000000000015e-01
6.372419999999999474e-02
3.763629999999999753e-02
2.705880000000000091e-02
-9.848519999999999497e-03
-6.169050000000000228e-02
-9.348449999999999815e-02
-1.026009999999999978e-01
-1.044329999999999981e-01
-1.113200000000000023e-01
-1.115899999999999948e-01
-9.764470000000000094e-02
-7.723689999999999722e-02
-4.260880000000000223e-02
-4.492570000000000417e-03
-1.005890000000000083e-02
-5.383369999999999822e-02
-6.698850000000000637e-02
-4.095990000000000048e-02
-4.700700000000000364e-03
3.696549999999999836e-02
5.886199999999999766e-02
5.779820000000000096e-02
6.147450000000000137e-02
4.225170000000000314e-02
-1.077310000000000073e-02
-2.444870000000000029e-02
1.784430000000000044e-02
4.384489999999999915e-02
3.087140000000000023e-02
1.366870000000000064e-02
4.744800000000000406e-03
8.564379999999999910e-03
3.252080000000000248e-02
5.223730000000000040e-02
5.124839999999999951e-02
5.933800000000000185e-02
5.096869999999999873e-02
-1.185540000000000031e-02
-4.398309999999999720e-02
-2.227760000000000157e-02
-2.897220000000000004e-02
-4.015490000000000032e-02
-3.452919999999999948e-03
5.026019999999999793e-02
8.072690000000000421e-02
7.616480000000000472e-02
4.345430000000000126e-02
4.805140000000000279e-03
-1.177249999999999998e-02
-1.038930000000000062e-02
-1.547100000000000038e-02
-2.591330000000000022e-02
-3.139700000000000130e-02
-3.280910000000000076e-02
-2.628319999999999962e-02
-1.061800000000000070e-02
-7.298769999999999781e-04
-8.804189999999999933e-03
-2.678120000000000153e-02
-3.408250000000000168e-02
-2.753409999999999885e-02
-8.656519999999999146e-03
3.381510000000000071e-02
7.672679999999999778e-02
7.591530000000000500e-02
3.660150000000000209e-02
-2.700590000000000108e-03
-1.578840000000000104e-02
-7.610549999999999780e-03
-9.170189999999999939e-03
-2.638690000000000133e-02
-3.943409999999999971e-02
-4.667580000000000340e-02
-4.329949999999999771e-02
-2.677070000000000144e-02
-2.195539999999999992e-02
-2.674959999999999838e-02
-1.948290000000000091e-02
-3.844549999999999964e-03
1.607290000000000108e-02
4.641379999999999811e-02
7.718460000000000598e-02
8.306429999999999370e-02
5.627479999999999982e-02
1.580749999999999864e-02
-3.255919999999999821e-03
2.885639999999999972e-04
2.195959999999999839e-03
1.062369999999999981e-02
1.876720000000000124e-02
7.477679999999999570e-03
3.988760000000000049e-03
2.062670000000000128e-02
2.277950000000000114e-02
1.591949999999999962e-02
2.197779999999999873e-02
9.518399999999999778e-03
-2.888699999999999948e-02
-4.846500000000000113e-02
-3.462810000000000193e-02
-1.761220000000000147e-02
-1.344700000000000062e-02
4.777619999999999784e-03
4.713490000000000041e-02
6.867209999999999981e-02
4.443720000000000309e-02
1.060479999999999930e-02
1.048260000000000077e-03
5.086629999999999971e-03
1.533590000000000040e-03
-1.128810000000000056e-02
-1.790960000000000121e-02
-1.244179999999999939e-02
-1.034529999999999998e-02
-1.232570000000000020e-02
-7.151890000000000157e-03
-2.145639999999999874e-03
-8.462440000000000110e-04
1.438629999999999944e-02
2.770239999999999855e-02
-9.836700000000000305e-03
-6.530590000000000006e-02
-6.788629999999999665e-02
-4.832619999999999971e-02
-4.613799999999999846e-02
-3.786649999999999738e-02
-1.859130000000000157e-02
-4.650529999999999942e-03
-3.087560000000000044e-03
-4.432069999999999760e-03
2.789760000000000070e-03
1.303170000000000023e-02
1.928289999999999865e-02
2.176329999999999931e-02
2.842530000000000057e-02
5.293769999999999726e-02
7.667079999999999729e-02
4.930609999999999854e-02
-7.011009999999999812e-03
-2.058549999999999963e-02
2.480170000000000074e-04
8.112050000000000857e-03
-1.011090000000000079e-02
-3.500759999999999983e-02
-4.398110000000000214e-02
-3.579630000000000312e-02
-1.260149999999999985e-02
1.191949999999999954e-02
2.011850000000000097e-02
2.090639999999999860e-02
1.596909999999999996e-02
-1.445719999999999991e-02
-4.662979999999999903e-02
-4.323699999999999766e-02
-2.791880000000000056e-02
-1.970109999999999917e-02
8.887870000000000405e-04
3.062290000000000151e-02
4.028520000000000018e-02
1.394519999999999961e-02
-2.036630000000000038e-02
-2.566349999999999881e-02
-3.293039999999999856e-02
-6.329849999999999366e-02
-7.764450000000000518e-02
-6.857159999999999644e-02
-5.168219999999999759e-02
-3.232789999999999969e-02
-1.014010000000000085e-02
1.815409999999999940e-02
4.090470000000000217e-02
4.894210000000000227e-02
3.475330000000000086e-02
-2.229230000000000014e-03
-1.919169999999999904e-02
6.313199999999999715e-03
3.548620000000000246e-02
3.927359999999999879e-02
2.505780000000000160e-02
3.426740000000000168e-03
-2.164500000000000104e-02
-3.447709999999999664e-02
-3.070389999999999925e-02
-3.134660000000000224e-02
-3.551880000000000315e-02
-2.731839999999999963e-02
-8.481040000000000453e-03
2.286530000000000160e-02
4.848000000000000226e-02
2.984799999999999953e-02
-1.571929999999999855e-02
-3.088930000000000148e-02
-9.467410000000000755e-03
3.464950000000000061e-03
-4.945379999999999871e-04
1.406370000000000016e-02
5.058880000000000321e-02
8.051609999999999323e-02
9.101650000000000018e-02
6.668159999999999366e-02
6.109899999999999706e-03
-4.984020000000000117e-02
-7.667469999999999841e-02
-7.954219999999999346e-02
-7.211470000000000380e-02
-6.509389999999999621e-02
-3.813989999999999742e-02
-8.065490000000000463e-04
-9.429899999999999958e-04
-7.258439999999999684e-03
1.217350000000000029e-02
8.564020000000000313e-03
-2.478009999999999935e-02
-4.196769999999999667e-02
-3.217819999999999708e-02
-1.925210000000000116e-02
-1.435890000000000083e-02
-5.275130000000000270e-03
1.457999999999999921e-02
3.035780000000000076e-02
3.053319999999999992e-02
2.254890000000000019e-02
1.667599999999999985e-02
1.427559999999999940e-02
1.197559999999999944e-02
1.263530000000000035e-02
1.643850000000000172e-02
1.674549999999999997e-02
1.411349999999999931e-02
8.211880000000000394e-04
-3.663530000000000258e-02
-6.552969999999999628e-02
-4.390929999999999833e-02
-4.949150000000000250e-03
4.552890000000000409e-03
-3.061980000000000116e-05
8.278260000000000826e-03
2.191769999999999829e-02
2.057159999999999891e-02
7.572459999999999608e-03
8.984380000000000144e-03
2.922369999999999829e-02
4.553600000000000009e-02
4.398139999999999689e-02
2.782219999999999832e-02
1.524340000000000070e-02
1.080790000000000049e-02
-8.190829999999999639e-03
-3.389899999999999858e-02
-4.080260000000000137e-02
-3.609450000000000158e-02
-2.747310000000000030e-02
-6.486470000000000256e-03
1.874110000000000012e-02
2.407619999999999899e-02
2.142130000000000076e-02
3.350539999999999768e-02
3.694120000000000043e-02
2.087009999999999907e-02
1.338780000000000005e-02
1.346879999999999952e-02
3.548560000000000082e-03
-4.929089999999999687e-03
-4.094070000000000001e-03
1.052750000000000083e-03
4.741770000000000186e-03
-3.806219999999999916e-03
-2.121460000000000012e-02
-2.690620000000000164e-02
-9.375539999999999916e-03
2.529980000000000076e-02
6.912300000000000388e-02
9.328659999999999730e-02
7.002640000000000253e-02
3.072369999999999962e-02
1.153269999999999990e-02
1.150029999999999976e-02
1.742000000000000146e-02
2.433290000000000106e-02
4.180380000000000207e-02
6.409310000000000007e-02
6.653960000000000430e-02
4.664100000000000190e-02
2.700520000000000004e-02
1.517800000000000052e-02
2.261050000000000126e-03
-8.218130000000000573e-03
1.972499999999999861e-03
2.385989999999999986e-02
2.881449999999999984e-02
2.690259999999999874e-02
2.911889999999999964e-02
1.881800000000000139e-02
5.243339999999999980e-03
3.421650000000000039e-03
-1.066410000000000058e-03
-1.063410000000000050e-02
-1.287950000000000032e-02
-1.483029999999999939e-02
-1.919569999999999957e-02
-6.152379999999999828e-03
1.630190000000000111e-02
1.033470000000000048e-02
-1.025530000000000018e-02
-1.032479999999999900e-03
1.426089999999999997e-02
-1.417290000000000043e-02
-6.338770000000000515e-02
-7.048740000000000561e-02
-3.894190000000000151e-02
-2.692639999999999964e-02
-2.946589999999999973e-02
-1.924790000000000008e-03
3.078329999999999955e-02
3.590050000000000185e-02
3.172189999999999732e-02
1.175189999999999915e-02
-3.635370000000000268e-02
-6.466280000000000638e-02
-5.492269999999999791e-02
-5.254029999999999812e-02
-4.013710000000000194e-02
2.000050000000000092e-02
7.101880000000000692e-02
7.131379999999999664e-02
6.681950000000000389e-02
7.161409999999999998e-02
6.387149999999999772e-02
5.704240000000000005e-02
5.441189999999999916e-02
3.733619999999999994e-02
-1.073530000000000057e-03
-3.843309999999999782e-02
-4.144250000000000017e-02
-2.214450000000000099e-02
-1.054549999999999932e-02
-6.751590000000000022e-03
-2.090709999999999964e-03
-1.838830000000000065e-03
-9.074499999999999234e-03
-1.532279999999999927e-02
-1.990640000000000118e-02
-2.718500000000000083e-02
-3.000759999999999886e-02
-1.895950000000000066e-02
4.288329999999999920e-03
2.811639999999999973e-02
3.580409999999999843e-02
3.471119999999999761e-02
4.658609999999999834e-02
6.171569999999999834e-02
6.694039999999999713e-02
6.406280000000000308e-02
5.092540000000000261e-02
3.495100000000000290e-02
2.360490000000000158e-02
1.187219999999999942e-02
8.049540000000000861e-03
2.481830000000000147e-02
3.799179999999999918e-02
2.890979999999999939e-02
1.905899999999999955e-02
1.008460000000000086e-02
-9.714419999999999653e-03
-2.543870000000000159e-02
-3.142169999999999686e-02
-4.076599999999999668e-02
-4.191580000000000306e-02
-1.014310000000000038e-02
3.513279999999999875e-02
6.857480000000000520e-02
9.109899999999999942e-02
7.171800000000000397e-02
9.001089999999999786e-03
-3.791390000000000038e-02
-5.078300000000000175e-02
-5.912939999999999863e-02
-7.818120000000000624e-02
-8.971500000000000308e-02
-7.505280000000000284e-02
-2.936909999999999868e-02
2.878759999999999999e-02
6.889560000000000128e-02
9.561250000000000304e-02
9.688130000000000353e-02
5.974240000000000106e-02
2.383280000000000121e-02
-6.265360000000000200e-03
-5.161430000000000184e-02
-8.974200000000000232e-02
-1.039920000000000011e-01
-9.359499999999999764e-02
-5.060780000000000139e-02
-1.344730000000000057e-02
-1.179790000000000005e-03
2.744610000000000105e-02
5.477560000000000068e-02
4.056389999999999996e-02
1.023579999999999976e-02
-6.518930000000000037e-03
-1.862669999999999951e-02
-2.786080000000000154e-02
-2.549600000000000130e-02
-2.430320000000000050e-02
-2.970070000000000002e-02
-2.420560000000000073e-02
-2.625569999999999814e-03
2.233330000000000037e-02
5.095439999999999692e-02
6.777370000000000616e-02
2.911160000000000136e-02
-3.589139999999999692e-02
-6.247509999999999869e-02
-6.586359999999999437e-02
-7.278389999999999860e-02
-6.671720000000000428e-02
-4.689469999999999750e-02
-1.575060000000000002e-02
3.950700000000000045e-02
8.389820000000000610e-02
7.726619999999999322e-02
4.208220000000000016e-02
-1.461280000000000077e-04
-4.094539999999999985e-02
-5.521039999999999975e-02
-4.954419999999999658e-02
-5.033420000000000255e-02
-5.578779999999999850e-02
-5.628609999999999863e-02
-5.068199999999999789e-02
-3.965570000000000206e-02
-1.930489999999999984e-02
1.782800000000000010e-02
5.502939999999999915e-02
5.632480000000000125e-02
2.367829999999999935e-02
-1.083119999999999916e-02
-3.663600000000000190e-02
-6.232780000000000264e-02
-8.908149999999999402e-02
-9.604899999999999549e-02
-5.118179999999999952e-02
1.579380000000000020e-02
3.299420000000000130e-02
3.531900000000000317e-02
6.909790000000000376e-02
6.165230000000000016e-02
8.591109999999999676e-04
-2.722350000000000117e-02
-1.606890000000000054e-02
-2.251960000000000073e-02
-4.329179999999999834e-02
-3.958579999999999738e-02
-1.106659999999999935e-02
2.872440000000000063e-02
5.396429999999999977e-02
3.780059999999999670e-02
2.277109999999999898e-02
2.950370000000000076e-02
1.097039999999999994e-02
-2.922040000000000054e-02
-5.204199999999999798e-02
-6.438800000000000079e-02
-8.135080000000000089e-02
-7.937579999999999636e-02
-5.301879999999999787e-02
-3.356060000000000293e-02
-1.990000000000000102e-02
7.791840000000000398e-04
3.318489999999999895e-03
-1.356770000000000025e-02
-1.380780000000000028e-02
6.562450000000000054e-03
2.249079999999999829e-02
2.332369999999999929e-02
1.164710000000000051e-02
-2.940509999999999912e-03
-4.574589999999999906e-03
9.472059999999999161e-03
2.408259999999999915e-02
1.741499999999999992e-02
-1.283459999999999983e-02
-3.452940000000000176e-02
-2.361550000000000107e-02
-1.891350000000000111e-05
8.801750000000000546e-03
1.136719999999999918e-02
1.846050000000000121e-02
3.715509999999999993e-03
-3.360989999999999811e-02
-5.077689999999999981e-02
-5.215899999999999703e-02
-6.674249999999999627e-02
-7.656309999999999505e-02
-6.015729999999999689e-02
-3.843390000000000001e-02
-3.290819999999999856e-02
-3.281939999999999857e-02
-2.847500000000000031e-02
-2.339940000000000075e-02
-1.871650000000000050e-02
-1.043110000000000044e-02
1.240529999999999931e-02
4.346010000000000151e-02
6.023549999999999738e-02
5.803559999999999969e-02
3.950649999999999995e-02
1.765680000000000027e-02
1.300579999999999965e-02
2.500499999999999945e-02
2.832159999999999886e-02
-3.309990000000000068e-03
-5.569799999999999751e-02
-8.331739999999999979e-02
-7.787810000000000565e-02
-7.637850000000000195e-02
-8.500549999999999773e-02
-4.108470000000000177e-02
8.424329999999999319e-02
1.475940000000000030e-01
8.705450000000000688e-02
6.051200000000000329e-02
8.631790000000000296e-02
8.142220000000000013e-02
6.095239999999999686e-02
2.466300000000000089e-02
-1.832210000000000089e-02
-1.551199999999999975e-02
9.663089999999999180e-03
1.053630000000000018e-02
4.633410000000000133e-03
5.695659999999999959e-03
-9.836900000000000852e-03
-4.549419999999999853e-02
-6.418770000000000031e-02
-6.312790000000000068e-02
-7.124270000000000602e-02
-7.395140000000000047e-02
-5.160850000000000160e-02
-1.803280000000000161e-02
5.266879999999999826e-03
6.844629999999999985e-03
9.383149999999999824e-03
2.691839999999999858e-02
2.963879999999999987e-02
-4.829929999999999640e-03
-6.003730000000000178e-02
-9.554840000000000555e-02
-8.181479999999999309e-02
-7.761289999999999682e-03
8.659699999999999342e-02
1.115550000000000014e-01
8.245510000000000339e-02
8.272930000000000561e-02
8.398160000000000347e-02
3.609860000000000152e-02
-1.664879999999999832e-02
-3.294020000000000281e-02
-4.167160000000000308e-02
-5.423139999999999905e-02
-4.112679999999999808e-02
-1.112559999999999938e-02
1.335169999999999933e-02
2.644350000000000173e-02
1.162990000000000031e-02
-1.046919999999999969e-02
-1.096590000000000065e-02
-7.180599999999999657e-03
-6.099160000000000172e-03
3.529200000000000132e-03
2.238009999999999999e-02
3.635270000000000168e-02
3.632509999999999906e-02
3.816370000000000179e-02
3.706410000000000260e-02
4.564140000000000384e-03
-4.735500000000000126e-02
-7.138609999999999400e-02
-5.795329999999999926e-02
-3.726360000000000089e-02
-9.391510000000000483e-03
2.540279999999999969e-02
4.460399999999999782e-02
5.715889999999999860e-02
6.211110000000000242e-02
2.769620000000000068e-02
-3.375530000000000197e-02
-6.570700000000000152e-02
-4.885550000000000309e-02
-2.807050000000000170e-02
-3.356220000000000037e-02
-3.459140000000000131e-02
-1.202040000000000053e-02
1.090580000000000022e-02
2.217790000000000039e-02
3.402670000000000000e-02
5.111120000000000246e-02
5.104419999999999791e-02
1.529450000000000080e-02
-2.989730000000000165e-02
-5.012199999999999989e-02
-5.573129999999999751e-02
-5.832980000000000109e-02
-4.413489999999999774e-02
-1.710180000000000033e-02
1.345550000000000045e-02
4.232190000000000257e-02
5.514510000000000245e-02
4.422439999999999705e-02
2.406480000000000077e-02
5.608850000000000294e-03
-1.187419999999999969e-02
-1.426389999999999950e-02
-4.698039999999999682e-03
2.613839999999999762e-04
2.775600000000000029e-03
2.932580000000000169e-03
-8.984260000000000856e-03
-2.703559999999999991e-02
-2.644459999999999866e-02
-5.947150000000000006e-03
8.507769999999999569e-03
8.999160000000000839e-03
3.795789999999999841e-03
-4.648809999999999748e-03
-1.208249999999999949e-02
-1.652709999999999943e-02
-1.738019999999999843e-02
-1.145529999999999986e-02
-4.350170000000000425e-03
4.580240000000000179e-03
1.664140000000000064e-02
1.397780000000000029e-02
-5.497209999999999770e-03
-2.261029999999999984e-02
-2.571079999999999893e-02
-1.697809999999999944e-02
-8.094159999999999550e-03
-8.727359999999999979e-03
-1.579859999999999945e-02
-1.038599999999999940e-02
1.514579999999999919e-02
3.407000000000000306e-02
2.019719999999999849e-02
-1.232369999999999993e-02
-2.441729999999999942e-02
-3.001030000000000017e-03
1.849699999999999955e-02
3.187269999999999687e-02
5.313829999999999942e-02
3.603200000000000153e-02
-2.170350000000000057e-02
-5.017259999999999776e-02
-6.405689999999999995e-02
-7.909259999999999902e-02
-5.432700000000000029e-02
-5.669350000000000084e-03
2.558650000000000160e-02
3.805719999999999936e-02
5.765019999999999867e-02
6.902890000000000414e-02
3.232290000000000163e-02
-1.446390000000000002e-02
-2.608469999999999886e-02
-4.030530000000000224e-02
-6.429139999999999855e-02
-4.738930000000000226e-02
-9.752689999999999623e-03
8.220490000000000436e-04
-2.203119999999999818e-03
1.550200000000000059e-03
1.286900000000000023e-02
3.710089999999999916e-02
6.813610000000000499e-02
6.525690000000000657e-02
1.983750000000000097e-02
-1.552219999999999989e-02
-2.864670000000000064e-02
-4.528039999999999843e-02
-4.173140000000000183e-02
-3.491419999999999853e-03
1.947710000000000066e-02
1.295310000000000038e-02
1.276790000000000043e-02
1.814419999999999922e-02
9.785979999999999679e-03
-1.645170000000000052e-03
2.459900000000000107e-03
1.906899999999999915e-02
2.785119999999999957e-02
1.452799999999999925e-02
-8.013150000000000134e-03
-1.781730000000000119e-02
-2.032209999999999919e-02
-2.589670000000000166e-02
-2.327540000000000164e-02
-1.514240000000000030e-02
-1.678199999999999831e-02
-2.303780000000000064e-02
-2.458859999999999865e-02
-2.498219999999999955e-02
-3.146229999999999860e-02
-4.449360000000000120e-02
-4.366969999999999880e-02
-2.200219999999999954e-02
-6.216730000000000173e-03
4.386909999999999941e-03
7.370429999999999864e-03
-1.784499999999999975e-02
-3.074850000000000153e-02
5.053779999999999904e-03
4.753570000000000018e-02
5.237200000000000188e-02
2.169779999999999973e-02
-3.967799999999999626e-03
1.676470000000000043e-02
4.696319999999999661e-02
3.206180000000000141e-02
8.499770000000000242e-03
2.208830000000000168e-02
4.391810000000000158e-02
3.281649999999999845e-02
5.921419999999999966e-05
-1.552169999999999939e-02
-1.370049999999999914e-02
-2.220360000000000042e-02
-3.705279999999999685e-02
-4.447369999999999796e-02
-5.116699999999999721e-02
-5.392759999999999915e-02
-4.000580000000000108e-02
-2.010390000000000094e-02
-7.663589999999999638e-03
4.923519999999999806e-03
1.285290000000000044e-02
-1.056670000000000005e-02
-5.201850000000000224e-02
-6.654880000000000517e-02
-6.547999999999999654e-02
-7.435179999999999567e-02
-6.209309999999999830e-02
-9.032890000000000016e-03
3.802309999999999718e-02
6.747209999999999319e-02
8.315100000000000269e-02
3.968220000000000081e-02
-1.123049999999999916e-02
-1.094700000000000013e-02
1.211560000000000067e-02
4.900670000000000026e-02
6.630900000000000682e-02
4.068839999999999957e-02
8.927539999999999434e-03
-1.739670000000000018e-03
-4.703449999999999835e-05
2.564889999999999792e-03
1.868150000000000019e-02
4.115130000000000177e-02
4.684039999999999732e-02
3.225070000000000020e-02
3.368729999999999902e-03
-1.516080000000000032e-02
-1.164540000000000020e-02
4.085949999999999652e-03
3.976899999999999880e-02
7.296959999999999558e-02
5.412639999999999812e-02
5.465490000000000148e-04
-3.530250000000000055e-02
-4.455250000000000182e-02
-2.658699999999999952e-02
8.400319999999999315e-03
7.901250000000000287e-03
-3.132379999999999887e-02
-4.204709999999999698e-02
-7.655649999999999955e-03
2.074169999999999833e-02
1.985980000000000037e-02
1.408170000000000081e-02
9.347950000000000703e-03
-2.887879999999999787e-03
-7.673059999999999777e-03
5.358810000000000309e-03
2.262559999999999918e-02
3.064839999999999925e-02
3.601270000000000165e-02
4.458129999999999732e-02
5.068369999999999820e-02
4.847889999999999838e-02
3.749969999999999692e-02
2.415770000000000070e-02
5.489400000000000182e-03
-2.932210000000000025e-02
-5.779159999999999853e-02
-4.532520000000000299e-02
-1.701280000000000153e-02
-8.355450000000000377e-03
-1.233650000000000089e-04
2.820280000000000009e-02
4.330749999999999877e-02
1.408719999999999938e-02
-1.605159999999999920e-02
-1.107059999999999989e-02
-3.361659999999999822e-03
-1.244789999999999959e-02
-3.733890000000000126e-03
3.083210000000000117e-02
5.363300000000000012e-02
6.378430000000000211e-02
5.852330000000000032e-02
3.000989999999999908e-02
1.564770000000000050e-02
2.051640000000000061e-02
2.425510000000000166e-02
2.733500000000000166e-02
1.197409999999999967e-02
-1.625789999999999874e-02
-2.280760000000000079e-02
-2.093329999999999844e-02
-1.808430000000000107e-02
6.150730000000000086e-03
3.168689999999999701e-02
5.108399999999999747e-02
7.677069999999999728e-02
7.388699999999999435e-02
4.112140000000000239e-02
2.949929999999999913e-02
3.383680000000000021e-02
2.280920000000000170e-02
9.031269999999999229e-03
1.455580000000000068e-02
3.036229999999999832e-02
3.521579999999999849e-02
3.259429999999999966e-02
3.076330000000000037e-02
1.811149999999999913e-02
4.403640000000000007e-04
9.421219999999999248e-03
4.182480000000000225e-02
5.332180000000000253e-02
2.531289999999999929e-02
-1.180499999999999952e-02
-2.247369999999999923e-02
-1.650369999999999962e-02
-2.296789999999999943e-02
-3.724299999999999833e-02
-4.758239999999999692e-02
-5.766700000000000298e-02
-6.023740000000000344e-02
-4.839029999999999720e-02
-1.269580000000000014e-02
4.137300000000000005e-02
7.221940000000000304e-02
7.174469999999999459e-02
3.843379999999999713e-02
-1.601419999999999927e-02
-4.019400000000000056e-02
-3.972359999999999780e-02
-1.406789999999999950e-02
3.324440000000000034e-02
3.238490000000000119e-02
6.731550000000000424e-04
-8.222969999999999585e-03
-1.749179999999999832e-02
-3.277530000000000027e-02
-3.536630000000000329e-02
-1.760269999999999890e-02
2.773810000000000164e-02
7.581040000000000001e-02
8.576069999999999527e-02
6.605220000000000535e-02
3.611489999999999839e-02
-6.134419999999999804e-03
-3.525369999999999893e-02
-3.576990000000000031e-02
-2.693450000000000011e-02
-1.230569999999999928e-02
1.221629999999999938e-02
3.478810000000000235e-02
4.534379999999999661e-02
5.316390000000000005e-02
7.021280000000000576e-02
9.737790000000000334e-02
1.237049999999999955e-01
1.110109999999999986e-01
5.754870000000000124e-02
2.096719999999999834e-02
-1.324380000000000002e-03
-5.148579999999999823e-02
-1.140999999999999931e-01
-1.427480000000000138e-01
-9.406710000000000071e-02
-1.401289999999999914e-03
4.824049999999999866e-02
5.410460000000000269e-02
3.864080000000000292e-02
1.130459999999999972e-02
8.744099999999999442e-03
1.984450000000000103e-02
9.675069999999999157e-03
-2.018019999999999883e-02
-5.509080000000000227e-02
-6.896249999999999603e-02
-6.104140000000000260e-02
-7.068950000000000233e-02
-8.551980000000000692e-02
-5.088960000000000011e-02
4.181979999999999725e-02
1.298829999999999985e-01
1.144249999999999989e-01
1.872280000000000125e-02
-2.760510000000000047e-02
-3.180260000000000031e-02
-6.372310000000000474e-02
-7.518310000000000271e-02
-4.213250000000000328e-02
-2.747259999999999980e-02
-3.428210000000000285e-02
-2.783719999999999944e-02
-1.185779999999999994e-02
1.337939999999999963e-02
4.065919999999999951e-02
3.984979999999999772e-02
2.671389999999999876e-02
3.958029999999999882e-02
4.584730000000000055e-02
1.718170000000000114e-02
-8.457199999999999787e-03
-2.012419999999999834e-02
-1.801859999999999920e-02
1.345140000000000051e-02
4.245020000000000043e-02
4.827540000000000303e-02
6.005699999999999927e-02
8.220410000000000217e-02
8.546099999999999530e-02
6.610810000000000297e-02
4.553080000000000321e-02
2.093839999999999937e-02
-1.291559999999999930e-02
-3.709409999999999791e-02
-5.373710000000000292e-02
-7.809359999999999913e-02
-8.630060000000000509e-02
-5.657070000000000154e-02
4.682750000000000280e-03
8.496159999999999823e-02
1.294909999999999950e-01
1.178089999999999971e-01
1.030770000000000020e-01
7.554059999999999941e-02
2.224989999999999954e-02
-1.256550000000000028e-02
-4.428019999999999873e-02
-9.512429999999999497e-02
-1.190240000000000048e-01
-1.125639999999999974e-01
-1.132770000000000027e-01
-1.053079999999999988e-01
-5.715930000000000316e-02
9.231750000000000372e-03
2.247990000000000058e-02
-4.467140000000000000e-02
-1.054279999999999939e-01
-9.352570000000000328e-02
-6.273579999999999435e-02
-3.682810000000000250e-02
3.138269999999999862e-03
4.050829999999999709e-02
6.494579999999999798e-02
7.203769999999999618e-02
3.324330000000000340e-02
-4.053699999999999665e-02
-6.661090000000000066e-02
-4.256990000000000079e-02
-3.878159999999999941e-02
-4.228180000000000133e-02
-1.913460000000000161e-02
2.534250000000000044e-02
7.334300000000000541e-02
7.728889999999999372e-02
3.188780000000000087e-02
-1.448400000000000078e-03
-7.450329999999999800e-03
-8.180319999999999606e-03
8.568379999999999573e-04
5.907609999999999771e-03
-1.860030000000000017e-02
-4.966199999999999781e-02
-4.947290000000000021e-02
-1.993110000000000021e-02
8.986569999999999281e-03
1.560220000000000010e-02
1.435640000000000006e-02
1.590760000000000091e-02
1.611210000000000073e-02
2.269590000000000149e-02
1.464700000000000030e-02
-1.706929999999999906e-02
-3.467619999999999730e-02
-3.004449999999999829e-02
-3.067539999999999850e-02
-4.184659999999999769e-02
-4.132040000000000018e-02
-2.930189999999999878e-02
-2.573620000000000074e-02
-1.869940000000000144e-02
-2.843989999999999799e-03
1.164499999999999954e-03
3.598560000000000213e-03
2.035930000000000031e-02
3.744689999999999824e-02
4.736499999999999738e-02
4.723050000000000165e-02
2.215989999999999974e-02
-5.729859999999999814e-03
-4.460910000000000222e-03
1.060849999999999987e-02
2.693769999999999845e-02
3.353690000000000143e-02
1.461349999999999975e-02
-1.009110000000000042e-02
-2.450899999999999954e-02
-4.109050000000000202e-02
-5.673240000000000227e-02
-4.632750000000000062e-02
-4.095470000000000143e-04
5.349779999999999813e-02
7.181110000000000271e-02
4.777449999999999752e-02
1.986479999999999843e-02
-1.653780000000000094e-03
-4.005940000000000195e-02
-7.442120000000000679e-02
-8.046970000000000511e-02
-7.504619999999999347e-02
-6.828230000000000410e-02
-6.526319999999999344e-02
-6.510820000000000496e-02
-4.864650000000000224e-02
-1.096669999999999937e-02
2.587400000000000116e-02
4.436840000000000228e-02
5.586689999999999712e-02
6.360390000000000488e-02
3.974380000000000274e-02
-7.847140000000000712e-03
-2.493449999999999833e-02
-1.161009999999999993e-02
-1.179640000000000029e-02
-1.070370000000000002e-02
2.252120000000000163e-02
6.739910000000000345e-02
7.989649999999999530e-02
4.745510000000000006e-02
2.233730000000000090e-02
3.360960000000000336e-02
3.726419999999999733e-02
2.090209999999999985e-02
1.954639999999999850e-02
3.740949999999999831e-02
4.449890000000000095e-02
3.007570000000000035e-02
1.013329999999999960e-02
-4.993530000000000364e-03
6.338309999999999778e-03
4.105929999999999996e-02
4.655150000000000260e-02
3.032450000000000076e-02
3.703700000000000048e-02
4.680170000000000163e-02
3.259440000000000254e-02
2.367580000000000032e-02
4.941120000000000234e-02
7.643890000000000406e-02
6.408940000000000470e-02
1.870279999999999859e-02
-3.471269999999999911e-02
-5.698990000000000306e-02
-4.617210000000000064e-02
-4.868080000000000324e-02
-5.431010000000000004e-02
-3.636000000000000343e-02
-1.009570000000000085e-02
1.665370000000000045e-02
3.907959999999999906e-02
4.060539999999999983e-02
1.831719999999999876e-02
-2.988409999999999938e-03
-2.310029999999999809e-03
1.169970000000000038e-02
1.847499999999999837e-02
1.095149999999999943e-02
-1.315460000000000067e-03
-9.944520000000000096e-03
-1.764399999999999996e-02
-2.573690000000000005e-02
-2.526310000000000014e-02
-1.647430000000000075e-02
-2.062780000000000169e-02
-4.284049999999999664e-02
-5.890299999999999703e-02
-6.328889999999999516e-02
-7.014430000000000665e-02
-7.632700000000000595e-02
-6.753499999999999781e-02
-3.174010000000000026e-02
2.439969999999999986e-02
7.448409999999999753e-02
9.354270000000000640e-02
7.651420000000000443e-02
4.445579999999999671e-02
2.966579999999999911e-03
-4.301590000000000275e-02
-6.194270000000000331e-02
-5.059580000000000327e-02
-3.670559999999999795e-02
-3.194829999999999892e-02
-1.783389999999999975e-02
1.536290000000000051e-02
4.501399999999999846e-02
5.872480000000000061e-02
5.964200000000000057e-02
3.445820000000000133e-02
-2.128340000000000093e-02
-5.406790000000000207e-02
-3.465069999999999956e-02
-1.368480000000000044e-02
7.832580000000000011e-04
3.575790000000000218e-02
6.298239999999999394e-02
5.716129999999999822e-02
4.466230000000000200e-02
5.177299999999999958e-02
6.460440000000000627e-02
5.664729999999999766e-02
2.025820000000000051e-02
-3.803200000000000330e-02
-8.572920000000000540e-02
-8.816069999999999462e-02
-7.552910000000000179e-02
-7.475479999999999625e-02
-5.362469999999999737e-02
6.873100000000000043e-03
8.875700000000000256e-02
9.517019999999999647e-02
-7.155420000000000010e-03
-6.904499999999999527e-02
-4.749729999999999924e-02
-4.036150000000000154e-02
-6.067720000000000058e-02
-6.036840000000000261e-02
-2.099039999999999934e-02
2.754530000000000173e-02
4.952709999999999751e-02
5.426979999999999998e-02
6.219179999999999847e-02
6.054579999999999684e-02
2.669639999999999860e-02
-1.626500000000000168e-02
-4.619700000000000195e-02
-8.622630000000000572e-02
-1.147790000000000060e-01
-1.085779999999999940e-01
-9.054280000000000661e-02
-5.406690000000000107e-02
-6.315209999999999921e-03
2.333959999999999854e-02
4.141159999999999980e-02
4.702289999999999942e-02
2.792280000000000109e-02
1.069280000000000057e-02
1.321310000000000019e-02
1.675250000000000003e-02
1.429779999999999940e-02
1.545999999999999978e-02
2.540020000000000125e-02
4.017620000000000219e-02
5.122999999999999776e-02
4.216260000000000147e-02
2.218470000000000164e-02
2.511499999999999844e-02
2.931440000000000087e-02
7.936500000000000846e-03
5.138770000000000403e-04
2.103769999999999946e-02
1.986189999999999831e-02
-1.932680000000000162e-02
-4.813579999999999942e-02
-4.552069999999999728e-02
-4.277070000000000177e-02
-4.149909999999999710e-02
-1.417530000000000005e-02
3.807760000000000311e-02
9.609120000000000161e-02
1.215220000000000050e-01
1.022639999999999938e-01
8.004410000000000691e-02
5.498159999999999853e-02
1.724650000000000141e-02
-6.190209999999999810e-03
-2.617540000000000144e-02
-6.274470000000000047e-02
-8.559279999999999666e-02
-7.702370000000000050e-02
-5.691859999999999975e-02
-3.061439999999999995e-02
4.201719999999999934e-03
3.422469999999999679e-02
4.829710000000000253e-02
4.966280000000000000e-02
4.401469999999999688e-02
3.519710000000000200e-02
2.661550000000000027e-02
1.406179999999999930e-02
-8.007030000000000050e-03
-3.213259999999999728e-02
-5.104190000000000116e-02
-6.270370000000000110e-02
-6.250600000000000600e-02
-5.616720000000000046e-02
-4.121409999999999657e-02
7.704479999999999662e-03
7.524749999999999495e-02
8.857869999999999633e-02
2.858520000000000158e-02
-4.144699999999999773e-02
-7.160460000000000436e-02
-7.341880000000000628e-02
-8.347880000000000578e-02
-9.539400000000000657e-02
-8.336399999999999366e-02
-6.155379999999999879e-02
-4.791560000000000263e-02
-2.564869999999999997e-02
1.076099999999999973e-02
3.022029999999999855e-02
2.074329999999999924e-02
5.632729999999999855e-03
3.292279999999999859e-03
9.389359999999999373e-03
2.049290000000000139e-02
3.431109999999999716e-02
3.679230000000000000e-02
2.188160000000000105e-02
-7.912819999999999229e-03
-3.750590000000000174e-02
-4.586429999999999674e-02
-4.420339999999999686e-02
-5.292550000000000032e-02
-5.698820000000000274e-02
-3.311379999999999879e-02
1.037779999999999953e-02
3.856629999999999781e-02
4.682469999999999688e-02
6.229900000000000021e-02
5.994080000000000241e-02
-8.240480000000000426e-06
-5.978329999999999755e-02
-6.003440000000000165e-02
-5.936280000000000029e-02
-8.260460000000000025e-02
-5.224379999999999996e-02
1.464329999999999972e-02
3.308790000000000342e-02
3.696610000000000174e-02
6.507830000000000559e-02
7.853459999999999608e-02
7.596930000000000349e-02
8.028219999999999801e-02
7.664500000000000479e-02
3.715369999999999784e-02
-1.465610000000000003e-02
-3.738230000000000025e-02
-4.986299999999999760e-02
-6.805509999999999338e-02
-7.542129999999999668e-02
-5.515359999999999707e-02
-2.667600000000000006e-03
4.646129999999999705e-02
6.639570000000000194e-02
7.159909999999999886e-02
5.494219999999999660e-02
9.561190000000000661e-03
-1.466879999999999920e-02
-1.922309999999999991e-03
3.345789999999999962e-03
5.594639999999999683e-03
1.832220000000000029e-02
2.346149999999999972e-02
2.492899999999999977e-02
1.701750000000000138e-02
-4.260970000000000209e-03
-9.924479999999999413e-03
-5.571999999999999696e-03
-1.860030000000000017e-02
-2.779349999999999876e-02
-5.703009999999999677e-03
1.987469999999999862e-02
1.727069999999999994e-02
7.507159999999999701e-03
1.090550000000000026e-02
1.108819999999999945e-02
-7.453659999999999973e-03
-3.600539999999999990e-02
-5.219170000000000059e-02
-4.693769999999999887e-02
-3.165989999999999777e-02
-1.300519999999999975e-02
2.126990000000000131e-02
5.324050000000000310e-02
4.365970000000000267e-02
9.065149999999999250e-03
-9.133910000000000293e-03
-1.949610000000000058e-03
1.213619999999999977e-02
2.312929999999999847e-02
3.421790000000000248e-02
3.328330000000000177e-02
8.318400000000000100e-03
-2.008340000000000125e-02
-2.914020000000000152e-02
-3.195230000000000292e-02
-3.930449999999999916e-02
-4.330160000000000259e-02
-4.328320000000000084e-02
-4.144620000000000248e-02
-3.627500000000000169e-02
-2.906939999999999871e-02
-2.320149999999999990e-02
-8.634829999999999589e-03
2.782509999999999845e-02
5.553929999999999978e-02
4.343799999999999745e-02
2.401390000000000122e-02
2.115739999999999982e-02
2.078500000000000139e-02
2.145690000000000097e-02
1.832380000000000120e-02
8.046029999999999805e-04
-1.427450000000000073e-02
-1.215369999999999992e-02
-7.475930000000000422e-03
-6.762240000000000091e-03
-5.483830000000000301e-03
-8.151929999999999940e-03
-1.218370000000000043e-02
-1.441929999999999948e-02
-2.243610000000000049e-02
-3.411899999999999655e-02
-3.644710000000000311e-02
-2.682110000000000050e-02
-1.023209999999999918e-02
1.081050000000000066e-02
2.074039999999999911e-02
5.207810000000000217e-03
-2.099490000000000037e-02
-3.556650000000000089e-02
-3.977189999999999892e-02
-4.353649999999999881e-02
-3.621309999999999807e-02
-1.207979999999999991e-02
1.011409999999999913e-02
1.225290000000000060e-02
2.162499999999999926e-03
-4.453309999999999821e-04
-9.783050000000000600e-04
-1.212829999999999984e-02
-2.402429999999999843e-02
-2.095829999999999915e-02
-5.633939999999999608e-03
4.950170000000000264e-03
1.209169999999999978e-05
-1.697150000000000047e-02
-2.760200000000000153e-02
-2.452199999999999866e-02
-2.403730000000000103e-02
-2.552820000000000089e-02
-1.579530000000000170e-02
-8.476430000000000292e-04
1.186639999999999917e-02
2.776520000000000030e-02
5.058529999999999971e-02
7.739769999999999983e-02
9.099799999999999556e-02
5.158419999999999672e-02
-1.974539999999999976e-02
-4.257090000000000179e-02
-2.736589999999999856e-02
-3.016359999999999875e-02
-3.897579999999999795e-02
-3.605459999999999915e-02
-4.053659999999999902e-02
-5.193629999999999775e-02
-4.423719999999999736e-02
-2.729780000000000054e-02
-4.061630000000000101e-02
-8.145149999999999613e-02
-9.725989999999999636e-02
-7.623309999999999809e-02
-5.559150000000000202e-02
-3.742589999999999806e-02
-1.652630000000000071e-02
-5.558849999999999729e-03
6.321539999999999625e-03
2.254820000000000088e-02
1.509090000000000084e-02
-2.243519999999999889e-02
-5.752270000000000300e-02
-7.259809999999999874e-02
-7.310089999999999644e-02
-4.062000000000000333e-02
2.822080000000000075e-02
7.567630000000000190e-02
7.654890000000000305e-02
5.977509999999999768e-02
3.354080000000000256e-02
1.613540000000000113e-02
2.844829999999999928e-02
4.058790000000000314e-02
3.459539999999999837e-02
3.241379999999999956e-02
4.112049999999999733e-02
4.682460000000000094e-02
3.587230000000000280e-02
1.481960000000000048e-02
7.425560000000000320e-03
2.171609999999999860e-02
3.782300000000000245e-02
3.126439999999999775e-02
-3.421359999999999918e-04
-3.332439999999999708e-02
-4.071260000000000157e-02
-3.537019999999999748e-02
-4.034390000000000198e-02
-4.276159999999999684e-02
-2.861899999999999861e-02
-3.169110000000000156e-03
1.920720000000000066e-02
1.742190000000000058e-02
-1.340749999999999928e-02
-4.118589999999999751e-02
-4.519680000000000225e-02
-4.367349999999999705e-02
-4.547210000000000141e-02
-4.042540000000000022e-02
-1.996660000000000101e-02
9.026340000000000752e-03
2.172479999999999897e-02
1.188990000000000012e-02
-5.930200000000000055e-03
-1.476739999999999997e-02
-3.201659999999999836e-03
1.204829999999999963e-02
1.003459999999999942e-02
-3.780980000000000191e-03
-1.092060000000000079e-02
-5.092329999999999947e-04
2.363449999999999926e-02
4.080099999999999699e-02
1.735830000000000012e-02
-3.481469999999999704e-02
-5.099709999999999660e-02
-2.859379999999999908e-02
-1.878180000000000127e-02
-1.481539999999999940e-02
4.011240000000000118e-03
2.037730000000000097e-02
2.860439999999999858e-02
3.561480000000000201e-02
3.202920000000000073e-02
1.020959999999999923e-02
-6.557229999999999830e-03
5.490199999999999768e-03
3.318009999999999710e-02
5.523460000000000175e-02
5.631150000000000044e-02
3.298340000000000299e-02
-3.708669999999999849e-03
-3.812539999999999679e-02
-4.785079999999999889e-02
-3.747940000000000299e-02
-2.614419999999999938e-02
-1.449549999999999970e-02
-1.263790000000000052e-02
-2.666860000000000064e-02
-3.226740000000000164e-02
-1.864580000000000057e-02
-3.528070000000000121e-04
2.004720000000000113e-02
4.023140000000000049e-02
4.732100000000000195e-02
3.352460000000000162e-02
2.050499999999999805e-03
-2.274570000000000064e-02
-2.617960000000000079e-02
-2.247729999999999867e-02
-1.621219999999999953e-02
-7.531140000000000403e-03
2.773779999999999996e-03
2.562549999999999897e-02
4.551220000000000265e-02
3.750649999999999817e-02
2.151439999999999950e-02
2.252650000000000138e-02
3.213839999999999753e-02
2.985180000000000125e-02
6.823909999999999872e-03
-1.958910000000000165e-02
-2.447650000000000173e-02
-8.128500000000000308e-03
7.599490000000000411e-03
5.700979999999999590e-03
-1.923619999999999844e-02
-4.976599999999999774e-02
-5.806730000000000225e-02
-5.282309999999999783e-02
-5.020410000000000150e-02
-4.029139999999999805e-02
-6.450570000000000088e-03
4.763789999999999691e-02
7.703730000000000300e-02
4.390480000000000077e-02
-7.276430000000000398e-03
-1.238449999999999968e-02
5.456169999999999770e-03
6.074859999999999635e-03
6.382280000000000158e-04
-6.798189999999999962e-03
-3.109059999999999949e-02
-5.527809999999999668e-02
-5.392600000000000171e-02
-3.914900000000000324e-02
-1.980820000000000150e-02
1.176920000000000049e-02
3.697299999999999892e-02
3.148839999999999972e-02
1.153260000000000049e-02
6.331169999999999680e-03
8.871340000000000128e-03
5.806799999999999982e-03
1.280470000000000046e-02
3.023050000000000043e-02
2.572930000000000009e-02
-1.210519999999999999e-02
-4.180299999999999988e-02
-3.612950000000000189e-02
-2.615829999999999891e-02
-3.013170000000000084e-02
-3.490420000000000328e-02
-3.483739999999999754e-02
-3.132639999999999730e-02
-2.340429999999999941e-02
-6.749840000000000007e-03
1.693739999999999829e-02
3.720249999999999946e-02
4.640199999999999880e-02
4.545069999999999666e-02
3.795609999999999956e-02
2.213270000000000168e-02
3.631230000000000048e-03
-3.837629999999999861e-03
-7.991450000000000203e-04
5.125359999999999812e-03
1.473640000000000019e-02
2.458060000000000106e-02
2.036320000000000144e-02
8.926299999999999860e-03
1.480060000000000056e-02
2.583929999999999907e-02
1.631710000000000105e-02
1.145479999999999936e-03
-1.436280000000000065e-03
3.089820000000000066e-03
1.181950000000000014e-02
2.241210000000000077e-02
3.064079999999999929e-02
3.622510000000000313e-02
3.561190000000000189e-02
2.623980000000000062e-02
1.467019999999999956e-02
4.352629999999999694e-03
-7.827580000000000648e-03
-1.881760000000000030e-02
-1.961800000000000002e-02
-9.770930000000000587e-03
-1.951969999999999920e-03
-5.159509999999999531e-04
-2.018090000000000162e-03
-5.151489999999999889e-03
-4.294700000000000253e-03
3.416810000000000160e-03
1.519619999999999999e-02
2.695420000000000108e-02
3.255439999999999723e-02
2.331820000000000073e-02
-7.522580000000000065e-03
-3.819899999999999685e-02
-3.665290000000000215e-02
-2.142530000000000129e-02
-1.853689999999999852e-02
-9.725710000000000258e-03
1.608100000000000154e-02
3.871900000000000341e-02
4.604740000000000222e-02
4.423350000000000198e-02
1.673699999999999841e-02
-3.159390000000000115e-02
-4.053110000000000046e-02
-1.340440000000000034e-02
5.309040000000000113e-03
2.324570000000000108e-02
3.952839999999999826e-02
4.218589999999999840e-02
3.412599999999999661e-02
7.915649999999999770e-03
-2.297650000000000040e-02
-3.373459999999999653e-02
-3.738989999999999675e-02
-4.662469999999999809e-02
-4.708999999999999991e-02
-2.224399999999999988e-02
2.671750000000000166e-02
5.638800000000000062e-02
2.190080000000000152e-02
-3.282260000000000039e-02
-3.405720000000000275e-02
-5.069569999999999806e-03
8.465749999999999317e-03
3.238470000000000237e-02
6.154670000000000279e-02
3.926879999999999954e-02
-1.512040000000000085e-02
-2.909899999999999987e-02
-6.883910000000000029e-03
-5.655599999999999994e-04
-5.024319999999999654e-03
-7.058049999999999958e-04
9.790420000000000633e-04
3.573499999999999854e-03
1.062929999999999951e-02
2.256709999999999879e-03
-1.763460000000000027e-02
-1.918829999999999841e-02
1.712060000000000057e-03
2.276390000000000011e-02
1.714720000000000133e-02
-1.918129999999999835e-02
-4.317639999999999673e-02
-2.835450000000000123e-02
-6.197819999999999718e-03
7.481739999999999745e-03
1.859960000000000085e-02
9.645060000000000439e-03
-1.409879999999999987e-02
-1.247189999999999931e-02
1.266719999999999999e-02
2.421480000000000160e-02
1.909270000000000064e-02
1.201280000000000056e-02
4.274159999999999938e-03
-3.591439999999999997e-03
-1.201660000000000054e-02
-2.323379999999999890e-02
-2.805459999999999898e-02
-1.765740000000000018e-02
7.960510000000000502e-03
3.865869999999999723e-02
4.739070000000000088e-02
3.106269999999999865e-02
2.154040000000000121e-02
2.570909999999999862e-02
2.265620000000000134e-02
1.342810000000000011e-02
9.165549999999999739e-03
2.866490000000000184e-03
-5.265220000000000143e-03
1.608669999999999978e-03
3.307580000000000242e-02
6.455909999999999427e-02
5.454309999999999714e-02
1.431100000000000080e-02
-9.837979999999999642e-03
-9.475549999999999251e-03
-4.476720000000000005e-03
-1.189230000000000105e-03
5.111769999999999856e-03
1.344290000000000068e-02
2.221230000000000079e-02
2.611190000000000039e-02
1.670380000000000129e-02
-3.903160000000000136e-03
-2.547779999999999836e-02
-3.267950000000000021e-02
-2.166929999999999898e-02
-5.781159999999999598e-03
9.006220000000000545e-03
1.995339999999999961e-02
2.181109999999999993e-02
1.502530000000000011e-02
-7.702510000000000086e-04
-2.094829999999999956e-02
-2.889320000000000083e-02
-2.156589999999999896e-02
-1.111799999999999941e-02
-5.882910000000000092e-04
8.423850000000000088e-03
1.389819999999999944e-02
1.977500000000000091e-02
2.373250000000000012e-02
2.297590000000000049e-02
2.134379999999999958e-02
1.504430000000000003e-02
1.118029999999999892e-03
-8.301410000000000386e-03
-5.207469999999999634e-03
3.048139999999999964e-03
6.549710000000000254e-03
-3.110550000000000120e-03
-2.452769999999999950e-02
-3.354990000000000056e-02
-2.290789999999999840e-02
-1.238449999999999968e-02
9.746480000000000074e-03
4.629950000000000038e-02
5.461309999999999776e-02
2.183840000000000087e-02
-1.989760000000000140e-02
-3.747639999999999999e-02
-3.008809999999999957e-02
-2.456660000000000094e-02
-2.370960000000000081e-02
-5.639769999999999679e-03
2.515989999999999893e-02
3.889580000000000121e-02
2.735129999999999853e-02
1.136009999999999971e-02
1.015049999999999980e-03
-8.048090000000000799e-03
-1.373510000000000009e-02
-1.836159999999999876e-02
-2.115020000000000094e-02
-1.689490000000000089e-02
-1.230900000000000050e-02
-9.357469999999999677e-03
-9.549489999999999671e-04
1.056630000000000069e-02
1.384039999999999923e-02
6.904030000000000236e-03
4.612159999999999697e-03
1.254199999999999933e-02
1.269600000000000069e-02
-2.012740000000000113e-04
-3.879930000000000184e-03
9.166699999999999848e-03
1.063219999999999964e-02
-2.487659999999999871e-02
-6.128120000000000095e-02
-5.260299999999999698e-02
-3.057609999999999842e-02
-2.585530000000000120e-02
-2.079889999999999864e-02
-1.502329999999999985e-02
-1.747850000000000098e-02
-1.383129999999999950e-02
3.557190000000000005e-03
1.323779999999999922e-02
1.579759999999999932e-03
-1.361919999999999971e-02
-1.372010000000000070e-02
-1.941500000000000083e-03
1.164849999999999913e-02
1.806709999999999913e-02
1.203259999999999920e-02
6.018299999999999865e-03
9.047589999999999452e-03
1.126399999999999971e-02
4.471580000000000173e-03
-1.201190000000000070e-02
-2.318339999999999984e-02
-1.541189999999999921e-02
-5.119040000000000049e-03
-5.038370000000000348e-03
-2.045519999999999890e-03
1.113719999999999988e-02
1.934040000000000065e-02
7.058049999999999741e-03
-1.130779999999999980e-02
-9.841739999999999863e-03
3.701059999999999832e-04
2.134039999999999917e-04
2.724509999999999866e-03
1.102460000000000072e-02
8.257969999999999894e-03
-4.982160000000000234e-03
-1.638629999999999948e-02
-2.694950000000000123e-02
-3.865040000000000142e-02
-4.018759999999999694e-02
-2.973330000000000070e-02
-1.132069999999999951e-02
1.577510000000000023e-02
3.092169999999999988e-02
1.709340000000000165e-02
-4.496260000000000187e-03
-1.347450000000000037e-02
-1.236779999999999997e-02
-6.093610000000000172e-03
8.925880000000000402e-04
3.935759999999999953e-03
7.349249999999999880e-03
1.506200000000000074e-02
1.502910000000000010e-02
3.835269999999999999e-03
-4.425580000000000139e-04
2.284299999999999959e-03
-3.827950000000000103e-03
-1.350439999999999974e-02
-1.133960000000000003e-02
3.818929999999999894e-03
2.435429999999999887e-02
3.884800000000000059e-02
3.352580000000000143e-02
1.360540000000000013e-02
8.103420000000000284e-04
6.516639999999999325e-05
-2.804259999999999826e-03
-1.113019999999999982e-02
-1.329699999999999979e-02
-1.070579999999999969e-02
-1.304690000000000016e-02
-1.442880000000000031e-02
-3.876119999999999826e-03
1.198830000000000034e-02
1.243670000000000019e-02
-4.259360000000000229e-03
-1.239980000000000075e-02
1.234850000000000010e-03
2.231330000000000119e-02
3.277909999999999852e-02
2.879320000000000143e-02
1.762489999999999890e-02
3.618450000000000052e-03
-9.494970000000000146e-03
-2.121320000000000150e-02
-3.007430000000000173e-02
-2.636710000000000095e-02
-1.148049999999999939e-02
5.583280000000000361e-03
1.754889999999999922e-02
1.670359999999999900e-02
1.008809999999999915e-02
8.549549999999999511e-03
5.950719999999999621e-03
-6.880099999999999671e-04
-4.587420000000000039e-03
-9.915629999999999930e-03
-2.244039999999999924e-02
-3.433329999999999715e-02
-3.893049999999999983e-02
-3.659389999999999865e-02
-2.195799999999999835e-02
7.433300000000000324e-03
3.238680000000000031e-02
3.716939999999999827e-02
3.878059999999999841e-02
4.787460000000000326e-02
4.372829999999999773e-02
2.471069999999999864e-02
1.664710000000000148e-02
1.928440000000000015e-02
1.026490000000000041e-02
-8.821229999999999349e-03
-2.481010000000000160e-02
-3.751340000000000230e-02
-4.203670000000000323e-02
-2.892350000000000129e-02
-2.742919999999999820e-03
2.173289999999999944e-02
3.578350000000000281e-02
3.821460000000000135e-02
2.264849999999999849e-02
-9.209659999999999722e-03
-3.710440000000000266e-02
-5.059990000000000321e-02
-5.155440000000000023e-02
-4.254630000000000217e-02
-2.130320000000000130e-02
1.721829999999999888e-02
4.900739999999999957e-02
4.996400000000000147e-02
3.958249999999999963e-02
3.534070000000000267e-02
2.906569999999999987e-02
1.310539999999999969e-02
-5.723370000000000193e-03
-1.194090000000000082e-02
-9.206940000000000263e-03
-1.075979999999999992e-02
-1.163089999999999957e-02
-5.194769999999999596e-03
4.709269999999999776e-03
1.154969999999999955e-02
9.952759999999999732e-03
1.173929999999999895e-03
-6.501279999999999906e-03
-9.487910000000000441e-03
-1.565400000000000125e-02
-2.278499999999999970e-02
-1.633230000000000098e-02
-5.026199999999999765e-03
1.028849999999999990e-03
1.314189999999999976e-02
2.341350000000000028e-02
1.875210000000000071e-02
1.157790000000000034e-02
6.866399999999999934e-03
-6.660110000000000335e-03
-1.941280000000000089e-02
-1.432609999999999960e-02
4.998999999999999538e-04
1.260550000000000039e-02
1.493210000000000023e-02
7.691309999999999814e-03
1.549859999999999910e-03
-4.010999999999999809e-03
-1.196660000000000085e-02
-1.438679999999999994e-02
-1.548429999999999945e-02
-2.213479999999999961e-02
-2.347279999999999853e-02
-1.764840000000000159e-02
-1.560910000000000075e-02
-1.291110000000000001e-02
6.642129999999999779e-04
1.331880000000000043e-02
9.306210000000000523e-03
1.609179999999999931e-04
-2.617350000000000058e-03
-4.180559999999999832e-03
-4.663950000000000040e-03
-8.333749999999999145e-03
-1.824140000000000136e-02
-2.083870000000000167e-02
-1.079680000000000049e-02
1.369119999999999929e-04
2.583779999999999931e-03
-3.835320000000000135e-04
1.519940000000000006e-03
1.150750000000000037e-02
2.333839999999999873e-02
3.055559999999999873e-02
3.038770000000000013e-02
2.404099999999999987e-02
5.996519999999999975e-03
-2.511609999999999884e-02
-4.647729999999999917e-02
-4.554679999999999840e-02
-3.958799999999999819e-02
-3.472669999999999924e-02
-1.698449999999999960e-02
1.320980000000000071e-02
3.537409999999999860e-02
3.508979999999999738e-02
2.301869999999999958e-02
8.711059999999999637e-03
-6.121409999999999872e-03
-7.372720000000000141e-03
8.810450000000000052e-04
2.430229999999999804e-03
4.446239999999999741e-03
9.556079999999999783e-03
4.858620000000000126e-03
-2.898379999999999880e-03
2.853389999999999919e-03
1.691780000000000020e-02
2.349870000000000084e-02
1.591069999999999984e-02
-9.009240000000000499e-05
-1.227379999999999964e-02
-1.148680000000000014e-02
2.071790000000000003e-03
1.756160000000000013e-02
2.104719999999999855e-02
1.296270000000000061e-02
9.104630000000000709e-03
1.341089999999999990e-02
1.305609999999999930e-02
-6.051119999999999893e-04
-2.486910000000000162e-02
-3.952800000000000064e-02
-3.106400000000000133e-02
-1.756119999999999903e-02
-8.951270000000000754e-03
-3.766279999999999888e-03
-7.073979999999999678e-03
-7.134360000000000181e-03
2.818300000000000145e-03
6.211150000000000351e-03
-1.481109999999999892e-03
-1.056670000000000005e-02
-1.678090000000000137e-02
-1.640199999999999991e-02
-8.393809999999999813e-03
1.844350000000000026e-03
1.409410000000000003e-02
2.875049999999999828e-02
3.259159999999999835e-02
1.873100000000000112e-02
1.745419999999999914e-03
-1.213930000000000044e-02
-2.322810000000000152e-02
-2.262569999999999859e-02
-1.149260000000000038e-02
6.112069999999999829e-03
3.098050000000000109e-02
4.791549999999999976e-02
4.275169999999999665e-02
2.585530000000000120e-02
3.174759999999999995e-03
-2.148629999999999984e-02
-2.816930000000000128e-02
-1.742109999999999839e-02
-1.007669999999999920e-02
-9.601069999999999743e-03
-9.638660000000000283e-03
-5.537499999999999888e-03
5.837120000000000329e-03
1.796460000000000071e-02
2.233950000000000172e-02
1.496849999999999917e-02
2.075909999999999984e-04
-2.497309999999999981e-03
1.407560000000000061e-02
3.086879999999999832e-02
2.827319999999999833e-02
3.561560000000000073e-03
-1.759849999999999956e-02
-1.008889999999999960e-02
7.821220000000000255e-03
9.337220000000000242e-03
2.383310000000000029e-03
1.084059999999999972e-03
-4.416930000000000335e-03
-1.917620000000000088e-02
-2.469750000000000070e-02
-1.896470000000000100e-02
-1.818020000000000053e-02
-9.817680000000000504e-03
2.732609999999999900e-02
6.139399999999999719e-02
4.973759999999999987e-02
2.244720000000000049e-02
1.497949999999999976e-02
1.118599999999999976e-02
7.268349999999999811e-03
6.893559999999999965e-03
-5.210900000000000080e-03
-2.318889999999999840e-02
-2.376380000000000159e-02
-7.860449999999999729e-03
1.168450000000000044e-02
2.350500000000000159e-02
1.908769999999999911e-02
1.189319999999999961e-02
1.155240000000000086e-02
6.115469999999999587e-03
-4.164959999999999669e-03
-7.006740000000000017e-03
-3.218130000000000036e-03
-1.864509999999999995e-03
-5.523120000000000286e-03
-8.392639999999999822e-03
-3.999759999999999774e-03
5.991490000000000357e-03
1.583779999999999910e-02
1.863269999999999857e-02
8.217020000000000227e-03
-7.539559999999999838e-03
-1.311720000000000073e-02
-7.117019999999999944e-03
3.855630000000000081e-03
2.111880000000000007e-02
4.174339999999999995e-02
5.061410000000000214e-02
4.143249999999999711e-02
2.481890000000000138e-02
1.459210000000000021e-02
1.426239999999999973e-02
1.244900000000000000e-02
1.480519999999999926e-03
-1.492049999999999974e-02
-3.002660000000000051e-02
-3.849779999999999869e-02
-3.887240000000000140e-02
-2.785409999999999969e-02
-5.997520000000000108e-03
1.433629999999999974e-02
2.332539999999999961e-02
2.573239999999999902e-02
2.798940000000000108e-02
3.024210000000000093e-02
2.950650000000000148e-02
2.251420000000000157e-02
1.102550000000000058e-02
1.050380000000000064e-03
-1.107710000000000031e-03
4.329780000000000087e-03
1.024560000000000054e-02
1.259380000000000048e-02
1.186000000000000075e-02
7.222410000000000288e-03
-2.161259999999999917e-03
-1.215980000000000012e-02
-1.429509999999999982e-02
-5.439170000000000116e-03
3.874499999999999906e-03
3.839060000000000042e-03
1.500749999999999914e-03
3.413310000000000129e-03
-1.500259999999999897e-04
-1.327369999999999939e-02
-2.366800000000000154e-02
-2.428289999999999962e-02
-2.327090000000000061e-02
-2.627929999999999849e-02
-2.458460000000000159e-02
-1.168639999999999957e-02
5.246980000000000047e-03
1.387719999999999926e-02
9.677869999999999875e-03
1.083060000000000056e-03
-1.722800000000000026e-03
-1.654239999999999937e-05
3.351249999999999737e-04
4.430289999999999923e-03
1.559160000000000060e-02
2.292160000000000031e-02
2.294179999999999831e-02
2.355880000000000127e-02
2.451969999999999844e-02
2.078860000000000083e-02
1.439189999999999914e-02
7.581509999999999638e-03
-3.223290000000000183e-03
-1.767339999999999883e-02
-2.856660000000000102e-02
-3.479630000000000223e-02
-3.775950000000000140e-02
-3.409940000000000193e-02
-2.745790000000000036e-02
-2.231790000000000163e-02
-1.553150000000000017e-02
-4.347529999999999624e-03
1.037289999999999913e-02
2.128559999999999827e-02
1.816299999999999859e-02
-3.661189999999999931e-03
-2.841269999999999907e-02
-3.097319999999999934e-02
-1.980900000000000022e-02
-1.519919999999999952e-02
-1.509319999999999933e-02
-1.637169999999999945e-02
-1.834589999999999832e-02
-1.586279999999999982e-02
-7.325309999999999808e-03
1.353040000000000015e-03
5.473410000000000167e-04
-7.811860000000000331e-03
-8.835960000000000342e-03
3.757239999999999799e-03
1.978229999999999919e-02
2.777340000000000017e-02
2.800240000000000021e-02
2.385299999999999920e-02
1.726139999999999966e-02
1.275369999999999976e-02
1.069939999999999954e-02
6.708040000000000183e-03
3.305419999999999940e-05
-6.655959999999999828e-03
-1.564930000000000140e-02
-2.914129999999999845e-02
-3.843730000000000063e-02
-3.516609999999999875e-02
-1.972650000000000098e-02
1.768030000000000079e-03
1.114489999999999925e-02
-1.585120000000000029e-04
-1.637320000000000095e-02
-2.847859999999999975e-02
-3.515379999999999894e-02
-3.001059999999999839e-02
-1.709729999999999930e-02
-1.544510000000000024e-04
2.573189999999999852e-02
4.588090000000000224e-02
3.815140000000000198e-02
1.049070000000000037e-02
-1.897990000000000094e-02
-3.434969999999999690e-02
-2.213810000000000083e-02
-7.361780000000000060e-03
-9.804010000000000155e-03
-6.509059999999999672e-03
7.090439999999999937e-03
1.403730000000000082e-02
1.611769999999999869e-02
2.078239999999999948e-02
2.283210000000000101e-02
1.586229999999999932e-02
2.370639999999999813e-03
-1.175299999999999956e-02
-1.867960000000000106e-02
-1.112759999999999964e-02
6.813490000000000171e-03
2.484139999999999959e-02
3.377369999999999678e-02
3.036789999999999975e-02
1.435110000000000031e-02
-1.047520000000000048e-02
-2.613839999999999913e-02
-2.844500000000000153e-02
-3.288379999999999775e-02
-3.794150000000000300e-02
-3.231320000000000026e-02
-1.307789999999999994e-02
1.503529999999999971e-02
3.263690000000000341e-02
2.638520000000000101e-02
8.515299999999999953e-03
-5.130280000000000083e-03
-1.032199999999999958e-02
-1.009840000000000043e-02
-8.209299999999999237e-03
-1.941229999999999952e-03
1.209119999999999986e-02
2.499600000000000086e-02
2.360369999999999829e-02
5.242710000000000252e-03
-1.737419999999999937e-02
-2.670909999999999951e-02
-2.426340000000000094e-02
-2.097359999999999849e-02
-1.877140000000000059e-02
-1.731879999999999878e-02
-1.391489999999999914e-02
-5.197969999999999674e-03
4.089620000000000408e-03
5.921949999999999610e-03
1.323500000000000024e-03
3.943530000000000104e-04
7.403640000000000394e-03
1.274619999999999920e-02
9.466630000000000184e-03
4.863710000000000255e-03
5.947130000000000125e-03
1.122820000000000068e-02
1.665569999999999898e-02
1.780210000000000126e-02
1.478810000000000020e-02
1.362769999999999954e-02
1.258809999999999964e-02
5.833800000000000097e-03
1.325479999999999974e-03
6.661320000000000088e-03
1.214160000000000066e-02
8.036339999999999456e-03
-7.647930000000000483e-04
-5.143799999999999588e-03
-4.282700000000000395e-03
-4.855479999999999692e-03
-1.289329999999999990e-02
-2.360500000000000098e-02
-2.267670000000000102e-02
-5.718120000000000147e-03
1.304710000000000071e-02
1.837619999999999879e-02
1.112570000000000052e-02
4.573060000000000319e-03
8.362410000000000676e-03
1.777540000000000023e-02
2.123349999999999890e-02
7.473879999999999586e-03
-1.702309999999999934e-02
-2.279180000000000095e-02
-8.729409999999999947e-03
-1.848049999999999953e-03
-6.139399999999999719e-03
-1.390790000000000082e-02
-2.108470000000000136e-02
-1.889839999999999923e-02
-5.849090000000000365e-03
1.213009999999999956e-02
2.862400000000000014e-02
3.216730000000000284e-02
2.320339999999999903e-02
1.934129999999999877e-02
2.513050000000000006e-02
2.762809999999999919e-02
2.019489999999999827e-02
9.032500000000000598e-03
9.990739999999999690e-04
-2.920820000000000187e-03
-1.426369999999999938e-03
4.007280000000000217e-03
1.738670000000000103e-03
-1.288459999999999953e-02
-2.761769999999999850e-02
-3.205619999999999997e-02
-2.739449999999999871e-02
-1.991389999999999827e-02
-1.373339999999999977e-02
-1.051200000000000051e-02
-7.753330000000000118e-03
-1.014279999999999999e-03
9.510499999999999857e-03
2.020140000000000130e-02
2.094719999999999915e-02
7.120060000000000104e-03
-3.884330000000000074e-03
1.895389999999999890e-04
1.541819999999999953e-03
-1.238230000000000060e-02
-2.206469999999999959e-02
-1.482619999999999945e-02
-3.157860000000000181e-03
7.371629999999999676e-03
1.806570000000000051e-02
1.919689999999999938e-02
1.881749999999999959e-03
-2.215719999999999842e-02
-2.807439999999999936e-02
-1.800459999999999908e-02
-1.566450000000000134e-02
-1.923410000000000050e-02
-1.230709999999999964e-02
5.716100000000000000e-03
2.367729999999999835e-02
2.968660000000000049e-02
2.526460000000000164e-02
2.026359999999999967e-02
8.982850000000000557e-03
-1.068200000000000052e-02
-2.145669999999999869e-02
-1.999700000000000089e-02
-1.869459999999999872e-02
-2.208260000000000084e-02
-2.780650000000000135e-02
-2.931639999999999940e-02
-2.060580000000000050e-02
-3.255790000000000160e-03
1.460389999999999952e-02
1.932740000000000152e-02
7.927979999999999403e-03
-4.264659999999999979e-03
-9.565880000000000563e-03
-1.491920000000000052e-02
-2.161220000000000155e-02
-2.330319999999999961e-02
-1.581950000000000023e-02
6.211699999999999904e-04
1.455569999999999954e-02
1.052050000000000034e-02
-7.602259999999999573e-03
-2.032219999999999860e-02
-1.868349999999999872e-02
-1.408079999999999922e-02
-1.484850000000000059e-02
-1.137870000000000027e-02
6.012049999999999686e-03
2.973359999999999892e-02
4.206320000000000198e-02
3.391990000000000283e-02
7.607319999999999881e-03
-1.872410000000000047e-02
-2.478040000000000104e-02
-2.017590000000000008e-02
-2.099389999999999937e-02
-1.890119999999999995e-02
-3.035180000000000169e-03
1.819070000000000062e-02
2.616100000000000023e-02
1.595999999999999849e-02
-1.595679999999999928e-03
-1.803580000000000114e-02
-2.643730000000000038e-02
-2.141370000000000079e-02
-8.762070000000000275e-03
2.182710000000000032e-03
6.776889999999999824e-03
5.952769999999999589e-03
3.239999999999999825e-03
-6.816969999999999887e-04
-3.996139999999999588e-03
-4.330699999999999827e-03
-5.392710000000000212e-03
-1.015250000000000007e-02
-1.426960000000000034e-02
-1.261460000000000012e-02
-3.538990000000000104e-03
8.608990000000000392e-03
1.542540000000000057e-02
1.462620000000000066e-02
7.932540000000000077e-03
-2.174870000000000188e-03
-7.795060000000000357e-03
-7.291849999999999894e-03
-9.518749999999999434e-03
-1.498370000000000084e-02
-1.681099999999999955e-02
-1.363589999999999941e-02
-1.537519999999999902e-03
1.784480000000000094e-02
2.160679999999999892e-02
7.212139999999999697e-03
3.611650000000000103e-03
1.278840000000000011e-02
1.601999999999999952e-02
1.046940000000000023e-02
2.901099999999999990e-04
-9.575169999999999168e-03
-1.351950000000000027e-02
-1.106629999999999940e-02
-7.810779999999999806e-03
-6.912960000000000112e-03
-4.712290000000000055e-03
2.482610000000000112e-03
1.293039999999999988e-02
1.944320000000000076e-02
1.852960000000000024e-02
1.295579999999999996e-02
4.765570000000000223e-03
-2.083509999999999789e-03
-4.318439999999999779e-03
-6.306899999999999833e-03
-1.044480000000000061e-02
-1.284489999999999937e-02
-1.380080000000000022e-02
-1.621910000000000018e-02
-1.713320000000000121e-02
-1.274499999999999938e-02
-6.091000000000000060e-03
-1.168030000000000023e-03
2.526669999999999958e-03
4.741320000000000257e-03
4.666749999999999891e-03
4.478509999999999783e-03
6.041600000000000269e-03
8.995019999999999405e-03
1.149500000000000001e-02
1.053169999999999974e-02
5.367519999999999757e-03
1.860490000000000017e-03
3.508170000000000125e-03
2.735149999999999994e-03
-3.341880000000000198e-03
-5.885539999999999869e-03
-1.957920000000000146e-03
2.520109999999999885e-03
4.266090000000000160e-03
4.708440000000000368e-03
4.076299999999999715e-03
2.390380000000000109e-03
5.170959999999999619e-03
1.302189999999999945e-02
1.744180000000000036e-02
1.624010000000000037e-02
1.235009999999999927e-02
5.343180000000000325e-03
-1.049650000000000062e-03
-3.357709999999999861e-03
-4.614530000000000368e-03
-4.651319999999999587e-03
-2.441210000000000081e-03
1.648850000000000099e-03
6.183730000000000129e-03
6.854419999999999957e-03
5.984650000000000213e-03
5.170540000000000379e-03
-1.979040000000000053e-03
-1.184860000000000080e-02
-1.333400000000000037e-02
-7.112809999999999792e-03
1.614889999999999902e-03
1.323599999999999950e-02
2.578240000000000046e-02
3.033430000000000154e-02
2.285130000000000147e-02
1.563890000000000072e-02
1.877600000000000102e-02
2.660339999999999927e-02
2.977199999999999985e-02
2.430650000000000172e-02
1.155280000000000022e-02
-5.318510000000000251e-03
-1.133119999999999961e-02
1.303329999999999897e-03
1.164680000000000056e-02
1.419469999999999933e-02
1.825459999999999930e-02
1.514700000000000074e-02
7.349009999999999571e-03
6.395979999999999895e-03
8.262109999999999593e-03
8.874399999999999303e-03
7.737520000000000335e-03
5.069689999999999960e-03
6.114360000000000107e-03
8.498930000000000026e-03
4.017960000000000108e-03
-1.829810000000000074e-03
6.078910000000000520e-04
6.507309999999999657e-03
5.624839999999999875e-03
-2.381610000000000150e-03
-8.734890000000000362e-03
-7.808810000000000230e-03
-1.752660000000000069e-03
4.839010000000000360e-03
8.469040000000000595e-03
8.091009999999999175e-03
4.345540000000000166e-03
-1.468979999999999939e-03
-7.708040000000000204e-03
-1.292369999999999977e-02
-1.674029999999999963e-02
-1.708230000000000165e-02
-9.862900000000000833e-03
1.868249999999999902e-03
1.139579999999999933e-02
1.971370000000000067e-02
2.341239999999999988e-02
1.353350000000000039e-02
4.324710000000000137e-05
-1.741179999999999941e-03
2.699860000000000107e-03
4.632100000000000106e-03
7.093409999999999646e-03
1.123679999999999991e-02
1.141859999999999924e-02
6.823860000000000169e-03
2.428800000000000056e-03
3.576230000000000148e-05
1.874350000000000105e-04
4.635130000000000326e-03
8.900510000000000366e-03
8.991259999999999183e-03
1.136520000000000065e-02
1.893169999999999922e-02
2.319759999999999878e-02
1.826209999999999986e-02
8.700130000000000363e-03
1.177410000000000045e-03
-4.381050000000000048e-03
-1.089550000000000067e-02
-1.771199999999999858e-02
-2.104980000000000046e-02
-1.744719999999999951e-02
-6.453790000000000047e-03
8.619049999999999628e-03
1.672200000000000075e-02
1.000490000000000060e-02
-3.034939999999999860e-03
-1.921959999999999988e-02
-3.497759999999999758e-02
-3.458669999999999800e-02
-2.153269999999999837e-02
-3.875780000000000110e-03
1.230030000000000012e-02
9.931920000000000331e-03
-4.248290000000000052e-03
-8.971170000000000533e-03
-1.279189999999999928e-03
1.280509999999999982e-02
2.643449999999999966e-02
2.662700000000000136e-02
7.219500000000000223e-03
-1.230269999999999975e-02
-1.267659999999999967e-02
-5.952429999999999874e-03
-8.234780000000000572e-03
-1.165479999999999988e-02
-4.854289999999999820e-03
8.841460000000000638e-03
1.579559999999999992e-02
4.969959999999999829e-03
-1.440609999999999981e-02
-1.995769999999999836e-02
-9.268820000000000531e-03
9.668310000000000272e-05
5.663200000000000395e-04
-2.981829999999999984e-03
-3.868439999999999900e-03
1.871239999999999926e-03
1.178869999999999918e-02
2.220679999999999876e-02
2.509520000000000153e-02
1.468230000000000056e-02
5.055129999999999693e-03
4.339430000000000023e-03
2.657510000000000081e-03
-1.109069999999999978e-03
-3.598449999999999999e-03
-6.776080000000000297e-03
-1.029109999999999921e-02
-1.298820000000000009e-02
-1.445229999999999952e-02
-1.041410000000000079e-02
-8.292790000000000404e-04
5.403970000000000128e-03
7.264350000000000147e-03
8.816529999999999506e-03
4.169700000000000142e-03
-7.118249999999999578e-03
-1.823649999999999924e-02
-2.632670000000000149e-02
-2.658030000000000115e-02
-1.938789999999999958e-02
-9.788140000000000729e-03
1.022349999999999995e-04
5.165780000000000025e-03
5.657760000000000393e-03
6.281540000000000387e-03
4.746069999999999803e-03
-3.257270000000000044e-03
-1.570370000000000099e-02
-2.271890000000000021e-02
-1.944059999999999885e-02
-1.439950000000000084e-02
-1.249420000000000044e-02
-1.054189999999999988e-02
-6.006110000000000268e-03
3.064579999999999908e-03
1.458440000000000084e-02
1.914230000000000098e-02
1.241940000000000058e-02
2.357140000000000190e-03
-4.875570000000000077e-03
-1.070089999999999930e-02
-1.405119999999999980e-02
-1.062620000000000058e-02
-2.457689999999999788e-03
2.426610000000000052e-03
-5.870940000000000273e-04
-8.560109999999999247e-03
-1.745089999999999836e-02
-2.003430000000000141e-02
-1.197759999999999971e-02
-2.351359999999999822e-03
7.786640000000000054e-03
2.156399999999999983e-02
2.738370000000000040e-02
1.920720000000000066e-02
7.186879999999999658e-03
6.085829999999999972e-04
-5.231489999999999882e-04
-8.263619999999999733e-04
-3.073180000000000009e-03
-2.590630000000000016e-03
5.468640000000000306e-03
1.406980000000000036e-02
1.348470000000000051e-02
8.768559999999999896e-03
8.105720000000000286e-03
5.835439999999999898e-03
-2.766750000000000112e-03
-9.580339999999999689e-03
-5.997330000000000369e-03
2.706440000000000061e-03
6.754800000000000040e-03
6.760930000000000065e-03
4.486089999999999869e-03
1.029570000000000051e-03
-1.445790000000000128e-04
-4.027079999999999722e-03
-1.421399999999999920e-02
-2.201900000000000038e-02
-2.141809999999999894e-02
-1.405220000000000080e-02
-5.699029999999999894e-03
-1.656890000000000055e-03
2.105029999999999922e-03
1.001389999999999919e-02
1.439159999999999918e-02
7.214609999999999773e-03
-3.627990000000000208e-03
-4.331119999999999935e-03
3.808100000000000027e-03
9.034590000000000329e-03
5.154370000000000132e-03
-2.948489999999999792e-03
-2.691999999999999948e-03
5.746929999999999920e-03
8.786959999999999910e-03
4.132590000000000222e-03
4.726150000000000143e-04
2.365330000000000123e-03
5.662310000000000260e-03
2.710670000000000093e-03
-7.127020000000000403e-03
-1.661280000000000048e-02
-1.877130000000000118e-02
-1.243069999999999939e-02
-1.334499999999999966e-03
1.100160000000000027e-02
1.880690000000000139e-02
1.735180000000000056e-02
1.233279999999999967e-02
1.029489999999999919e-02
1.140490000000000080e-02
1.658559999999999895e-02
2.052779999999999883e-02
1.440420000000000068e-02
4.224600000000000230e-03
-1.398270000000000068e-03
-4.362500000000000058e-03
-8.214960000000000317e-03
-1.230859999999999940e-02
-1.037989999999999920e-02
-1.225179999999999976e-03
7.691960000000000290e-03
1.161650000000000009e-02
8.842849999999999322e-03
1.611550000000000005e-03
-2.475769999999999967e-03
-1.578699999999999938e-03
6.371070000000000379e-04
4.841980000000000069e-03
8.728230000000000016e-03
7.543320000000000060e-03
6.895870000000000125e-03
1.380860000000000073e-02
2.197189999999999907e-02
2.063100000000000003e-02
9.584749999999999520e-03
-2.884789999999999924e-03
-8.441449999999999648e-03
-9.436599999999999849e-03
-1.404329999999999988e-02
-1.968539999999999873e-02
-2.096960000000000143e-02
-1.800109999999999905e-02
-8.875310000000000837e-03
8.157839999999999536e-03
1.956029999999999922e-02
9.564140000000000488e-03
-1.252149999999999964e-02
-2.446440000000000073e-02
-2.036949999999999872e-02
-1.440370000000000018e-02
-1.212459999999999927e-02
-5.940220000000000396e-03
2.242029999999999891e-03
4.054430000000000360e-03
-1.971230000000000031e-03
-1.018589999999999947e-02
-1.589399999999999841e-02
-2.009999999999999981e-02
-2.516219999999999915e-02
-2.856830000000000133e-02
-2.613530000000000020e-02
-1.560450000000000031e-02
8.653050000000000238e-04
1.251249999999999932e-02
1.301159999999999990e-02
9.345839999999999356e-03
8.227949999999999500e-03
8.861430000000000001e-03
7.865439999999999585e-03
4.811840000000000388e-03
1.473970000000000011e-03
-1.618220000000000075e-03
-3.315980000000000056e-03
-2.106890000000000152e-03
1.554389999999999895e-03
6.258820000000000008e-03
1.010050000000000010e-02
1.094370000000000065e-02
8.673200000000000701e-03
4.202130000000000101e-03
-4.876830000000000401e-03
-1.557049999999999927e-02
-1.783900000000000069e-02
-1.436379999999999948e-02
-1.181040000000000041e-02
-7.932200000000000362e-03
-6.582870000000000214e-03
-1.098769999999999955e-02
-1.285320000000000039e-02
-8.211059999999999193e-03
-3.221970000000000216e-03
-7.025860000000000525e-04
2.640509999999999993e-03
7.164769999999999993e-03
7.807539999999999966e-03
5.524450000000000411e-04
-8.746040000000000064e-03
-1.058500000000000066e-02
-7.318490000000000412e-03
-5.146569999999999617e-03
-3.116670000000000204e-03
-1.184670000000000081e-03
-6.570000000000000319e-04
-1.185700000000000035e-03
-3.525320000000000190e-03
-7.326550000000000250e-03
-1.026999999999999962e-02
-9.648449999999999388e-03
-4.953029999999999759e-03
6.853410000000000101e-04
3.346510000000000023e-03
-1.549110000000000149e-05
-5.926479999999999596e-03
-7.482899999999999795e-03
-5.434119999999999749e-03
-3.110200000000000031e-03
-1.307610000000000066e-03
-1.650280000000000063e-03
-3.699060000000000108e-03
-3.982480000000000048e-03
-2.384890000000000187e-03
-1.216749999999999950e-03
-7.202099999999999908e-04
-1.328930000000000085e-03
-2.916549999999999958e-03
-3.152859999999999951e-03
-1.691140000000000048e-03
-1.232119999999999960e-03
-3.807640000000000156e-03
-7.835570000000000035e-03
-1.008940000000000010e-02
-1.019519999999999975e-02
-9.669969999999999954e-03
-9.058590000000000045e-03
-7.834759999999999641e-03
-5.299500000000000391e-03
-1.727330000000000011e-03
7.978119999999999570e-04
5.370350000000000514e-04
-7.824419999999999466e-04
-1.481590000000000077e-03
-2.348369999999999798e-03
-2.853520000000000015e-03
-2.096049999999999910e-03
-9.497870000000000054e-04
9.762809999999999587e-04
5.246609999999999642e-03
8.879140000000000643e-03
7.531559999999999644e-03
3.903499999999999852e-03
1.824380000000000012e-03
8.515559999999999493e-04
1.912000000000000125e-04
-1.370249999999999940e-03
-4.123990000000000121e-03
-4.915919999999999838e-03
-2.577170000000000155e-03
2.422910000000000016e-04
2.806799999999999920e-03
4.523840000000000326e-03
3.368850000000000056e-03
9.661010000000000257e-04
6.189569999999999491e-04
1.777329999999999926e-03
1.898109999999999945e-03
1.608480000000000023e-03
2.619240000000000110e-03
3.813990000000000175e-03
3.732800000000000094e-03
2.413460000000000084e-03
1.117619999999999942e-03
7.927859999999999682e-04
8.493409999999999849e-04
1.165720000000000081e-03
2.092940000000000165e-03
2.936859999999999905e-03
3.075399999999999835e-03
2.893090000000000071e-03
2.809519999999999813e-03
2.553520000000000095e-03
1.925590000000000027e-03
1.306639999999999972e-03
7.526790000000000216e-04
-1.544819999999999890e-05
-5.224840000000000343e-04
5.048430000000000045e-05
1.639269999999999963e-03
2.938899999999999933e-03
1.985080000000000178e-03
-2.617949999999999965e-04
-4.410050000000000103e-04
1.102579999999999923e-03
2.002180000000000105e-03
2.114140000000000030e-03
1.808499999999999995e-03
1.314800000000000083e-03
1.346970000000000068e-03
1.663310000000000092e-03
1.518250000000000068e-03
1.106280000000000067e-03
7.734540000000000252e-04
6.261590000000000471e-04
7.949569999999999987e-04
1.130790000000000007e-03
1.348550000000000009e-03
1.393890000000000060e-03
1.368209999999999912e-03
1.336570000000000032e-03
1.295209999999999981e-03
1.107090000000000027e-03
7.356440000000000331e-04
6.063989999999999788e-04
9.715400000000000121e-04
1.378359999999999915e-03
1.435939999999999916e-03
1.423320000000000054e-03
1.607839999999999920e-03
1.879210000000000082e-03
2.043829999999999952e-03
1.861760000000000064e-03
1.427929999999999998e-03
1.063810000000000103e-03
8.446519999999999896e-04
8.640839999999999892e-04
1.163860000000000068e-03
1.545939999999999988e-03
1.749490000000000029e-03
1.550960000000000099e-03
1.182349999999999981e-03
9.074330000000000243e-04
5.272690000000000233e-04
9.643690000000000497e-05
-1.301979999999999891e-04
-8.285810000000000549e-05
1.516739999999999983e-04
3.787090000000000226e-04
5.953469999999999769e-04
8.724899999999999626e-04
1.074230000000000020e-03
1.125020000000000013e-03
1.075699999999999963e-03
8.553760000000000313e-04
5.596590000000000028e-04
4.875750000000000201e-04
6.188759999999999747e-04
7.468210000000000516e-04
8.332980000000000031e-04
8.951160000000000540e-04
9.443579999999999596e-04
9.940730000000000486e-04
9.643409999999999612e-04
8.332100000000000270e-04
7.670210000000000005e-04
8.272250000000000089e-04
8.889440000000000189e-04
9.143070000000000537e-04
9.417899999999999666e-04
9.539709999999999640e-04
9.481480000000000029e-04
9.592949999999999828e-04
9.896060000000000793e-04
1.014479999999999896e-03
9.973609999999999941e-04
9.445569999999999487e-04
9.165910000000000203e-04
9.177299999999999564e-04
9.138030000000000328e-04
9.062970000000000271e-04
9.061069999999999628e-04
9.078660000000000115e-04
9.047490000000000480e-04
8.970440000000000531e-04
8.901020000000000373e-04
8.892480000000000349e-04
8.909060000000000113e-04
8.934140000000000354e-04
8.942730000000000080e-04
8.866609999999999596e-04
8.769010000000000259e-04
8.715030000000000346e-04
8.666130000000000187e-04
8.616469999999999988e-04
8.577710000000000109e-04
8.532740000000000029e-04
8.478570000000000377e-04
8.423509999999999722e-04
8.360800000000000046e-04
8.286240000000000272e-04
8.209219999999999712e-04
8.134509999999999744e-04
8.060170000000000182e-04
7.984010000000000152e-04
7.905549999999999687e-04
7.824870000000000046e-04
7.740540000000000398e-04
7.652019999999999829e-04
7.560040000000000076e-04
7.465030000000000320e-04
