5.794840000000000104e-04
8.372909999999999901e-04
1.095000000000000053e-03
7.440590000000000398e-04
6.708120000000000142e-04
1.153560000000000089e-03
1.010920000000000004e-03
6.240689999999999909e-04
2.036099999999999889e-03
2.198260000000000058e-03
-1.685370000000000054e-03
-4.191499999999999913e-03
-8.205769999999999601e-04
3.869050000000000180e-03
6.001099999999999664e-03
9.255539999999999601e-03
1.016369999999999947e-02
5.456739999999999854e-03
4.096319999999999649e-03
5.549019999999999994e-03
3.445919999999999886e-03
1.086450000000000089e-03
6.000299999999999861e-04
7.253160000000000466e-04
2.452950000000000182e-03
2.511699999999999957e-03
-4.992100000000000183e-03
-1.194970000000000060e-02
-5.818969999999999698e-03
5.301639999999999825e-03
1.142330000000000081e-02
1.158750000000000058e-02
3.927530000000000257e-03
-2.777200000000000068e-03
-2.686359999999999941e-04
5.779939999999999904e-03
9.457680000000000427e-04
-1.212270000000000014e-02
-1.668079999999999910e-02
-1.594790000000000096e-02
-9.377200000000000465e-03
2.745640000000000146e-03
5.276409999999999607e-03
-4.124459999999999932e-03
-1.415390000000000051e-02
-1.690830000000000111e-02
-1.877250000000000099e-02
-1.374060000000000038e-02
1.094729999999999922e-03
6.686850000000000259e-03
3.269339999999999920e-03
1.898659999999999931e-03
2.121699999999999801e-03
1.453939999999999974e-04
6.686479999999999854e-04
4.436240000000000148e-03
8.250320000000000223e-03
1.532030000000000024e-02
2.307309999999999917e-02
2.815679999999999919e-02
2.392029999999999851e-02
1.539940000000000059e-02
1.599619999999999861e-02
1.201990000000000003e-02
-7.044360000000000378e-03
-2.425930000000000100e-02
-3.127859999999999668e-02
-3.385910000000000308e-02
-3.201070000000000304e-02
-2.656530000000000002e-02
-1.899119999999999975e-02
-8.680669999999999706e-03
-8.245660000000000142e-03
-1.891719999999999860e-02
-1.940259999999999901e-02
-6.551050000000000102e-03
6.901299999999999969e-03
9.817609999999999185e-03
2.787299999999999934e-03
-2.982809999999999802e-03
-8.606399999999999456e-05
1.074390000000000067e-02
1.976040000000000088e-02
1.348790000000000058e-02
-6.169580000000000029e-03
-1.738019999999999843e-02
-1.997660000000000061e-02
-2.919609999999999914e-02
-3.799290000000000306e-02
-3.990380000000000316e-02
-3.514690000000000175e-02
-2.670109999999999845e-02
-2.430469999999999853e-02
-2.197489999999999860e-02
-1.328350000000000017e-02
-9.205180000000000307e-03
-1.652630000000000071e-02
-2.526050000000000170e-02
-1.775240000000000151e-02
6.228690000000000268e-03
2.221479999999999982e-02
2.379010000000000152e-02
3.097010000000000041e-02
4.562189999999999995e-02
5.099089999999999873e-02
4.049119999999999803e-02
3.296720000000000206e-02
3.855639999999999762e-02
3.630730000000000068e-02
2.255340000000000122e-02
8.303790000000000129e-03
-6.570639999999999988e-03
-1.814750000000000044e-02
-2.289920000000000150e-02
-2.287669999999999981e-02
-1.614410000000000150e-02
-6.839760000000000284e-03
-2.823369999999999960e-03
-2.329809999999999867e-03
-9.779660000000000783e-03
-1.867569999999999994e-02
3.421079999999999846e-04
3.590510000000000229e-02
4.966229999999999950e-02
5.008010000000000239e-02
5.689009999999999900e-02
6.888039999999999441e-02
7.116989999999999428e-02
5.976889999999999981e-02
5.395319999999999977e-02
4.944280000000000203e-02
4.391749999999999821e-02
4.670989999999999864e-02
3.669460000000000083e-02
1.355059999999999945e-02
3.274959999999999937e-03
-2.767439999999999917e-03
-1.574479999999999977e-02
-2.966299999999999840e-02
-4.443799999999999834e-02
-5.036480000000000123e-02
-4.326819999999999972e-02
-3.590150000000000285e-02
-3.449649999999999939e-02
-3.979619999999999685e-02
-4.256999999999999673e-02
-3.783229999999999926e-02
-2.154959999999999862e-02
1.130609999999999948e-02
3.608859999999999846e-02
3.952329999999999732e-02
4.056749999999999939e-02
4.729520000000000252e-02
3.943409999999999971e-02
2.063759999999999900e-02
1.581199999999999967e-02
1.190339999999999974e-02
9.044739999999999464e-04
-6.539460000000000411e-03
-1.263320000000000068e-02
-2.399029999999999913e-02
-4.336099999999999677e-02
-6.028610000000000219e-02
-5.817340000000000011e-02
-4.129800000000000137e-02
-3.339000000000000301e-02
-3.578189999999999843e-02
-3.841030000000000139e-02
-4.224850000000000133e-02
-4.362089999999999718e-02
-4.620319999999999983e-02
-5.228819999999999996e-02
-5.582399999999999862e-02
-5.092270000000000130e-02
-4.088420000000000248e-02
-3.431340000000000084e-02
-1.792360000000000134e-02
1.271869999999999945e-02
4.203160000000000229e-02
6.207250000000000267e-02
6.942470000000000585e-02
6.858029999999999682e-02
6.391449999999999909e-02
5.277849999999999903e-02
3.971179999999999849e-02
3.026819999999999858e-02
2.064080000000000081e-02
8.432919999999999999e-03
-3.089559999999999876e-03
-1.455069999999999975e-02
-1.972010000000000082e-02
-1.093829999999999976e-02
-2.272510000000000155e-03
2.383000000000000135e-03
7.738300000000000040e-03
-6.662379999999999865e-03
-3.203219999999999679e-02
-3.317830000000000085e-02
-2.710030000000000078e-02
-3.499349999999999683e-02
-3.246109999999999968e-02
-1.966019999999999920e-02
-1.771369999999999889e-02
-1.731710000000000020e-03
3.608329999999999871e-02
5.253279999999999755e-02
4.793970000000000176e-02
4.653410000000000185e-02
3.654190000000000216e-02
2.268989999999999896e-02
2.017460000000000087e-02
1.508860000000000062e-02
4.093699999999999596e-03
5.022689999999999794e-03
1.599860000000000171e-02
2.067060000000000078e-02
1.425670000000000062e-02
1.075360000000000031e-03
-1.246380000000000057e-02
-2.865880000000000163e-02
-3.712900000000000228e-02
-3.248199999999999699e-02
-3.131430000000000324e-02
-2.838490000000000110e-02
-2.051800000000000151e-02
-1.547450000000000041e-02
-9.639599999999999905e-03
-5.579230000000000127e-03
-4.838519999999999800e-03
-2.819900000000000184e-03
-1.202909999999999960e-03
9.011689999999999501e-04
7.864130000000000426e-03
1.445109999999999971e-02
1.583050000000000082e-02
1.700360000000000066e-02
1.837420000000000025e-02
1.813690000000000094e-02
1.589370000000000019e-02
1.090819999999999984e-02
6.026749999999999989e-03
3.476490000000000049e-03
3.851709999999999943e-03
7.882800000000000354e-04
-3.844380000000000106e-03
-1.883860000000000005e-03
4.992779999999999614e-03
1.589070000000000066e-02
2.090850000000000000e-02
1.524419999999999942e-02
3.768230000000000017e-03
-9.528000000000000011e-03
-1.524250000000000084e-02
-1.701329999999999856e-02
-2.282330000000000123e-02
-2.924859999999999960e-02
-2.969180000000000083e-02
-2.737099999999999950e-02
-2.779039999999999982e-02
-2.558109999999999898e-02
-2.056140000000000051e-02
-1.426619999999999971e-02
-4.752179999999999946e-03
7.849999999999999339e-03
2.217900000000000080e-02
2.969139999999999974e-02
2.949900000000000092e-02
3.293829999999999675e-02
3.163660000000000083e-02
1.871019999999999975e-02
1.221239999999999999e-02
7.597289999999999599e-03
-5.433409999999999629e-03
-1.518380000000000077e-02
-2.172860000000000069e-02
-2.956450000000000050e-02
-3.679369999999999863e-02
-4.025480000000000030e-02
-3.947889999999999733e-02
-3.597569999999999935e-02
-2.165100000000000011e-02
-5.484789999999999804e-03
3.751759999999999817e-03
2.112249999999999892e-02
3.698950000000000154e-02
3.529779999999999723e-02
2.731199999999999947e-02
1.950079999999999869e-02
1.124660000000000069e-02
6.191740000000000264e-03
5.469789999999999548e-04
-8.322939999999999158e-03
-1.163059999999999962e-02
-4.336419999999999685e-03
-5.967510000000000062e-05
-5.768950000000000120e-03
-6.519350000000000145e-03
3.896349999999999814e-03
1.231729999999999978e-02
1.035699999999999989e-02
8.973280000000000145e-03
1.086130000000000081e-02
7.138839999999999596e-03
5.326380000000000350e-03
8.653749999999999984e-03
8.445819999999999717e-03
6.891869999999999594e-03
3.928540000000000330e-03
-2.919409999999999887e-03
-6.150209999999999705e-03
-6.194070000000000305e-03
-9.699910000000000823e-03
-1.022990000000000010e-02
-2.569520000000000051e-03
1.554000000000000043e-03
-2.725009999999999932e-03
-3.746090000000000097e-03
4.776979999999999790e-04
1.961650000000000112e-03
2.109690000000000003e-03
1.817990000000000014e-03
-3.606649999999999873e-03
-7.202019999999999950e-03
-7.540859999999999490e-04
6.152330000000000125e-03
5.723619999999999576e-03
3.638429999999999789e-03
4.912230000000000069e-03
9.729510000000000242e-03
1.162310000000000079e-02
4.022949999999999963e-03
-5.811000000000000193e-03
-7.740280000000000424e-03
-7.153289999999999649e-03
-1.094909999999999980e-02
-1.299939999999999950e-02
-9.022769999999999402e-03
-2.043570000000000195e-03
5.929499999999999875e-03
1.314869999999999928e-02
1.467139999999999937e-02
4.933820000000000219e-03
-5.081539999999999842e-03
-2.612639999999999841e-04
9.335009999999999489e-03
1.078480000000000064e-02
1.038380000000000032e-02
6.756390000000000139e-03
-3.907439999999999872e-03
-9.209310000000000065e-03
-1.163720000000000032e-02
-2.053589999999999929e-02
-2.460930000000000062e-02
-1.281949999999999930e-02
-6.525899999999999843e-04
-1.366829999999999922e-04
3.367450000000000131e-03
1.177680000000000046e-02
1.741960000000000036e-02
1.687079999999999830e-02
1.027800000000000068e-02
5.705680000000000300e-03
1.935910000000000105e-03
7.529120000000000257e-03
2.166770000000000154e-02
2.526370000000000005e-02
2.409640000000000046e-02
1.533130000000000083e-02
-1.072860000000000025e-04
-3.783330000000000113e-03
-5.761239999999999938e-03
-1.418050000000000040e-02
-2.213700000000000043e-02
-2.585959999999999995e-02
-1.883920000000000039e-02
-1.046919999999999969e-02
-1.077030000000000001e-02
-7.875109999999999402e-03
-4.704269999999999871e-04
3.129289999999999849e-03
-3.961939999999999950e-04
-7.780289999999999602e-03
-5.904620000000000181e-03
1.181299999999999928e-03
1.288429999999999914e-03
-1.888499999999999988e-03
-5.065339999999999773e-03
-8.132369999999999877e-03
-5.515459999999999807e-03
5.365100000000000251e-03
1.393280000000000039e-02
1.906949999999999965e-02
2.483310000000000031e-02
1.508209999999999933e-02
-1.276900000000000084e-03
-3.141909999999999929e-03
-5.622389999999999680e-03
-1.440680000000000086e-02
-2.074209999999999943e-02
-1.897110000000000116e-02
-8.050500000000000364e-03
-4.660720000000000141e-03
-7.016040000000000297e-03
-3.296729999999999886e-03
-5.705530000000000324e-03
-1.416360000000000015e-02
-1.639550000000000035e-02
-1.634139999999999898e-02
-1.354870000000000033e-02
-5.272559999999999920e-03
2.779869999999999824e-03
4.268990000000000284e-03
-8.419989999999999593e-04
-4.124260000000000252e-03
-3.557470000000000077e-03
-1.799299999999999988e-03
-4.556499999999999787e-03
-1.242979999999999953e-02
-1.625050000000000106e-02
-1.070119999999999925e-02
-5.893709999999999921e-04
3.028359999999999906e-03
4.030419999999999836e-03
8.997490000000000349e-03
9.350930000000000353e-03
4.240899999999999705e-03
2.945129999999999905e-04
-1.391520000000000040e-03
-2.060510000000000206e-03
-5.175400000000000139e-03
-6.551229999999999901e-03
-4.019209999999999623e-03
-3.438099999999999924e-03
-4.543280000000000235e-03
-8.355009999999999520e-03
-1.251400000000000082e-02
-9.091109999999999469e-03
-2.020160000000000011e-03
-9.413829999999999551e-04
-5.462980000000000093e-03
-2.484420000000000205e-03
1.147459999999999973e-02
1.731409999999999894e-02
1.342110000000000004e-02
1.558389999999999949e-02
1.764239999999999906e-02
1.165929999999999918e-02
7.724110000000000177e-03
5.330030000000000358e-03
-1.575269999999999926e-03
-6.052130000000000183e-03
-5.250519999999999840e-03
-5.307430000000000134e-03
-7.754790000000000121e-03
-4.506519999999999970e-03
3.256730000000000215e-03
6.514660000000000242e-03
8.508659999999999488e-03
9.489269999999999303e-03
7.509670000000000407e-03
8.493030000000000371e-03
1.038999999999999993e-02
1.042919999999999958e-02
1.188479999999999918e-02
1.183140000000000060e-02
7.352739999999999970e-03
6.254980000000000262e-03
1.422969999999999964e-02
2.127280000000000143e-02
2.407310000000000005e-02
3.008409999999999904e-02
3.329490000000000227e-02
3.015930000000000000e-02
2.307379999999999848e-02
1.425019999999999933e-02
9.429270000000000013e-03
3.789330000000000042e-03
-5.148790000000000311e-03
-1.091220000000000037e-02
-1.085979999999999931e-02
-1.039920000000000080e-02
-1.052840000000000026e-02
-4.314860000000000223e-03
3.095179999999999893e-03
9.687879999999999409e-03
1.228630000000000000e-02
4.429620000000000432e-03
9.140139999999999940e-04
4.127809999999999986e-03
4.523280000000000182e-03
5.773890000000000272e-03
7.416609999999999696e-03
4.516469999999999860e-03
-2.742370000000000051e-03
-8.014069999999999874e-03
-9.619400000000000173e-03
-1.059539999999999961e-02
-1.115239999999999981e-02
-1.281200000000000047e-02
-1.547349999999999941e-02
-1.903049999999999881e-02
-2.118830000000000019e-02
-1.417170000000000062e-02
-3.650790000000000111e-03
-2.987299999999999808e-04
4.280830000000000144e-05
9.110849999999999548e-04
3.145039999999999988e-03
6.086539999999999659e-03
4.107290000000000420e-03
-6.526700000000000513e-04
-5.535229999999999925e-04
2.739899999999999974e-03
3.540100000000000018e-03
-7.709169999999999781e-04
-8.154770000000000421e-03
-1.183140000000000060e-02
-1.293749999999999935e-02
-1.512930000000000004e-02
-1.814750000000000044e-02
-2.006720000000000032e-02
-1.212150000000000033e-02
8.107099999999999680e-04
5.374140000000000340e-03
6.887569999999999977e-03
1.019040000000000050e-02
1.440540000000000050e-02
1.346209999999999941e-02
3.960990000000000170e-03
1.182120000000000046e-03
4.353700000000000278e-03
-8.477579999999999968e-04
-6.079529999999999657e-03
-3.581659999999999965e-03
-2.924050000000000087e-03
-5.756650000000000308e-03
-7.610819999999999912e-03
-8.367019999999999319e-03
-4.805189999999999982e-03
-7.865430000000000078e-04
-3.528030000000000142e-03
-7.395310000000000425e-03
-8.640649999999999720e-03
-7.276059999999999993e-03
-5.486419999999999665e-03
-8.714400000000000618e-03
-9.113529999999999895e-03
-4.405270000000000193e-03
-3.219319999999999907e-03
-4.489700000000000114e-03
-6.802319999999999721e-03
-9.107119999999999799e-03
-5.775490000000000311e-03
5.925089999999999611e-04
2.654060000000000186e-03
5.303000000000000422e-04
-1.343510000000000017e-03
1.712549999999999966e-03
6.679690000000000280e-03
1.664239999999999990e-03
-1.075079999999999959e-02
-1.672049999999999925e-02
-1.775960000000000039e-02
-1.150669999999999991e-02
-9.001579999999999966e-05
4.428210000000000132e-03
1.567230000000000012e-02
2.521309999999999871e-02
1.758219999999999922e-02
1.430859999999999944e-02
9.226410000000000861e-03
8.843539999999999561e-04
6.709810000000000080e-03
1.097249999999999961e-02
1.055350000000000038e-02
9.170650000000000676e-03
6.150969999999999962e-04
-4.158860000000000334e-03
-2.863710000000000214e-03
-2.059790000000000145e-03
-3.386280000000000193e-03
-6.262170000000000063e-03
-6.892849999999999845e-03
-8.172650000000000053e-03
-6.545549999999999806e-03
3.011269999999999919e-04
2.605660000000000094e-03
9.488870000000000377e-04
-1.137989999999999965e-03
2.447739999999999898e-03
1.320709999999999940e-02
1.749349999999999863e-02
1.613250000000000101e-02
1.534360000000000064e-02
1.250249999999999972e-02
1.141570000000000085e-02
1.321010000000000066e-02
1.333540000000000073e-02
9.204340000000000091e-03
3.275109999999999914e-03
8.805759999999999933e-04
1.605829999999999931e-03
2.034970000000000095e-03
2.398459999999999828e-03
2.325149999999999786e-03
-1.771929999999999903e-03
-5.427730000000000402e-03
-4.580350000000000393e-03
-3.744790000000000011e-03
-3.137150000000000008e-03
-2.340870000000000103e-03
-2.899489999999999793e-03
-4.331660000000000198e-03
-5.058039999999999758e-03
-3.152439999999999843e-03
-6.062469999999999708e-04
-3.804120000000000027e-04
-5.924059999999999656e-04
3.035809999999999789e-04
1.410929999999999910e-03
2.938130000000000169e-03
4.503929999999999739e-03
5.499859999999999645e-03
6.923890000000000253e-03
6.267550000000000204e-03
2.027590000000000121e-03
-2.150769999999999874e-04
-3.880520000000000041e-04
-1.030099999999999939e-03
1.306350000000000122e-04
-8.997739999999999948e-04
-6.716040000000000378e-03
-1.063670000000000067e-02
-1.181719999999999993e-02
-1.496759999999999931e-02
-1.356669999999999925e-02
-4.993290000000000055e-03
-1.498369999999999954e-03
-2.161450000000000090e-03
1.353089999999999935e-03
2.565770000000000203e-03
-2.037479999999999934e-03
-4.320449999999999985e-03
-1.269820000000000063e-03
2.021170000000000085e-03
3.385889999999999798e-04
-3.016689999999999823e-03
8.564319999999999615e-04
9.236339999999999134e-03
1.232789999999999928e-02
1.092210000000000056e-02
6.992159999999999868e-03
1.209489999999999914e-03
-1.540209999999999973e-03
-4.176799999999999610e-03
-4.907189999999999643e-03
1.093070000000000023e-03
4.283480000000000100e-03
3.950160000000000303e-03
3.506430000000000050e-03
-1.407880000000000026e-03
-4.728239999999999874e-03
-5.161029999999999611e-03
-6.951429999999999762e-03
-4.141490000000000275e-03
3.115789999999999792e-04
7.737979999999999392e-05
4.052420000000000154e-03
1.178260000000000071e-02
1.232420000000000043e-02
9.416660000000000308e-03
5.189120000000000191e-03
-6.708009999999999494e-04
-4.345860000000000001e-03
-1.222529999999999971e-02
-1.718570000000000167e-02
-1.221670000000000048e-02
-1.171769999999999930e-02
-1.129340000000000031e-02
-5.259469999999999597e-03
-4.540879999999999743e-03
-4.953489999999999630e-03
-1.422740000000000029e-03
1.115880000000000084e-03
-2.788509999999999904e-04
-5.786539999999999739e-03
-9.678380000000000316e-03
-1.198210000000000074e-02
-1.374700000000000054e-02
-9.618490000000000373e-03
-6.522649999999999629e-03
-8.468659999999999383e-03
-8.309860000000000510e-03
-3.833440000000000025e-03
3.921840000000000222e-03
1.005520000000000025e-02
1.241689999999999981e-02
1.512209999999999943e-02
2.025909999999999864e-02
2.245170000000000152e-02
1.363840000000000018e-02
4.142439999999999838e-03
1.012990000000000071e-03
-9.237560000000000562e-03
-1.989619999999999930e-02
-1.679249999999999840e-02
-1.336820000000000022e-02
-1.672260000000000066e-02
-1.368450000000000048e-02
-6.689660000000000051e-03
-3.185309999999999791e-03
-7.634789999999999589e-04
5.361240000000000189e-04
9.206420000000000532e-04
-1.185859999999999952e-03
-2.862169999999999818e-03
3.608640000000000198e-04
2.842130000000000004e-03
1.352219999999999898e-03
1.521940000000000055e-03
5.157049999999999829e-03
7.878150000000000430e-03
7.857529999999999723e-03
4.531349999999999961e-03
1.091500000000000022e-03
2.228839999999999890e-04
-2.547380000000000130e-03
-6.728350000000000129e-03
-8.892789999999999376e-03
-6.744870000000000032e-03
-1.691259999999999986e-03
-6.600809999999999707e-04
-1.715820000000000062e-03
-3.913270000000000160e-04
3.478300000000000142e-03
9.829199999999999743e-03
1.425859999999999975e-02
1.499879999999999963e-02
1.667830000000000007e-02
1.697819999999999885e-02
9.971380000000000174e-03
3.614730000000000026e-03
1.685040000000000062e-03
-3.772709999999999866e-03
-7.642720000000000416e-03
-5.697230000000000176e-03
-6.714310000000000243e-03
-7.567570000000000026e-03
-2.960829999999999799e-03
-9.553609999999999490e-04
-1.650610000000000055e-03
-1.659979999999999919e-03
-3.356669999999999966e-03
-1.930749999999999958e-03
3.288350000000000214e-03
5.299739999999999833e-03
7.293110000000000218e-03
9.491740000000000246e-03
5.361020000000000195e-03
1.397989999999999997e-03
2.562379999999999953e-03
4.240919999999999586e-03
4.155410000000000006e-03
1.728490000000000061e-03
8.413029999999999510e-04
3.327640000000000198e-03
3.126410000000000040e-03
-8.328040000000000312e-04
-3.402650000000000119e-03
-2.267330000000000127e-03
3.845750000000000102e-04
-1.933489999999999948e-04
-2.925280000000000154e-03
-7.621350000000000477e-04
4.991169999999999635e-03
7.519180000000000308e-03
9.146120000000000638e-03
1.110009999999999990e-02
6.639499999999999569e-03
2.811650000000000173e-03
5.695809999999999935e-03
3.132300000000000188e-03
-1.800270000000000082e-03
8.105429999999999406e-05
1.092419999999999980e-03
-1.072590000000000002e-03
-3.082919999999999845e-03
-4.487810000000000063e-03
-3.071069999999999963e-03
-2.510179999999999877e-03
-7.530359999999999832e-03
-1.266590000000000077e-02
-1.449369999999999999e-02
-1.364849999999999917e-02
-9.983969999999999997e-03
-8.619079999999999450e-03
-9.045040000000000718e-03
-6.885999999999999760e-03
-5.002839999999999718e-03
-6.505679999999999796e-03
-8.933490000000000528e-03
-8.160050000000000289e-03
-6.527269999999999947e-03
-4.531529999999999760e-03
-3.307030000000000082e-04
2.257939999999999947e-03
4.015809999999999866e-03
5.685159999999999866e-03
4.695730000000000390e-03
4.519969999999999891e-03
5.982799999999999924e-03
6.329129999999999652e-03
6.559820000000000061e-03
7.558239999999999924e-03
6.403950000000000267e-03
9.310559999999999843e-04
-2.625619999999999950e-03
-1.507450000000000023e-03
-1.162069999999999938e-04
3.750100000000000135e-03
7.081360000000000085e-03
4.864229999999999769e-03
3.856360000000000083e-03
3.936929999999999943e-03
1.191109999999999999e-03
-4.247899999999999766e-04
-1.751350000000000042e-03
-4.982559999999999593e-03
-4.579190000000000343e-03
4.074670000000000071e-04
2.422860000000000204e-03
3.801580000000000150e-03
9.498360000000000830e-03
1.462540000000000021e-02
1.605349999999999833e-02
1.014800000000000077e-02
1.617680000000000029e-03
1.096769999999999950e-03
2.491029999999999980e-03
1.019539999999999986e-03
4.177240000000000141e-04
1.438019999999999955e-06
1.021170000000000064e-03
4.030100000000000002e-03
2.904040000000000094e-03
-5.520269999999999865e-03
-1.258929999999999945e-02
-1.404060000000000030e-02
-1.663040000000000004e-02
-2.063399999999999956e-02
-1.877989999999999868e-02
-1.061710000000000084e-02
-5.970709999999999733e-03
-5.538790000000000033e-03
-2.421679999999999840e-03
2.148539999999999998e-03
2.613560000000000015e-03
-1.470960000000000106e-03
-3.287640000000000094e-03
-7.353029999999999766e-04
1.985470000000000030e-03
2.191530000000000127e-03
8.905210000000000209e-04
-1.283590000000000035e-03
-2.989379999999999815e-03
2.465960000000000222e-04
4.401239999999999840e-03
5.413310000000000170e-03
5.370680000000000072e-03
3.471069999999999820e-04
-4.863629999999999863e-03
-4.589000000000000197e-03
-5.288809999999999692e-03
-2.831719999999999810e-03
3.315189999999999977e-03
3.922169999999999997e-03
3.670490000000000211e-03
6.439259999999999602e-03
4.629369999999999839e-03
-7.030720000000000068e-04
-1.842869999999999925e-03
-2.045939999999999998e-03
-4.563059999999999859e-03
-6.384540000000000180e-03
-6.619619999999999671e-03
-3.507349999999999791e-03
4.516510000000000164e-04
1.627280000000000046e-03
3.015530000000000207e-03
5.106300000000000248e-03
7.972709999999999173e-03
1.103310000000000055e-02
6.042729999999999629e-03
-3.460200000000000081e-03
-5.868209999999999572e-03
-3.816959999999999884e-03
8.662809999999999955e-04
8.729419999999999888e-03
1.430960000000000044e-02
1.622530000000000153e-02
1.729199999999999834e-02
1.665240000000000123e-02
1.193690000000000029e-02
6.588179999999999904e-03
3.271819999999999937e-03
3.721899999999999991e-04
-2.666200000000000080e-03
-4.309900000000000189e-03
-1.783209999999999917e-03
6.931189999999999617e-04
2.305200000000000088e-04
-4.465769999999999766e-05
-2.792939999999999832e-03
-6.356080000000000063e-03
-7.575420000000000244e-03
-7.342219999999999996e-03
-2.109999999999999896e-03
3.219800000000000093e-03
3.130029999999999792e-03
2.187039999999999904e-03
1.469030000000000075e-03
5.376169999999999994e-04
-1.807100000000000069e-03
-4.365110000000000171e-03
-7.914530000000000133e-04
5.725899999999999913e-03
7.927059999999999662e-03
7.710579999999999865e-03
5.102459999999999635e-03
2.488909999999999994e-03
5.914080000000000378e-03
7.757400000000000233e-03
8.804470000000000221e-04
-5.003689999999999874e-03
-6.470499999999999689e-03
-1.328969999999999978e-02
-1.910610000000000086e-02
-1.674490000000000006e-02
-1.404440000000000029e-02
-1.025339999999999932e-02
-6.058929999999999698e-03
-3.519729999999999994e-03
2.524440000000000191e-03
7.567940000000000431e-03
3.325299999999999784e-03
-3.856229999999999988e-03
-3.722529999999999936e-03
1.745680000000000105e-03
6.354549999999999609e-03
9.472919999999999258e-03
1.488669999999999924e-02
1.346989999999999993e-02
1.796279999999999925e-03
-2.074149999999999865e-03
6.625109999999999593e-04
-2.219919999999999793e-03
-7.283689999999999783e-03
-9.336799999999999267e-03
-5.524750000000000147e-03
4.619399999999999852e-04
1.776250000000000051e-03
2.850450000000000032e-03
7.229239999999999625e-03
7.782129999999999950e-03
1.508000000000000009e-03
-3.194869999999999828e-03
-4.907510000000000344e-03
-9.329489999999999311e-03
-7.926590000000000719e-03
8.555140000000000357e-04
3.159990000000000108e-03
-3.430640000000000208e-04
-1.600340000000000009e-03
-3.846860000000000232e-04
-1.016430000000000024e-03
-4.826949999999999991e-03
-7.274300000000000037e-03
-8.835020000000000720e-03
-9.623090000000000810e-03
-4.872529999999999917e-03
1.935200000000000039e-04
6.785839999999999797e-04
1.776070000000000036e-03
3.991869999999999793e-03
4.032309999999999887e-03
2.533740000000000037e-03
3.329949999999999924e-03
6.471779999999999894e-03
8.116780000000000522e-03
8.089229999999999338e-03
6.979189999999999700e-03
5.779480000000000034e-03
6.170870000000000175e-03
5.305169999999999678e-03
1.652500000000000106e-03
-1.096409999999999919e-03
-2.225200000000000095e-03
-3.636760000000000166e-03
-3.950839999999999734e-03
-3.151549999999999924e-03
-4.181510000000000261e-03
-7.974739999999999260e-03
-9.114930000000000254e-03
-4.694809999999999782e-03
-2.539679999999999889e-03
-3.138619999999999952e-03
-3.548790000000000017e-03
-6.760790000000000029e-03
-9.417500000000000523e-03
-9.230479999999999241e-03
-7.418219999999999675e-03
-4.990709999999999764e-03
-3.102660000000000140e-03
9.063190000000000211e-05
2.175530000000000172e-03
4.182359999999999984e-04
-3.588330000000000252e-04
2.208760000000000150e-03
4.094760000000000240e-03
4.653810000000000412e-03
4.934189999999999757e-03
2.009250000000000185e-03
-1.842349999999999977e-03
-2.371339999999999993e-03
-2.858679999999999945e-04
2.537409999999999926e-03
3.615319999999999992e-03
2.890789999999999853e-03
4.066739999999999895e-04
-2.306869999999999928e-03
-2.861700000000000008e-03
-7.847849999999999748e-04
3.396810000000000107e-03
5.147670000000000023e-03
3.948150000000000097e-03
3.611060000000000138e-03
4.542029999999999852e-03
5.231569999999999623e-03
5.250310000000000220e-03
4.453190000000000100e-03
3.001820000000000096e-03
1.432230000000000048e-03
1.298909999999999908e-03
4.205320000000000238e-03
6.119910000000000107e-03
4.835540000000000151e-03
3.094869999999999999e-03
2.765269999999999903e-04
-3.067570000000000041e-04
3.779489999999999933e-03
7.132669999999999809e-03
1.015049999999999980e-02
1.274199999999999985e-02
1.232130000000000031e-02
1.171490000000000031e-02
1.065559999999999945e-02
9.228870000000000129e-03
1.038900000000000066e-02
1.177549999999999951e-02
6.833950000000000094e-03
-3.759980000000000006e-03
-8.354389999999999733e-03
-8.308140000000000316e-03
-1.049650000000000062e-02
-7.951359999999999331e-03
-4.527800000000000227e-03
-5.492870000000000391e-03
-4.192259999999999737e-03
-3.148310000000000084e-03
-4.337660000000000127e-03
-3.900390000000000107e-03
-3.317539999999999899e-03
-2.414659999999999897e-03
-1.357509999999999923e-03
-3.793040000000000127e-03
-7.288359999999999804e-03
-8.188110000000000180e-03
-9.076539999999999261e-03
-1.001600000000000060e-02
-9.835550000000000195e-03
-8.422930000000000347e-03
-5.091359999999999636e-03
-2.314049999999999788e-03
2.175380000000000195e-03
6.058639999999999685e-03
4.008480000000000029e-03
1.508070000000000027e-03
-7.305260000000000052e-04
-1.663289999999999994e-03
1.477870000000000052e-03
2.234030000000000130e-03
-2.023749999999999941e-03
-5.562880000000000082e-03
-5.576900000000000086e-03
-4.672670000000000295e-03
-1.464540000000000069e-03
3.261730000000000011e-03
5.090049999999999610e-03
9.108029999999999599e-03
1.547300000000000064e-02
1.650640000000000093e-02
1.425380000000000050e-02
1.304800000000000057e-02
1.158080000000000047e-02
6.687979999999999620e-03
6.201359999999999728e-04
-2.802760000000000060e-03
-4.812010000000000245e-03
-5.217389999999999702e-03
-5.661809999999999760e-03
-7.598670000000000077e-03
-7.115759999999999620e-03
-4.009089999999999876e-03
-3.300019999999999863e-03
-5.412260000000000335e-03
-6.101770000000000284e-03
-4.634359999999999695e-03
-3.022910000000000180e-03
-2.410489999999999942e-03
-5.661399999999999592e-03
-1.189450000000000056e-02
-1.439479999999999926e-02
-1.487289999999999966e-02
-1.907369999999999899e-02
-2.063919999999999991e-02
-1.060900000000000037e-02
1.380509999999999934e-05
3.341489999999999912e-03
1.085520000000000061e-02
1.603479999999999836e-02
1.351540000000000033e-02
1.502460000000000080e-02
1.350709999999999932e-02
6.404199999999999650e-03
3.972060000000000347e-03
8.017049999999999958e-04
-2.216440000000000077e-03
5.455450000000000360e-04
6.862619999999999831e-04
-4.041490000000000013e-03
-8.064540000000000250e-03
-9.952449999999999838e-03
-1.171960000000000016e-02
-1.464430000000000072e-02
-1.736750000000000099e-02
-1.545389999999999958e-02
-9.959070000000000422e-03
-6.629669999999999834e-03
-1.255679999999999904e-03
5.463140000000000010e-03
7.941230000000000511e-03
1.061220000000000045e-02
1.381360000000000053e-02
1.593539999999999887e-02
1.627469999999999958e-02
1.168620000000000075e-02
8.018090000000000286e-03
8.103849999999999248e-03
6.669040000000000211e-03
5.143329999999999777e-03
5.205509999999999998e-03
4.384410000000000043e-03
6.856969999999999775e-04
-4.806440000000000365e-03
-7.947330000000000713e-03
-1.078329999999999914e-02
-1.321819999999999939e-02
-7.603819999999999850e-03
-1.077959999999999986e-03
-9.254230000000000333e-05
7.357680000000000123e-03
1.386180000000000051e-02
8.916850000000000470e-03
5.448269999999999849e-03
4.566999999999999879e-03
1.970260000000000154e-03
3.441630000000000210e-03
7.789510000000000357e-03
9.237020000000000300e-03
7.603659999999999933e-03
2.421899999999999834e-03
-2.768399999999999854e-03
-2.492700000000000037e-03
-1.730930000000000099e-03
-4.705879999999999959e-03
-9.406019999999999312e-03
-1.160470000000000078e-02
-7.649190000000000156e-03
-3.722259999999999805e-03
-4.042239999999999896e-03
-2.409919999999999857e-03
-1.678050000000000104e-04
-6.493850000000000447e-04
-6.863550000000000380e-04
3.066020000000000030e-04
3.267209999999999993e-03
7.358159999999999874e-03
8.607309999999999961e-03
3.806700000000000101e-03
-4.198539999999999738e-03
-6.983099999999999898e-03
-7.031439999999999912e-03
-1.026810000000000049e-02
-1.200670000000000036e-02
-9.741780000000000231e-03
-9.014819999999999778e-03
-9.945249999999999230e-03
-8.987570000000000281e-03
-7.858010000000000342e-03
-7.204689999999999706e-03
-4.705059999999999625e-03
-1.138200000000000019e-03
4.250410000000000256e-04
1.561150000000000081e-03
2.746890000000000095e-03
-1.457739999999999904e-04
-2.053049999999999840e-03
2.985139999999999842e-03
7.184239999999999723e-03
8.011680000000000190e-03
8.225750000000000423e-03
5.187670000000000128e-03
8.113600000000000109e-04
-3.052130000000000121e-03
-3.721299999999999868e-03
-1.872650000000000009e-03
-2.085150000000000024e-03
1.351680000000000069e-03
6.323170000000000353e-03
6.524049999999999988e-03
7.314629999999999917e-03
6.468810000000000185e-03
2.362850000000000106e-03
7.392570000000000001e-04
-1.692769999999999908e-03
-5.076699999999999963e-03
-6.025189999999999713e-03
-6.437850000000000170e-03
-5.610859999999999632e-03
-2.626579999999999887e-03
1.260110000000000050e-03
4.654750000000000033e-03
8.055210000000000148e-03
9.126209999999999184e-03
6.708269999999999685e-03
5.739870000000000215e-03
5.063259999999999983e-03
3.093330000000000038e-03
1.303459999999999992e-03
-1.556270000000000006e-03
-4.509290000000000000e-03
-4.451669999999999586e-03
1.170119999999999971e-03
7.520970000000000086e-03
8.659709999999999283e-03
4.705039999999999743e-03
-1.581949999999999936e-03
-3.174789999999999817e-03
-7.394539999999999577e-04
-7.404259999999999748e-04
-8.460050000000000426e-04
1.764710000000000063e-03
3.497629999999999836e-03
3.149429999999999938e-03
2.248840000000000214e-03
1.785010000000000069e-03
1.866569999999999905e-03
8.326749999999999517e-04
-1.433240000000000122e-04
2.484780000000000018e-04
5.146009999999999880e-05
5.794840000000000104e-04
2.738029999999999804e-03
4.635950000000000227e-04
-5.932620000000000428e-03
-6.148950000000000249e-03
3.060230000000000155e-03
1.108100000000000057e-02
1.051090000000000010e-02
9.769160000000000690e-03
1.200239999999999987e-02
8.670989999999999948e-03
3.123519999999999856e-03
2.583390000000000079e-03
2.016110000000000211e-03
-7.515830000000000037e-04
-3.035930000000000052e-03
-5.678660000000000305e-03
-8.014280000000000362e-03
-8.946159999999999876e-03
-1.053010000000000057e-02
-1.099900000000000010e-02
-7.744370000000000420e-03
-5.147539999999999928e-03
-6.556130000000000291e-03
-1.059230000000000067e-02
-1.286389999999999929e-02
-1.152129999999999994e-02
-9.359120000000000286e-03
-7.234700000000000158e-03
-5.865139999999999590e-03
-4.925620000000000345e-03
-3.030249999999999957e-03
-1.986789999999999997e-03
-1.256579999999999980e-03
1.731590000000000082e-03
3.002719999999999955e-03
4.591660000000000012e-04
-5.044640000000000409e-04
4.395180000000000159e-04
1.174420000000000048e-04
-7.928809999999999461e-04
-4.259419999999999954e-05
3.356000000000000042e-03
6.004190000000000395e-03
6.444369999999999613e-03
7.834100000000000091e-03
6.788370000000000168e-03
1.679399999999999947e-03
-1.570769999999999979e-03
-3.288650000000000167e-03
-5.385659999999999580e-03
-3.215609999999999823e-03
2.939999999999999905e-03
3.577400000000000111e-03
-2.179620000000000114e-04
4.702940000000000072e-04
3.261070000000000028e-03
4.178069999999999874e-03
1.873370000000000070e-03
-2.912269999999999789e-03
-4.379359999999999677e-03
-4.915899999999999957e-03
-3.662410000000000058e-03
5.044520000000000254e-03
1.207040000000000023e-02
1.229719999999999945e-02
1.280650000000000018e-02
1.532889999999999947e-02
1.340389999999999984e-02
8.651000000000000703e-03
6.024370000000000246e-03
1.618920000000000038e-03
-4.049299999999999601e-03
-8.533550000000000857e-03
-1.151100000000000040e-02
-9.423720000000000013e-03
-3.992370000000000294e-03
-2.930579999999999904e-03
-4.489710000000000055e-03
-5.442110000000000003e-03
-8.866459999999999619e-03
-1.162949999999999921e-02
-8.496309999999999973e-03
-2.291409999999999801e-03
6.598819999999999816e-04
4.675200000000000015e-03
1.047230000000000036e-02
1.201439999999999973e-02
1.503889999999999914e-02
1.488079999999999958e-02
3.921649999999999615e-03
-7.367450000000000214e-03
-1.036819999999999929e-02
-7.105180000000000003e-03
-5.404250000000000199e-03
-5.647319999999999944e-03
-4.599709999999999910e-03
-3.981580000000000188e-03
-3.409660000000000121e-03
-2.534219999999999789e-03
-2.196099999999999875e-03
-1.778899999999999926e-03
-9.047499999999999553e-04
-3.169760000000000091e-04
3.526180000000000178e-04
1.686229999999999934e-03
2.802119999999999958e-03
3.475329999999999999e-03
4.345459999999999774e-03
5.177700000000000358e-03
5.700919999999999946e-03
5.221560000000000090e-03
3.966289999999999920e-03
3.790210000000000020e-03
4.294110000000000288e-03
2.615300000000000090e-03
-2.094180000000000173e-03
-5.757579999999999990e-03
-6.152079999999999875e-03
-6.231000000000000427e-03
-5.263959999999999820e-03
-2.757270000000000033e-03
-2.692299999999999902e-03
-3.372630000000000159e-03
-2.021100000000000067e-03
-7.746699999999999810e-04
-7.008090000000000456e-04
-1.979750000000000173e-03
-2.473050000000000075e-03
1.518809999999999995e-03
5.095449999999999632e-03
3.523280000000000162e-03
3.207390000000000067e-03
6.876130000000000263e-03
9.978310000000000651e-03
9.751289999999999264e-03
8.597240000000000784e-03
7.945129999999999901e-03
3.353409999999999811e-03
-2.202529999999999853e-03
-4.313039999999999756e-03
-7.326459999999999917e-03
-7.206019999999999613e-03
-1.989229999999999818e-03
-1.340019999999999926e-03
-3.600579999999999926e-03
-3.236769999999999925e-03
-2.534310000000000122e-03
-2.239529999999999993e-03
-2.051359999999999902e-03
-3.388359999999999983e-03
-5.989780000000000104e-03
-4.912510000000000140e-03
5.681840000000000068e-04
3.982460000000000166e-03
6.506640000000000167e-03
1.026589999999999968e-02
9.818419999999999578e-03
8.518960000000000768e-03
9.523840000000000430e-03
7.576539999999999664e-03
5.204180000000000091e-03
4.716190000000000312e-03
2.997629999999999826e-03
9.170750000000000516e-04
-1.005079999999999993e-03
-4.062849999999999795e-03
-5.119509999999999859e-03
1.469909999999999891e-04
6.131010000000000106e-03
3.989770000000000122e-03
-1.643860000000000026e-03
-2.618489999999999793e-03
-2.254729999999999929e-03
-3.028970000000000187e-03
-2.828209999999999839e-03
-4.905770000000000269e-03
-9.361460000000000267e-03
-9.599099999999999300e-03
-3.005139999999999895e-03
2.729790000000000168e-03
1.940120000000000039e-03
1.716249999999999894e-03
4.457459999999999894e-03
6.206999999999999844e-03
5.353020000000000000e-03
3.170059999999999935e-04
-4.005919999999999620e-03
-3.009500000000000022e-03
1.826170000000000007e-03
7.220149999999999832e-03
1.000589999999999986e-02
1.097290000000000071e-02
1.163589999999999937e-02
9.913740000000000746e-03
4.983150000000000426e-03
1.572880000000000025e-03
-2.377750000000000089e-03
-9.767029999999999462e-03
-1.086340000000000049e-02
-4.836670000000000379e-03
-2.912909999999999892e-03
-4.803059999999999621e-03
-5.225490000000000169e-03
-4.480320000000000309e-03
-2.715770000000000163e-03
-9.871409999999999733e-04
-6.572530000000000039e-04
-2.482649999999999874e-03
-4.967830000000000336e-03
-5.239299999999999687e-03
-4.996869999999999611e-03
-3.624810000000000011e-03
4.510710000000000050e-05
1.661240000000000026e-03
8.227160000000000289e-04
4.673130000000000166e-04
9.851070000000000399e-04
1.287750000000000049e-03
4.053549999999999840e-04
-2.087390000000000165e-03
-4.411939999999999612e-03
-5.236280000000000275e-03
-6.593560000000000046e-03
-7.527340000000000420e-03
-6.187149999999999768e-03
-5.383869999999999802e-03
-5.646800000000000430e-03
-4.577190000000000078e-03
-1.954969999999999885e-03
6.840190000000000116e-04
2.479279999999999939e-03
3.121469999999999887e-03
1.588439999999999991e-03
3.318470000000000230e-04
1.505800000000000064e-03
2.339100000000000207e-03
2.015139999999999900e-03
2.206819999999999962e-03
2.613850000000000028e-03
2.748399999999999802e-03
2.868400000000000116e-03
1.374180000000000020e-03
-1.413159999999999894e-03
-2.658419999999999880e-03
-3.696500000000000133e-03
-4.543590000000000129e-03
-2.528600000000000205e-03
-7.196319999999999974e-04
-9.002570000000000103e-04
-1.954980000000000042e-04
1.003430000000000034e-03
1.620990000000000104e-03
3.398289999999999991e-03
6.184760000000000084e-03
7.600769999999999749e-03
4.741289999999999567e-03
-9.750730000000000204e-04
-3.923870000000000309e-03
-5.508439999999999864e-03
-5.656419999999999677e-03
-2.864380000000000138e-03
-3.695130000000000029e-03
-7.521260000000000098e-03
-8.134850000000000761e-03
-7.408190000000000261e-03
-8.122090000000000212e-03
-7.032769999999999820e-03
-4.064830000000000179e-03
-2.356079999999999980e-03
3.050969999999999962e-04
3.820319999999999879e-03
5.692029999999999833e-03
7.419259999999999571e-03
9.621889999999999263e-03
8.934799999999999687e-03
5.091120000000000194e-03
3.481740000000000095e-03
3.852190000000000128e-03
3.952250000000000034e-03
4.926510000000000264e-03
6.059560000000000293e-03
6.696460000000000433e-03
7.161569999999999915e-03
6.654499999999999825e-03
4.472649999999999890e-03
1.686999999999999915e-03
-2.033749999999999968e-03
-5.538409999999999687e-03
-4.095770000000000313e-03
-8.054489999999999857e-06
1.450630000000000062e-03
2.942789999999999816e-03
5.145170000000000125e-03
5.474330000000000342e-03
6.099910000000000054e-03
6.193350000000000244e-03
3.575749999999999935e-03
2.017899999999999989e-03
1.677799999999999908e-03
4.406030000000000233e-04
-2.644160000000000108e-04
-1.242250000000000082e-03
-3.500790000000000152e-03
-3.928140000000000104e-03
1.042200000000000017e-04
4.967809999999999587e-03
6.704550000000000093e-03
6.195260000000000176e-03
5.251099999999999865e-03
3.720069999999999800e-03
1.274299999999999912e-03
-1.448999999999999984e-03
-3.847210000000000213e-03
-4.741719999999999616e-03
-5.139269999999999602e-03
-4.857359999999999803e-03
-3.783149999999999881e-03
-4.161790000000000281e-03
-4.031560000000000005e-03
-2.638450000000000083e-03
-1.903329999999999952e-03
-1.127760000000000004e-03
2.678569999999999801e-04
1.810849999999999916e-03
3.172930000000000021e-03
3.490089999999999946e-03
2.915969999999999934e-03
3.135820000000000100e-03
3.590340000000000024e-03
2.590269999999999986e-03
1.441750000000000106e-03
1.233149999999999915e-03
8.348620000000000173e-04
-2.464379999999999739e-04
-1.691800000000000031e-03
-3.924450000000000334e-03
-6.543929999999999886e-03
-7.313189999999999795e-03
-6.411250000000000282e-03
-6.037250000000000082e-03
-6.502530000000000289e-03
-6.893390000000000108e-03
-6.254179999999999809e-03
-4.843980000000000334e-03
-4.091730000000000020e-03
-3.437330000000000160e-03
-1.947909999999999963e-03
-9.894030000000000272e-04
-5.255950000000000118e-04
-1.934439999999999998e-04
-8.427390000000000098e-04
-1.325559999999999933e-03
-6.342640000000000517e-04
3.750429999999999801e-04
1.258020000000000102e-03
2.829229999999999853e-03
4.993789999999999688e-03
3.899720000000000183e-03
-8.451380000000000524e-04
-3.446850000000000001e-03
-3.762629999999999881e-03
-3.306809999999999871e-03
-1.775710000000000005e-03
-1.753559999999999928e-03
-2.911180000000000191e-03
-3.917280000000000414e-03
-4.996620000000000228e-03
-5.884290000000000354e-03
-6.822410000000000106e-03
-8.137419999999999376e-03
-8.597479999999999359e-03
-7.776019999999999807e-03
-6.288529999999999641e-03
-2.970490000000000110e-03
4.835260000000000187e-04
2.186589999999999975e-03
2.752029999999999928e-03
2.362120000000000105e-03
2.724260000000000050e-03
3.432090000000000054e-03
3.278319999999999932e-03
3.351610000000000093e-03
3.668659999999999803e-03
3.783640000000000007e-03
3.859210000000000071e-03
4.021249999999999651e-03
4.524440000000000232e-03
4.501040000000000423e-03
2.281599999999999948e-03
-3.712540000000000067e-04
-2.233859999999999839e-03
-5.047549999999999606e-03
-5.939009999999999775e-03
-3.775380000000000055e-03
-3.319089999999999801e-03
-4.041789999999999966e-03
-2.836219999999999974e-03
-7.873729999999999575e-04
5.728530000000000124e-04
5.521910000000000127e-05
-1.704070000000000020e-03
-1.893490000000000060e-03
-1.217650000000000026e-03
-1.794440000000000011e-03
-3.036179999999999869e-03
-3.968809999999999699e-03
-3.049060000000000138e-03
-5.766360000000000539e-04
8.773980000000000451e-04
2.591379999999999899e-03
5.051779999999999639e-03
5.700229999999999707e-03
4.415849999999999810e-03
3.555809999999999960e-03
4.839340000000000135e-03
6.284129999999999751e-03
6.057970000000000195e-03
2.880859999999999844e-03
-2.023699999999999805e-03
-4.014369999999999744e-03
-4.646329999999999731e-03
-5.836629999999999770e-03
-5.688679999999999778e-03
-3.938449999999999590e-03
-1.709680000000000097e-03
-8.458919999999999981e-04
-4.880810000000000183e-04
-4.455799999999999995e-04
-1.229140000000000094e-03
-1.691299999999999965e-03
-2.555809999999999940e-03
-3.572290000000000101e-03
-2.621370000000000037e-03
-1.566190000000000128e-04
1.633969999999999943e-04
-2.739650000000000158e-03
-4.342150000000000350e-03
-2.706629999999999800e-03
-2.287509999999999977e-03
-3.111930000000000165e-03
-9.576759999999999700e-04
1.894630000000000012e-03
2.595379999999999996e-03
1.780799999999999918e-03
-8.004219999999999608e-04
-1.574529999999999983e-03
9.926830000000000636e-04
2.504870000000000187e-03
3.159449999999999845e-03
4.580080000000000262e-03
5.280879999999999949e-03
5.126330000000000123e-03
3.864269999999999945e-03
-4.637379999999999974e-04
-4.937669999999999906e-03
-3.668990000000000012e-03
4.305910000000000249e-04
2.556210000000000166e-03
4.204409999999999571e-03
6.020720000000000238e-03
7.280660000000000430e-03
8.034859999999999572e-03
8.154659999999999340e-03
6.686089999999999568e-03
3.014259999999999943e-03
-9.368620000000000029e-04
-1.672099999999999932e-03
3.808330000000000179e-04
1.947710000000000066e-03
3.371160000000000215e-03
4.145710000000000367e-03
3.420100000000000137e-03
3.674349999999999838e-03
4.564920000000000089e-03
4.537290000000000247e-03
3.759660000000000172e-03
1.323219999999999952e-03
-2.560450000000000139e-03
-5.142120000000000024e-03
-4.478369999999999747e-03
-2.341980000000000017e-03
-4.202049999999999926e-04
1.061080000000000053e-03
1.028089999999999950e-03
4.831290000000000291e-05
-5.924899999999999872e-04
-8.576810000000000033e-04
-7.060910000000000537e-04
-7.578829999999999942e-04
-1.771219999999999999e-03
-3.206679999999999947e-03
-5.023670000000000045e-03
-5.723989999999999981e-03
-4.389559999999999816e-03
-2.103700000000000014e-03
1.829160000000000031e-03
4.811619999999999960e-03
3.450819999999999842e-03
1.931879999999999969e-03
3.344559999999999894e-03
3.940270000000000057e-03
3.270649999999999946e-03
3.400719999999999871e-03
2.574129999999999995e-03
4.719939999999999943e-04
-1.964470000000000116e-04
3.064750000000000091e-04
8.040290000000000501e-04
1.883289999999999921e-03
2.420170000000000134e-03
1.367979999999999977e-03
-2.129029999999999909e-04
-1.299790000000000103e-03
-1.982059999999999898e-03
-2.476659999999999886e-03
-2.420910000000000076e-03
-1.325690000000000028e-03
1.599279999999999907e-04
2.676009999999999934e-03
5.886439999999999728e-03
6.610730000000000425e-03
6.084840000000000214e-03
6.344269999999999944e-03
6.345270000000000077e-03
5.836870000000000079e-03
4.157909999999999905e-03
2.642119999999999972e-03
3.067110000000000062e-03
2.878120000000000071e-03
1.780080000000000074e-03
1.316080000000000071e-03
2.435930000000000105e-04
-9.640099999999999537e-04
-1.107480000000000096e-03
-1.348910000000000040e-03
-2.283569999999999958e-03
-2.897779999999999974e-03
-2.440260000000000085e-03
-5.264140000000000052e-04
2.281430000000000090e-03
3.608469999999999907e-03
3.363779999999999808e-03
3.552120000000000190e-03
3.342840000000000134e-03
1.450719999999999961e-03
-3.284249999999999735e-04
-3.851319999999999982e-04
5.853299999999999676e-05
7.042529999999999537e-04
2.227380000000000158e-03
3.302600000000000154e-03
2.956729999999999862e-03
1.510559999999999984e-03
9.773080000000000287e-05
-1.864290000000000001e-04
-2.856910000000000062e-05
-3.537640000000000099e-04
-4.902409999999999841e-04
5.294990000000000070e-04
2.040539999999999975e-03
2.666969999999999844e-03
2.450180000000000153e-03
2.263160000000000172e-03
2.203689999999999902e-03
2.294850000000000188e-03
2.362369999999999921e-03
1.169770000000000098e-03
-1.541440000000000041e-03
-2.402479999999999807e-03
1.165460000000000107e-03
5.084009999999999918e-03
4.907240000000000213e-03
3.403890000000000127e-03
4.014929999999999888e-03
4.239429999999999761e-03
2.663179999999999801e-03
1.089179999999999923e-03
-1.439479999999999926e-03
-4.049839999999999864e-03
-3.939970000000000104e-03
-3.228210000000000020e-03
-2.655189999999999981e-03
-1.804040000000000027e-03
-2.001370000000000145e-03
-1.435810000000000038e-03
-5.955279999999999672e-05
1.233710000000000058e-03
3.844000000000000195e-03
5.868599999999999858e-03
4.154249999999999957e-03
-4.179890000000000124e-04
-4.153389999999999860e-03
-6.221339999999999683e-03
-8.204329999999999262e-03
-8.356310000000000474e-03
-6.390490000000000406e-03
-4.246579999999999799e-03
-1.153490000000000071e-03
1.380280000000000005e-03
1.023229999999999973e-03
-3.997469999999999930e-04
-1.488879999999999934e-03
-3.053890000000000077e-03
-4.742960000000000058e-03
-5.736920000000000387e-03
-5.984579999999999761e-03
-4.243440000000000233e-03
-1.193110000000000047e-03
8.618049999999999929e-04
3.487140000000000118e-03
5.897059999999999975e-03
4.668430000000000323e-03
1.757370000000000069e-03
-1.887479999999999974e-03
-6.153330000000000258e-03
-6.772160000000000159e-03
-5.503759999999999902e-03
-5.194289999999999845e-03
-3.591950000000000004e-03
-1.149679999999999929e-03
1.574340000000000028e-03
2.557359999999999842e-03
5.586799999999999839e-04
-1.311040000000000079e-03
-2.148010000000000110e-03
-2.311750000000000003e-03
-1.974370000000000031e-03
-1.633949999999999899e-03
-1.038429999999999909e-03
-1.333499999999999887e-04
1.488549999999999943e-03
3.906790000000000262e-03
7.045509999999999620e-03
1.014499999999999950e-02
9.448289999999999814e-03
5.918259999999999840e-03
3.299359999999999880e-03
1.081829999999999988e-03
-2.209669999999999950e-03
-6.028949999999999934e-03
-6.248489999999999774e-03
-4.685479999999999680e-03
-5.502110000000000160e-03
-6.132939999999999919e-03
-5.710589999999999763e-03
-4.851740000000000219e-03
-3.688530000000000194e-03
-3.528419999999999994e-03
-4.634290000000000111e-03
-6.164509999999999781e-03
-7.223120000000000408e-03
-6.639029999999999758e-03
-3.430340000000000038e-03
-2.752720000000000167e-04
-7.446300000000000315e-04
-3.527090000000000086e-03
-5.383899999999999623e-03
-5.551750000000000261e-03
-4.540380000000000110e-03
-3.460439999999999957e-03
-3.797930000000000143e-03
-4.256969999999999678e-03
-3.721480000000000100e-03
-3.196520000000000004e-03
-1.802170000000000074e-03
1.038429999999999909e-03
2.899730000000000103e-03
2.052210000000000058e-03
2.327519999999999969e-04
-1.037619999999999949e-03
-1.947710000000000066e-03
-1.059639999999999931e-03
8.494859999999999911e-04
8.991939999999999699e-04
2.533680000000000177e-04
-1.186290000000000055e-04
-6.897649999999999528e-04
-2.470840000000000081e-04
7.160769999999999679e-04
3.712359999999999944e-04
-2.079999999999999818e-03
-5.149550000000000134e-03
-5.047850000000000427e-03
-2.770560000000000037e-03
-1.229749999999999940e-03
6.262060000000000282e-04
1.685450000000000012e-03
1.317440000000000017e-03
2.187280000000000214e-03
3.358159999999999791e-03
1.859640000000000078e-03
-1.759619999999999934e-04
-2.937740000000000100e-04
-4.338090000000000067e-04
-3.875360000000000111e-04
6.659020000000000087e-04
8.114679999999999766e-04
3.419159999999999973e-04
3.643569999999999947e-04
-1.260629999999999889e-04
-1.858040000000000039e-03
-2.797319999999999841e-03
-1.917499999999999934e-03
-1.737629999999999991e-03
-2.257659999999999875e-03
-2.075800000000000041e-03
-2.086279999999999819e-03
-2.606170000000000101e-03
-2.905730000000000032e-03
-3.038930000000000017e-03
-3.422999999999999828e-03
-3.460739999999999910e-03
-2.222190000000000189e-03
-4.930149999999999680e-04
1.338369999999999968e-03
3.701830000000000138e-03
4.855860000000000037e-03
3.924969999999999848e-03
2.650490000000000138e-03
2.335600000000000176e-03
2.316170000000000208e-03
1.804239999999999924e-03
1.484099999999999916e-03
1.410849999999999951e-03
6.180110000000000161e-04
-8.059709999999999444e-05
1.232290000000000089e-04
-2.190869999999999981e-04
-1.291419999999999938e-03
-1.804899999999999907e-03
-1.678470000000000049e-03
-1.624790000000000088e-03
-1.675650000000000099e-03
-1.372380000000000084e-03
-7.046879999999999724e-04
1.353159999999999899e-04
1.213120000000000040e-03
3.111280000000000122e-03
4.482380000000000218e-03
3.327699999999999842e-03
1.615899999999999975e-03
5.722719999999999717e-04
-7.126259999999999496e-04
-9.775969999999999712e-04
1.087700000000000038e-03
5.133119999999999697e-03
7.313300000000000009e-03
5.457889999999999964e-03
3.679360000000000009e-03
1.436470000000000021e-03
-3.959569999999999930e-03
-6.846429999999999703e-03
-5.565080000000000027e-03
-5.160829999999999931e-03
-5.596740000000000222e-03
-5.487920000000000298e-03
-3.464930000000000180e-03
7.882780000000000039e-04
2.566699999999999884e-03
1.345159999999999976e-03
1.421769999999999935e-03
2.231939999999999966e-03
1.933129999999999918e-03
1.625909999999999942e-03
2.567320000000000105e-03
4.055389999999999863e-03
4.725110000000000247e-03
4.760580000000000367e-03
4.254110000000000183e-03
3.843130000000000157e-03
3.944610000000000304e-03
3.677970000000000024e-03
3.328380000000000141e-03
3.358649999999999917e-03
3.332509999999999899e-03
2.878030000000000171e-03
8.436970000000000233e-04
-2.144580000000000097e-03
-2.427560000000000048e-03
-9.991299999999999834e-04
-9.920680000000000297e-04
-6.425759999999999545e-04
5.936140000000000123e-04
1.417029999999999896e-03
2.967420000000000127e-03
5.247840000000000144e-03
6.105829999999999591e-03
5.997800000000000180e-03
6.227420000000000004e-03
6.160129999999999773e-03
6.002290000000000403e-03
5.784899999999999938e-03
4.529970000000000351e-03
2.426610000000000052e-03
9.741510000000000316e-04
8.662750000000000094e-04
1.097209999999999939e-03
7.250849999999999873e-04
-7.798599999999999500e-04
-2.165390000000000110e-03
-1.788429999999999924e-03
-1.398450000000000084e-03
-1.686659999999999982e-03
-1.074749999999999968e-03
1.171380000000000023e-04
8.015249999999999805e-04
9.394149999999999766e-04
1.951990000000000018e-03
4.216600000000000036e-03
5.442999999999999922e-03
4.989389999999999797e-03
4.658589999999999780e-03
4.827289999999999706e-03
3.611089999999999960e-03
1.270300000000000032e-03
5.411540000000000030e-05
-1.993949999999999976e-04
2.415549999999999870e-04
1.028609999999999898e-03
1.872009999999999907e-03
2.819439999999999880e-03
2.338250000000000051e-03
8.837790000000000641e-05
-2.180350000000000170e-03
-3.301440000000000104e-03
-4.271890000000000409e-03
-5.122039999999999579e-03
-5.116879999999999866e-03
-4.574550000000000144e-03
-3.411739999999999912e-03
-1.789929999999999907e-03
-9.206820000000000325e-04
-8.904979999999999840e-04
-8.534000000000000353e-04
-1.419329999999999897e-03
-2.104679999999999832e-03
-1.766739999999999934e-03
-3.992949999999999776e-04
1.229950000000000054e-03
2.004230000000000074e-03
1.071410000000000071e-03
-8.595540000000000038e-04
-2.062899999999999890e-03
-2.652100000000000117e-03
-3.079029999999999961e-03
-3.780589999999999905e-03
-4.922209999999999780e-03
-5.714930000000000010e-03
-6.208570000000000061e-03
-6.827299999999999688e-03
-6.206330000000000353e-03
-3.207000000000000215e-03
1.217970000000000077e-03
4.911119999999999722e-03
4.994069999999999759e-03
2.097250000000000156e-03
2.345740000000000075e-04
1.438929999999999994e-04
-7.142669999999999835e-04
-2.322729999999999847e-03
-2.465230000000000112e-03
-1.284030000000000024e-03
-9.655659999999999504e-04
-1.290670000000000055e-03
-1.075180000000000016e-03
-1.268390000000000099e-03
-2.295189999999999904e-03
-3.460069999999999986e-03
-4.069459999999999571e-03
-3.391040000000000113e-03
-1.577920000000000017e-03
3.963029999999999765e-04
2.226150000000000091e-03
2.750600000000000180e-03
1.892889999999999937e-03
1.898780000000000086e-03
2.571659999999999918e-03
2.556689999999999918e-03
1.648249999999999976e-03
2.010729999999999907e-04
-4.163530000000000030e-04
3.523369999999999844e-04
1.209379999999999917e-03
1.381929999999999964e-03
1.463279999999999963e-03
1.764490000000000069e-03
1.684610000000000014e-03
5.238050000000000171e-04
-7.048900000000000087e-04
-5.561130000000000066e-04
4.629050000000000005e-04
1.426420000000000075e-03
1.763519999999999975e-03
1.629129999999999901e-03
1.437509999999999916e-03
9.406619999999999869e-04
4.764899999999999865e-04
7.613960000000000129e-04
9.264149999999999859e-04
1.800310000000000115e-04
-6.140660000000000259e-04
-1.353079999999999995e-03
-1.932279999999999979e-03
-1.938679999999999917e-03
-1.825170000000000091e-03
-1.989110000000000097e-03
-2.612409999999999906e-03
-2.701519999999999790e-03
-1.630350000000000028e-03
-1.176359999999999965e-04
1.517169999999999977e-03
2.246650000000000209e-03
1.725060000000000048e-03
1.452340000000000098e-03
1.712189999999999936e-03
1.448740000000000010e-03
1.092160000000000006e-03
1.550469999999999973e-03
1.755260000000000023e-03
1.267260000000000088e-03
1.267700000000000077e-03
9.232749999999999855e-04
-4.256950000000000230e-04
-9.230920000000000314e-04
-5.191090000000000201e-04
-2.573990000000000067e-05
1.021619999999999993e-03
2.705509999999999946e-03
4.079110000000000374e-03
4.392749999999999953e-03
3.986280000000000032e-03
2.361699999999999997e-03
9.123620000000000037e-04
1.380209999999999987e-03
1.543590000000000066e-03
1.045939999999999977e-03
6.531319999999999531e-04
-9.908020000000000455e-04
-2.820029999999999846e-03
-3.137769999999999795e-03
-2.525219999999999895e-03
-1.930810000000000035e-03
-1.540879999999999897e-03
-1.373599999999999995e-03
-1.655699999999999967e-03
-1.714199999999999925e-03
-1.323090000000000073e-03
-1.065980000000000009e-03
-9.648480000000000294e-04
-9.958670000000001063e-04
-6.505190000000000104e-04
8.321309999999999514e-04
2.759489999999999860e-03
4.094900000000000276e-03
4.820610000000000346e-03
4.905719999999999699e-03
4.806480000000000127e-03
4.818130000000000329e-03
4.185010000000000292e-03
3.334719999999999785e-03
2.837699999999999858e-03
2.457180000000000215e-03
2.392630000000000191e-03
2.402249999999999872e-03
2.527259999999999923e-03
3.402849999999999799e-03
3.199490000000000146e-03
3.269570000000000072e-04
-1.712889999999999899e-03
-1.409440000000000085e-03
-1.883200000000000022e-03
-2.669719999999999992e-03
-2.349379999999999871e-03
-1.761020000000000077e-03
-4.518279999999999844e-04
1.041969999999999919e-03
9.800360000000001015e-04
-2.627449999999999924e-04
-1.913460000000000074e-03
-3.567369999999999829e-03
-4.114109999999999816e-03
-4.100180000000000144e-03
-4.393160000000000120e-03
-3.960289999999999991e-03
-2.892549999999999809e-03
-2.184269999999999875e-03
-1.508720000000000070e-03
-8.948779999999999929e-04
-8.092969999999999461e-04
-7.484479999999999736e-04
-4.603580000000000129e-04
9.454999999999999429e-05
1.269149999999999922e-03
2.185669999999999800e-03
1.877619999999999983e-03
1.525920000000000054e-03
1.831230000000000097e-03
1.525069999999999898e-03
1.859150000000000115e-04
-1.895629999999999928e-03
-4.624950000000000068e-03
-5.430670000000000289e-03
-3.842130000000000024e-03
-3.220880000000000184e-03
-2.963659999999999906e-03
-1.893079999999999893e-03
-9.290459999999999951e-04
4.352870000000000220e-04
2.320229999999999949e-03
3.231560000000000075e-03
2.408469999999999795e-03
1.058520000000000077e-03
4.781160000000000146e-05
-7.284550000000000313e-04
-7.592910000000000457e-04
-8.744670000000000760e-06
2.654409999999999951e-04
1.733820000000000012e-04
5.495940000000000374e-04
5.832969999999999822e-04
-8.421740000000000042e-04
-3.087250000000000150e-03
-5.670820000000000027e-03
-7.557849999999999638e-03
-5.936780000000000009e-03
-3.384980000000000107e-03
-3.282030000000000017e-03
-2.691170000000000107e-03
-1.160779999999999928e-03
-8.051240000000000523e-04
-1.201060000000000051e-04
1.183510000000000031e-03
1.267139999999999933e-03
6.953530000000000084e-04
-3.043890000000000159e-04
-2.313710000000000072e-03
-3.159139999999999952e-03
-2.132300000000000167e-03
-1.586299999999999906e-03
-1.691089999999999911e-03
-1.684879999999999928e-03
-1.522539999999999961e-03
-1.296019999999999941e-03
-1.732550000000000019e-03
-2.253289999999999807e-03
-1.718200000000000022e-03
-1.182729999999999893e-03
-1.247899999999999921e-03
-6.669780000000000370e-04
2.511239999999999761e-04
8.482659999999999723e-04
1.880029999999999982e-03
3.161919999999999922e-03
3.995839999999999635e-03
4.502029999999999747e-03
4.813859999999999667e-03
4.779140000000000298e-03
4.001229999999999717e-03
2.240090000000000137e-03
1.001610000000000000e-03
1.139899999999999898e-03
8.093860000000000464e-04
-3.887219999999999689e-05
-4.785349999999999847e-04
-1.065919999999999932e-03
-1.962409999999999936e-03
-3.248580000000000044e-03
-4.262400000000000390e-03
-4.096699999999999994e-03
-3.574309999999999814e-03
-3.280990000000000122e-03
-2.687609999999999999e-03
-1.320310000000000103e-03
1.315420000000000087e-03
4.292579999999999833e-03
5.251229999999999960e-03
4.578439999999999593e-03
4.704589999999999814e-03
5.313260000000000205e-03
4.686069999999999645e-03
3.149359999999999920e-03
1.850899999999999941e-03
1.214320000000000069e-03
1.045890000000000057e-03
1.053660000000000100e-03
1.972460000000000099e-03
3.468670000000000087e-03
4.135230000000000156e-03
3.997080000000000077e-03
2.569500000000000169e-03
-6.022140000000000045e-04
-2.999819999999999830e-03
-3.106209999999999874e-03
-2.605440000000000100e-03
-2.020210000000000148e-03
-1.314969999999999941e-03
-1.380680000000000015e-03
-2.384729999999999836e-03
-2.923620000000000038e-03
-2.221079999999999843e-03
-1.178259999999999984e-03
4.175249999999999708e-05
9.669140000000000330e-04
9.384029999999999802e-04
2.743809999999999739e-04
-4.771040000000000047e-04
-7.729619999999999764e-04
-1.237110000000000033e-03
-2.481859999999999795e-03
-3.412309999999999996e-03
-2.967200000000000133e-03
-2.469320000000000109e-03
-2.661020000000000052e-03
-1.439560000000000102e-03
1.560549999999999958e-04
1.087239999999999978e-04
7.064600000000000090e-05
4.866769999999999755e-04
5.582610000000000003e-04
-2.580460000000000024e-04
-2.314950000000000081e-03
-3.448230000000000045e-03
-3.007090000000000023e-03
-3.638719999999999802e-03
-4.605390000000000005e-03
-4.047389999999999669e-03
-3.123429999999999956e-03
-2.599660000000000165e-03
-2.390890000000000116e-03
-2.466439999999999865e-03
-2.121989999999999814e-03
-1.070100000000000044e-03
-5.385830000000000305e-04
-6.942040000000000233e-04
-5.380310000000000127e-04
-1.636259999999999950e-04
1.330690000000000095e-04
2.679150000000000260e-04
2.462270000000000127e-04
2.775389999999999867e-04
4.606170000000000251e-04
6.287289999999999632e-04
5.602429999999999823e-04
4.024510000000000132e-04
2.641330000000000002e-04
1.344039999999999959e-04
-1.341419999999999906e-04
-6.921009999999999792e-04
-1.243849999999999904e-03
-1.486539999999999953e-03
-1.257920000000000045e-03
-9.439130000000000003e-04
-9.645769999999999908e-04
-7.673149999999999676e-04
-2.457399999999999884e-04
-1.578890000000000057e-04
-4.218849999999999901e-04
-2.565760000000000046e-04
4.467200000000000055e-04
1.153820000000000063e-03
1.613709999999999971e-03
1.733790000000000027e-03
1.477350000000000104e-03
1.324209999999999927e-03
1.300939999999999996e-03
9.440429999999999872e-04
3.311249999999999849e-04
6.494989999999999965e-04
1.850510000000000089e-03
2.138900000000000003e-03
1.889320000000000105e-03
2.084459999999999785e-03
2.162020000000000174e-03
1.990580000000000040e-03
1.975760000000000016e-03
2.007800000000000123e-03
1.858939999999999898e-03
1.500950000000000027e-03
7.807279999999999559e-04
1.006940000000000005e-03
2.466840000000000092e-03
3.173169999999999897e-03
3.948860000000000217e-03
4.210959999999999703e-03
2.242629999999999797e-03
3.548159999999999856e-04
-6.420179999999999507e-04
-1.650989999999999966e-03
-2.107669999999999856e-03
-1.716819999999999978e-03
-1.454650000000000040e-03
-1.429350000000000022e-03
-1.153280000000000017e-03
-1.168999999999999900e-03
-1.348430000000000071e-03
-1.261610000000000032e-03
-1.290230000000000066e-03
-1.241750000000000015e-03
-4.065620000000000150e-04
6.873930000000000101e-04
1.011259999999999937e-03
9.976089999999999958e-04
1.370630000000000069e-03
1.618660000000000064e-03
1.575540000000000057e-03
1.762120000000000049e-03
1.996359999999999975e-03
1.913420000000000095e-03
1.779879999999999960e-03
1.752969999999999962e-03
1.468740000000000063e-03
1.124479999999999967e-03
1.114229999999999908e-03
1.103089999999999930e-03
8.251279999999999509e-04
-1.973769999999999908e-05
-8.393030000000000108e-04
-6.048860000000000087e-04
-2.039789999999999930e-04
-1.516289999999999945e-04
-6.243499999999999430e-05
-1.824800000000000011e-04
-2.075590000000000095e-04
1.772680000000000111e-04
4.832160000000000166e-04
3.777259999999999949e-04
-3.590180000000000107e-04
-1.352560000000000047e-03
-1.399910000000000087e-03
-4.533229999999999964e-04
6.749479999999999759e-04
1.786250000000000077e-03
2.391630000000000058e-03
1.324279999999999945e-03
-3.718689999999999865e-04
-5.837530000000000063e-04
-8.880469999999999358e-05
1.692099999999999876e-04
7.085120000000000090e-04
1.209599999999999911e-03
1.034299999999999933e-03
8.269040000000000504e-04
1.079380000000000010e-03
1.441870000000000044e-03
2.193940000000000126e-03
3.016979999999999836e-03
3.097770000000000124e-03
2.252280000000000167e-03
1.045890000000000057e-03
5.314119999999999868e-04
3.476589999999999997e-04
4.380690000000000235e-05
-5.711960000000000281e-06
2.455959999999999979e-04
7.394020000000000063e-04
9.813940000000000163e-04
8.284460000000000435e-04
4.621289999999999795e-04
-6.188139999999999743e-04
-2.011119999999999922e-03
-2.107679999999999797e-03
-8.979090000000000118e-04
3.453849999999999737e-04
1.973719999999999988e-03
4.000090000000000416e-03
3.966500000000000407e-03
2.597900000000000209e-03
3.117379999999999891e-03
3.676959999999999951e-03
2.656040000000000137e-03
2.153379999999999878e-03
1.886040000000000069e-03
9.763569999999999627e-04
4.308989999999999956e-04
2.536990000000000252e-04
-2.586439999999999855e-04
-9.956089999999999472e-04
-1.948869999999999899e-03
-3.221040000000000101e-03
-3.834709999999999855e-03
-3.211310000000000206e-03
-2.494300000000000076e-03
-2.161119999999999881e-03
-8.894760000000000470e-04
3.865440000000000043e-04
-4.480530000000000282e-05
-3.754540000000000004e-04
1.484129999999999968e-05
1.225160000000000040e-04
3.466470000000000033e-04
4.959720000000000144e-04
3.603030000000000230e-04
8.367469999999999899e-04
1.633209999999999957e-03
1.544790000000000095e-03
1.546140000000000101e-03
2.748480000000000194e-03
2.696539999999999875e-03
7.860630000000000395e-04
-2.555720000000000257e-04
-1.266680000000000063e-03
-2.513560000000000186e-03
-1.966820000000000200e-03
-8.833909999999999723e-04
-4.744339999999999777e-04
-2.231149999999999941e-04
-1.593000000000000037e-06
8.070559999999999518e-05
-3.290170000000000247e-04
-9.567049999999999686e-04
-1.217750000000000082e-03
-1.421240000000000047e-03
-1.640350000000000055e-03
-1.306019999999999967e-03
-3.743899999999999984e-04
3.815620000000000036e-04
3.600659999999999777e-04
-6.150950000000000460e-05
-6.079879999999999530e-04
-1.068319999999999990e-03
-1.051899999999999927e-03
-1.211389999999999906e-03
-1.702469999999999982e-03
-1.578090000000000092e-03
-1.262139999999999920e-03
-1.417190000000000030e-03
-1.478989999999999905e-03
-1.379529999999999906e-03
-1.125759999999999955e-03
-7.772880000000000024e-04
-1.046660000000000038e-03
-1.386649999999999905e-03
-1.154660000000000061e-03
-9.180539999999999621e-04
-7.755880000000000152e-04
-5.158229999999999977e-04
-2.966569999999999754e-04
-2.707669999999999912e-04
4.623049999999999859e-04
1.827760000000000105e-03
2.085220000000000042e-03
1.631150000000000048e-03
1.137999999999999906e-03
4.968579999999999785e-04
3.142929999999999943e-04
3.391630000000000187e-04
2.037060000000000043e-04
-1.314440000000000073e-05
-1.327169999999999966e-04
-5.407620000000000243e-05
-2.582299999999999993e-05
-1.841710000000000024e-05
1.650140000000000027e-04
1.339269999999999935e-04
-4.250599999999999995e-04
-9.921960000000000935e-04
-1.400839999999999985e-03
-1.823900000000000044e-03
-1.987969999999999928e-03
-1.810119999999999915e-03
-1.280080000000000063e-03
-2.946530000000000264e-04
4.568010000000000061e-04
3.086969999999999753e-04
-8.070340000000000518e-07
1.669650000000000116e-04
1.443009999999999996e-04
-2.479779999999999897e-04
-6.097029999999999594e-04
-1.314760000000000104e-03
-2.264640000000000056e-03
-2.576820000000000065e-03
-2.230129999999999873e-03
-1.322819999999999942e-03
3.958109999999999819e-04
1.764740000000000102e-03
1.242719999999999892e-03
-6.426199999999999968e-04
-1.947399999999999956e-03
-2.043039999999999873e-03
-1.241029999999999954e-03
4.110130000000000033e-04
2.761360000000000030e-03
4.736630000000000354e-03
4.024869999999999837e-03
2.583370000000000197e-03
3.467870000000000067e-03
4.320270000000000186e-03
3.930040000000000096e-03
3.781730000000000074e-03
4.009440000000000399e-03
3.701760000000000120e-03
2.599839999999999963e-03
1.393149999999999901e-03
4.075139999999999882e-04
-4.217480000000000014e-04
-7.516590000000000077e-04
-7.104880000000000050e-04
-1.022660000000000105e-03
-1.175080000000000005e-03
-8.558710000000000189e-04
-7.305280000000000367e-04
-9.432099999999999903e-04
-1.305009999999999894e-03
-9.286239999999999642e-04
-3.180800000000000107e-06
6.260229999999999658e-04
1.360029999999999920e-03
1.730189999999999940e-03
1.501820000000000065e-03
1.391110000000000090e-03
1.370459999999999994e-03
1.213529999999999991e-03
1.154560000000000005e-03
1.330739999999999961e-03
1.184520000000000104e-03
4.958350000000000257e-04
-3.787710000000000230e-04
-5.618030000000000419e-04
3.126979999999999799e-04
7.782309999999999965e-04
5.347099999999999813e-04
6.011779999999999555e-04
8.045150000000000044e-04
8.300589999999999618e-04
8.032960000000000014e-04
3.630430000000000137e-04
-3.269720000000000265e-04
-4.769560000000000054e-04
-2.415639999999999931e-04
-3.218219999999999826e-04
-4.769689999999999932e-04
-4.686609999999999908e-04
-6.996770000000000029e-04
-1.465500000000000006e-03
-1.759469999999999958e-03
-1.103779999999999952e-03
-5.545360000000000046e-04
-6.685320000000000021e-04
-1.116880000000000000e-03
-1.534219999999999985e-03
-1.745800000000000043e-03
-1.766690000000000014e-03
-1.647459999999999897e-03
-1.533190000000000030e-03
-1.989410000000000050e-03
-3.454070000000000057e-03
-4.661270000000000344e-03
-4.657849999999999838e-03
-4.438540000000000367e-03
-3.793889999999999849e-03
-2.513259999999999800e-03
-1.420220000000000033e-03
-5.008820000000000199e-04
-2.651639999999999908e-05
-2.300249999999999872e-05
1.822759999999999875e-04
4.221270000000000057e-04
2.075439999999999902e-05
-4.290270000000000108e-04
-2.392980000000000118e-04
-1.522860000000000121e-04
-3.172180000000000247e-04
-1.913279999999999950e-04
1.584450000000000051e-04
-3.362460000000000329e-05
-1.155720000000000055e-03
-2.353909999999999857e-03
-2.937990000000000133e-03
-2.861929999999999943e-03
-2.263059999999999898e-03
-1.512380000000000018e-03
-5.399089999999999836e-04
4.161960000000000247e-04
1.149870000000000102e-03
2.057259999999999991e-03
2.480449999999999929e-03
2.116279999999999897e-03
9.983609999999999100e-04
-7.700470000000000492e-05
-2.704709999999999978e-06
-1.027490000000000017e-04
-8.176810000000000068e-04
-1.041159999999999959e-03
-1.023430000000000086e-03
-1.022990000000000097e-03
-5.656609999999999633e-04
-1.647050000000000095e-05
-1.569239999999999904e-04
-8.561969999999999477e-04
-1.507840000000000092e-03
-2.288189999999999842e-03
-3.608759999999999919e-03
-4.631820000000000034e-03
-4.099740000000000155e-03
-2.306889999999999809e-03
-7.964270000000000507e-04
5.821640000000000050e-05
6.494479999999999524e-04
4.621030000000000038e-04
-4.892970000000000012e-05
1.414139999999999983e-05
8.788779999999999564e-05
-1.472069999999999951e-05
-6.332820000000000127e-05
-2.619519999999999748e-04
-3.215529999999999756e-04
1.633290000000000078e-04
9.377320000000000403e-04
1.527989999999999904e-03
1.740940000000000066e-03
1.480240000000000071e-03
9.614909999999999733e-04
6.844789999999999902e-04
4.835269999999999803e-04
1.576720000000000042e-04
8.674879999999999180e-06
5.021179999999999925e-05
1.913030000000000080e-04
4.232719999999999820e-04
5.786390000000000413e-04
4.760589999999999765e-04
3.768309999999999976e-04
7.027210000000000097e-04
1.016250000000000009e-03
8.167330000000000423e-04
4.743029999999999751e-04
2.292600000000000107e-04
3.036090000000000183e-06
-1.987659999999999872e-04
-4.019100000000000060e-04
-5.837009999999999465e-04
-7.219089999999999622e-04
-8.136390000000000072e-04
-9.758460000000000484e-04
-1.420409999999999989e-03
-1.543129999999999979e-03
-1.156810000000000086e-03
-1.319969999999999954e-03
-1.477989999999999990e-03
-9.349029999999999493e-04
-5.514950000000000451e-04
-2.378349999999999887e-04
2.528319999999999808e-04
5.571369999999999751e-04
7.534539999999999727e-04
1.169640000000000003e-03
1.620499999999999979e-03
1.514579999999999963e-03
1.208810000000000049e-03
1.429340000000000081e-03
1.795869999999999975e-03
1.766009999999999932e-03
1.543410000000000051e-03
1.471340000000000018e-03
1.512560000000000033e-03
1.468670000000000045e-03
1.098950000000000014e-03
6.074659999999999739e-04
5.702329999999999595e-04
6.357949999999999800e-04
4.939060000000000108e-04
5.605029999999999561e-04
5.647690000000000132e-04
2.464519999999999775e-04
6.527619999999999685e-06
-2.087950000000000092e-04
-5.322229999999999626e-04
-4.135960000000000157e-04
3.272290000000000073e-04
1.004729999999999903e-03
1.357190000000000089e-03
1.570219999999999992e-03
1.619910000000000013e-03
1.580479999999999993e-03
1.762560000000000038e-03
1.962129999999999864e-03
1.522799999999999935e-03
7.556229999999999718e-04
-5.141359999999999848e-05
-7.241879999999999585e-04
-6.603240000000000021e-04
-3.823319999999999844e-04
-5.935159999999999872e-04
-7.461539999999999579e-04
-4.139370000000000180e-04
-3.168010000000000184e-04
-4.062909999999999764e-04
-5.570170000000000237e-05
2.531510000000000162e-04
1.627619999999999978e-04
5.114630000000000191e-05
1.287679999999999977e-04
1.919939999999999917e-04
1.672880000000000016e-04
1.671400000000000023e-04
2.043410000000000007e-04
1.818819999999999909e-04
-1.449880000000000016e-04
-5.792920000000000231e-04
-5.044710000000000426e-04
-1.938920000000000064e-04
-2.337689999999999907e-04
-3.271780000000000174e-04
-2.413469999999999917e-04
-1.895909999999999946e-04
-1.823759999999999899e-04
-8.980050000000000529e-06
3.016049999999999829e-04
3.353610000000000033e-04
1.831179999999999906e-04
2.136709999999999944e-04
1.178190000000000048e-04
-4.411830000000000076e-05
8.931789999999999402e-05
2.547860000000000099e-04
3.496239999999999851e-04
4.058490000000000101e-04
4.521889999999999764e-04
6.879520000000000296e-04
1.045949999999999918e-03
1.130769999999999909e-03
7.992319999999999806e-04
5.083760000000000535e-04
3.878159999999999745e-04
1.791359999999999871e-04
1.104890000000000055e-04
2.339060000000000065e-04
2.512740000000000069e-04
2.595890000000000111e-04
3.253439999999999804e-04
3.524739999999999731e-04
3.945940000000000103e-04
4.426160000000000055e-04
4.075169999999999812e-04
2.795149999999999827e-04
1.315909999999999942e-04
-1.919879999999999989e-05
-1.404830000000000033e-04
-1.447770000000000133e-04
-1.118139999999999971e-04
-1.275100000000000040e-04
-1.826329999999999978e-04
-2.558869999999999981e-04
-2.506429999999999921e-04
-7.687789999999999793e-05
1.589340000000000067e-04
2.524059999999999954e-04
2.373250000000000088e-04
1.354419999999999951e-04
1.918720000000000156e-05
7.415709999999999511e-05
1.506330000000000060e-04
1.206250000000000047e-04
8.613810000000000119e-05
1.000190000000000058e-04
8.632200000000000463e-05
-5.152369999999999596e-06
-4.678679999999999731e-05
-6.582009999999999684e-06
-6.445289999999999407e-05
-2.541889999999999883e-04
-3.555920000000000066e-04
-3.548019999999999820e-04
-3.727760000000000101e-04
-3.318360000000000125e-04
-2.753759999999999737e-04
-2.508419999999999812e-04
-1.775280000000000120e-04
-1.202160000000000023e-04
-1.524510000000000079e-04
-2.075470000000000103e-04
-2.194630000000000094e-04
-1.962429999999999980e-04
-1.587439999999999967e-04
-1.443729999999999948e-04
-1.533860000000000117e-04
-1.349699999999999902e-04
-9.641949999999999393e-05
-7.539630000000000182e-05
-7.616430000000000530e-05
-8.698240000000000258e-05
-8.571370000000000573e-05
-7.123409999999999616e-05
-7.542400000000000157e-05
-1.131080000000000019e-04
-1.335929999999999930e-04
-1.083229999999999995e-04
-9.139669999999999858e-05
-8.657989999999999415e-05
-6.306240000000000120e-05
-4.560770000000000042e-05
-5.198620000000000042e-05
-5.394600000000000155e-05
-3.996399999999999887e-05
-3.504920000000000317e-05
-4.121859999999999869e-05
-4.137639999999999911e-05
-3.865740000000000024e-05
-4.001559999999999682e-05
-3.930299999999999961e-05
-3.271210000000000144e-05
-2.975460000000000138e-05
-3.394329999999999738e-05
-3.602560000000000284e-05
-3.555389999999999853e-05
-3.773450000000000269e-05
-4.089920000000000307e-05
-4.250610000000000288e-05
-4.293170000000000097e-05
-4.518810000000000193e-05
-5.009369999999999779e-05
-5.213979999999999841e-05
-5.312809999999999706e-05
-5.969110000000000182e-05
-6.202930000000000596e-05
-5.525519999999999911e-05
-5.011479999999999662e-05
-4.803490000000000320e-05
-4.531440000000000104e-05
-4.242409999999999926e-05
-3.998479999999999705e-05
-3.815549999999999747e-05
-3.677999999999999683e-05
-3.560420000000000040e-05
-3.463219999999999683e-05
-3.383579999999999883e-05
-3.321290000000000180e-05
