5.308609999999999848e-04
5.305709999999999723e-04
5.220650000000000507e-04
5.242460000000000219e-04
5.172399999999999741e-04
5.192229999999999719e-04
5.105759999999999986e-04
5.098459999999999971e-04
4.972859999999999954e-04
4.913979999999999867e-04
4.723619999999999881e-04
4.590209999999999950e-04
4.356559999999999773e-04
4.272829999999999814e-04
4.137650000000000204e-04
4.105530000000000247e-04
3.969250000000000122e-04
3.929210000000000146e-04
3.795940000000000251e-04
3.767709999999999744e-04
3.648239999999999751e-04
3.631719999999999848e-04
3.517549999999999822e-04
3.503189999999999776e-04
3.403680000000000182e-04
3.411560000000000113e-04
3.323189999999999738e-04
3.336869999999999919e-04
3.253679999999999788e-04
3.290090000000000072e-04
3.235779999999999841e-04
3.277560000000000109e-04
3.227819999999999735e-04
3.290270000000000195e-04
3.272630000000000005e-04
3.363330000000000204e-04
3.344050000000000212e-04
3.438630000000000245e-04
3.443690000000000227e-04
3.565059999999999779e-04
3.600899999999999761e-04
3.739589999999999885e-04
3.782239999999999756e-04
3.935370000000000101e-04
3.999370000000000030e-04
4.188349999999999972e-04
4.270410000000000200e-04
4.448359999999999944e-04
4.557879999999999939e-04
4.790169999999999845e-04
4.913380000000000178e-04
5.136350000000000247e-04
5.248380000000000189e-04
5.512460000000000276e-04
5.685160000000000300e-04
5.956159999999999840e-04
6.110360000000000227e-04
6.365140000000000251e-04
6.562410000000000075e-04
6.880680000000000129e-04
7.055429999999999905e-04
7.346590000000000282e-04
7.545149999999999817e-04
7.893979999999999660e-04
8.132550000000000326e-04
8.435520000000000171e-04
8.640870000000000365e-04
8.969820000000000527e-04
9.204830000000000434e-04
9.569869999999999636e-04
9.804279999999999853e-04
1.014649999999999970e-03
1.040429999999999957e-03
1.075699999999999963e-03
1.099090000000000050e-03
1.132600000000000100e-03
1.152929999999999927e-03
1.190070000000000103e-03
1.217030000000000022e-03
1.252340000000000007e-03
1.270749999999999961e-03
1.255529999999999927e-03
1.181069999999999993e-03
1.104469999999999974e-03
1.023470000000000065e-03
9.602950000000000071e-04
8.756260000000000085e-04
7.984080000000000170e-04
7.124279999999999762e-04
6.420759999999999966e-04
5.625489999999999701e-04
4.905180000000000087e-04
4.057260000000000250e-04
3.361780000000000193e-04
2.529480000000000183e-04
1.808539999999999866e-04
9.959599999999999985e-05
2.420189999999999947e-05
-6.377010000000000122e-05
-1.322600000000000110e-04
-2.127320000000000090e-04
-2.815420000000000227e-04
-3.594949999999999860e-04
-4.266480000000000120e-04
-5.055170000000000323e-04
-5.679640000000000122e-04
-6.441560000000000038e-04
-7.078639999999999976e-04
-7.838689999999999720e-04
-8.489360000000000048e-04
-9.215599999999999790e-04
-9.752390000000000321e-04
-1.042780000000000096e-03
-1.097859999999999982e-03
-1.160919999999999964e-03
-1.212119999999999908e-03
-1.275239999999999967e-03
-1.321700000000000088e-03
-1.386269999999999994e-03
-1.437899999999999985e-03
-1.493689999999999992e-03
-1.536110000000000036e-03
-1.587099999999999926e-03
-1.555589999999999924e-03
-1.431149999999999957e-03
-1.247040000000000041e-03
-1.093170000000000079e-03
-9.442489999999999781e-04
-8.041300000000000140e-04
-6.448040000000000152e-04
-5.094859999999999667e-04
-5.639160000000000266e-04
-8.605950000000000231e-04
-1.200550000000000098e-03
-1.515529999999999959e-03
-1.790939999999999980e-03
-2.076469999999999965e-03
-2.158059999999999840e-03
-1.793930000000000004e-03
-1.090529999999999928e-03
-3.931000000000000141e-04
2.393969999999999985e-04
8.267450000000000406e-04
1.397129999999999900e-03
1.170480000000000001e-03
-2.375090000000000057e-04
-2.181429999999999828e-03
-3.994440000000000143e-03
-5.639149999999999892e-03
-7.214220000000000355e-03
-7.829779999999999726e-03
-7.108030000000000424e-03
-5.931139999999999676e-03
-4.883690000000000427e-03
-4.011670000000000166e-03
-3.102829999999999998e-03
-2.444599999999999898e-03
-2.205749999999999812e-03
-2.216529999999999976e-03
-2.185059999999999954e-03
-2.115459999999999997e-03
-2.111809999999999989e-03
-2.682159999999999839e-03
-3.763850000000000008e-03
-4.931810000000000013e-03
-5.912370000000000125e-03
-5.868080000000000344e-03
-3.945220000000000150e-03
-9.349179999999999687e-04
1.931229999999999926e-03
3.564889999999999812e-03
4.240919999999999586e-03
4.814539999999999965e-03
5.320019999999999957e-03
4.712319999999999877e-03
3.007609999999999971e-03
1.135680000000000023e-03
-4.193859999999999992e-04
-1.063090000000000042e-03
-4.006990000000000204e-04
9.185210000000000510e-04
2.082769999999999847e-03
2.278570000000000161e-03
1.689329999999999955e-03
1.026219999999999997e-03
5.460919999999999750e-04
1.027760000000000067e-04
-3.459599999999999741e-04
-2.467429999999999854e-05
1.293829999999999937e-03
2.862350000000000051e-03
4.178049999999999993e-03
4.935779999999999855e-03
5.001819999999999704e-03
4.126519999999999841e-03
2.671980000000000015e-03
1.220600000000000070e-03
5.751709999999999722e-04
1.247209999999999899e-03
2.695330000000000122e-03
4.063080000000000164e-03
4.616119999999999599e-03
4.050930000000000329e-03
2.891229999999999842e-03
1.341869999999999999e-03
-4.510930000000000126e-04
-2.301409999999999827e-03
-4.090909999999999686e-03
-5.721829999999999798e-03
-5.501619999999999601e-03
-3.254190000000000121e-03
-6.717799999999999683e-04
9.794540000000000451e-04
-1.015180000000000075e-03
-6.276409999999999628e-03
-1.118569999999999981e-02
-1.043359999999999947e-02
-4.441269999999999767e-03
2.000319999999999876e-03
7.325009999999999855e-03
1.195459999999999925e-02
1.341819999999999992e-02
7.828299999999999842e-03
-2.242599999999999975e-03
-1.205819999999999982e-02
-1.525190000000000053e-02
-1.115879999999999997e-02
-4.858249999999999721e-03
4.033090000000000242e-04
4.772379999999999678e-03
6.320710000000000217e-03
4.790260000000000178e-03
2.524789999999999847e-03
7.551360000000000017e-04
-5.936129999999999966e-04
-2.204209999999999958e-04
2.085850000000000204e-03
4.737500000000000391e-03
6.067170000000000202e-03
5.233380000000000150e-03
3.300739999999999924e-03
1.469990000000000012e-03
-6.948950000000000612e-05
-1.556120000000000029e-03
-2.270599999999999789e-03
-1.687939999999999970e-03
-4.781219999999999871e-04
6.586170000000000132e-04
1.575280000000000083e-03
2.144389999999999925e-03
2.077040000000000049e-03
1.598510000000000035e-03
1.077660000000000033e-03
6.603079999999999670e-04
2.540490000000000066e-04
-1.662590000000000086e-04
-5.657340000000000285e-04
-6.663399999999999662e-04
-4.917460000000000451e-04
-2.661520000000000227e-04
-1.103499999999999989e-04
3.453810000000000056e-05
1.891800000000000014e-04
4.489350000000000241e-04
1.028229999999999986e-03
1.904279999999999948e-03
2.800519999999999919e-03
3.612000000000000193e-03
4.011729999999999810e-03
3.572309999999999982e-03
2.514859999999999839e-03
1.441650000000000049e-03
4.899789999999999788e-04
-3.847899999999999801e-04
-9.582430000000000071e-04
-1.056139999999999900e-03
-9.799559999999999261e-04
-9.250439999999999748e-04
-9.152090000000000529e-04
-4.038250000000000173e-04
1.240949999999999996e-03
3.680000000000000111e-03
5.772880000000000199e-03
6.681669999999999797e-03
6.716579999999999773e-03
6.710589999999999784e-03
6.137160000000000011e-03
4.375819999999999883e-03
1.866999999999999953e-03
-5.661379999999999928e-04
-2.793299999999999863e-03
-4.929379999999999699e-03
-6.888909999999999825e-03
-7.388600000000000376e-03
-6.445870000000000245e-03
-5.218620000000000203e-03
-4.287039999999999774e-03
-3.472269999999999957e-03
-2.595000000000000084e-03
-1.795670000000000079e-03
-1.230020000000000072e-03
-7.635590000000000259e-04
-3.003540000000000181e-04
1.292110000000000068e-04
3.063089999999999975e-04
4.091270000000000150e-04
2.019369999999999932e-03
3.824549999999999911e-03
2.931969999999999889e-03
3.829300000000000081e-05
-2.964120000000000209e-03
-5.337470000000000409e-03
-7.605090000000000114e-03
-1.000230000000000043e-02
-1.226720000000000067e-02
-1.089410000000000031e-02
-4.858740000000000281e-03
2.827109999999999866e-03
9.781009999999999704e-03
1.502590000000000002e-02
1.594479999999999856e-02
1.309229999999999942e-02
9.653250000000000372e-03
6.919279999999999875e-03
4.477319999999999911e-03
1.907939999999999896e-03
7.727499999999999994e-04
2.037499999999999815e-03
4.417629999999999647e-03
6.610869999999999594e-03
8.128049999999999511e-03
4.961690000000000371e-03
-1.990309999999999909e-03
-3.838339999999999981e-03
7.894269999999999890e-04
6.679880000000000019e-03
1.079420000000000032e-02
1.066770000000000045e-02
5.598599999999999584e-03
-1.406700000000000094e-03
-8.091849999999999390e-03
-1.413129999999999942e-02
-1.994299999999999892e-02
-2.096160000000000037e-02
-1.655250000000000124e-02
-1.099179999999999949e-02
-6.563740000000000199e-03
-3.465939999999999820e-03
-1.575790000000000090e-03
-3.837840000000000240e-04
6.809070000000000183e-04
1.760929999999999961e-03
2.081770000000000148e-03
1.253940000000000046e-03
-1.017209999999999973e-04
-1.329810000000000063e-03
-2.406450000000000082e-03
-3.455300000000000125e-03
-4.528210000000000394e-03
-5.550649999999999855e-03
-6.494630000000000368e-03
-7.080859999999999585e-03
-7.003569999999999761e-03
-6.402240000000000014e-03
-5.794770000000000303e-03
-5.267660000000000398e-03
-4.798389999999999600e-03
-4.241520000000000359e-03
-3.707820000000000126e-03
-3.177960000000000073e-03
-2.709430000000000085e-03
-2.206029999999999883e-03
-1.743350000000000065e-03
-1.252660000000000058e-03
-8.809259999999999747e-04
-5.825410000000000050e-04
-3.981570000000000031e-04
-1.571710000000000034e-04
3.288860000000000221e-05
2.730170000000000188e-04
3.619620000000000151e-04
2.350259999999999958e-04
-2.812589999999999795e-03
-8.903380000000000669e-03
-1.526869999999999963e-02
-1.648049999999999862e-02
-1.138450000000000052e-02
-4.288789999999999790e-03
1.879889999999999946e-03
7.326329999999999822e-03
1.295119999999999952e-02
1.846779999999999949e-02
1.856609999999999858e-02
1.280060000000000052e-02
9.073160000000000253e-03
1.188540000000000083e-02
1.815639999999999962e-02
2.372010000000000091e-02
2.740590000000000040e-02
2.580009999999999942e-02
1.931230000000000099e-02
1.224680000000000039e-02
8.031190000000000551e-03
7.517470000000000055e-03
8.414720000000000533e-03
9.056800000000000267e-03
9.297120000000000731e-03
9.672510000000000482e-03
9.574030000000000734e-03
8.479369999999999963e-03
6.698629999999999689e-03
5.015030000000000182e-03
3.501950000000000202e-03
2.226740000000000056e-03
9.736760000000000337e-04
-2.837790000000000082e-04
-3.280550000000000133e-03
-9.521589999999999915e-03
-1.790570000000000009e-02
-2.609459999999999905e-02
-3.318499999999999922e-02
-3.225580000000000114e-02
-2.289319999999999897e-02
-1.189220000000000034e-02
-2.610379999999999819e-03
5.794159999999999588e-03
1.458440000000000084e-02
2.322319999999999940e-02
2.568959999999999994e-02
2.130980000000000027e-02
1.557049999999999927e-02
1.114240000000000022e-02
7.442840000000000046e-03
3.341789999999999865e-03
-1.012560000000000023e-03
-5.184260000000000430e-03
-8.840590000000000601e-03
-1.164669999999999941e-02
-1.217470000000000011e-02
-8.261900000000000840e-03
-1.285380000000000029e-03
5.767839999999999773e-03
1.204560000000000006e-02
1.783010000000000150e-02
1.942390000000000089e-02
1.356300000000000040e-02
3.605280000000000203e-03
-6.069399999999999969e-03
-1.440869999999999998e-02
-1.964909999999999921e-02
-1.817449999999999968e-02
-1.163660000000000042e-02
-4.661140000000000248e-03
9.565119999999999656e-04
2.618350000000000191e-03
-1.555060000000000036e-03
-8.895230000000000498e-03
-1.608930000000000082e-02
-2.227310000000000054e-02
-2.542329999999999937e-02
-2.191759999999999889e-02
-1.347319999999999941e-02
-4.721989999999999695e-03
2.807029999999999855e-03
8.094409999999999800e-03
5.859200000000000172e-03
-3.153909999999999787e-03
-7.264480000000000243e-03
-2.068710000000000080e-03
6.621489999999999841e-03
1.348779999999999944e-02
1.465130000000000078e-02
7.104090000000000404e-03
-5.417100000000000214e-03
-1.790989999999999943e-02
-2.904249999999999887e-02
-3.937899999999999734e-02
-3.939200000000000340e-02
-2.763799999999999937e-02
-1.334370000000000001e-02
-1.293349999999999968e-03
8.913630000000000511e-03
1.282570000000000064e-02
8.297189999999999427e-03
6.447620000000000261e-03
1.286879999999999968e-02
2.199359999999999857e-02
2.223340000000000038e-02
8.352560000000000193e-03
-1.195320000000000063e-02
-3.101819999999999924e-02
-4.751709999999999962e-02
-5.638010000000000244e-02
-4.692070000000000268e-02
-2.381219999999999865e-02
2.867759999999999797e-04
2.110539999999999985e-02
4.005969999999999670e-02
4.574020000000000169e-02
2.758849999999999844e-02
-1.268309999999999924e-03
-2.424950000000000022e-02
-3.736239999999999700e-02
-3.543910000000000116e-02
-2.176449999999999912e-02
-6.673160000000000029e-03
5.042129999999999702e-03
6.625889999999999731e-03
-4.766130000000000258e-04
-8.805059999999999970e-03
-1.516460000000000030e-02
-1.710470000000000046e-02
-1.308490000000000000e-02
-5.786259999999999667e-03
1.432429999999999945e-03
7.808700000000000016e-03
1.346259999999999991e-02
1.854290000000000105e-02
2.328420000000000142e-02
2.787600000000000147e-02
3.119999999999999857e-02
3.129989999999999856e-02
2.631889999999999924e-02
1.543470000000000085e-02
1.384110000000000028e-03
-1.243020000000000062e-02
-2.491219999999999893e-02
-2.996079999999999924e-02
-2.429009999999999850e-02
-1.370649999999999993e-02
-3.885720000000000059e-03
4.504239999999999633e-03
1.278510000000000063e-02
1.875550000000000134e-02
1.794449999999999865e-02
1.211079999999999969e-02
8.925529999999999228e-03
1.426410000000000004e-02
2.524940000000000170e-02
3.576889999999999931e-02
4.115869999999999945e-02
3.504730000000000345e-02
2.034839999999999913e-02
4.968959999999999697e-03
-8.481880000000000669e-03
-2.064469999999999847e-02
-2.260579999999999881e-02
-1.150280000000000052e-02
3.427959999999999861e-03
1.581930000000000142e-02
1.534209999999999914e-02
2.904529999999999786e-03
-1.139369999999999966e-02
-2.280650000000000038e-02
-2.536180000000000032e-02
-1.791059999999999874e-02
-7.142609999999999758e-03
8.859179999999999703e-04
1.585319999999999926e-04
-7.245009999999999645e-03
-1.490260000000000022e-02
-1.743580000000000130e-02
-1.517860000000000043e-02
-1.217460000000000070e-02
-1.006400000000000003e-02
-8.261869999999999284e-03
-6.162080000000000335e-03
-3.893139999999999795e-03
-2.294570000000000116e-03
-2.373699999999999855e-03
-3.708969999999999802e-03
-5.114249999999999872e-03
-6.230779999999999999e-03
-7.246039999999999599e-03
-8.381720000000000489e-03
-8.245970000000000036e-03
-6.680420000000000282e-03
-4.821510000000000205e-03
-4.034420000000000367e-03
-4.180230000000000057e-03
-4.426529999999999701e-03
-4.368129999999999583e-03
-4.146719999999999573e-03
-1.573119999999999900e-03
5.236629999999999931e-03
1.446700000000000069e-02
2.337540000000000104e-02
3.158609999999999890e-02
3.959689999999999738e-02
4.744460000000000344e-02
4.972990000000000049e-02
3.857540000000000274e-02
1.756169999999999953e-02
-3.639990000000000066e-03
-2.011440000000000103e-02
-1.839500000000000163e-02
3.174559999999999774e-04
2.165510000000000004e-02
3.931769999999999710e-02
5.149829999999999686e-02
5.228080000000000227e-02
4.343700000000000339e-02
3.324230000000000240e-02
2.482530000000000153e-02
1.721510000000000054e-02
9.106160000000000296e-03
2.881050000000000017e-03
-1.934139999999999883e-04
1.854680000000000044e-03
7.936500000000000846e-03
1.367089999999999972e-02
7.554739999999999893e-03
-1.431830000000000082e-02
-4.310660000000000186e-02
-6.724130000000000384e-02
-5.639009999999999856e-02
-1.160779999999999972e-02
3.708129999999999760e-02
6.329640000000000266e-02
4.838100000000000039e-02
8.111880000000000132e-03
-3.093790000000000082e-02
-4.355320000000000025e-02
-2.754819999999999838e-02
-3.429279999999999828e-03
1.629080000000000111e-02
2.196849999999999845e-02
1.352889999999999995e-02
4.240049999999999765e-04
-1.076970000000000011e-02
-1.539599999999999996e-02
-9.359289999999999277e-03
3.112800000000000202e-03
1.537230000000000020e-02
2.012109999999999940e-02
1.794190000000000021e-02
1.481189999999999937e-02
1.313689999999999997e-02
1.192329999999999952e-02
1.020959999999999923e-02
8.648209999999999925e-03
1.057860000000000050e-02
1.605619999999999964e-02
2.204479999999999981e-02
2.724270000000000164e-02
3.213230000000000253e-02
3.663480000000000208e-02
3.431680000000000147e-02
2.398859999999999881e-02
1.218319999999999993e-02
2.120669999999999847e-03
-2.223349999999999806e-03
2.457360000000000013e-03
1.210529999999999939e-02
6.719229999999999647e-03
-1.824840000000000143e-02
-4.796999999999999875e-02
-6.286859999999999671e-02
-5.580340000000000300e-02
-3.875329999999999747e-02
-2.358390000000000139e-02
-1.068550000000000055e-02
7.502939999999999610e-03
3.255949999999999817e-02
3.771270000000000178e-02
1.667060000000000070e-02
-9.290649999999999256e-03
-1.830079999999999901e-02
-9.939440000000000774e-03
6.797869999999999477e-04
5.658820000000000169e-03
6.225859999999999728e-03
7.154899999999999628e-03
8.983420000000000641e-03
1.051219999999999932e-02
1.042889999999999963e-02
1.346229999999999996e-02
2.118540000000000006e-02
3.016359999999999875e-02
3.784370000000000095e-02
3.958760000000000057e-02
2.838950000000000154e-02
7.798140000000000280e-03
-1.324200000000000030e-02
-3.115419999999999995e-02
-3.513020000000000032e-02
-2.337689999999999907e-02
-7.104749999999999954e-03
6.552340000000000247e-03
1.140210000000000008e-02
2.238659999999999956e-03
-1.504819999999999942e-02
-2.325609999999999830e-02
-1.038090000000000020e-02
1.480730000000000067e-02
3.501279999999999670e-02
3.329470000000000346e-02
1.418570000000000074e-02
-5.868540000000000215e-03
-2.207970000000000071e-02
-3.686579999999999718e-02
-4.873149999999999704e-02
-5.002970000000000333e-02
-4.276429999999999815e-02
-3.444620000000000321e-02
-2.807180000000000092e-02
-2.226269999999999985e-02
-1.623909999999999937e-02
-1.446500000000000043e-02
-1.865779999999999869e-02
-2.467739999999999864e-02
-2.987079999999999944e-02
-3.426629999999999954e-02
-3.837990000000000151e-02
-3.500969999999999777e-02
-2.285999999999999838e-02
-8.936150000000000343e-03
3.313270000000000104e-03
1.441109999999999960e-02
2.511019999999999919e-02
2.238139999999999921e-02
4.045649999999999594e-03
-1.774529999999999857e-02
-3.599370000000000347e-02
-4.389130000000000115e-02
-3.090209999999999832e-02
-2.629359999999999857e-03
2.565390000000000031e-02
3.492460000000000009e-02
2.388190000000000104e-02
8.484129999999999450e-03
-3.430149999999999866e-03
-8.574760000000000715e-03
-2.702580000000000000e-03
1.160240000000000056e-02
2.651070000000000162e-02
3.938200000000000034e-02
4.280960000000000321e-02
3.148429999999999979e-02
1.174329999999999992e-02
-7.419359999999999844e-03
-2.410450000000000093e-02
-3.428339999999999860e-02
-3.433649999999999897e-02
-2.822940000000000171e-02
-2.218789999999999998e-02
-1.662100000000000036e-02
-8.592449999999999741e-03
2.321709999999999833e-03
1.337110000000000035e-02
2.368900000000000172e-02
3.342579999999999857e-02
4.297340000000000187e-02
4.746109999999999912e-02
4.589619999999999811e-02
3.621730000000000088e-02
1.996529999999999833e-02
2.745689999999999849e-03
-1.318259999999999918e-02
-2.842400000000000135e-02
-4.296529999999999794e-02
-4.446989999999999971e-02
-3.088569999999999857e-02
-1.407910000000000064e-02
-4.898069999999999811e-04
2.860750000000000012e-03
-3.413949999999999797e-03
-1.210229999999999986e-02
-1.783430000000000085e-02
-1.898470000000000019e-02
-1.758610000000000034e-02
-1.584189999999999904e-02
-9.837729999999999392e-03
9.465479999999999641e-04
1.225200000000000074e-02
1.491439999999999953e-02
7.625380000000000179e-03
-2.209710000000000146e-03
-1.036639999999999957e-02
-1.746260000000000173e-02
-2.501350000000000101e-02
-3.282929999999999876e-02
-3.876629999999999659e-02
-3.904309999999999725e-02
-3.474279999999999730e-02
-3.005410000000000026e-02
-2.637400000000000161e-02
-2.303940000000000154e-02
-1.919529999999999847e-02
-1.364650000000000064e-02
-6.016230000000000015e-03
2.207409999999999928e-03
1.015669999999999941e-02
1.769520000000000121e-02
2.467669999999999933e-02
2.328080000000000080e-02
1.184179999999999955e-02
3.256080000000000172e-03
4.441549999999999838e-03
8.062079999999999247e-03
6.951119999999999868e-03
2.385350000000000057e-03
-1.668860000000000092e-03
-4.524099999999999649e-03
-7.231020000000000329e-03
-9.968080000000000690e-03
-9.257569999999999688e-03
-4.773969999999999776e-03
4.524180000000000042e-04
4.773399999999999692e-03
7.086779999999999989e-03
4.307479999999999816e-03
-2.721530000000000216e-03
-1.026430000000000051e-02
-1.685170000000000071e-02
-2.302749999999999936e-02
-2.926789999999999947e-02
-3.336750000000000133e-02
-3.161610000000000115e-02
-2.546350000000000002e-02
-1.896389999999999881e-02
-1.349219999999999933e-02
-8.399320000000000050e-03
-3.120350000000000033e-03
1.555969999999999944e-04
-3.677199999999999962e-05
-1.950869999999999948e-03
-3.642419999999999946e-03
-4.762190000000000346e-03
-4.161230000000000137e-03
-1.484360000000000106e-03
1.824939999999999939e-03
4.791089999999999585e-03
6.140320000000000326e-03
5.171209999999999869e-03
2.905829999999999871e-03
7.249160000000000369e-04
-1.171340000000000098e-03
-2.985970000000000117e-03
-4.796929999999999597e-03
-4.613149999999999890e-03
-1.651459999999999994e-03
1.366470000000000054e-03
-1.179630000000000088e-03
-8.968870000000000314e-03
-1.735039999999999846e-02
-2.449480000000000060e-02
-3.093519999999999950e-02
-3.421389999999999848e-02
-2.849789999999999962e-02
-1.583860000000000129e-02
-2.598070000000000067e-03
8.861700000000000133e-03
1.800370000000000095e-02
2.309270000000000073e-02
2.490109999999999893e-02
2.615949999999999873e-02
2.793779999999999875e-02
2.965879999999999905e-02
2.762749999999999928e-02
2.151720000000000022e-02
1.464829999999999952e-02
8.830559999999999451e-03
6.981460000000000096e-03
1.124290000000000012e-02
1.895130000000000078e-02
2.647860000000000144e-02
3.297010000000000218e-02
3.736960000000000282e-02
3.848809999999999731e-02
3.745230000000000087e-02
3.456979999999999775e-02
2.758199999999999888e-02
1.728539999999999938e-02
6.618210000000000238e-03
-3.161109999999999962e-03
-1.256550000000000028e-02
-2.201739999999999947e-02
-3.099970000000000156e-02
-3.327949999999999658e-02
-2.800040000000000168e-02
-2.110079999999999942e-02
-1.549640000000000045e-02
-1.069879999999999963e-02
-6.170420000000000245e-03
-3.164029999999999967e-03
-1.591449999999999896e-03
-3.843359999999999875e-04
1.102370000000000086e-03
2.853089999999999966e-03
5.418870000000000110e-03
7.839809999999999141e-03
7.901699999999999349e-03
5.867940000000000308e-03
3.790790000000000045e-03
4.469220000000000310e-03
8.537970000000000628e-03
1.363649999999999932e-02
1.833919999999999995e-02
2.258999999999999897e-02
2.661840000000000039e-02
2.637839999999999976e-02
2.057679999999999926e-02
1.284390000000000011e-02
3.529220000000000013e-03
-8.091759999999999925e-03
-2.039279999999999912e-02
-2.660569999999999949e-02
-2.172930000000000000e-02
-1.077030000000000001e-02
-2.105959999999999874e-04
8.473319999999999463e-03
1.334250000000000019e-02
1.346480000000000073e-02
1.157530000000000017e-02
9.832070000000000046e-03
7.716569999999999853e-03
3.505789999999999948e-03
-2.164020000000000006e-03
-7.862849999999999354e-03
-1.303490000000000031e-02
-1.803980000000000167e-02
-2.305830000000000032e-02
-2.784709999999999963e-02
-2.811539999999999873e-02
-2.141449999999999951e-02
-1.137269999999999948e-02
-1.925419999999999953e-03
6.507370000000000168e-03
1.481339999999999914e-02
2.190649999999999889e-02
2.676279999999999978e-02
3.029729999999999923e-02
3.007949999999999860e-02
2.571120000000000003e-02
2.026669999999999860e-02
1.549939999999999998e-02
1.117869999999999975e-02
6.741760000000000287e-03
2.502630000000000045e-03
1.202879999999999922e-03
3.056989999999999881e-03
5.418159999999999990e-03
6.409080000000000159e-03
3.175359999999999901e-03
-3.566800000000000179e-03
-1.065170000000000006e-02
-1.696419999999999872e-02
-2.273910000000000167e-02
-2.526250000000000023e-02
-2.151319999999999968e-02
-1.394920000000000014e-02
-6.422549999999999960e-03
-1.141119999999999944e-04
3.257850000000000069e-03
2.955290000000000174e-03
1.133529999999999998e-03
-4.364419999999999931e-04
-5.020629999999999668e-04
2.210979999999999977e-03
7.010559999999999882e-03
1.187769999999999972e-02
1.631859999999999908e-02
2.054769999999999860e-02
2.460520000000000068e-02
2.345289999999999875e-02
1.570020000000000096e-02
5.822919999999999659e-03
-3.042679999999999864e-03
-1.072790000000000028e-02
-1.272840000000000082e-02
-5.611839999999999884e-03
6.179519999999999978e-03
1.753139999999999907e-02
2.725829999999999920e-02
3.224830000000000058e-02
2.762270000000000003e-02
1.625740000000000171e-02
4.560129999999999913e-03
-4.284419999999999722e-03
-6.001819999999999725e-03
-1.812889999999999944e-03
1.443169999999999913e-03
-1.046679999999999919e-03
-7.176229999999999588e-03
-7.959439999999999918e-03
-1.742520000000000006e-03
5.961880000000000131e-03
1.216290000000000079e-02
1.717230000000000145e-02
1.700789999999999941e-02
9.080700000000000577e-03
-2.191279999999999877e-03
-1.287130000000000045e-02
-2.226819999999999841e-02
-2.995530000000000068e-02
-2.826309999999999933e-02
-1.731279999999999972e-02
-5.213330000000000394e-03
-2.769590000000000159e-03
-1.375539999999999922e-02
-3.039740000000000150e-02
-4.582300000000000262e-02
-5.877360000000000223e-02
-6.113760000000000028e-02
-5.016099999999999726e-02
-3.463610000000000300e-02
-2.060750000000000082e-02
-8.608150000000000177e-03
-8.685119999999999950e-04
-3.004619999999999947e-03
-1.221799999999999969e-02
-2.184080000000000049e-02
-2.635380000000000014e-02
-2.414770000000000111e-02
-1.859939999999999857e-02
-1.351059999999999935e-02
-9.666779999999999817e-03
-6.921440000000000058e-03
-4.508110000000000069e-03
-2.262859999999999785e-03
1.554139999999999997e-05
1.840279999999999911e-03
3.330249999999999877e-03
4.561690000000000189e-03
5.940179999999999766e-03
7.656979999999999863e-03
1.253830000000000049e-02
1.148869999999999926e-02
4.159629999999999881e-04
-1.337320000000000002e-02
-2.503089999999999829e-02
-3.091139999999999860e-02
-2.756509999999999863e-02
-1.814249999999999891e-02
-8.425900000000000056e-03
2.949059999999999849e-05
7.872020000000000406e-03
1.199590000000000031e-02
8.480240000000000000e-03
1.999720000000000024e-04
-7.977279999999999788e-03
-1.315670000000000034e-02
-1.142879999999999938e-02
-4.202260000000000197e-03
3.631679999999999978e-03
1.027800000000000068e-02
1.527569999999999970e-02
1.612070000000000169e-02
1.314129999999999986e-02
9.565350000000000241e-03
6.679850000000000197e-03
4.153340000000000157e-03
1.330669999999999943e-03
-2.789289999999999825e-03
-9.156749999999999959e-03
-1.673099999999999934e-02
-2.420289999999999941e-02
-3.077059999999999865e-02
-3.024229999999999974e-02
-1.962420000000000136e-02
-4.870539999999999592e-03
8.923479999999999260e-03
2.122419999999999862e-02
3.359480000000000105e-02
4.624869999999999676e-02
5.782720000000000221e-02
5.460870000000000307e-02
3.418029999999999680e-02
9.654140000000000291e-03
-1.101159999999999986e-02
-1.612529999999999866e-02
-4.491919999999999941e-03
1.228250000000000001e-02
2.653470000000000134e-02
3.289779999999999788e-02
2.794119999999999937e-02
1.650530000000000053e-02
5.089370000000000178e-03
-4.637610000000000343e-03
-1.075019999999999969e-02
-7.672299999999999953e-03
2.886629999999999838e-03
1.431370000000000038e-02
2.403430000000000150e-02
3.131090000000000262e-02
2.872090000000000060e-02
1.615029999999999938e-02
1.921790000000000043e-03
-1.013290000000000024e-02
-1.629960000000000089e-02
-9.554510000000000433e-03
7.621750000000000053e-03
2.568199999999999997e-02
4.073489999999999750e-02
4.052789999999999865e-02
2.408230000000000093e-02
4.219989999999999852e-03
-4.022640000000000070e-03
2.434659999999999949e-03
1.359619999999999926e-02
2.283419999999999894e-02
3.029350000000000098e-02
3.426980000000000304e-02
2.696499999999999939e-02
1.015229999999999952e-02
-7.770110000000000211e-03
-2.297770000000000021e-02
-2.924279999999999935e-02
-2.434559999999999849e-02
-1.707509999999999931e-02
-1.448389999999999921e-02
-1.522300000000000042e-02
-1.549329999999999978e-02
-1.474379999999999961e-02
-1.389559999999999927e-02
-1.269179999999999961e-02
-1.013320000000000019e-02
-6.784860000000000196e-03
-1.247749999999999944e-03
7.175720000000000015e-03
1.697720000000000132e-02
2.636259999999999992e-02
3.470530000000000143e-02
3.362470000000000042e-02
2.172819999999999960e-02
6.985540000000000152e-03
-5.861070000000000342e-03
-1.671160000000000007e-02
-1.523019999999999929e-02
4.510410000000000287e-03
3.132080000000000281e-02
4.190189999999999887e-02
3.222610000000000058e-02
1.832970000000000085e-02
8.650180000000000369e-03
8.031129999999999172e-03
1.352800000000000009e-02
1.926390000000000047e-02
1.921849999999999947e-02
1.038399999999999913e-02
-3.285569999999999810e-03
-1.655649999999999830e-02
-2.794220000000000037e-02
-2.806339999999999876e-02
-1.230039999999999953e-02
1.047200000000000041e-02
3.128120000000000206e-02
4.099250000000000116e-02
3.582140000000000324e-02
2.361970000000000042e-02
1.218170000000000017e-02
2.530049999999999834e-03
-7.109449999999999797e-03
-1.549099999999999956e-02
-1.858200000000000129e-02
-1.704810000000000006e-02
-1.500199999999999971e-02
-1.372510000000000049e-02
-1.029219999999999961e-02
-3.138140000000000200e-03
5.215240000000000327e-03
1.298799999999999955e-02
2.005610000000000032e-02
2.722909999999999914e-02
3.413170000000000093e-02
3.682440000000000019e-02
3.229359999999999870e-02
2.422960000000000044e-02
1.645620000000000069e-02
9.814689999999999179e-03
3.099290000000000204e-03
-3.770130000000000009e-03
-1.070770000000000055e-02
-1.723250000000000129e-02
-2.311459999999999904e-02
-1.965719999999999967e-02
-5.295369999999999765e-03
1.153080000000000077e-02
1.821820000000000037e-02
9.862849999999999395e-03
-4.593220000000000289e-03
-6.712400000000000311e-03
7.697220000000000277e-03
2.691400000000000042e-02
4.339690000000000214e-02
5.727580000000000171e-02
6.249559999999999838e-02
5.600519999999999804e-02
4.477620000000000211e-02
3.179590000000000194e-02
1.671150000000000066e-02
2.328420000000000045e-04
-1.611490000000000145e-02
-3.145250000000000129e-02
-3.961900000000000144e-02
-2.740899999999999934e-02
1.268129999999999908e-03
3.130639999999999812e-02
5.668440000000000284e-02
6.589680000000000537e-02
5.111969999999999709e-02
2.351229999999999987e-02
-2.830249999999999867e-03
-1.854269999999999877e-02
-1.948369999999999963e-02
-1.253970000000000085e-02
-5.780150000000000392e-03
-7.829529999999999693e-04
3.856060000000000130e-03
8.787210000000000160e-03
1.370539999999999953e-02
1.806450000000000070e-02
1.926800000000000040e-02
1.547830000000000039e-02
9.029209999999999320e-03
2.864279999999999864e-03
-1.155250000000000027e-03
4.395269999999999950e-04
6.828149999999999845e-03
1.378659999999999955e-02
1.973099999999999854e-02
2.352949999999999833e-02
2.439180000000000167e-02
2.613729999999999873e-02
3.229850000000000082e-02
4.061469999999999664e-02
4.664839999999999959e-02
4.798150000000000331e-02
4.699960000000000249e-02
4.622860000000000164e-02
4.590919999999999723e-02
4.284410000000000301e-02
3.637180000000000274e-02
2.900490000000000013e-02
2.239640000000000034e-02
1.573089999999999905e-02
6.154930000000000297e-03
-3.555710000000000121e-03
-6.041409999999999662e-03
-2.537610000000000039e-03
-1.068109999999999936e-03
-1.233150000000000045e-02
-3.405289999999999706e-02
-5.639029999999999737e-02
-7.526380000000000570e-02
-8.118559999999999666e-02
-6.677510000000000390e-02
-4.149100000000000010e-02
-1.748660000000000145e-02
-6.211679999999999806e-03
-1.529389999999999916e-02
-4.738459999999999894e-02
-1.011689999999999950e-01
-1.496149999999999980e-01
-1.558990000000000098e-01
-1.290669999999999873e-01
-9.988130000000000619e-02
-7.875870000000000093e-02
-6.071460000000000051e-02
-5.893690000000000040e-02
-7.910340000000000427e-02
-1.053700000000000053e-01
-1.148190000000000044e-01
-9.991880000000000206e-02
-7.589460000000000650e-02
-5.454210000000000308e-02
-3.616370000000000001e-02
-1.584850000000000148e-02
6.439300000000000232e-03
2.718140000000000139e-02
3.636269999999999780e-02
3.482860000000000122e-02
3.287999999999999950e-02
3.722210000000000102e-02
4.549079999999999790e-02
5.283090000000000008e-02
5.348819999999999963e-02
4.693909999999999749e-02
3.870069999999999760e-02
3.731509999999999688e-02
4.319760000000000266e-02
4.972259999999999874e-02
5.120410000000000239e-02
4.494750000000000134e-02
3.482899999999999885e-02
2.504340000000000038e-02
1.613969999999999988e-02
3.045870000000000001e-03
-1.551920000000000036e-02
-2.823969999999999952e-02
-2.629449999999999843e-02
-1.617309999999999928e-02
-6.756019999999999734e-03
2.746650000000000003e-04
7.306430000000000043e-03
1.502580000000000061e-02
2.094259999999999872e-02
1.799390000000000017e-02
7.210190000000000002e-03
-2.752810000000000066e-03
-3.043029999999999954e-03
4.578200000000000151e-03
1.241160000000000006e-02
1.589490000000000000e-02
1.117049999999999987e-02
1.168980000000000019e-03
-3.752629999999999855e-03
7.793789999999999659e-04
9.268689999999999568e-03
1.669040000000000107e-02
2.274709999999999926e-02
2.871140000000000150e-02
3.113689999999999861e-02
2.801599999999999924e-02
2.264590000000000006e-02
1.781690000000000010e-02
1.384750000000000043e-02
1.131500000000000040e-02
1.033180000000000036e-02
9.662860000000000546e-03
8.816390000000000338e-03
7.509649999999999659e-03
5.780549999999999751e-03
3.727980000000000096e-03
1.715390000000000014e-03
-9.728760000000000142e-04
-5.417940000000000429e-03
-1.129559999999999939e-02
-1.711649999999999977e-02
-2.248769999999999936e-02
-2.537740000000000135e-02
-2.289710000000000009e-02
-1.610639999999999988e-02
-6.879289999999999711e-03
7.388129999999999697e-03
2.551089999999999955e-02
4.259770000000000223e-02
3.526789999999999786e-02
6.633489999999999699e-03
-1.547549999999999967e-02
-2.484149999999999900e-02
-3.136860000000000342e-02
-4.133860000000000312e-02
-5.212019999999999847e-02
-5.540839999999999654e-02
-4.786080000000000195e-02
-3.610479999999999939e-02
-2.552979999999999833e-02
-1.638660000000000116e-02
-7.623170000000000293e-03
-8.642930000000000057e-03
-2.241270000000000068e-02
-3.986250000000000210e-02
-5.194569999999999743e-02
-4.678999999999999826e-02
-2.765959999999999946e-02
-7.229030000000000004e-03
1.008599999999999948e-02
2.529230000000000020e-02
2.515109999999999915e-02
6.864369999999999847e-03
-1.517630000000000021e-02
-2.808309999999999973e-02
-1.920490000000000044e-02
4.967530000000000383e-03
2.959190000000000084e-02
4.402350000000000013e-02
4.130280000000000062e-02
2.761929999999999941e-02
1.369730000000000079e-02
2.017699999999999876e-03
-9.032949999999999660e-03
-1.835130000000000094e-02
-1.921459999999999835e-02
-1.263760000000000057e-02
-5.011380000000000175e-03
9.221179999999999828e-04
5.957289999999999634e-03
6.626199999999999625e-03
1.486979999999999942e-03
-7.228720000000000111e-03
-2.044309999999999877e-02
-3.689270000000000049e-02
-4.717210000000000153e-02
-4.263870000000000160e-02
-2.864560000000000023e-02
-1.481889999999999943e-02
-3.400670000000000168e-03
7.313929999999999737e-03
1.370979999999999942e-02
1.106910000000000012e-02
3.198400000000000114e-03
-1.045670000000000063e-03
2.565130000000000101e-03
9.803730000000000083e-03
1.631109999999999852e-02
2.161570000000000158e-02
2.572359999999999924e-02
2.382039999999999852e-02
1.620529999999999887e-02
1.040179999999999924e-02
1.087229999999999967e-02
1.469439999999999982e-02
1.793399999999999855e-02
1.989360000000000087e-02
1.805059999999999998e-02
1.129400000000000022e-02
2.566430000000000187e-03
-5.503749999999999962e-03
-9.538949999999999166e-03
-6.598139999999999734e-03
7.374239999999999788e-04
8.087040000000000201e-03
1.442550000000000082e-02
2.049190000000000039e-02
2.679749999999999840e-02
3.203410000000000285e-02
3.500749999999999695e-02
3.169129999999999864e-02
2.120690000000000075e-02
8.243260000000000517e-03
-3.706269999999999790e-03
-1.122970000000000045e-02
-1.335910000000000049e-02
-1.326450000000000025e-02
-1.643769999999999953e-02
-2.422370000000000079e-02
-3.343580000000000163e-02
-4.179419999999999663e-02
-4.951320000000000027e-02
-5.728269999999999890e-02
-6.462660000000000626e-02
-6.728620000000000434e-02
-6.501170000000000559e-02
-6.182889999999999914e-02
-5.934199999999999892e-02
-5.373349999999999654e-02
-4.363859999999999961e-02
-3.247980000000000311e-02
-2.222520000000000051e-02
-1.277310000000000077e-02
-3.216140000000000145e-03
6.487299999999999664e-03
1.801720000000000058e-02
3.198979999999999879e-02
4.679980000000000251e-02
6.104629999999999779e-02
7.439149999999999929e-02
8.174839999999999884e-02
7.394420000000000159e-02
5.463119999999999782e-02
3.461820000000000175e-02
1.729759999999999978e-02
8.422300000000000186e-04
-1.633619999999999864e-02
-3.347499999999999781e-02
-4.916790000000000049e-02
-6.204139999999999655e-02
-7.279009999999999647e-02
-7.815790000000000237e-02
-7.059210000000000484e-02
-5.297059999999999963e-02
-3.471339999999999842e-02
-1.872240000000000015e-02
-3.651059999999999809e-03
1.069630000000000060e-02
1.303020000000000046e-02
2.380709999999999858e-03
-1.073810000000000042e-02
-2.120500000000000163e-02
-3.036410000000000151e-02
-4.015439999999999982e-02
-4.828690000000000065e-02
-4.590260000000000173e-02
-3.345420000000000338e-02
-2.085369999999999932e-02
-1.423680000000000084e-02
-1.195859999999999979e-02
-9.334129999999999511e-03
-5.404950000000000379e-03
4.258800000000000086e-03
1.970150000000000026e-02
3.641040000000000249e-02
5.174820000000000114e-02
6.640899999999999581e-02
8.100290000000000268e-02
9.566979999999999928e-02
1.099370000000000069e-01
1.228329999999999977e-01
1.177350000000000063e-01
9.014379999999999615e-02
5.562729999999999758e-02
2.472639999999999907e-02
-9.022779999999999559e-04
-6.316409999999999733e-03
9.354039999999999230e-03
2.897049999999999972e-02
4.356290000000000162e-02
3.459000000000000269e-02
-3.244449999999999851e-03
-5.199129999999999724e-02
-9.579890000000000627e-02
-1.106779999999999986e-01
-9.390769999999999673e-02
-6.843390000000000584e-02
-4.729060000000000208e-02
-3.105870000000000158e-02
-1.707780000000000062e-02
-4.626380000000000249e-03
7.414790000000000096e-03
1.888190000000000007e-02
2.935110000000000149e-02
2.535600000000000007e-02
3.324269999999999829e-03
-2.424170000000000144e-02
-4.550959999999999728e-02
-4.663849999999999940e-02
-3.115419999999999995e-02
-1.417000000000000030e-02
-5.255150000000000533e-04
1.189589999999999918e-02
2.487050000000000025e-02
3.119239999999999860e-02
3.025680000000000036e-02
3.284580000000000138e-02
4.322390000000000260e-02
5.558479999999999671e-02
6.545929999999999804e-02
5.981129999999999780e-02
3.442939999999999889e-02
1.463609999999999954e-03
-2.917360000000000092e-02
-5.697560000000000124e-02
-8.095689999999999831e-02
-9.101950000000000318e-02
-7.999040000000000317e-02
-5.756229999999999680e-02
-3.578060000000000268e-02
-1.788980000000000084e-02
-1.199689999999999958e-02
-1.895169999999999841e-02
-2.882020000000000068e-02
-3.636629999999999724e-02
-3.329119999999999996e-02
-1.936030000000000043e-02
-2.212490000000000116e-03
1.308139999999999997e-02
2.552039999999999864e-02
2.037320000000000103e-02
-3.172819999999999807e-03
-3.016529999999999906e-02
-5.241320000000000007e-02
-5.703049999999999786e-02
-4.025940000000000074e-02
-1.542050000000000018e-02
7.477560000000000283e-03
2.770540000000000155e-02
4.631020000000000275e-02
4.490990000000000260e-02
2.160470000000000099e-02
-6.037060000000000343e-03
-2.924840000000000079e-02
-4.929000000000000048e-02
-5.864099999999999868e-02
-4.971930000000000099e-02
-3.088470000000000104e-02
-1.294589999999999977e-02
-3.221869999999999942e-03
-8.453230000000000813e-03
-2.413420000000000148e-02
-4.040030000000000010e-02
-5.409699999999999925e-02
-6.104129999999999973e-02
-5.206890000000000129e-02
-3.046110000000000137e-02
-7.794849999999999869e-03
1.100439999999999925e-02
1.762779999999999903e-02
1.345610000000000035e-02
1.145859999999999934e-02
1.778429999999999941e-02
2.799050000000000149e-02
3.691939999999999805e-02
4.443849999999999884e-02
5.203560000000000130e-02
5.993029999999999885e-02
6.664979999999999516e-02
7.166160000000000585e-02
7.131189999999999751e-02
6.193570000000000325e-02
4.719750000000000334e-02
3.309979999999999867e-02
2.709210000000000090e-02
2.996359999999999996e-02
3.506680000000000214e-02
3.741570000000000312e-02
3.032529999999999948e-02
1.543369999999999985e-02
-2.958980000000000052e-04
-1.295080000000000016e-02
-1.188939999999999962e-02
2.924040000000000146e-03
1.959520000000000012e-02
3.008950000000000166e-02
1.924570000000000100e-02
-9.866549999999999973e-03
-4.002279999999999727e-02
-4.709239999999999954e-02
-2.823650000000000118e-02
-2.731719999999999982e-03
1.867720000000000144e-02
3.745679999999999843e-02
5.673860000000000015e-02
6.407839999999999370e-02
3.569060000000000288e-02
-1.570850000000000024e-02
-4.943539999999999740e-02
-5.933970000000000217e-02
-6.519709999999999395e-02
-7.674699999999999578e-02
-8.962459999999999871e-02
-9.149129999999999763e-02
-7.921830000000000538e-02
-6.224060000000000009e-02
-4.719589999999999896e-02
-3.396280000000000132e-02
-2.029119999999999882e-02
-6.146640000000000090e-03
7.721529999999999887e-03
2.089229999999999907e-02
3.328550000000000259e-02
3.741760000000000225e-02
3.097079999999999972e-02
2.094379999999999853e-02
1.228500000000000078e-02
5.322780000000000046e-03
4.345500000000000404e-03
1.114449999999999989e-02
2.066350000000000131e-02
2.940970000000000042e-02
3.690700000000000230e-02
4.123059999999999919e-02
3.625889999999999669e-02
2.394330000000000069e-02
1.083849999999999918e-02
-4.381540000000000066e-04
-1.115099999999999945e-02
-2.215500000000000108e-02
-3.254669999999999785e-02
-3.312020000000000242e-02
-2.329379999999999992e-02
-1.183859999999999947e-02
-5.896649999999999808e-03
-4.976490000000000080e-03
-3.815789999999999894e-03
1.983649999999999997e-03
1.148710000000000009e-02
2.074509999999999896e-02
2.671439999999999926e-02
2.726109999999999992e-02
2.467130000000000017e-02
2.202490000000000003e-02
2.002989999999999979e-02
1.761429999999999940e-02
1.392969999999999972e-02
9.513360000000000219e-03
5.244369999999999934e-03
1.251869999999999979e-03
-2.663630000000000164e-03
-6.557130000000000423e-03
-1.039119999999999974e-02
-1.410220000000000050e-02
-1.778520000000000101e-02
-2.138239999999999932e-02
-2.493619999999999864e-02
-2.833199999999999955e-02
-3.145320000000000060e-02
-3.140659999999999979e-02
-2.625979999999999981e-02
-1.846089999999999884e-02
-1.102000000000000028e-02
-4.276379999999999765e-03
2.266320000000000053e-03
7.969689999999999760e-03
1.151590000000000079e-02
1.374550000000000077e-02
1.624729999999999924e-02
2.494940000000000005e-02
3.984130000000000310e-02
5.500300000000000328e-02
5.810440000000000049e-02
4.314359999999999723e-02
2.125200000000000006e-02
2.027139999999999845e-02
4.296529999999999794e-02
6.904169999999999752e-02
8.927649999999999475e-02
9.632590000000000596e-02
8.728560000000000485e-02
7.003429999999999378e-02
5.339010000000000283e-02
3.860879999999999868e-02
2.405519999999999881e-02
9.026579999999999326e-03
-3.500989999999999831e-03
-1.117450000000000040e-02
-1.574800000000000158e-02
-2.019390000000000074e-02
-2.321749999999999856e-02
-2.070239999999999927e-02
-1.335590000000000041e-02
-5.650729999999999642e-03
9.721449999999999970e-04
7.103570000000000023e-03
1.362849999999999999e-02
2.011550000000000143e-02
2.640500000000000139e-02
3.240869999999999862e-02
3.783679999999999682e-02
3.434519999999999934e-02
2.036709999999999909e-02
3.684199999999999888e-03
-1.117459999999999981e-02
-2.446629999999999985e-02
-3.426889999999999797e-02
-3.338279999999999720e-02
-2.347720000000000015e-02
-1.256190000000000084e-02
-3.584320000000000214e-03
4.649740000000000296e-03
1.346390000000000087e-02
2.246240000000000042e-02
3.051749999999999949e-02
2.814559999999999979e-02
1.247159999999999935e-02
-7.636630000000000154e-03
-2.543279999999999846e-02
-3.294369999999999937e-02
-2.429999999999999868e-02
-6.140589999999999590e-03
1.176130000000000057e-02
2.742870000000000030e-02
4.268450000000000022e-02
5.777090000000000003e-02
6.098680000000000073e-02
5.079859999999999931e-02
3.801659999999999762e-02
2.785409999999999969e-02
1.913950000000000026e-02
9.635029999999999289e-03
-3.834430000000000217e-04
-1.119000000000000029e-02
-2.334829999999999892e-02
-3.633659999999999668e-02
-4.875489999999999685e-02
-5.514020000000000032e-02
-5.289880000000000276e-02
-4.699969999999999842e-02
-4.173700000000000326e-02
-3.775760000000000227e-02
-3.576979999999999743e-02
-3.768110000000000209e-02
-4.219969999999999971e-02
-4.672550000000000314e-02
-4.746620000000000006e-02
-4.399510000000000226e-02
-3.923549999999999954e-02
-3.537030000000000035e-02
-3.563220000000000276e-02
-4.279020000000000046e-02
-5.062549999999999689e-02
-4.788080000000000114e-02
-3.558139999999999914e-02
-2.260119999999999837e-02
-1.194890000000000015e-02
-2.064120000000000017e-03
8.558130000000000598e-03
1.929339999999999875e-02
2.942859999999999920e-02
3.611580000000000346e-02
3.918169999999999986e-02
4.121450000000000113e-02
4.380440000000000028e-02
4.660550000000000109e-02
4.891070000000000140e-02
4.735349999999999976e-02
4.113649999999999946e-02
3.343310000000000032e-02
2.641529999999999920e-02
1.989809999999999843e-02
1.332099999999999951e-02
6.621209999999999769e-03
3.357850000000000114e-04
-2.237100000000000113e-03
1.329319999999999937e-03
8.012490000000000584e-03
1.442820000000000040e-02
1.992199999999999874e-02
2.517720000000000027e-02
2.644830000000000098e-02
2.277250000000000107e-02
1.760329999999999881e-02
1.317630000000000016e-02
9.311569999999999916e-03
5.307659999999999635e-03
9.782460000000001068e-04
-3.707760000000000049e-03
-8.657339999999999480e-03
-1.353129999999999958e-02
-1.836909999999999932e-02
-2.300829999999999889e-02
-2.688839999999999980e-02
-2.614340000000000067e-02
-2.086249999999999910e-02
-1.487810000000000001e-02
-9.872759999999999522e-03
-5.354870000000000289e-03
-1.123770000000000064e-03
1.671909999999999976e-03
3.023710000000000200e-03
4.008979999999999662e-03
3.660800000000000078e-03
-2.914349999999999905e-04
-7.006029999999999897e-03
-1.384140000000000023e-02
-1.992220000000000102e-02
-2.414470000000000158e-02
-2.469309999999999908e-02
-2.244979999999999892e-02
-2.000959999999999891e-02
-1.808150000000000035e-02
-1.624799999999999855e-02
-1.224309999999999982e-02
-6.071410000000000175e-03
2.158399999999999989e-03
1.210310000000000032e-02
2.264729999999999868e-02
3.274579999999999852e-02
4.013160000000000338e-02
3.714350000000000290e-02
2.486709999999999962e-02
1.133909999999999953e-02
-1.308050000000000055e-04
-1.076550000000000076e-02
-2.185180000000000108e-02
-3.266360000000000097e-02
-3.567619999999999819e-02
-2.936230000000000090e-02
-2.053150000000000114e-02
-1.315320000000000031e-02
-6.822449999999999869e-03
-1.303130000000000109e-04
6.872109999999999851e-03
1.368800000000000051e-02
2.012720000000000134e-02
2.643449999999999966e-02
3.247169999999999918e-02
3.436349999999999821e-02
2.917619999999999936e-02
2.019460000000000005e-02
1.152680000000000024e-02
4.175810000000000285e-03
1.212760000000000010e-03
8.325580000000000827e-03
2.293840000000000115e-02
3.801290000000000224e-02
5.071380000000000332e-02
5.271780000000000216e-02
3.784860000000000307e-02
1.373940000000000057e-02
-9.695459999999999495e-03
-2.978779999999999969e-02
-3.737870000000000081e-02
-3.075030000000000124e-02
-2.000680000000000167e-02
-1.117710000000000058e-02
-3.884719999999999927e-03
4.028099999999999736e-03
1.243900000000000040e-02
2.025599999999999970e-02
2.163179999999999964e-02
1.645459999999999978e-02
1.329149999999999950e-02
1.638660000000000116e-02
2.211689999999999837e-02
2.313259999999999969e-02
1.802089999999999942e-02
1.120559999999999959e-02
5.500419999999999789e-03
4.870869999999999801e-04
-4.784029999999999880e-03
-9.894959999999999520e-03
-8.304330000000000392e-03
1.489249999999999905e-03
1.350619999999999946e-02
2.413629999999999942e-02
3.293009999999999687e-02
3.660320000000000240e-02
3.668230000000000102e-02
4.011370000000000213e-02
4.760000000000000342e-02
5.574269999999999919e-02
6.231710000000000027e-02
6.414659999999999807e-02
5.877759999999999929e-02
4.960959999999999676e-02
4.059990000000000127e-02
3.270470000000000321e-02
2.488510000000000028e-02
1.689310000000000117e-02
9.826400000000000759e-03
5.027450000000000148e-03
1.842410000000000055e-03
1.639409999999999999e-03
4.575590000000000039e-03
8.535249999999999435e-03
1.201170000000000015e-02
1.514219999999999976e-02
1.836180000000000104e-02
2.137350000000000014e-02
1.891539999999999888e-02
8.177520000000000622e-03
-6.234729999999999960e-03
-1.955600000000000047e-02
-2.597999999999999962e-02
-1.834710000000000160e-02
-1.470060000000000030e-03
5.404319999999999784e-03
-1.753779999999999922e-03
-1.172549999999999981e-02
-1.867330000000000031e-02
-2.403860000000000025e-02
-3.041630000000000028e-02
-3.740750000000000325e-02
-4.443869999999999765e-02
-5.129000000000000226e-02
-5.811220000000000274e-02
-6.479669999999999874e-02
-7.140649999999999775e-02
-7.777589999999999504e-02
-8.406729999999999758e-02
-9.017319999999999502e-02
-9.564040000000000041e-02
-9.202539999999999332e-02
-7.835179999999999922e-02
-6.259030000000000149e-02
-4.889990000000000309e-02
-3.650110000000000160e-02
-2.580129999999999924e-02
-2.177279999999999840e-02
-2.377359999999999890e-02
-2.482869999999999869e-02
-2.169010000000000035e-02
-1.669040000000000107e-02
-1.242790000000000041e-02
-8.849390000000000381e-03
-5.221629999999999674e-03
-1.539549999999999990e-03
-1.711349999999999937e-03
-7.142250000000000161e-03
-1.459180000000000026e-02
-2.137539999999999926e-02
-2.705509999999999859e-02
-2.713360000000000077e-02
-2.107430000000000067e-02
-1.364650000000000064e-02
-7.284849999999999833e-03
-1.639529999999999937e-03
4.295720000000000267e-03
1.029260000000000071e-02
1.449340000000000003e-02
1.430610000000000041e-02
1.102359999999999972e-02
7.566599999999999715e-03
4.840950000000000114e-03
2.268259999999999808e-03
-4.915909999999999898e-04
-2.649110000000000093e-03
-3.268200000000000185e-03
-2.881869999999999918e-03
-2.480870000000000037e-03
-2.319610000000000161e-03
-2.170430000000000102e-03
-1.702409999999999904e-03
-1.733720000000000064e-04
2.293410000000000067e-03
4.839389999999999838e-03
7.197099999999999678e-03
1.006179999999999922e-02
1.455610000000000064e-02
1.795400000000000121e-02
2.365470000000000073e-02
2.890179999999999833e-02
3.382249999999999840e-02
3.581279999999999880e-02
3.266809999999999853e-02
2.660130000000000133e-02
2.074230000000000171e-02
1.625630000000000130e-02
1.456720000000000063e-02
1.512089999999999962e-02
1.598230000000000137e-02
1.641130000000000019e-02
1.618330000000000116e-02
1.397319999999999986e-02
9.834789999999999505e-03
5.488149999999999799e-03
2.993780000000000139e-03
3.756400000000000017e-03
6.346329999999999853e-03
8.859080000000000080e-03
1.087360000000000063e-02
1.278420000000000077e-02
1.385360000000000064e-02
1.183000000000000024e-02
7.124450000000000054e-03
2.197619999999999955e-03
-2.121309999999999949e-03
-6.089970000000000105e-03
-9.379669999999999674e-03
-8.978049999999999572e-03
-5.084009999999999918e-03
-6.986569999999999890e-04
2.815820000000000128e-03
4.516270000000000180e-03
2.666790000000000046e-03
-1.782629999999999892e-03
-6.406689999999999607e-03
-1.039140000000000029e-02
-1.411150000000000078e-02
-1.784420000000000103e-02
-2.075300000000000061e-02
-2.227200000000000013e-02
-2.308050000000000032e-02
-2.389760000000000148e-02
-2.471929999999999961e-02
-2.328639999999999877e-02
-1.902210000000000012e-02
-1.402280000000000020e-02
-9.584830000000000780e-03
-5.667130000000000258e-03
-2.486379999999999840e-03
-8.938519999999999929e-04
-4.251519999999999844e-04
-7.199030000000000088e-05
4.374620000000000071e-04
5.246170000000000290e-06
-1.981280000000000194e-03
-4.609069999999999834e-03
-7.002470000000000222e-03
-9.100419999999999690e-03
-1.113150000000000077e-02
-1.314919999999999978e-02
-1.506300000000000000e-02
-1.683460000000000165e-02
-1.848390000000000102e-02
-2.000580000000000067e-02
-2.133960000000000024e-02
-2.249079999999999829e-02
-2.357050000000000117e-02
-2.457689999999999875e-02
-2.547009999999999899e-02
-2.577439999999999939e-02
-2.545400000000000093e-02
-2.495429999999999870e-02
-2.449120000000000116e-02
-2.404200000000000087e-02
-2.341920000000000113e-02
-2.193379999999999982e-02
-1.957640000000000075e-02
-1.712479999999999905e-02
-1.490129999999999927e-02
-1.284479999999999997e-02
-1.082890000000000068e-02
-8.867510000000000323e-03
-6.961730000000000175e-03
-5.123439999999999939e-03
-3.300079999999999941e-03
-1.530820000000000011e-03
1.367189999999999898e-04
1.706019999999999932e-03
3.203259999999999875e-03
4.598419999999999765e-03
5.716709999999999847e-03
6.552060000000000176e-03
7.298149999999999776e-03
8.031140000000000848e-03
8.731489999999999738e-03
9.362650000000000139e-03
9.937959999999999156e-03
1.045390000000000034e-02
1.078609999999999985e-02
1.081799999999999949e-02
1.068580000000000051e-02
1.054450000000000005e-02
1.043250000000000080e-02
1.031229999999999994e-02
1.017340000000000085e-02
1.002940000000000081e-02
1.008509999999999962e-02
1.109740000000000032e-02
1.296420000000000038e-02
1.476210000000000022e-02
1.560819999999999916e-02
1.420500000000000061e-02
1.117420000000000045e-02
8.145209999999999950e-03
5.652769999999999670e-03
3.487239999999999958e-03
1.767240000000000000e-03
5.583310000000000183e-04
-4.271869999999999877e-04
-1.350040000000000051e-03
-2.127340000000000134e-03
-1.623089999999999993e-03
2.968800000000000171e-04
2.485509999999999803e-03
4.294039999999999836e-03
5.783110000000000160e-03
7.178949999999999915e-03
8.461669999999999262e-03
9.531140000000000445e-03
9.498839999999999714e-03
7.741999999999999750e-03
5.187800000000000224e-03
2.943330000000000078e-03
1.370810000000000084e-03
6.988800000000000307e-04
6.341320000000000333e-04
6.572589999999999899e-04
6.170130000000000232e-04
5.782159999999999947e-04
6.150049999999999571e-04
6.892079999999999648e-04
7.749809999999999989e-04
8.747930000000000116e-04
1.013409999999999962e-03
1.183140000000000060e-03
1.348320000000000074e-03
1.512200000000000003e-03
1.681860000000000082e-03
1.868499999999999935e-03
2.064120000000000017e-03
2.248340000000000147e-03
2.442769999999999924e-03
2.856759999999999855e-03
3.624839999999999833e-03
4.501579999999999818e-03
5.233340000000000387e-03
5.786460000000000214e-03
6.205490000000000138e-03
6.239579999999999779e-03
5.822189999999999657e-03
5.277999999999999706e-03
4.839930000000000100e-03
4.513709999999999771e-03
4.228649999999999597e-03
3.965989999999999967e-03
3.723680000000000045e-03
3.515980000000000147e-03
3.360169999999999997e-03
3.330409999999999794e-03
3.456410000000000038e-03
3.638520000000000122e-03
3.778979999999999926e-03
3.868949999999999907e-03
3.927980000000000187e-03
3.966749999999999790e-03
3.979429999999999946e-03
3.946790000000000367e-03
3.871600000000000215e-03
3.779840000000000023e-03
3.686140000000000076e-03
3.590739999999999817e-03
3.488499999999999848e-03
3.379370000000000030e-03
3.265010000000000048e-03
3.146799999999999944e-03
3.024329999999999987e-03
2.902080000000000024e-03
2.778440000000000076e-03
2.649050000000000016e-03
2.511810000000000171e-03
2.368250000000000129e-03
2.220030000000000007e-03
2.068030000000000215e-03
1.914789999999999982e-03
1.761100000000000035e-03
1.604170000000000032e-03
1.443070000000000073e-03
1.278590000000000022e-03
1.112600000000000047e-03
9.462369999999999462e-04
7.816919999999999554e-04
6.186250000000000342e-04
4.545470000000000239e-04
2.903790000000000060e-04
1.295389999999999942e-04
-2.663359999999999857e-05
-1.784859999999999984e-04
-3.265249999999999815e-04
-4.707140000000000065e-04
-6.110830000000000038e-04
-7.477290000000000368e-04
-8.808229999999999792e-04
-1.010430000000000095e-03
-1.136620000000000078e-03
-1.259420000000000027e-03
-1.378859999999999982e-03
-1.494950000000000098e-03
-1.607689999999999944e-03
