-3.806710000000000015e-05
-3.846129999999999715e-05
-3.836549999999999715e-05
-4.000729999999999895e-05
-4.127320000000000321e-05
-4.394989999999999742e-05
-4.572359999999999706e-05
-4.844900000000000319e-05
-4.990269999999999911e-05
-5.195890000000000155e-05
-5.236589999999999951e-05
-5.304700000000000219e-05
-5.183830000000000138e-05
-5.068149999999999917e-05
-4.723670000000000126e-05
-4.359119999999999694e-05
-3.749719999999999735e-05
-3.088679999999999708e-05
-2.148180000000000158e-05
-1.158799999999999984e-05
1.061120000000000015e-06
1.453829999999999936e-05
3.003110000000000119e-05
3.747269999999999784e-05
3.346759999999999785e-05
2.014610000000000012e-05
5.631050000000000068e-06
-9.885849999999999548e-06
-2.492550000000000047e-05
-4.297409999999999907e-05
-6.146189999999999510e-05
-7.769900000000000266e-05
-8.480359999999999559e-05
-8.613040000000000463e-05
-8.401330000000000419e-05
-7.893669999999999929e-05
-5.759240000000000106e-05
-1.821470000000000028e-05
3.251009999999999897e-05
8.377540000000000431e-05
1.342919999999999943e-04
1.637230000000000044e-04
1.565340000000000026e-04
1.201149999999999977e-04
7.636070000000000227e-05
3.525479999999999998e-05
-2.236270000000000105e-06
-4.233180000000000016e-05
-8.491399999999999372e-05
-1.303330000000000005e-04
-1.752970000000000125e-04
-2.202399999999999920e-04
-2.643580000000000192e-04
-3.113990000000000182e-04
-3.595059999999999966e-04
-4.082420000000000124e-04
-4.554149999999999756e-04
-5.049450000000000249e-04
-5.513850000000000478e-04
-5.153990000000000437e-04
-2.307049999999999943e-04
3.218200000000000054e-04
9.945469999999999224e-04
1.653820000000000073e-03
2.269310000000000077e-03
2.867580000000000216e-03
3.367409999999999935e-03
3.649449999999999830e-03
3.749039999999999925e-03
3.787200000000000115e-03
3.850440000000000113e-03
3.938070000000000112e-03
4.027470000000000008e-03
4.084380000000000302e-03
4.017879999999999716e-03
3.760289999999999900e-03
3.376019999999999976e-03
2.969429999999999899e-03
2.598539999999999878e-03
2.250990000000000022e-03
1.905379999999999921e-03
1.549180000000000045e-03
1.194519999999999913e-03
8.464549999999999722e-04
5.096560000000000413e-04
1.775780000000000132e-04
-1.479779999999999984e-04
-4.695160000000000089e-04
-7.822480000000000362e-04
-1.088769999999999972e-03
-1.386010000000000020e-03
-1.677169999999999963e-03
-1.958790000000000184e-03
-2.230910000000000011e-03
-2.491319999999999993e-03
-2.746290000000000189e-03
-2.993340000000000150e-03
-3.233349999999999853e-03
-3.462020000000000115e-03
-3.678939999999999901e-03
-3.885720000000000059e-03
-4.084899999999999816e-03
-4.270920000000000098e-03
-4.376999999999999814e-03
-4.340779999999999812e-03
-4.206900000000000396e-03
-4.050149999999999757e-03
-3.916860000000000307e-03
-3.798499999999999793e-03
-3.681189999999999983e-03
-3.555420000000000108e-03
-3.430110000000000103e-03
-3.306900000000000204e-03
-3.189720000000000055e-03
-3.073109999999999991e-03
-2.959079999999999783e-03
-2.844279999999999812e-03
-2.733030000000000008e-03
-2.622600000000000105e-03
-2.516179999999999806e-03
-2.409960000000000054e-03
-2.307159999999999940e-03
-2.204450000000000159e-03
-2.105329999999999875e-03
-2.006350000000000060e-03
-1.910650000000000065e-03
-1.814810000000000034e-03
-1.722699999999999969e-03
-1.630860000000000035e-03
-1.542669999999999892e-03
-1.454390000000000066e-03
-1.369519999999999939e-03
-1.284540000000000031e-03
-1.202769999999999924e-03
-1.120740000000000061e-03
-1.042369999999999929e-03
-9.640809999999999875e-04
-8.893240000000000390e-04
-8.143160000000000415e-04
-7.426349999999999531e-04
-6.707150000000000048e-04
-6.024379999999999536e-04
-5.335449999999999611e-04
-4.676479999999999786e-04
-4.015499999999999755e-04
-3.390010000000000159e-04
-2.763530000000000153e-04
-2.168039999999999930e-04
-1.569899999999999996e-04
-1.001369999999999935e-04
-4.325390000000000273e-05
1.117170000000000012e-05
6.554479999999999627e-05
1.174090000000000002e-04
1.683180000000000104e-04
2.169689999999999889e-04
2.777200000000000176e-04
6.078709999999999539e-04
1.429429999999999980e-03
2.574180000000000131e-03
3.751589999999999960e-03
4.798809999999999708e-03
5.734190000000000120e-03
6.430090000000000285e-03
6.425959999999999658e-03
5.597419999999999653e-03
4.409019999999999606e-03
3.281089999999999961e-03
2.345229999999999797e-03
1.567980000000000068e-03
1.200909999999999912e-03
1.349500000000000005e-03
1.778920000000000024e-03
2.204569999999999880e-03
2.531090000000000163e-03
2.799139999999999875e-03
3.071790000000000024e-03
3.307790000000000123e-03
3.327679999999999961e-03
3.041509999999999873e-03
2.615870000000000174e-03
2.239019999999999986e-03
2.210580000000000184e-03
2.593620000000000040e-03
3.158479999999999968e-03
3.550380000000000116e-03
3.598080000000000028e-03
3.405169999999999898e-03
3.185579999999999922e-03
3.017189999999999889e-03
2.880970000000000059e-03
2.460219999999999942e-03
1.548040000000000093e-03
3.542120000000000164e-04
1.429799999999999897e-04
1.628609999999999954e-03
4.017510000000000178e-03
6.030540000000000032e-03
6.485809999999999839e-03
5.440699999999999703e-03
3.883249999999999983e-03
2.528840000000000081e-03
1.460080000000000102e-03
4.650349999999999818e-04
-3.777520000000000248e-04
-8.842760000000000290e-04
-1.122299999999999904e-03
-1.277979999999999958e-03
-1.463609999999999954e-03
-1.442350000000000012e-03
-1.004129999999999997e-03
-2.986579999999999856e-04
4.272780000000000111e-04
1.024820000000000071e-03
1.487849999999999980e-03
1.871819999999999951e-03
2.237410000000000006e-03
2.592459999999999990e-03
2.914809999999999884e-03
2.951570000000000148e-03
2.336959999999999905e-03
1.114710000000000093e-03
-3.036240000000000054e-04
-1.608150000000000031e-03
-2.744739999999999853e-03
-3.814689999999999921e-03
-4.874859999999999957e-03
-5.878069999999999996e-03
-5.976610000000000256e-03
-3.580369999999999820e-03
1.335320000000000083e-03
5.998159999999999777e-03
6.828220000000000296e-03
3.450120000000000096e-03
-1.439289999999999970e-04
-9.606869999999999993e-04
3.357440000000000164e-04
1.806239999999999972e-03
2.514310000000000069e-03
2.787949999999999977e-03
2.734669999999999809e-03
2.097340000000000055e-03
9.667540000000000074e-04
-3.384509999999999754e-04
-1.537090000000000071e-03
-2.582140000000000130e-03
-3.201830000000000127e-03
-3.122610000000000056e-03
-2.497479999999999839e-03
-1.736869999999999950e-03
-1.078849999999999905e-03
-5.479190000000000102e-04
-9.260020000000000154e-05
1.557689999999999921e-04
1.424949999999999969e-04
-2.725799999999999889e-05
-1.934030000000000048e-04
-3.194639999999999893e-04
-4.078989999999999786e-04
-5.329199999999999866e-04
-1.027960000000000072e-03
-2.851069999999999820e-03
-6.149629999999999680e-03
-9.950739999999999585e-03
-1.120669999999999999e-02
-8.371270000000000100e-03
-3.393709999999999869e-03
1.405659999999999982e-03
3.907429999999999931e-03
3.734180000000000138e-03
2.307950000000000019e-03
9.520709999999999720e-04
2.859540000000000069e-05
-7.252170000000000057e-04
-1.556660000000000075e-03
-2.317790000000000128e-03
-2.495020000000000137e-03
-1.954280000000000080e-03
-1.082449999999999992e-03
-2.810059999999999858e-04
3.392189999999999789e-04
6.443910000000000176e-04
4.213509999999999847e-04
-2.015490000000000044e-04
-8.842579999999999624e-04
-1.446430000000000068e-03
-1.933760000000000080e-03
-2.423460000000000111e-03
-2.924809999999999910e-03
-3.371260000000000055e-03
-3.528789999999999965e-03
-3.299920000000000023e-03
-2.883600000000000052e-03
-2.481909999999999932e-03
-2.160159999999999945e-03
-1.885500000000000023e-03
-1.958590000000000070e-03
-3.044760000000000088e-03
-5.200289999999999774e-03
-7.754879999999999586e-03
-1.010929999999999988e-02
-1.164620000000000065e-02
-1.154319999999999999e-02
-9.856220000000000606e-03
-7.567759999999999765e-03
-5.453330000000000156e-03
-3.715070000000000004e-03
-2.289189999999999975e-03
-1.093060000000000082e-03
-5.739190000000000188e-05
6.674990000000000003e-04
1.026479999999999971e-03
1.194760000000000006e-03
1.558879999999999901e-03
2.435679999999999963e-03
3.748739999999999972e-03
4.456980000000000143e-03
3.647319999999999902e-03
1.704739999999999945e-03
-4.377000000000000140e-04
-2.265890000000000005e-03
-3.832219999999999897e-03
-5.330200000000000216e-03
-6.436680000000000179e-03
-6.596369999999999838e-03
-5.896379999999999677e-03
-4.904060000000000016e-03
-4.044230000000000221e-03
-3.359260000000000197e-03
-2.722229999999999962e-03
-2.021989999999999985e-03
-7.216559999999999902e-04
1.809209999999999898e-03
4.523300000000000064e-03
4.991019999999999658e-03
2.575829999999999873e-03
-1.078820000000000083e-03
-4.375129999999999644e-03
-5.566459999999999637e-03
-4.113170000000000194e-03
-1.293410000000000046e-03
1.476789999999999960e-03
3.284860000000000124e-03
3.566999999999999858e-03
2.556280000000000184e-03
1.098489999999999927e-03
-2.179139999999999875e-04
-1.230109999999999971e-03
-1.839350000000000013e-03
-2.046220000000000070e-03
-2.061299999999999851e-03
-2.058589999999999899e-03
-2.103999999999999967e-03
-2.158989999999999954e-03
-2.197220000000000163e-03
-2.210839999999999941e-03
-2.222029999999999839e-03
-2.231350000000000000e-03
-2.243579999999999793e-03
-2.242379999999999981e-03
-2.237779999999999977e-03
-2.225500000000000048e-03
-2.186770000000000207e-03
-1.475030000000000004e-03
4.453880000000000122e-04
3.142750000000000144e-03
5.184189999999999979e-03
5.293390000000000248e-03
3.793899999999999790e-03
1.870679999999999999e-03
3.352389999999999797e-04
-8.037600000000000430e-04
-1.844410000000000103e-03
-2.946589999999999800e-03
-3.740789999999999914e-03
-3.546580000000000132e-03
-2.333169999999999862e-03
-1.554040000000000022e-03
-2.415009999999999987e-03
-4.537689999999999606e-03
-6.830619999999999921e-03
-8.316310000000000369e-03
-7.984979999999999162e-03
-5.876769999999999911e-03
-3.095239999999999971e-03
-5.212980000000000088e-04
1.670690000000000066e-03
3.702870000000000033e-03
5.742810000000000102e-03
7.763009999999999876e-03
9.625830000000000150e-03
1.001050000000000030e-02
8.159370000000000858e-03
5.134579999999999700e-03
2.201779999999999970e-03
8.996030000000000129e-04
1.719760000000000082e-03
3.645559999999999946e-03
5.549529999999999567e-03
7.047529999999999767e-03
8.324049999999999505e-03
9.156140000000000112e-03
9.288219999999999810e-03
8.974060000000000717e-03
8.585239999999999191e-03
8.315970000000000653e-03
8.117769999999999847e-03
7.910689999999999736e-03
7.695419999999999691e-03
7.632690000000000134e-03
7.820979999999999946e-03
8.142850000000000088e-03
8.390180000000000554e-03
8.330999999999999864e-03
7.951619999999999522e-03
7.449289999999999905e-03
6.956509999999999951e-03
6.540960000000000177e-03
6.148119999999999974e-03
5.558289999999999585e-03
4.647430000000000137e-03
3.571749999999999838e-03
2.516459999999999878e-03
1.566799999999999920e-03
6.850849999999999908e-04
-1.637490000000000072e-04
-9.996980000000000362e-04
-1.791840000000000056e-03
-2.467930000000000124e-03
-2.723919999999999900e-03
-2.467000000000000009e-03
-1.953850000000000031e-03
-1.459529999999999899e-03
-1.071619999999999908e-03
-7.337469999999999800e-04
-3.845580000000000135e-04
-2.723839999999999996e-05
3.212140000000000047e-04
6.404530000000000292e-04
9.374989999999999496e-04
1.219210000000000085e-03
1.493949999999999965e-03
1.773920000000000011e-03
2.439150000000000172e-03
3.869109999999999824e-03
5.891799999999999989e-03
8.061689999999999828e-03
1.008530000000000017e-02
1.190429999999999960e-02
1.237090000000000065e-02
1.047310000000000081e-02
6.901870000000000054e-03
3.049979999999999879e-03
1.914349999999999993e-04
-1.305490000000000079e-03
-1.980389999999999841e-03
-2.548420000000000026e-03
-3.247599999999999792e-03
-3.834759999999999992e-03
-3.731400000000000168e-03
-2.847779999999999843e-03
-1.635179999999999967e-03
-5.225079999999999785e-04
4.066739999999999895e-04
1.252360000000000105e-03
2.104379999999999879e-03
2.955900000000000021e-03
3.783980000000000156e-03
4.509530000000000309e-03
4.777649999999999605e-03
4.011340000000000391e-03
2.296090000000000197e-03
2.524189999999999832e-04
-1.616540000000000078e-03
-3.217080000000000200e-03
-4.029519999999999977e-03
-3.687220000000000168e-03
-2.625989999999999921e-03
-1.479620000000000067e-03
-5.468660000000000188e-04
2.365489999999999878e-04
1.003250000000000018e-03
1.786229999999999979e-03
2.581819999999999862e-03
3.329400000000000154e-03
3.793219999999999925e-03
3.690899999999999997e-03
3.109579999999999810e-03
2.371339999999999993e-03
1.681940000000000041e-03
8.816540000000000531e-04
-4.364899999999999900e-04
-2.370940000000000200e-03
-4.524450000000000173e-03
-6.518000000000000356e-03
-7.274890000000000002e-03
-6.065590000000000044e-03
-3.553489999999999861e-03
-8.419719999999999678e-04
1.895589999999999949e-03
5.127719999999999674e-03
8.867530000000000204e-03
1.265529999999999954e-02
1.509530000000000073e-02
1.545279999999999918e-02
1.464060000000000014e-02
1.375009999999999948e-02
1.323599999999999950e-02
1.284820000000000059e-02
1.198049999999999983e-02
9.654640000000000791e-03
5.919060000000000293e-03
1.385750000000000046e-03
-4.064159999999999821e-03
-1.016120000000000044e-02
-1.459979999999999958e-02
-1.612560000000000035e-02
-1.516699999999999993e-02
-1.189740000000000068e-02
-6.764909999999999847e-03
-1.035139999999999932e-03
4.320639999999999724e-03
6.412469999999999976e-03
3.808610000000000034e-03
-1.323399999999999967e-03
-6.357439999999999793e-03
-1.056080000000000040e-02
-1.457929999999999990e-02
-1.876979999999999968e-02
-2.093499999999999875e-02
-1.925320000000000156e-02
-1.472279999999999943e-02
-8.677159999999999734e-03
-2.038599999999999787e-03
3.652700000000000044e-03
7.062240000000000011e-03
7.457209999999999707e-03
4.604439999999999575e-03
-1.134129999999999904e-03
-9.097140000000000087e-03
-1.811569999999999847e-02
-2.671060000000000101e-02
-3.334079999999999683e-02
-3.309610000000000329e-02
-2.404950000000000143e-02
-1.082319999999999983e-02
1.785399999999999921e-03
9.359430000000000180e-03
1.052810000000000031e-02
7.952110000000000081e-03
5.017680000000000057e-03
3.002939999999999950e-03
1.999579999999999934e-03
1.648189999999999898e-03
1.521089999999999899e-03
1.383700000000000077e-03
1.179970000000000021e-03
-2.245030000000000086e-05
-3.055959999999999926e-03
-7.333229999999999610e-03
-1.170009999999999974e-02
-1.454319999999999918e-02
-1.473660000000000074e-02
-1.226039999999999942e-02
-8.203069999999999806e-03
-4.120859999999999627e-03
-8.509239999999999729e-04
1.662529999999999954e-03
2.512229999999999845e-03
7.335319999999999558e-04
-2.864859999999999889e-03
-6.805450000000000214e-03
-1.023729999999999953e-02
-1.321559999999999922e-02
-1.597530000000000130e-02
-1.714749999999999955e-02
-1.552869999999999945e-02
-1.209789999999999997e-02
-8.431730000000000128e-03
-5.355460000000000255e-03
-2.624959999999999967e-03
1.499820000000000016e-03
8.937979999999999883e-03
1.889530000000000029e-02
2.528330000000000161e-02
2.150229999999999850e-02
8.916379999999999792e-03
-6.085349999999999787e-03
-1.711110000000000061e-02
-2.076450000000000171e-02
-1.874579999999999996e-02
-1.529209999999999944e-02
-1.269829999999999917e-02
-1.099119999999999958e-02
-9.333350000000000674e-03
-9.491319999999999271e-03
-1.343300000000000050e-02
-2.007950000000000013e-02
-2.412250000000000158e-02
-2.172220000000000054e-02
-1.474059999999999954e-02
-7.038589999999999951e-03
-6.752250000000000005e-04
5.258060000000000164e-03
1.232420000000000043e-02
1.995440000000000061e-02
2.424689999999999832e-02
2.337260000000000032e-02
1.973159999999999845e-02
1.617700000000000041e-02
1.371179999999999968e-02
1.174129999999999965e-02
1.005449999999999920e-02
8.802279999999999133e-03
7.967379999999999601e-03
7.300509999999999639e-03
6.578320000000000348e-03
4.960220000000000427e-03
1.999019999999999790e-03
-1.624089999999999909e-03
-5.119180000000000084e-03
-7.521080000000000300e-03
-8.540469999999999659e-03
-8.827089999999999242e-03
-9.789670000000000316e-03
-1.219800000000000051e-02
-1.537179999999999970e-02
-1.473029999999999999e-02
-7.542669999999999583e-03
3.245510000000000062e-03
1.387080000000000084e-02
2.240690000000000043e-02
2.914349999999999927e-02
3.355160000000000087e-02
3.178140000000000132e-02
2.270979999999999874e-02
1.095540000000000055e-02
1.326759999999999962e-03
-4.939520000000000195e-03
-8.494349999999999470e-03
-8.767610000000000334e-03
-6.137639999999999763e-03
-2.180019999999999961e-03
1.487229999999999976e-03
3.110130000000000013e-03
1.385490000000000072e-03
-2.540419999999999831e-03
-5.958770000000000386e-03
-4.916249999999999613e-03
1.148139999999999968e-03
9.280079999999999579e-03
1.669510000000000091e-02
2.211810000000000165e-02
2.376990000000000006e-02
1.965480000000000005e-02
1.060969999999999969e-02
1.196939999999999961e-04
-9.357680000000000164e-03
-1.371200000000000023e-02
-1.105450000000000009e-02
-4.316940000000000013e-03
2.659569999999999990e-03
7.863000000000000198e-03
9.759560000000000457e-03
8.403499999999999512e-03
5.668580000000000320e-03
3.113279999999999954e-03
1.113609999999999904e-03
-6.648290000000000276e-04
-2.534460000000000098e-03
-4.430569999999999994e-03
-6.246699999999999996e-03
-7.888739999999999988e-03
-9.319769999999999791e-03
-9.306280000000000108e-03
-6.995209999999999970e-03
-2.945479999999999886e-03
2.022420000000000034e-03
7.266940000000000378e-03
1.238990000000000057e-02
1.726849999999999913e-02
2.178290000000000087e-02
2.510149999999999881e-02
2.674560000000000132e-02
2.735949999999999840e-02
2.609010000000000148e-02
2.203839999999999966e-02
1.624240000000000059e-02
1.068140000000000062e-02
6.912269999999999873e-03
4.953729999999999939e-03
5.599640000000000346e-03
9.814389999999999226e-03
1.635380000000000167e-02
2.325400000000000036e-02
2.937460000000000071e-02
3.486689999999999928e-02
3.951790000000000164e-02
4.107260000000000078e-02
3.843579999999999913e-02
3.369939999999999741e-02
2.875350000000000128e-02
2.369140000000000135e-02
1.774229999999999904e-02
1.126199999999999944e-02
4.892940000000000136e-03
1.280950000000000101e-03
1.844289999999999949e-03
4.646579999999999981e-03
4.197020000000000091e-03
-2.106450000000000163e-03
-1.143609999999999939e-02
-2.029270000000000032e-02
-2.655969999999999859e-02
-2.947699999999999973e-02
-2.783700000000000063e-02
-2.180500000000000146e-02
-1.244020000000000022e-02
8.555089999999999570e-04
1.724739999999999954e-02
3.311189999999999967e-02
4.256360000000000005e-02
4.423040000000000305e-02
4.075320000000000331e-02
2.963580000000000034e-02
9.290420000000000622e-03
-1.534349999999999950e-02
-3.930030000000000329e-02
-6.049260000000000054e-02
-7.960250000000000659e-02
-8.750049999999999495e-02
-7.388169999999999460e-02
-4.298210000000000225e-02
-7.859379999999999145e-03
2.308930000000000010e-02
4.419239999999999974e-02
5.511730000000000101e-02
6.116329999999999684e-02
6.631750000000000145e-02
6.546390000000000542e-02
5.431169999999999748e-02
3.662309999999999871e-02
1.344620000000000017e-02
-1.512660000000000046e-02
-4.601589999999999847e-02
-7.614089999999999747e-02
-1.040050000000000002e-01
-1.295310000000000072e-01
-1.423999999999999988e-01
-1.285050000000000081e-01
-9.111690000000000067e-02
-4.660849999999999715e-02
-6.468920000000000399e-03
2.792369999999999922e-02
5.982610000000000011e-02
7.998020000000000129e-02
7.943550000000000610e-02
6.443139999999999978e-02
4.397609999999999714e-02
2.297549999999999940e-02
2.619320000000000068e-03
-1.717669999999999961e-02
-3.614049999999999901e-02
-5.369709999999999761e-02
-6.445599999999999941e-02
-6.159619999999999679e-02
-4.701500000000000123e-02
-2.881780000000000105e-02
-1.242550000000000078e-02
2.108119999999999786e-03
1.669800000000000104e-02
2.927190000000000000e-02
3.655069999999999847e-02
3.814270000000000160e-02
3.182879999999999737e-02
8.536639999999999853e-03
-2.282129999999999923e-02
-4.441910000000000303e-02
-5.206349999999999867e-02
-5.213229999999999947e-02
-5.270989999999999703e-02
-5.549099999999999866e-02
-5.648940000000000211e-02
-4.872209999999999736e-02
-3.196290000000000242e-02
-1.190480000000000010e-02
6.434500000000000115e-03
2.207109999999999975e-02
2.951379999999999976e-02
2.437200000000000130e-02
1.399599999999999976e-02
7.365700000000000199e-03
5.724100000000000195e-03
5.478629999999999958e-03
3.101179999999999822e-03
-1.611620000000000023e-03
-6.854940000000000339e-03
-1.140930000000000069e-02
-1.699820000000000150e-02
-2.540999999999999856e-02
-3.550119999999999665e-02
-4.086370000000000280e-02
-3.455199999999999938e-02
-1.913130000000000039e-02
-4.329780000000000087e-03
4.129999999999999991e-03
8.477760000000000851e-03
1.317399999999999995e-02
2.275649999999999895e-02
3.724639999999999895e-02
5.292349999999999832e-02
5.860769999999999869e-02
4.773700000000000165e-02
2.708870000000000028e-02
8.785050000000000844e-03
-1.590009999999999991e-03
-7.439699999999999612e-03
-1.341239999999999967e-02
-2.111810000000000076e-02
-3.463129999999999681e-02
-4.919219999999999843e-02
-5.358249999999999819e-02
-4.717430000000000234e-02
-3.649310000000000054e-02
-2.764590000000000103e-02
-2.085650000000000004e-02
-1.062070000000000028e-02
9.556790000000000770e-03
2.758839999999999903e-02
3.064499999999999863e-02
2.202389999999999903e-02
1.144410000000000045e-02
4.371230000000000254e-03
6.121190000000000528e-04
-1.473380000000000046e-03
-1.390930000000000074e-03
3.428599999999999964e-03
1.279639999999999944e-02
2.126110000000000153e-02
2.442949999999999983e-02
2.286180000000000156e-02
1.781920000000000032e-02
1.060469999999999989e-02
3.493519999999999959e-03
-2.156129999999999971e-04
3.801820000000000134e-04
2.976299999999999866e-03
5.874919999999999622e-03
9.500889999999999683e-03
1.433719999999999960e-02
1.450689999999999966e-02
5.616200000000000012e-03
-8.704820000000000266e-03
-2.298760000000000039e-02
-3.267479999999999690e-02
-3.686810000000000087e-02
-3.482140000000000235e-02
-2.736550000000000094e-02
-1.801399999999999876e-02
-1.055999999999999994e-02
-6.102780000000000357e-03
-3.113439999999999871e-03
-3.871080000000000213e-05
3.528719999999999947e-03
9.419540000000000551e-03
1.870509999999999881e-02
2.978890000000000010e-02
4.059299999999999714e-02
5.010049999999999920e-02
5.430580000000000129e-02
5.082300000000000012e-02
4.184029999999999694e-02
3.061089999999999992e-02
1.969889999999999836e-02
9.610409999999999786e-03
2.057159999999999935e-04
-5.438410000000000293e-03
-4.519900000000000306e-03
6.928260000000000104e-04
6.557549999999999664e-03
9.650189999999999463e-03
9.463330000000000700e-03
7.840470000000000425e-03
6.511860000000000391e-03
5.753780000000000006e-03
5.200549999999999964e-03
5.556179999999999973e-03
8.730309999999999807e-03
1.463640000000000080e-02
1.796400000000000080e-02
1.318560000000000045e-02
1.608499999999999904e-03
-1.165509999999999984e-02
-2.307729999999999851e-02
-2.956970000000000084e-02
-2.690210000000000171e-02
-1.585479999999999876e-02
-1.412049999999999981e-03
1.526390000000000038e-02
3.177329999999999738e-02
3.882970000000000171e-02
3.328810000000000102e-02
2.136000000000000051e-02
9.983660000000000104e-03
1.267569999999999981e-03
-6.181510000000000303e-03
-1.388799999999999930e-02
-2.189050000000000024e-02
-2.942180000000000142e-02
-3.269140000000000240e-02
-2.717949999999999880e-02
-1.407169999999999949e-02
1.189109999999999950e-03
1.323900000000000077e-02
1.983779999999999918e-02
2.294389999999999971e-02
2.540270000000000028e-02
2.849950000000000053e-02
3.179069999999999813e-02
3.472039999999999849e-02
3.678499999999999825e-02
3.637680000000000080e-02
3.273380000000000040e-02
2.759110000000000035e-02
2.253439999999999957e-02
1.810360000000000094e-02
9.890799999999999939e-03
-4.999970000000000282e-03
-2.355669999999999986e-02
-3.836749999999999883e-02
-4.389189999999999758e-02
-4.049930000000000196e-02
-3.114300000000000054e-02
-1.938729999999999967e-02
-7.615420000000000349e-03
3.345419999999999991e-03
1.374760000000000044e-02
2.369999999999999885e-02
3.182940000000000075e-02
3.085299999999999848e-02
1.768739999999999896e-02
-1.415849999999999964e-03
-1.961250000000000146e-02
-2.936849999999999877e-02
-2.627459999999999865e-02
-1.410089999999999955e-02
-1.255390000000000108e-03
7.380430000000000323e-03
1.251380000000000027e-02
1.646950000000000150e-02
2.044150000000000134e-02
2.437579999999999955e-02
2.789700000000000166e-02
3.098700000000000065e-02
3.309379999999999961e-02
3.297540000000000193e-02
3.062459999999999835e-02
2.738530000000000131e-02
2.433630000000000168e-02
2.088780000000000150e-02
1.523339999999999937e-02
7.213559999999999937e-03
-1.584660000000000105e-03
-9.678100000000000244e-03
-1.423660000000000030e-02
-1.264629999999999921e-02
-5.732799999999999702e-03
3.929689999999999572e-03
1.397409999999999972e-02
2.334839999999999832e-02
3.048560000000000159e-02
3.394930000000000170e-02
3.442610000000000114e-02
3.378090000000000259e-02
3.016479999999999856e-02
2.065020000000000050e-02
6.636440000000000394e-03
-8.257050000000000153e-03
-2.167710000000000123e-02
-3.371539999999999954e-02
-4.510630000000000195e-02
-5.519059999999999938e-02
-5.758719999999999811e-02
-4.935350000000000154e-02
-3.573980000000000212e-02
-2.253209999999999935e-02
-1.174610000000000064e-02
-2.151090000000000033e-03
5.655860000000000401e-03
9.972349999999999617e-03
1.111769999999999946e-02
9.815149999999999916e-03
5.931070000000000092e-03
1.854799999999999928e-04
-6.064599999999999852e-03
-1.133679999999999931e-02
-1.521920000000000044e-02
-1.834809999999999913e-02
-2.140409999999999882e-02
-2.451969999999999844e-02
-2.753699999999999898e-02
-3.031369999999999898e-02
-3.280210000000000070e-02
-3.432219999999999716e-02
-3.447680000000000189e-02
-3.375840000000000091e-02
-3.125050000000000050e-02
-2.482979999999999909e-02
-1.478630000000000048e-02
-3.724519999999999827e-03
4.256580000000000259e-03
7.121739999999999668e-03
6.814449999999999674e-03
3.773569999999999963e-03
-3.417059999999999976e-03
-1.426469999999999995e-02
-2.618739999999999957e-02
-3.707160000000000316e-02
-4.209340000000000304e-02
-3.668919999999999820e-02
-2.314729999999999913e-02
-7.566660000000000226e-03
6.560540000000000121e-03
1.946499999999999966e-02
3.215900000000000009e-02
3.934619999999999784e-02
3.517880000000000312e-02
2.228110000000000160e-02
8.868189999999999754e-03
1.350700000000000034e-03
-7.673439999999999905e-04
-1.411609999999999992e-03
-3.082010000000000045e-03
-5.559699999999999885e-03
-7.809779999999999674e-03
-9.273309999999999886e-03
-1.022780000000000043e-02
-1.111039999999999944e-02
-1.210229999999999986e-02
-1.315159999999999940e-02
-1.487699999999999960e-02
-1.755200000000000163e-02
-1.745630000000000098e-02
-8.168619999999999701e-03
1.033970000000000028e-02
2.471929999999999961e-02
2.410249999999999893e-02
1.409889999999999928e-02
6.752969999999999633e-03
6.816909999999999810e-03
1.046829999999999983e-02
1.322279999999999983e-02
1.397329999999999926e-02
1.315440000000000012e-02
9.938600000000000559e-03
4.283119999999999636e-03
-2.476040000000000098e-03
-8.314810000000000603e-03
-1.127680000000000002e-02
-1.131279999999999959e-02
-1.023680000000000076e-02
-9.381169999999999440e-03
-9.023559999999999914e-03
-8.776769999999999711e-03
-8.509380000000000416e-03
-8.218819999999999945e-03
-8.017190000000000427e-03
-7.851169999999999330e-03
-7.710780000000000411e-03
-7.534950000000000328e-03
-7.278970000000000058e-03
-5.343650000000000136e-03
-1.795649999999999926e-04
7.316559999999999730e-03
1.493610000000000076e-02
1.816150000000000056e-02
1.506109999999999914e-02
8.797620000000000787e-03
2.722130000000000122e-03
-1.947699999999999909e-03
-6.008989999999999644e-03
-1.013720000000000072e-02
-1.444699999999999977e-02
-1.853329999999999908e-02
-2.232059999999999947e-02
-2.574529999999999874e-02
-2.833219999999999836e-02
-2.837210000000000079e-02
-2.557970000000000035e-02
-2.152990000000000112e-02
-1.885960000000000067e-02
-1.889920000000000141e-02
-2.073480000000000115e-02
-2.272400000000000114e-02
-2.416969999999999882e-02
-2.422339999999999910e-02
-2.231119999999999978e-02
-1.901040000000000021e-02
-1.544010000000000001e-02
-1.257220000000000039e-02
-1.081829999999999944e-02
-9.743730000000000793e-03
-8.787539999999999935e-03
-7.671319999999999702e-03
-6.291829999999999992e-03
-4.565539999999999876e-03
-2.688359999999999882e-03
-7.499050000000000377e-04
1.028899999999999910e-03
2.605769999999999875e-03
1.843030000000000059e-03
-2.992519999999999816e-03
-1.056589999999999960e-02
-1.841179999999999900e-02
-2.508880000000000138e-02
-2.754240000000000160e-02
-2.009429999999999897e-02
-2.733499999999999819e-03
1.829280000000000142e-02
3.788790000000000213e-02
5.471970000000000306e-02
6.691329999999999500e-02
6.915280000000000038e-02
6.115140000000000159e-02
4.882460000000000272e-02
3.841579999999999995e-02
3.256959999999999716e-02
2.979769999999999988e-02
2.746679999999999955e-02
2.441029999999999936e-02
2.008259999999999906e-02
1.464799999999999956e-02
8.845600000000000337e-03
3.307730000000000045e-03
-1.746530000000000044e-03
-3.788060000000000212e-03
-3.322999999999999999e-04
7.206999999999999865e-03
1.562490000000000059e-02
2.290839999999999890e-02
2.801649999999999974e-02
2.884449999999999861e-02
2.511820000000000025e-02
1.938569999999999877e-02
1.395970000000000023e-02
9.553270000000000858e-03
6.716859999999999845e-03
7.905509999999999274e-03
1.369270000000000036e-02
2.149780000000000094e-02
2.878350000000000006e-02
3.327440000000000259e-02
3.385339999999999877e-02
3.189059999999999812e-02
2.942840000000000039e-02
2.750910000000000161e-02
2.594020000000000006e-02
2.408729999999999899e-02
2.035620000000000138e-02
1.376630000000000041e-02
2.513590000000000008e-03
-1.340679999999999997e-02
-2.773329999999999892e-02
-3.471049999999999830e-02
-3.524759999999999699e-02
-3.443430000000000102e-02
-3.591980000000000173e-02
-3.953000000000000264e-02
-4.150809999999999916e-02
-3.894199999999999745e-02
-3.296559999999999768e-02
-2.649819999999999953e-02
-2.180719999999999881e-02
-1.956319999999999934e-02
-1.867160000000000000e-02
-1.694999999999999979e-02
-1.130659999999999998e-02
-1.451959999999999969e-03
9.922270000000000395e-03
1.967440000000000161e-02
2.658999999999999905e-02
3.184689999999999743e-02
3.853580000000000200e-02
4.795150000000000107e-02
5.835139999999999771e-02
6.175579999999999958e-02
5.237490000000000201e-02
3.454440000000000288e-02
1.569989999999999927e-02
-3.734249999999999831e-04
-1.440100000000000061e-02
-2.753380000000000064e-02
-3.695470000000000005e-02
-4.044790000000000191e-02
-4.035330000000000167e-02
-3.844899999999999707e-02
-3.357160000000000005e-02
-2.499799999999999939e-02
-1.467740000000000017e-02
-4.658790000000000327e-03
4.127149999999999569e-03
1.011060000000000084e-02
1.191739999999999987e-02
1.097109999999999926e-02
9.412550000000000430e-03
8.474650000000000238e-03
7.904039999999999330e-03
7.177700000000000399e-03
3.610949999999999924e-03
-6.445219999999999769e-03
-2.244360000000000105e-02
-3.990300000000000097e-02
-5.002729999999999677e-02
-4.522919999999999718e-02
-2.882039999999999949e-02
-1.241770000000000027e-02
-3.398319999999999813e-03
6.036839999999999481e-04
4.148640000000000314e-03
9.324980000000000074e-03
1.494370000000000073e-02
1.940930000000000086e-02
1.820710000000000037e-02
1.001149999999999957e-02
-1.001979999999999971e-03
-1.030889999999999931e-02
-1.701340000000000144e-02
-1.992839999999999889e-02
-1.775849999999999998e-02
-1.175149999999999979e-02
-4.767620000000000191e-03
1.267880000000000092e-03
4.499640000000000063e-03
4.814230000000000072e-03
4.875499999999999626e-03
6.861039999999999674e-03
1.021530000000000007e-02
1.369440000000000067e-02
1.649619999999999906e-02
1.963250000000000065e-02
2.376850000000000143e-02
2.865370000000000070e-02
3.336139999999999939e-02
3.724210000000000020e-02
3.276040000000000202e-02
1.385139999999999982e-02
-1.467259999999999918e-02
-4.183379999999999738e-02
-5.835110000000000297e-02
-6.445829999999999615e-02
-6.671699999999999853e-02
-6.585820000000000563e-02
-5.601849999999999885e-02
-3.614810000000000245e-02
-1.229180000000000030e-02
1.011090000000000079e-02
2.959310000000000065e-02
4.735570000000000057e-02
5.763770000000000004e-02
5.630519999999999969e-02
4.813739999999999686e-02
3.943800000000000083e-02
3.285500000000000226e-02
2.445949999999999860e-02
1.031070000000000077e-02
-7.922079999999999747e-03
-2.365969999999999879e-02
-2.926199999999999982e-02
-2.460309999999999928e-02
-1.572089999999999946e-02
-4.605970000000000029e-03
9.474579999999999808e-03
2.549799999999999983e-02
4.155729999999999841e-02
5.490060000000000079e-02
5.965469999999999801e-02
5.222999999999999865e-02
3.445469999999999783e-02
1.116259999999999995e-02
-1.215010000000000048e-02
-3.334759999999999808e-02
-4.610949999999999771e-02
-4.484189999999999704e-02
-3.148890000000000022e-02
-1.335189999999999988e-02
3.856819999999999953e-03
1.867720000000000144e-02
3.218769999999999964e-02
3.873759999999999704e-02
3.423249999999999904e-02
2.209320000000000034e-02
7.106499999999999970e-03
-7.694649999999999927e-03
-2.165579999999999936e-02
-3.502770000000000189e-02
-4.701530000000000292e-02
-5.547379999999999672e-02
-6.005289999999999934e-02
-6.276890000000000247e-02
-6.519220000000000570e-02
-6.311260000000000481e-02
-4.987369999999999998e-02
-2.695269999999999957e-02
-1.204219999999999987e-03
2.211269999999999902e-02
4.156019999999999853e-02
4.963089999999999863e-02
4.284570000000000045e-02
2.821850000000000053e-02
1.195949999999999964e-02
-6.632909999999999674e-03
-2.923210000000000044e-02
-5.401029999999999720e-02
-7.809409999999999963e-02
-9.968059999999999421e-02
-1.128730000000000011e-01
-1.087410000000000043e-01
-8.831990000000000673e-02
-6.192949999999999844e-02
-3.758519999999999917e-02
-1.693659999999999957e-02
1.889950000000000050e-03
1.128700000000000016e-02
3.302699999999999993e-03
-1.501740000000000019e-02
-2.836819999999999967e-02
-3.040549999999999850e-02
-2.833690000000000167e-02
-3.119780000000000122e-02
-4.025879999999999737e-02
-5.085699999999999943e-02
-5.532560000000000255e-02
-4.991519999999999985e-02
-3.488059999999999772e-02
-1.299020000000000036e-02
1.262560000000000071e-02
4.403320000000000151e-02
8.090289999999999981e-02
1.149730000000000057e-01
1.226769999999999944e-01
9.544969999999999843e-02
5.147589999999999805e-02
9.529150000000000120e-03
-2.431989999999999846e-02
-5.321959999999999885e-02
-7.100599999999999967e-02
-7.302169999999999495e-02
-6.462790000000000201e-02
-4.584040000000000337e-02
-1.892800000000000038e-02
8.331269999999999995e-03
3.235219999999999763e-02
5.319419999999999704e-02
7.317490000000000105e-02
9.279080000000000661e-02
1.114020000000000010e-01
1.162910000000000055e-01
9.899149999999999616e-02
6.780360000000000553e-02
3.560350000000000320e-02
8.204710000000000475e-03
-1.527049999999999935e-02
-3.704790000000000166e-02
-5.753359999999999724e-02
-7.644900000000000306e-02
-8.275250000000000661e-02
-6.250699999999999312e-02
-1.920770000000000116e-02
3.052790000000000017e-02
7.563010000000000566e-02
1.146400000000000058e-01
1.505130000000000079e-01
1.624329999999999941e-01
1.357960000000000000e-01
8.655350000000000543e-02
3.671370000000000189e-02
-2.637399999999999922e-04
-1.014860000000000068e-02
9.099370000000000722e-03
4.081259999999999749e-02
7.093259999999999843e-02
9.507680000000000298e-02
1.154990000000000044e-01
1.322240000000000082e-01
1.455510000000000137e-01
1.561970000000000025e-01
1.643060000000000076e-01
1.593370000000000064e-01
1.352649999999999963e-01
9.022979999999999889e-02
1.223529999999999930e-02
-8.305300000000000182e-02
-1.507960000000000134e-01
-1.743089999999999917e-01
-1.650560000000000083e-01
-1.359019999999999950e-01
-9.662569999999999493e-02
-5.478550000000000086e-02
-1.438110000000000083e-02
2.197160000000000085e-02
5.026950000000000168e-02
6.620330000000000659e-02
7.173780000000000434e-02
6.892370000000000441e-02
5.934289999999999704e-02
4.634379999999999750e-02
3.059970000000000051e-02
1.229659999999999954e-02
-7.229969999999999626e-03
-2.730319999999999969e-02
-4.740010000000000057e-02
-5.958789999999999920e-02
-5.366089999999999749e-02
-3.166730000000000239e-02
-4.848970000000000190e-03
1.551750000000000004e-02
1.839860000000000106e-02
3.711530000000000211e-03
-1.506620000000000008e-02
-2.503340000000000079e-02
-2.459860000000000171e-02
-2.053670000000000148e-02
-1.773380000000000095e-02
-1.672210000000000016e-02
-1.571530000000000149e-02
-1.412960000000000084e-02
-1.319979999999999938e-02
-1.434760000000000028e-02
-1.686620000000000133e-02
-1.943980000000000014e-02
-1.705500000000000071e-02
-7.324009999999999722e-03
6.356180000000000337e-03
1.960860000000000034e-02
2.875520000000000159e-02
2.805190000000000114e-02
1.679479999999999862e-02
1.061040000000000073e-03
-1.376989999999999985e-02
-2.613889999999999963e-02
-3.519189999999999818e-02
-3.914290000000000130e-02
-3.891569999999999752e-02
-3.986710000000000254e-02
-4.558229999999999921e-02
-5.417170000000000318e-02
-6.247180000000000094e-02
-6.508730000000000071e-02
-6.036099999999999799e-02
-5.347890000000000282e-02
-4.899610000000000076e-02
-4.514619999999999744e-02
-3.877259999999999734e-02
-3.009869999999999907e-02
-2.109509999999999857e-02
-1.219809999999999992e-02
-1.965719999999999794e-03
5.960080000000000412e-03
4.592999999999999861e-03
-6.219719999999999763e-03
-2.054459999999999967e-02
-3.335049999999999820e-02
-4.389289999999999858e-02
-5.369170000000000192e-02
-6.567870000000000652e-02
-7.718020000000000436e-02
-7.851160000000000083e-02
-6.670529999999999515e-02
-4.857270000000000337e-02
-2.775839999999999905e-02
-4.539289999999999645e-03
1.966740000000000155e-02
3.292869999999999825e-02
2.633030000000000093e-02
8.291170000000000484e-03
-7.126559999999999666e-03
-1.426829999999999939e-02
-1.722320000000000101e-02
-2.077060000000000017e-02
-2.607960000000000139e-02
-3.095749999999999891e-02
-3.138490000000000030e-02
-2.623359999999999928e-02
-1.878360000000000099e-02
-1.241339999999999978e-02
-8.703960000000000169e-03
-6.629760000000000167e-03
-4.840190000000000291e-03
-2.672289999999999908e-03
-6.083829999999999924e-04
4.151839999999999741e-04
-3.123419999999999989e-05
-1.076869999999999954e-03
-2.059769999999999830e-03
-2.468779999999999846e-03
-2.492809999999999818e-03
-2.438099999999999903e-03
-4.651230000000000121e-03
-1.183580000000000049e-02
-2.341820000000000013e-02
-3.601300000000000334e-02
-4.571870000000000100e-02
-4.660630000000000328e-02
-3.793719999999999731e-02
-2.516789999999999999e-02
-1.332039999999999960e-02
-4.440079999999999895e-03
-3.473749999999999733e-04
-9.043960000000000193e-04
-3.443289999999999892e-03
-3.655030000000000084e-03
1.037830000000000003e-03
8.944030000000000383e-03
1.707490000000000049e-02
2.355619999999999936e-02
2.785309999999999869e-02
3.069770000000000137e-02
3.309800000000000242e-02
3.557169999999999777e-02
3.799790000000000112e-02
3.938869999999999871e-02
3.094339999999999938e-02
8.149180000000000659e-03
-1.553429999999999915e-02
-2.704430000000000028e-02
-2.736020000000000119e-02
-2.495959999999999845e-02
-2.500540000000000054e-02
-2.691409999999999983e-02
-2.411150000000000099e-02
-1.014269999999999929e-02
1.168079999999999986e-02
2.610869999999999858e-02
2.515169999999999906e-02
1.896319999999999950e-02
1.927649999999999850e-02
2.708910000000000137e-02
3.669449999999999795e-02
4.409149999999999875e-02
4.941840000000000122e-02
5.378510000000000235e-02
5.445679999999999965e-02
4.951669999999999683e-02
4.171210000000000195e-02
3.570960000000000106e-02
3.357220000000000343e-02
3.331880000000000258e-02
3.298979999999999968e-02
3.244480000000000280e-02
3.247649999999999842e-02
2.641730000000000120e-02
8.664730000000000695e-03
-1.701770000000000019e-02
-4.337939999999999852e-02
-6.744010000000000282e-02
-9.046279999999999599e-02
-1.127989999999999965e-01
-1.161409999999999942e-01
-7.947730000000000072e-02
-1.047350000000000017e-02
6.606689999999999785e-02
1.229760000000000020e-01
1.509959999999999913e-01
1.636700000000000099e-01
1.749829999999999997e-01
1.797670000000000101e-01
1.530670000000000086e-01
8.953529999999999822e-02
1.088229999999999927e-02
-5.717040000000000316e-02
-1.015199999999999991e-01
-1.181230000000000058e-01
-1.111260000000000026e-01
-9.370090000000000363e-02
-7.620010000000000672e-02
-6.377359999999999973e-02
-5.629100000000000076e-02
-5.107779999999999959e-02
-4.338770000000000127e-02
-2.943689999999999848e-02
-1.021279999999999931e-02
9.846229999999999219e-03
2.389629999999999879e-02
2.676409999999999900e-02
2.136009999999999992e-02
1.396060000000000009e-02
1.085179999999999999e-02
1.344930000000000084e-02
1.863470000000000057e-02
2.319890000000000146e-02
2.496740000000000070e-02
1.953799999999999981e-02
5.932019999999999654e-03
-1.119099999999999956e-02
-2.686670000000000030e-02
-3.225780000000000314e-02
-2.405509999999999940e-02
-9.268320000000000031e-03
4.917259999999999687e-03
1.468419999999999968e-02
1.978999999999999856e-02
2.318339999999999984e-02
2.825269999999999865e-02
3.491190000000000265e-02
4.115359999999999852e-02
4.213660000000000322e-02
3.646339999999999998e-02
2.757389999999999841e-02
1.922890000000000016e-02
1.247580000000000043e-02
8.430270000000000125e-03
8.608940000000000689e-03
1.304070000000000056e-02
1.966460000000000083e-02
2.632450000000000068e-02
3.096950000000000050e-02
3.119210000000000038e-02
2.696969999999999923e-02
2.105989999999999945e-02
1.547469999999999922e-02
1.027179999999999933e-02
3.554990000000000060e-03
-5.132809999999999803e-03
-1.465709999999999930e-02
-2.355499999999999955e-02
-3.146220000000000266e-02
-3.505760000000000126e-02
-3.233509999999999857e-02
-2.578220000000000164e-02
-1.917450000000000057e-02
-1.601450000000000096e-02
-1.689109999999999917e-02
-1.437579999999999934e-02
-3.139499999999999930e-03
1.380609999999999997e-02
3.083260000000000167e-02
4.541529999999999873e-02
5.822820000000000079e-02
7.036249999999999449e-02
7.381060000000000398e-02
6.157289999999999985e-02
3.991440000000000266e-02
1.952239999999999878e-02
4.777280000000000068e-03
-6.791669999999999652e-03
-1.747999999999999901e-02
-2.586190000000000017e-02
-3.049850000000000130e-02
-3.264899999999999747e-02
-3.345499999999999863e-02
-3.283670000000000339e-02
-3.087149999999999964e-02
-2.829399999999999971e-02
-2.574519999999999934e-02
-2.288439999999999919e-02
-1.842620000000000022e-02
-1.219499999999999924e-02
-5.358739999999999858e-03
1.062369999999999981e-03
6.843140000000000160e-03
1.227250000000000042e-02
1.753060000000000035e-02
2.301239999999999883e-02
2.895839999999999873e-02
3.458680000000000088e-02
3.585409999999999986e-02
3.082330000000000139e-02
2.252049999999999885e-02
1.455429999999999918e-02
8.739780000000000812e-03
4.543649999999999772e-03
6.783190000000000356e-04
-4.700720000000000245e-03
-1.258570000000000001e-02
-2.199150000000000063e-02
-3.138269999999999949e-02
-3.998129999999999740e-02
-4.772989999999999872e-02
-5.206410000000000204e-02
-5.096710000000000129e-02
-4.592109999999999942e-02
-3.611439999999999789e-02
-2.134559999999999930e-02
-4.297679999999999903e-03
1.221399999999999916e-02
2.724709999999999979e-02
4.118979999999999864e-02
5.440609999999999891e-02
6.218939999999999885e-02
6.110070000000000084e-02
5.454719999999999708e-02
4.737410000000000232e-02
4.113769999999999927e-02
3.284200000000000313e-02
2.042110000000000106e-02
1.140890000000000090e-03
-3.115300000000000014e-02
-7.171460000000000334e-02
-1.055760000000000032e-01
-1.155889999999999973e-01
-1.001139999999999947e-01
-7.479819999999999525e-02
-5.202149999999999830e-02
-3.451189999999999813e-02
-1.842919999999999975e-02
-1.729180000000000083e-03
1.515129999999999949e-02
2.332980000000000123e-02
1.770139999999999908e-02
4.663129999999999706e-03
-6.353990000000000332e-03
-1.237360000000000022e-02
-1.589530000000000109e-02
-1.980070000000000094e-02
-2.086220000000000088e-02
-1.619610000000000147e-02
-7.747119999999999701e-03
7.979989999999999740e-04
7.957270000000000662e-03
1.403390000000000019e-02
1.994160000000000030e-02
2.139419999999999863e-02
1.422969999999999964e-02
1.425459999999999867e-04
-1.568030000000000118e-02
-3.902089999999999725e-02
-6.365619999999999612e-02
-7.637380000000000557e-02
-7.640520000000000644e-02
-6.989320000000000255e-02
-6.320969999999999367e-02
-5.342430000000000095e-02
-3.735150000000000275e-02
-1.721150000000000110e-02
2.673340000000000178e-03
2.032389999999999891e-02
3.422660000000000285e-02
4.247100000000000181e-02
4.564710000000000295e-02
4.679060000000000163e-02
4.791039999999999882e-02
4.563310000000000283e-02
3.476859999999999673e-02
1.654399999999999968e-02
-1.088079999999999950e-03
-1.271680000000000033e-02
-2.004469999999999863e-02
-2.646300000000000041e-02
-2.900399999999999853e-02
-2.360419999999999879e-02
-1.279450000000000032e-02
-1.116550000000000008e-03
8.656399999999999859e-03
1.698070000000000135e-02
2.192900000000000058e-02
2.161350000000000077e-02
1.739140000000000130e-02
1.236420000000000054e-02
8.140710000000000654e-03
4.750919999999999623e-03
1.462930000000000090e-03
-4.280430000000000216e-04
1.220669999999999953e-04
2.400880000000000201e-03
5.494820000000000086e-03
1.005670000000000001e-02
1.616750000000000131e-02
2.290259999999999865e-02
2.673319999999999863e-02
2.605889999999999943e-02
2.285490000000000091e-02
1.949439999999999854e-02
1.249809999999999983e-02
-1.631510000000000078e-03
-2.028009999999999882e-02
-3.739159999999999706e-02
-4.761340000000000017e-02
-5.117929999999999702e-02
-5.161700000000000316e-02
-4.907580000000000275e-02
-4.267989999999999978e-02
-2.996069999999999983e-02
-1.058100000000000013e-02
1.124649999999999955e-02
3.201029999999999848e-02
5.059589999999999921e-02
6.675129999999999952e-02
7.595459999999999712e-02
7.310550000000000381e-02
6.029980000000000062e-02
4.463439999999999769e-02
3.071749999999999828e-02
1.894960000000000047e-02
7.546689999999999995e-03
-4.346619999999999824e-03
-1.628299999999999886e-02
-2.649400000000000019e-02
-3.330190000000000233e-02
-3.698230000000000267e-02
-3.831360000000000321e-02
-3.624270000000000269e-02
-3.081870000000000095e-02
-2.387049999999999936e-02
-1.716310000000000058e-02
-8.973590000000000039e-03
4.463100000000000227e-03
2.320370000000000071e-02
4.347050000000000219e-02
6.203519999999999868e-02
7.128760000000000652e-02
6.501759999999999484e-02
4.745830000000000187e-02
2.746399999999999883e-02
1.011450000000000023e-02
-4.770309999999999828e-03
-1.908889999999999892e-02
-3.355840000000000212e-02
-4.733590000000000020e-02
-5.250099999999999906e-02
-3.984610000000000235e-02
-1.235780000000000038e-02
1.917169999999999985e-02
4.741240000000000038e-02
7.173569999999999947e-02
9.083629999999999483e-02
9.861150000000000471e-02
9.406689999999999496e-02
8.394269999999999510e-02
7.443729999999999791e-02
6.713729999999999698e-02
5.787869999999999820e-02
4.322419999999999735e-02
2.486800000000000122e-02
6.463909999999999795e-03
-9.989559999999999759e-03
-2.175409999999999844e-02
-2.346820000000000156e-02
-1.497929999999999921e-02
-2.346120000000000150e-03
9.119510000000000810e-03
1.417750000000000087e-02
9.002239999999999895e-03
-3.979769999999999662e-03
-1.893780000000000116e-02
-3.224969999999999920e-02
-4.380470000000000197e-02
-5.479980000000000268e-02
-6.559950000000000503e-02
-7.238840000000000552e-02
-7.039579999999999449e-02
-6.085150000000000281e-02
-4.909070000000000100e-02
-3.900399999999999701e-02
-3.291460000000000219e-02
-3.067370000000000166e-02
-2.980999999999999969e-02
-2.610689999999999886e-02
-1.700640000000000138e-02
-4.611350000000000171e-03
7.912560000000000773e-03
1.900419999999999887e-02
2.912110000000000046e-02
3.873370000000000285e-02
4.629019999999999663e-02
4.636210000000000331e-02
3.770249999999999990e-02
2.511410000000000031e-02
1.329800000000000079e-02
3.481849999999999876e-03
-5.375989999999999762e-03
-1.353799999999999969e-02
-1.940880000000000036e-02
-2.249340000000000020e-02
-2.427589999999999956e-02
-2.676479999999999831e-02
-3.048549999999999871e-02
-3.462389999999999912e-02
-3.837730000000000308e-02
-4.168550000000000033e-02
-4.471809999999999674e-02
-4.769469999999999960e-02
-5.051900000000000140e-02
-5.298549999999999788e-02
-5.105080000000000034e-02
-4.232910000000000145e-02
-2.995340000000000155e-02
-1.774939999999999851e-02
-7.278100000000000021e-03
2.125370000000000124e-03
9.585530000000000092e-03
1.379610000000000038e-02
1.542400000000000021e-02
1.624580000000000121e-02
1.735799999999999843e-02
1.862899999999999973e-02
1.896640000000000131e-02
1.794689999999999827e-02
1.626270000000000146e-02
1.461630000000000047e-02
1.204339999999999924e-02
7.608679999999999610e-03
2.094470000000000186e-03
-3.377429999999999842e-03
-8.207779999999999590e-03
-1.261360000000000085e-02
-1.686100000000000099e-02
-2.107049999999999895e-02
-2.503750000000000073e-02
-2.830229999999999899e-02
-2.749419999999999989e-02
-2.091470000000000135e-02
-1.138439999999999938e-02
-2.116480000000000011e-03
5.687840000000000430e-03
1.209799999999999938e-02
1.278220000000000051e-02
5.238930000000000149e-03
-6.697500000000000328e-03
-1.855249999999999955e-02
-2.836429999999999854e-02
-3.594819999999999960e-02
-3.785449999999999926e-02
-3.273340000000000277e-02
-2.399110000000000131e-02
-1.539510000000000010e-02
-8.268410000000000343e-03
-1.991730000000000150e-03
4.204740000000000213e-03
8.083659999999999457e-03
7.662790000000000053e-03
4.562329999999999858e-03
3.323870000000000036e-03
6.261759999999999896e-03
1.144829999999999980e-02
1.640290000000000151e-02
2.025189999999999976e-02
2.358160000000000117e-02
2.700249999999999873e-02
3.114190000000000014e-02
3.627430000000000238e-02
3.985829999999999929e-02
3.930070000000000091e-02
3.551870000000000027e-02
3.099460000000000062e-02
2.724769999999999970e-02
2.416609999999999939e-02
2.121210000000000109e-02
1.894919999999999938e-02
1.816370000000000137e-02
1.844410000000000147e-02
1.896549999999999972e-02
1.921000000000000138e-02
1.924539999999999931e-02
1.899990000000000012e-02
1.834360000000000157e-02
1.731090000000000059e-02
1.527779999999999937e-02
1.054650000000000032e-02
2.948810000000000060e-03
-5.714130000000000424e-03
-1.376089999999999952e-02
-1.859960000000000085e-02
-1.923959999999999906e-02
-1.769340000000000149e-02
-1.528189999999999930e-02
-1.107170000000000029e-02
-4.425250000000000364e-03
2.978020000000000059e-03
9.248499999999999777e-03
1.388769999999999935e-02
1.760559999999999903e-02
1.938159999999999883e-02
1.847860000000000127e-02
1.599170000000000105e-02
1.342660000000000034e-02
1.147770000000000040e-02
1.079429999999999973e-02
1.144930000000000080e-02
1.272569999999999951e-02
1.392610000000000028e-02
1.478499999999999953e-02
1.354610000000000015e-02
8.941519999999999677e-03
2.266670000000000143e-03
-4.543359999999999760e-03
-1.048750000000000029e-02
-1.577399999999999983e-02
-2.040020000000000028e-02
-2.364339999999999845e-02
-2.536880000000000038e-02
-2.632920000000000052e-02
-2.719639999999999905e-02
-2.705480000000000038e-02
-2.449219999999999869e-02
-1.993429999999999855e-02
-1.489120000000000027e-02
-1.035280000000000054e-02
-6.338459999999999754e-03
-2.505509999999999855e-03
1.288330000000000074e-03
4.990149999999999621e-03
8.434270000000000655e-03
1.143249999999999995e-02
1.444390000000000084e-02
1.678709999999999924e-02
1.902670000000000056e-02
2.116289999999999838e-02
2.301599999999999827e-02
2.391820000000000057e-02
2.361970000000000042e-02
2.271959999999999952e-02
2.180899999999999853e-02
2.106749999999999942e-02
1.959599999999999884e-02
1.649209999999999912e-02
1.209439999999999994e-02
7.481569999999999887e-03
3.405179999999999839e-03
2.762300000000000085e-03
7.138629999999999975e-03
1.415719999999999999e-02
2.105279999999999999e-02
2.670070000000000082e-02
3.163860000000000283e-02
3.637859999999999705e-02
4.109059999999999796e-02
4.543389999999999929e-02
4.933150000000000035e-02
5.277020000000000322e-02
5.561089999999999783e-02
5.475259999999999849e-02
4.862509999999999749e-02
3.972169999999999868e-02
3.104509999999999909e-02
2.365980000000000166e-02
1.700830000000000050e-02
1.051320000000000032e-02
5.550130000000000341e-03
3.241219999999999952e-03
2.526769999999999797e-03
2.688309999999999745e-04
-5.245119999999999817e-03
-1.245019999999999981e-02
-1.934620000000000090e-02
-2.514660000000000159e-02
-3.027880000000000155e-02
-3.409349999999999881e-02
-3.588340000000000279e-02
-3.620620000000000088e-02
-3.614749999999999908e-02
-3.628689999999999694e-02
-3.657780000000000059e-02
-3.677040000000000169e-02
-3.676109999999999794e-02
-3.623400000000000232e-02
-3.507129999999999970e-02
-3.359789999999999999e-02
-3.215280000000000221e-02
-3.081789999999999877e-02
-2.880200000000000121e-02
-2.550070000000000114e-02
-2.145369999999999916e-02
-1.747670000000000126e-02
-1.398250000000000014e-02
-1.092369999999999973e-02
-9.043119999999999978e-03
-9.236209999999999906e-03
-1.086669999999999997e-02
-1.215789999999999926e-02
-1.220410000000000071e-02
-1.148240000000000025e-02
-1.080479999999999982e-02
-1.047550000000000044e-02
-1.051359999999999968e-02
-1.089829999999999965e-02
-1.151300000000000066e-02
-1.220330000000000026e-02
-1.311000000000000013e-02
-1.460569999999999924e-02
-1.664799999999999960e-02
-1.876689999999999955e-02
-2.060939999999999994e-02
-2.215220000000000036e-02
-2.347720000000000015e-02
-2.389890000000000070e-02
-2.266680000000000084e-02
-2.018640000000000018e-02
-1.744990000000000083e-02
-1.505450000000000017e-02
-1.300130000000000036e-02
-1.111140000000000044e-02
-9.448009999999999742e-03
-8.525839999999999808e-03
-8.480390000000000844e-03
-8.837289999999999382e-03
-9.135340000000000474e-03
-9.259530000000000191e-03
-9.311659999999999382e-03
-9.373599999999999294e-03
-9.444539999999999533e-03
-9.568419999999999356e-03
-1.024820000000000071e-02
-1.166520000000000057e-02
-1.334370000000000001e-02
-1.481850000000000007e-02
-1.596229999999999871e-02
-1.690010000000000123e-02
-1.770439999999999861e-02
-1.840280000000000041e-02
-1.897969999999999866e-02
-1.941369999999999901e-02
-1.969049999999999967e-02
-1.982180000000000053e-02
-1.982389999999999847e-02
-1.970130000000000145e-02
-1.943579999999999960e-02
-1.894710000000000144e-02
-1.815769999999999884e-02
-1.713670000000000124e-02
-1.600100000000000133e-02
-1.484399999999999956e-02
-1.366850000000000009e-02
-1.248840000000000020e-02
-1.170039999999999969e-02
-1.200150000000000002e-02
-1.327369999999999939e-02
-1.467090000000000061e-02
-1.510530000000000032e-02
-1.421769999999999978e-02
-1.254519999999999941e-02
-1.018529999999999956e-02
-6.133590000000000396e-03
-2.931459999999999882e-04
6.020189999999999916e-03
1.164719999999999991e-02
1.629819999999999880e-02
2.027400000000000035e-02
2.388499999999999998e-02
2.719540000000000152e-02
3.003159999999999857e-02
3.180659999999999737e-02
3.174910000000000232e-02
3.014060000000000003e-02
2.805739999999999970e-02
2.622129999999999947e-02
2.465490000000000043e-02
2.314609999999999931e-02
2.164140000000000161e-02
2.023410000000000139e-02
1.902049999999999921e-02
1.799310000000000145e-02
1.709139999999999965e-02
1.627189999999999886e-02
1.551680000000000073e-02
1.482939999999999953e-02
1.423250000000000036e-02
1.397140000000000014e-02
1.441850000000000076e-02
1.543659999999999997e-02
1.648809999999999859e-02
1.721050000000000010e-02
1.758490000000000053e-02
1.773500000000000076e-02
1.773430000000000145e-02
1.758030000000000009e-02
1.724629999999999913e-02
1.649290000000000131e-02
1.518139999999999941e-02
1.357219999999999954e-02
1.201920000000000072e-02
1.069170000000000016e-02
9.596109999999999710e-03
8.662849999999999717e-03
7.810169999999999960e-03
7.008640000000000009e-03
6.259360000000000271e-03
5.570580000000000323e-03
4.990529999999999966e-03
4.532070000000000022e-03
4.128680000000000024e-03
3.720380000000000128e-03
3.288590000000000090e-03
2.850539999999999932e-03
2.412930000000000196e-03
1.968779999999999836e-03
1.520480000000000052e-03
1.087089999999999975e-03
6.799520000000000520e-04
3.022780000000000085e-04
-5.050139999999999729e-05
-3.801739999999999959e-04
-6.989760000000000244e-04
-1.013339999999999944e-03
-1.311019999999999981e-03
-1.574459999999999965e-03
-1.798450000000000049e-03
-1.991450000000000078e-03
-2.165129999999999919e-03
-2.306509999999999897e-03
-2.404630000000000049e-03
-2.473809999999999898e-03
-2.534849999999999950e-03
-2.596540000000000046e-03
-2.656350000000000031e-03
-2.709529999999999925e-03
-2.754410000000000105e-03
-2.791919999999999819e-03
-2.822180000000000088e-03
-2.843539999999999870e-03
-2.854919999999999940e-03
-2.856200000000000145e-03
-2.847970000000000015e-03
-2.830669999999999974e-03
-2.804619999999999856e-03
-2.769989999999999952e-03
-2.727139999999999859e-03
-2.676330000000000202e-03
-2.617790000000000047e-03
-2.551869999999999920e-03
-2.478950000000000164e-03
-2.399380000000000002e-03
-2.313459999999999822e-03
-2.221460000000000188e-03
-2.123639999999999989e-03
-2.020249999999999910e-03
