2.628110000000000016e-04
2.638620000000000158e-04
2.531039999999999809e-04
2.501150000000000270e-04
2.475199999999999883e-04
2.621480000000000251e-04
2.808180000000000073e-04
3.222939999999999876e-04
3.527590000000000153e-04
3.318190000000000158e-04
2.432249999999999896e-04
1.639280000000000067e-04
9.359950000000000399e-05
4.534890000000000215e-05
1.336820000000000120e-04
3.835789999999999946e-04
6.302099999999999716e-04
6.049620000000000128e-04
3.444610000000000076e-04
1.816259999999999988e-04
9.849570000000000634e-05
-5.840139999999999958e-05
-3.208970000000000008e-04
-2.915020000000000154e-04
9.296350000000000533e-05
5.467669999999999779e-04
6.718310000000000124e-04
5.866200000000000450e-04
5.399120000000000308e-04
6.274440000000000052e-04
7.580380000000000494e-04
8.427929999999999927e-04
4.267850000000000007e-04
-4.053370000000000258e-04
-1.129570000000000097e-03
-9.144109999999999565e-04
-1.398369999999999962e-05
8.465340000000000234e-04
1.286000000000000034e-03
8.319020000000000321e-04
-1.384400000000000094e-04
-7.355709999999999679e-04
-2.896880000000000223e-04
7.401810000000000203e-04
1.632809999999999947e-03
1.694020000000000074e-03
9.843919999999999493e-04
2.300410000000000020e-04
2.300530000000000012e-04
9.471940000000000524e-04
4.041219999999999773e-04
-1.183119999999999962e-03
-1.353830000000000094e-03
-1.977109999999999914e-04
4.853389999999999961e-04
-1.781250000000000064e-04
-1.438269999999999956e-03
-2.478049999999999871e-03
-3.187800000000000182e-03
-2.504839999999999931e-03
-7.676990000000000506e-04
9.706989999999999976e-04
2.480290000000000012e-03
3.243380000000000134e-03
2.930139999999999915e-03
1.910210000000000076e-03
2.450169999999999887e-04
-1.004270000000000032e-03
-2.746979999999999913e-05
2.322960000000000216e-03
3.915010000000000018e-03
2.019060000000000039e-03
-1.975489999999999885e-03
-2.985139999999999842e-03
-7.964359999999999756e-04
1.586759999999999993e-03
2.153079999999999924e-03
1.152079999999999988e-03
-9.702520000000000068e-05
-1.016210000000000030e-03
-7.859889999999999585e-04
5.345729999999999926e-04
1.481530000000000000e-03
8.554390000000000474e-04
-5.614040000000000480e-04
-5.357229999999999935e-04
2.550670000000000107e-03
4.120210000000000018e-03
2.253400000000000021e-03
-1.909450000000000158e-05
-1.537050000000000092e-03
-1.910379999999999934e-03
-1.337700000000000044e-03
1.619009999999999937e-04
3.065899999999999875e-03
3.661639999999999860e-03
-4.752840000000000255e-04
-7.778839999999999540e-04
4.132799999999999842e-03
8.694040000000000101e-03
6.158219999999999840e-03
-1.569630000000000027e-03
-8.625090000000000187e-03
-1.133729999999999981e-02
-7.691810000000000314e-03
-1.515759999999999894e-03
3.735340000000000188e-03
7.857070000000000720e-03
8.957919999999999425e-03
7.060750000000000186e-03
3.643579999999999996e-03
-8.074470000000000638e-05
-3.471750000000000010e-03
-4.748139999999999653e-03
-3.169250000000000192e-03
-6.631150000000000369e-04
1.412169999999999918e-03
3.289779999999999961e-03
5.297099999999999899e-03
7.161840000000000046e-03
6.271610000000000379e-03
1.698920000000000031e-03
-3.968590000000000138e-03
-8.951459999999999625e-03
-1.268880000000000008e-02
-1.126169999999999949e-02
-6.170300000000000090e-03
-2.877999999999999916e-03
-3.335340000000000006e-03
-4.881240000000000231e-03
-2.886039999999999873e-03
1.886220000000000084e-03
6.217620000000000091e-03
7.685230000000000360e-03
4.815220000000000264e-03
7.179060000000000346e-05
-3.798650000000000203e-03
-2.627759999999999818e-03
4.545600000000000335e-03
1.055500000000000015e-02
9.534459999999999810e-03
5.218600000000000322e-03
2.836899999999999838e-03
2.127710000000000105e-03
1.283969999999999946e-03
1.147179999999999950e-04
-9.109520000000000291e-04
-1.567430000000000082e-03
-2.855560000000000151e-04
3.664329999999999931e-03
8.425089999999999663e-03
1.225359999999999991e-02
9.318959999999999397e-03
6.786529999999999820e-04
-7.924940000000000109e-03
-1.501169999999999935e-02
-1.741639999999999855e-02
-1.102619999999999989e-02
-1.249900000000000078e-04
9.773399999999999796e-03
1.795810000000000115e-02
1.769719999999999974e-02
7.516560000000000255e-03
-4.811150000000000149e-03
-1.208629999999999947e-02
-1.016949999999999972e-02
-2.828039999999999981e-03
4.133859999999999618e-03
6.654079999999999717e-03
2.191559999999999949e-03
-5.209440000000000077e-03
-9.570910000000000181e-03
-9.889820000000000555e-03
-7.470720000000000138e-03
-2.728809999999999916e-03
4.015300000000000293e-03
1.092510000000000009e-02
1.175750000000000059e-02
5.549150000000000089e-03
-2.062800000000000050e-03
-8.223060000000000785e-03
-1.115539999999999934e-02
-8.299499999999999586e-03
-1.095330000000000045e-03
5.360469999999999992e-03
5.424970000000000313e-03
-2.272019999999999975e-04
-3.226389999999999987e-03
-1.115050000000000026e-03
1.988109999999999964e-03
3.511890000000000150e-03
4.470179999999999813e-03
5.733850000000000405e-03
6.107969999999999892e-03
4.057889999999999761e-03
9.310390000000000419e-04
-1.229630000000000003e-03
-2.250639999999999932e-03
-3.337919999999999863e-03
-5.689589999999999578e-03
-7.226019999999999666e-03
-4.641509999999999733e-03
3.525139999999999930e-05
3.896859999999999821e-03
3.246489999999999879e-03
-1.744469999999999918e-03
-7.576539999999999664e-03
-1.232349999999999939e-02
-1.316370000000000040e-02
-6.420699999999999671e-03
3.986700000000000139e-03
1.299110000000000022e-02
1.419699999999999955e-02
7.502510000000000429e-03
-3.814069999999999890e-05
1.514230000000000090e-03
5.412120000000000299e-03
-1.648799999999999962e-03
-1.492590000000000063e-02
-2.011210000000000081e-02
-1.026149999999999979e-02
4.558229999999999921e-03
6.439339999999999994e-03
-5.256860000000000352e-03
-1.797920000000000074e-02
-1.865699999999999997e-02
-8.126700000000000590e-03
3.468230000000000098e-03
9.966229999999999534e-03
1.220339999999999966e-02
9.431530000000000469e-03
3.447910000000000211e-03
-2.085249999999999864e-03
-5.568520000000000414e-03
-1.180830000000000074e-02
-1.752770000000000022e-02
-1.126199999999999944e-02
2.685419999999999995e-03
1.479250000000000009e-02
1.784480000000000094e-02
7.408849999999999811e-03
-3.018770000000000047e-03
-4.322600000000000227e-03
-2.808999999999999865e-03
-3.999449999999999880e-03
-7.281890000000000064e-03
-5.668140000000000331e-03
3.324530000000000237e-04
-3.785929999999999851e-04
-8.041569999999999621e-03
-1.232650000000000065e-02
-2.393779999999999866e-03
1.439849999999999984e-02
1.539549999999999946e-02
-1.721679999999999955e-03
-2.168410000000000129e-02
-3.644499999999999823e-02
-3.160980000000000040e-02
-5.659850000000000124e-03
2.319099999999999981e-02
2.750189999999999926e-02
6.070820000000000209e-03
-1.446320000000000071e-02
-1.266029999999999933e-02
1.457020000000000060e-03
1.086999999999999945e-02
8.178819999999999840e-03
-4.645530000000000145e-03
-1.754769999999999941e-02
-1.888130000000000017e-02
-7.563000000000000278e-03
5.519620000000000255e-03
1.541819999999999996e-02
8.916230000000000683e-03
-8.740859999999999602e-03
-2.110659999999999967e-02
-1.562090000000000006e-02
-1.291040000000000026e-03
5.111260000000000282e-03
2.219680000000000134e-04
-7.349539999999999892e-03
-1.237030000000000074e-02
-1.126399999999999971e-02
-4.413949999999999818e-03
3.062880000000000030e-03
2.089090000000000044e-03
-5.004889999999999686e-03
-1.125549999999999988e-02
-1.574180000000000024e-02
-1.717679999999999901e-02
-1.662960000000000133e-02
-1.885239999999999833e-02
-2.440720000000000042e-02
-3.051210000000000033e-02
-3.574440000000000256e-02
-3.987860000000000016e-02
-3.051109999999999933e-02
-9.163080000000000530e-03
1.234370000000000085e-02
3.124439999999999856e-02
4.740479999999999694e-02
3.454870000000000163e-02
-1.758739999999999956e-03
-2.604750000000000121e-02
-3.219240000000000296e-02
-3.201829999999999954e-02
-3.005390000000000145e-02
-2.711459999999999912e-02
-2.864289999999999892e-02
-3.236979999999999719e-02
-2.207510000000000028e-02
1.780420000000000006e-04
2.010369999999999865e-02
2.700699999999999976e-02
2.172009999999999913e-02
1.518279999999999977e-02
1.230790000000000009e-02
1.743830000000000033e-02
2.639249999999999929e-02
3.394069999999999726e-02
2.955179999999999960e-02
8.184270000000000433e-03
-1.185349999999999945e-02
1.649269999999999989e-03
3.640770000000000117e-02
6.542489999999999417e-02
6.815340000000000287e-02
5.077369999999999800e-02
3.360230000000000161e-02
3.071230000000000140e-02
4.038649999999999879e-02
5.013089999999999907e-02
4.317990000000000023e-02
2.491099999999999912e-02
1.379870000000000055e-02
2.326709999999999889e-02
4.355060000000000181e-02
5.482170000000000099e-02
4.837940000000000296e-02
3.407570000000000043e-02
2.453289999999999985e-02
1.761990000000000084e-02
9.840069999999999373e-03
1.006219999999999944e-03
-6.569000000000000186e-03
-8.740019999999999387e-03
-2.371240000000000153e-03
6.846289999999999668e-03
1.197609999999999994e-02
7.904500000000000068e-03
5.679250000000000487e-04
4.834230000000000124e-03
2.094810000000000075e-02
3.693459999999999799e-02
4.108880000000000171e-02
1.970190000000000136e-02
-1.391520000000000083e-02
-3.329080000000000233e-02
-3.047319999999999890e-02
-2.098960000000000062e-02
-1.573719999999999980e-02
-1.999770000000000020e-02
-3.107969999999999830e-02
-4.231359999999999982e-02
-4.840889999999999777e-02
-4.810620000000000174e-02
-4.556620000000000115e-02
-4.534830000000000111e-02
-4.657000000000000028e-02
-4.655870000000000147e-02
-3.323129999999999834e-02
1.280950000000000101e-03
4.243000000000000244e-02
6.040380000000000055e-02
5.993829999999999991e-02
5.335140000000000021e-02
4.226329999999999670e-02
2.943439999999999945e-02
2.057000000000000148e-02
2.337739999999999957e-02
3.196979999999999961e-02
3.168929999999999664e-02
2.234370000000000106e-02
1.546720000000000039e-02
1.837470000000000075e-02
2.572790000000000146e-02
3.096199999999999994e-02
3.142260000000000192e-02
2.875569999999999862e-02
2.613290000000000057e-02
2.331679999999999864e-02
1.429779999999999940e-02
1.951699999999999898e-04
-1.318339999999999963e-02
-2.452259999999999857e-02
-2.716040000000000121e-02
-2.173879999999999910e-02
-1.932060000000000027e-02
-2.275020000000000167e-02
-2.681259999999999893e-02
-2.939229999999999968e-02
-3.174260000000000276e-02
-3.493389999999999690e-02
-4.099869999999999903e-02
-4.824139999999999678e-02
-4.435420000000000335e-02
-2.886880000000000002e-02
-1.211820000000000085e-02
1.520899999999999943e-03
6.914870000000000044e-03
6.747740000000000335e-03
7.030490000000000350e-03
8.232359999999999331e-03
9.147149999999999725e-03
9.337009999999999754e-03
6.634450000000000069e-03
-3.993619999999999809e-03
-1.883610000000000145e-02
-2.896059999999999954e-02
-2.786309999999999829e-02
-2.135509999999999839e-02
-1.812760000000000066e-02
-1.850069999999999840e-02
-1.380439999999999966e-02
-2.299439999999999817e-03
9.767380000000000853e-03
2.020320000000000102e-02
2.971270000000000161e-02
3.278559999999999808e-02
1.721920000000000048e-02
-8.531260000000000579e-03
-2.543799999999999881e-02
-3.327870000000000134e-02
-3.102449999999999999e-02
-1.912350000000000161e-02
-5.697869999999999845e-03
1.510419999999999948e-03
-5.621809999999999655e-03
-2.001899999999999860e-02
-3.152110000000000328e-02
-2.519609999999999905e-02
-6.694180000000000096e-03
7.183809999999999675e-03
1.855660000000000079e-03
-1.432330000000000061e-02
-2.032530000000000101e-02
-1.620519999999999947e-02
-1.220959999999999927e-02
-1.489299999999999999e-02
-2.117159999999999875e-02
-2.271470000000000086e-02
-1.244729999999999968e-02
-1.551999999999999994e-03
8.721970000000000113e-04
6.002470000000000201e-03
1.663529999999999870e-02
1.621010000000000159e-02
2.529480000000000183e-03
-5.035079999999999938e-03
1.226599999999999999e-03
8.978049999999999572e-03
-1.401329999999999893e-03
-2.373250000000000012e-02
-4.248360000000000331e-02
-4.775100000000000178e-02
-4.538520000000000054e-02
-4.483009999999999773e-02
-4.548610000000000153e-02
-4.311260000000000092e-02
-3.342930000000000207e-02
-2.047720000000000096e-02
-8.583699999999999664e-03
2.244149999999999878e-03
1.309150000000000071e-02
2.213669999999999874e-02
2.578750000000000139e-02
2.610470000000000151e-02
2.561240000000000044e-02
1.789699999999999971e-02
4.368249999999999737e-03
-8.607520000000000449e-03
-2.003059999999999910e-02
-3.138259999999999661e-02
-4.206220000000000098e-02
-4.062260000000000176e-02
-2.653219999999999884e-02
-1.163499999999999951e-02
-8.469660000000000383e-03
-1.294460000000000055e-02
-1.140679999999999993e-02
-1.097930000000000086e-02
-1.850179999999999880e-02
-2.856179999999999830e-02
-3.539629999999999860e-02
-3.308889999999999748e-02
-2.527160000000000170e-02
-1.847800000000000137e-02
-1.323820000000000031e-02
-1.370350000000000040e-02
-2.197980000000000073e-02
-3.312650000000000317e-02
-4.289409999999999751e-02
-5.002849999999999658e-02
-5.209869999999999779e-02
-5.128350000000000269e-02
-5.078030000000000044e-02
-5.056650000000000034e-02
-4.714310000000000028e-02
-3.542689999999999728e-02
-1.925199999999999828e-02
-4.365629999999999684e-03
8.226040000000000435e-03
1.414589999999999945e-02
1.528340000000000080e-02
1.657300000000000093e-02
1.869950000000000084e-02
2.023540000000000061e-02
1.638250000000000123e-02
5.637099999999999923e-03
-7.094610000000000326e-03
-1.854110000000000133e-02
-2.655849999999999878e-02
-1.801869999999999861e-02
2.815750000000000110e-03
2.221379999999999882e-02
3.881060000000000065e-02
5.535410000000000330e-02
7.057860000000000522e-02
7.147820000000000562e-02
6.194279999999999925e-02
5.576690000000000119e-02
5.709650000000000142e-02
6.048560000000000048e-02
6.196839999999999987e-02
5.904460000000000264e-02
5.114010000000000083e-02
4.168850000000000333e-02
3.312960000000000210e-02
2.688590000000000077e-02
2.300489999999999827e-02
1.600750000000000089e-02
5.251539999999999854e-03
-5.614550000000000270e-03
-1.523970000000000012e-02
-2.295279999999999890e-02
-2.616780000000000148e-02
-2.659550000000000108e-02
-2.721149999999999958e-02
-2.665750000000000064e-02
-1.610999999999999932e-02
1.836170000000000033e-03
1.869250000000000078e-02
3.358760000000000218e-02
4.839920000000000333e-02
6.295290000000000608e-02
6.804509999999999725e-02
5.998900000000000066e-02
4.766569999999999835e-02
3.744449999999999862e-02
2.812279999999999988e-02
1.816649999999999862e-02
8.513780000000000306e-03
5.174800000000000233e-03
1.039490000000000032e-02
1.826229999999999867e-02
2.479450000000000057e-02
2.969110000000000152e-02
2.921040000000000095e-02
2.524080000000000074e-02
2.952979999999999841e-02
4.196520000000000111e-02
5.438389999999999891e-02
6.476379999999999637e-02
7.497910000000000685e-02
8.558649999999999591e-02
9.451420000000000654e-02
9.768219999999999681e-02
9.574589999999999490e-02
8.985250000000000181e-02
8.209180000000000643e-02
7.652200000000000668e-02
7.330269999999999841e-02
6.985470000000000568e-02
6.328939999999999566e-02
5.503269999999999690e-02
4.780240000000000183e-02
4.848029999999999701e-02
5.571910000000000057e-02
6.260259999999999436e-02
6.358949999999999325e-02
6.056960000000000122e-02
5.787520000000000164e-02
5.405929999999999763e-02
4.608799999999999703e-02
3.584760000000000030e-02
2.634620000000000017e-02
1.773850000000000079e-02
1.161230000000000075e-02
1.059290000000000058e-02
1.230580000000000042e-02
1.217209999999999993e-02
1.025189999999999955e-02
8.507229999999999306e-03
7.404280000000000063e-03
6.856379999999999593e-03
6.696820000000000030e-03
6.655910000000000125e-03
6.397090000000000241e-03
3.709099999999999897e-03
-1.164789999999999966e-03
-6.105880000000000161e-03
-1.037530000000000049e-02
-1.387249999999999941e-02
-1.708329999999999918e-02
-2.026390000000000136e-02
-2.260469999999999841e-02
-2.164610000000000145e-02
-1.864709999999999979e-02
-1.824430000000000149e-02
-2.721849999999999964e-02
-4.194330000000000280e-02
-5.541809999999999792e-02
-6.738420000000000520e-02
-7.820580000000000587e-02
-8.162569999999999548e-02
-7.891629999999999479e-02
-7.649350000000000593e-02
-7.317460000000000631e-02
-6.548660000000000592e-02
-5.506629999999999858e-02
-4.581759999999999999e-02
-4.232690000000000063e-02
-4.962699999999999750e-02
-6.198820000000000024e-02
-7.311800000000000244e-02
-8.187880000000000158e-02
-8.452439999999999953e-02
-8.245700000000000252e-02
-7.972509999999999319e-02
-7.695340000000000513e-02
-7.420649999999999469e-02
-7.161760000000000348e-02
-7.514070000000000471e-02
-8.398179999999999534e-02
-9.300339999999999996e-02
-1.006750000000000006e-01
-1.077359999999999984e-01
-1.076990000000000031e-01
-1.009369999999999989e-01
-9.366049999999999376e-02
-8.716580000000000161e-02
-7.198519999999999919e-02
-4.407690000000000219e-02
-1.581039999999999876e-02
-4.007969999999999589e-03
-2.663679999999999867e-03
4.296990000000000206e-04
4.041249999999999704e-03
3.134119999999999788e-03
-6.926890000000000217e-04
-3.651670000000000089e-03
-3.790389999999999818e-03
-1.686420000000000106e-03
6.774170000000000365e-04
2.681230000000000158e-03
4.691899999999999717e-03
6.807030000000000372e-03
9.285099999999999257e-03
1.297290000000000075e-02
1.751290000000000138e-02
2.184900000000000037e-02
2.514169999999999947e-02
1.821870000000000087e-02
2.004020000000000020e-03
-1.453899999999999984e-02
-2.884309999999999999e-02
-4.006660000000000083e-02
-4.091729999999999673e-02
-3.442839999999999789e-02
-2.856780000000000083e-02
-2.450799999999999854e-02
-2.465629999999999905e-02
-2.969930000000000139e-02
-3.614259999999999695e-02
-3.908169999999999700e-02
-3.078349999999999836e-02
-1.554769999999999937e-02
-2.157389999999999915e-03
3.131049999999999806e-03
2.637879999999999999e-03
2.478220000000000162e-03
2.977609999999999892e-03
8.175580000000000217e-04
-4.167480000000000316e-03
-9.020729999999999374e-03
-1.327650000000000011e-02
-1.728350000000000025e-02
-2.152089999999999906e-02
-2.520640000000000033e-02
-2.347070000000000059e-02
-1.498880000000000004e-02
-5.055559999999999742e-03
3.681470000000000055e-03
1.187530000000000009e-02
1.996119999999999839e-02
2.183929999999999899e-02
1.845820000000000100e-02
1.532679999999999980e-02
1.518480000000000003e-02
1.813189999999999941e-02
2.196249999999999938e-02
2.532119999999999857e-02
2.799329999999999874e-02
2.306899999999999923e-02
4.723609999999999615e-03
-1.897379999999999900e-02
-3.644279999999999742e-02
-4.319649999999999879e-02
-4.388290000000000246e-02
-4.224680000000000102e-02
-3.925089999999999829e-02
-3.612599999999999839e-02
-3.299950000000000105e-02
-2.944779999999999967e-02
-1.834819999999999854e-02
1.846269999999999899e-03
2.367259999999999850e-02
3.876489999999999797e-02
4.721039999999999959e-02
5.459449999999999720e-02
6.207359999999999961e-02
6.001619999999999872e-02
4.962010000000000032e-02
3.971349999999999880e-02
3.237749999999999656e-02
3.339199999999999807e-02
4.043999999999999678e-02
4.720579999999999915e-02
5.267329999999999929e-02
5.664910000000000084e-02
5.487000000000000210e-02
4.888309999999999877e-02
4.339620000000000283e-02
3.909680000000000100e-02
3.827819999999999834e-02
4.006090000000000345e-02
4.146489999999999898e-02
3.780109999999999720e-02
2.615819999999999951e-02
1.198240000000000069e-02
6.205669999999999936e-03
1.014819999999999958e-02
1.580610000000000001e-02
1.757130000000000150e-02
1.003030000000000067e-02
-2.751749999999999856e-03
-1.379960000000000041e-02
-1.624679999999999874e-02
-9.753980000000000636e-03
-1.485070000000000010e-03
5.500589999999999646e-03
1.148449999999999992e-02
1.053059999999999934e-02
2.529650000000000149e-04
-1.249710000000000057e-02
-2.305839999999999973e-02
-2.458779999999999993e-02
-1.992709999999999967e-02
-1.580370000000000039e-02
-1.299130000000000076e-02
-9.847069999999999435e-03
-6.183560000000000272e-03
-2.892769999999999803e-03
-2.013619999999999820e-03
-2.861279999999999900e-03
-3.571579999999999980e-03
-3.719290000000000096e-03
-1.408689999999999986e-03
3.899790000000000201e-03
9.976070000000000076e-03
1.494769999999999953e-02
1.247559999999999988e-02
4.229789999999999765e-03
-3.406670000000000097e-03
-7.666889999999999990e-03
-8.224600000000000313e-03
-7.645820000000000220e-03
-7.393010000000000206e-03
-7.484819999999999668e-03
-1.004780000000000083e-02
-1.534579999999999972e-02
-1.464730000000000025e-02
-7.756429999999999922e-03
-1.017780000000000030e-03
4.017640000000000274e-03
6.448989999999999931e-03
7.112789999999999911e-03
5.090899999999999766e-03
7.649700000000000163e-04
5.735809999999999824e-04
6.592699999999999949e-03
1.410559999999999939e-02
2.041640000000000121e-02
2.622620000000000159e-02
3.241820000000000118e-02
3.841859999999999720e-02
4.121960000000000207e-02
3.531370000000000342e-02
2.422670000000000032e-02
1.244860000000000064e-02
-1.149040000000000044e-03
-1.622190000000000090e-02
-3.060289999999999885e-02
-3.790410000000000307e-02
-3.373269999999999741e-02
-2.469189999999999927e-02
-1.709060000000000093e-02
-1.072520000000000071e-02
-7.190110000000000424e-03
-6.931739999999999603e-03
-7.573429999999999919e-03
-7.745939999999999770e-03
-7.728890000000000413e-03
-7.989370000000000846e-03
-8.220039999999999639e-03
-6.672110000000000193e-03
-3.178380000000000181e-03
4.806480000000000236e-04
3.363860000000000201e-03
1.380860000000000030e-03
-5.546760000000000405e-03
-1.323539999999999960e-02
-1.979790000000000022e-02
-2.291040000000000090e-02
-1.669520000000000032e-02
-4.848739999999999821e-03
6.016640000000000182e-03
1.515209999999999994e-02
1.913689999999999836e-02
1.625019999999999937e-02
1.631379999999999983e-02
2.191279999999999964e-02
2.747290000000000149e-02
3.162210000000000021e-02
3.553010000000000196e-02
3.952689999999999676e-02
3.844249999999999751e-02
3.286719999999999919e-02
2.755159999999999901e-02
2.591639999999999916e-02
2.912620000000000139e-02
3.409240000000000187e-02
3.803000000000000130e-02
3.657950000000000090e-02
2.806969999999999951e-02
1.939089999999999911e-02
1.837130000000000013e-02
2.189280000000000045e-02
2.440559999999999952e-02
2.585109999999999839e-02
2.756909999999999916e-02
2.963440000000000171e-02
2.919930000000000095e-02
2.505790000000000101e-02
2.054289999999999936e-02
2.349209999999999840e-02
3.175940000000000013e-02
3.916019999999999918e-02
4.525740000000000318e-02
5.072739999999999888e-02
4.732039999999999857e-02
3.344289999999999763e-02
1.787129999999999969e-02
6.286850000000000077e-03
9.953580000000000066e-03
1.886149999999999979e-02
2.225459999999999938e-02
2.394359999999999891e-02
2.645700000000000135e-02
2.303380000000000011e-02
1.168909999999999914e-02
-9.415299999999999928e-04
-1.204649999999999992e-02
-2.219300000000000092e-02
-2.904040000000000094e-02
-2.888009999999999883e-02
-2.581110000000000002e-02
-2.408470000000000055e-02
-2.350290000000000018e-02
-2.294480000000000131e-02
-2.280539999999999998e-02
-2.368469999999999950e-02
-2.589959999999999832e-02
-2.905390000000000056e-02
-3.813129999999999992e-02
-4.241799999999999737e-02
-3.467689999999999662e-02
-2.335610000000000117e-02
-1.436400000000000003e-02
-9.140119999999999842e-03
-1.130409999999999922e-02
-1.817519999999999900e-02
-2.437260000000000121e-02
-2.962290000000000062e-02
-3.506240000000000051e-02
-4.041759999999999797e-02
-4.070610000000000200e-02
-3.674199999999999688e-02
-3.292609999999999981e-02
-3.005719999999999920e-02
-2.653940000000000118e-02
-1.778439999999999882e-02
-6.495990000000000097e-03
-4.564849999999999637e-03
-1.020309999999999967e-02
-1.499170000000000016e-02
-1.753669999999999882e-02
-1.718079999999999954e-02
-1.518659999999999975e-02
-1.336880000000000013e-02
-1.158870000000000039e-02
-7.859770000000000298e-03
-2.794280000000000114e-03
9.804469999999999592e-04
8.363910000000000225e-04
-4.833050000000000193e-03
-1.335060000000000066e-02
-1.511499999999999996e-02
-8.658759999999999721e-03
-9.919469999999999676e-04
5.082090000000000045e-03
1.045199999999999949e-02
1.179370000000000071e-02
7.984170000000000503e-03
3.059130000000000182e-03
-1.103830000000000089e-03
-4.598670000000000015e-03
-4.313130000000000089e-03
2.320640000000000116e-03
1.123649999999999996e-02
1.787019999999999928e-02
1.244349999999999970e-02
-1.280380000000000016e-03
-1.255739999999999981e-02
-1.168109999999999982e-02
-4.764209999999999626e-03
-1.882149999999999969e-03
-1.390229999999999895e-03
-3.499369999999999803e-04
6.881460000000000484e-04
-1.169219999999999895e-03
-4.912009999999999640e-03
-3.765600000000000024e-03
2.944500000000000069e-03
2.325670000000000168e-03
-3.477109999999999836e-03
-2.862470000000000205e-03
3.034300000000000191e-03
8.051380000000000342e-03
1.113749999999999983e-02
1.133939999999999948e-02
1.146879999999999948e-02
1.444029999999999966e-02
1.867749999999999966e-02
2.224249999999999838e-02
2.396140000000000075e-02
2.430830000000000143e-02
2.449569999999999872e-02
2.327670000000000086e-02
1.952289999999999928e-02
1.486990000000000013e-02
1.313360000000000048e-02
1.736930000000000071e-02
2.461069999999999924e-02
3.065040000000000125e-02
3.152209999999999734e-02
2.180980000000000071e-02
6.660980000000000373e-03
-5.736289999999999792e-03
-3.668559999999999963e-03
7.908019999999999980e-03
1.518639999999999921e-02
1.607079999999999967e-02
1.620119999999999894e-02
2.116099999999999925e-02
2.844129999999999922e-02
3.255269999999999692e-02
3.043449999999999975e-02
2.577930000000000152e-02
2.210689999999999877e-02
1.889920000000000141e-02
1.528760000000000015e-02
1.014370000000000029e-02
1.800189999999999907e-03
-8.183170000000000027e-03
-1.741339999999999902e-02
-2.369210000000000066e-02
-2.597280000000000075e-02
-2.566519999999999913e-02
-2.282390000000000113e-02
-1.855909999999999851e-02
-1.448100000000000082e-02
-1.073840000000000038e-02
-6.994199999999999896e-03
-3.415969999999999944e-03
-2.478189999999999907e-03
-5.633560000000000130e-03
-9.982750000000000304e-03
-9.904939999999999231e-03
-3.510290000000000112e-03
4.820620000000000287e-03
1.199290000000000078e-02
1.785240000000000091e-02
2.214719999999999883e-02
2.541730000000000031e-02
2.853030000000000149e-02
2.989640000000000006e-02
2.715930000000000080e-02
2.345480000000000134e-02
2.327219999999999983e-02
2.511520000000000072e-02
2.642200000000000104e-02
2.680919999999999831e-02
2.684689999999999993e-02
2.684069999999999859e-02
2.640119999999999967e-02
1.972720000000000029e-02
5.178209999999999931e-03
-8.197299999999999379e-03
-1.189250000000000029e-02
-1.052920000000000071e-02
-1.013310000000000079e-02
-6.239749999999999637e-03
2.825230000000000189e-03
1.234859999999999951e-02
1.523990000000000067e-02
4.355720000000000425e-03
-1.346490000000000013e-02
-2.914560000000000067e-02
-3.697509999999999686e-02
-3.025370000000000142e-02
-1.590400000000000147e-02
-3.508170000000000125e-03
1.620829999999999970e-03
-5.155189999999999599e-03
-1.749430000000000082e-02
-2.858799999999999883e-02
-3.844199999999999701e-02
-4.773100000000000259e-02
-4.624299999999999938e-02
-3.367959999999999704e-02
-1.992479999999999946e-02
-8.639990000000000170e-03
-1.745419999999999914e-03
-3.982710000000000417e-03
-1.136799999999999963e-02
-1.350289999999999997e-02
-3.584480000000000131e-03
1.211109999999999964e-02
2.492489999999999983e-02
2.476899999999999935e-02
9.576249999999999693e-03
-9.470670000000000477e-03
-2.605029999999999846e-02
-3.842240000000000238e-02
-4.586450000000000249e-02
-4.240189999999999931e-02
-2.556900000000000145e-02
-8.820420000000000690e-03
-6.915519999999999654e-03
-1.308939999999999930e-02
-1.614029999999999979e-02
-1.458979999999999999e-02
-1.249480000000000035e-02
-1.153749999999999915e-02
-1.061070000000000069e-02
-8.767399999999999846e-03
-5.773979999999999738e-03
-2.883450000000000076e-03
-6.943060000000000030e-03
-2.007540000000000019e-02
-3.534020000000000217e-02
-4.430749999999999966e-02
-4.527960000000000318e-02
-4.375500000000000222e-02
-4.043009999999999660e-02
-3.006549999999999848e-02
-1.520350000000000000e-02
-1.229499999999999907e-03
1.135479999999999996e-02
2.396200000000000066e-02
3.576549999999999868e-02
3.446049999999999808e-02
1.553069999999999971e-02
-8.168820000000000248e-03
-2.556680000000000064e-02
-3.331350000000000283e-02
-3.679980000000000057e-02
-3.450190000000000201e-02
-2.582009999999999861e-02
-1.585200000000000151e-02
-6.990780000000000258e-03
1.339930000000000027e-03
9.882600000000000065e-03
1.681950000000000112e-02
1.593560000000000115e-02
9.752379999999999730e-03
7.342659999999999985e-03
8.934459999999999971e-03
6.887420000000000000e-03
-4.465509999999999792e-03
-1.501609999999999924e-02
-1.126940000000000060e-02
6.221059999999999828e-04
9.767120000000000662e-03
8.268249999999999558e-03
-3.719500000000000150e-03
-1.105809999999999953e-02
-7.091700000000000260e-03
2.163319999999999881e-04
5.190430000000000217e-03
9.402840000000000850e-03
1.430000000000000021e-02
1.851620000000000002e-02
1.955449999999999897e-02
1.885430000000000092e-02
1.849179999999999921e-02
1.806699999999999973e-02
1.174829999999999972e-02
7.307890000000000046e-03
1.370670000000000048e-02
2.479330000000000075e-02
3.391620000000000051e-02
3.872840000000000310e-02
4.164720000000000227e-02
4.514549999999999813e-02
4.884410000000000140e-02
5.216130000000000072e-02
5.496000000000000191e-02
5.255619999999999736e-02
3.294430000000000275e-02
-2.249109999999999911e-03
-2.305050000000000154e-02
-1.641230000000000119e-02
-1.631749999999999954e-03
8.168129999999999141e-03
1.297620000000000023e-02
1.289079999999999913e-02
3.565800000000000046e-03
-1.178509999999999974e-02
-2.679930000000000159e-02
-4.016619999999999913e-02
-4.985950000000000104e-02
-5.075969999999999788e-02
-4.913920000000000093e-02
-5.231260000000000077e-02
-5.771330000000000210e-02
-6.204110000000000180e-02
-6.554110000000000491e-02
-6.924950000000000550e-02
-7.179359999999999908e-02
-7.243879999999999764e-02
-7.227920000000000178e-02
-7.241290000000000227e-02
-7.254940000000000000e-02
-6.956700000000000383e-02
-5.002750000000000252e-02
-1.927279999999999965e-02
4.925320000000000392e-03
1.948379999999999904e-02
3.050349999999999936e-02
4.032449999999999923e-02
4.811170000000000030e-02
5.007169999999999677e-02
4.478340000000000098e-02
3.750339999999999924e-02
3.202979999999999716e-02
2.858820000000000111e-02
2.187149999999999858e-02
1.013050000000000062e-02
1.937379999999999940e-04
-1.820110000000000000e-03
-1.487930000000000101e-04
2.394169999999999881e-04
-3.053070000000000176e-03
-9.750230000000000355e-03
-1.684959999999999930e-02
-1.730370000000000172e-02
-5.486569999999999642e-03
1.202720000000000004e-02
2.773590000000000083e-02
4.204739999999999867e-02
5.658309999999999729e-02
7.025030000000000163e-02
6.885020000000000029e-02
5.006889999999999952e-02
2.780410000000000173e-02
1.265720000000000039e-02
5.753529999999999756e-03
-1.772970000000000015e-03
-1.066089999999999920e-02
-5.705390000000000288e-03
1.024699999999999916e-02
2.433659999999999990e-02
3.135160000000000030e-02
3.552720000000000183e-02
4.064310000000000145e-02
4.135060000000000124e-02
3.140479999999999661e-02
1.622399999999999884e-02
3.550559999999999914e-03
-2.752720000000000167e-03
-5.849919999999999773e-03
-9.519079999999999209e-03
-1.016560000000000033e-02
-3.302890000000000166e-03
7.348010000000000305e-03
1.682109999999999855e-02
2.500300000000000092e-02
2.992529999999999843e-02
2.800290000000000071e-02
2.236729999999999968e-02
1.745659999999999920e-02
1.236149999999999922e-02
3.664080000000000115e-03
-7.402859999999999822e-03
-1.780839999999999854e-02
-2.735819999999999919e-02
-3.681510000000000338e-02
-4.623510000000000120e-02
-5.366030000000000105e-02
-5.732319999999999777e-02
-5.907020000000000326e-02
-6.117029999999999690e-02
-6.355339999999999601e-02
-6.571409999999999751e-02
-6.832799999999999985e-02
-7.240470000000000239e-02
-7.724380000000000135e-02
-8.163120000000000098e-02
-8.391550000000000398e-02
-8.254390000000000338e-02
-7.888069999999999804e-02
-6.660950000000000204e-02
-3.583879999999999705e-02
2.924649999999999993e-03
2.368260000000000157e-02
2.342270000000000116e-02
1.708180000000000115e-02
9.454709999999999850e-03
-2.604460000000000065e-04
-1.089399999999999917e-02
-1.918939999999999882e-02
-1.545629999999999921e-02
-3.405500000000000107e-03
7.391240000000000310e-03
1.525819999999999954e-02
1.939199999999999952e-02
2.188640000000000030e-02
2.781259999999999982e-02
4.098600000000000160e-02
5.730299999999999977e-02
7.236660000000000315e-02
8.641770000000000007e-02
1.004840000000000039e-01
1.140680000000000027e-01
1.211959999999999982e-01
1.204530000000000045e-01
1.127599999999999991e-01
9.913610000000000477e-02
8.405029999999999446e-02
6.979040000000000243e-02
5.629060000000000313e-02
4.656969999999999860e-02
5.132420000000000038e-02
6.210770000000000179e-02
5.747590000000000338e-02
4.151239999999999791e-02
2.773640000000000133e-02
1.929190000000000071e-02
1.924150000000000166e-02
2.397010000000000113e-02
2.789000000000000160e-02
2.778479999999999839e-02
2.503319999999999851e-02
2.317189999999999875e-02
2.249690000000000023e-02
2.185549999999999993e-02
2.141039999999999957e-02
2.317479999999999887e-02
2.654489999999999975e-02
2.945419999999999983e-02
2.819179999999999950e-02
1.272329999999999989e-02
-1.195689999999999947e-02
-3.497979999999999839e-02
-5.507560000000000233e-02
-6.667499999999999816e-02
-6.100930000000000242e-02
-4.889380000000000115e-02
-5.036290000000000211e-02
-5.823890000000000317e-02
-6.121830000000000327e-02
-6.141019999999999812e-02
-6.284499999999999809e-02
-6.539920000000000455e-02
-6.987419999999999742e-02
-7.657920000000000005e-02
-8.371810000000000362e-02
-8.794430000000000303e-02
-8.679810000000000303e-02
-8.299479999999999358e-02
-7.991059999999999830e-02
-7.741030000000000133e-02
-7.631480000000000208e-02
-7.681409999999999627e-02
-7.797179999999999389e-02
-7.852960000000000496e-02
-7.429389999999999605e-02
-5.103680000000000022e-02
-1.538690000000000023e-02
1.675139999999999962e-02
3.001159999999999939e-02
3.412310000000000343e-02
4.603379999999999972e-02
6.255539999999999712e-02
7.716649999999999898e-02
8.939110000000000111e-02
9.840000000000000135e-02
1.033840000000000037e-01
1.073589999999999961e-01
1.098220000000000030e-01
9.600459999999999550e-02
6.901680000000000315e-02
4.333800000000000152e-02
2.162439999999999848e-02
1.036300000000000068e-02
6.538020000000000290e-03
4.632490000000000392e-03
9.306580000000000061e-03
1.947820000000000107e-02
2.929539999999999922e-02
3.736989999999999756e-02
3.827660000000000090e-02
2.745179999999999843e-02
1.145479999999999936e-02
-2.906820000000000064e-03
-1.600369999999999918e-02
-2.929330000000000128e-02
-4.266690000000000066e-02
-5.242639999999999800e-02
-4.969670000000000337e-02
-3.935129999999999878e-02
-3.806459999999999705e-02
-4.470249999999999918e-02
-5.056030000000000246e-02
-5.410569999999999963e-02
-5.799630000000000063e-02
-6.253830000000000500e-02
-6.501949999999999397e-02
-5.967990000000000100e-02
-4.942939999999999834e-02
-4.003040000000000070e-02
-3.189039999999999930e-02
-2.394740000000000063e-02
-2.000539999999999957e-02
-2.156670000000000115e-02
-2.463129999999999833e-02
-2.690239999999999992e-02
-2.874689999999999884e-02
-2.941469999999999849e-02
-2.405130000000000115e-02
-1.443550000000000041e-02
-5.486060000000000068e-03
2.362180000000000182e-03
1.023929999999999979e-02
1.832920000000000035e-02
2.572369999999999865e-02
2.726169999999999982e-02
2.432159999999999878e-02
2.451079999999999925e-02
2.895179999999999976e-02
3.409079999999999749e-02
3.767419999999999797e-02
3.434960000000000097e-02
2.408920000000000158e-02
1.304499999999999930e-02
3.255960000000000017e-03
-6.160989999999999869e-03
-1.591350000000000056e-02
-2.536240000000000022e-02
-3.443910000000000027e-02
-4.318879999999999941e-02
-5.129489999999999744e-02
-5.257060000000000205e-02
-4.828559999999999797e-02
-4.415399999999999880e-02
-4.179440000000000238e-02
-4.664429999999999965e-02
-5.588780000000000137e-02
-5.089939999999999742e-02
-2.750669999999999851e-02
-2.217139999999999985e-04
2.099300000000000124e-02
3.088580000000000145e-02
3.167770000000000308e-02
2.383949999999999958e-02
1.098249999999999921e-02
-1.025890000000000005e-03
-9.307519999999999682e-03
-1.239810000000000044e-02
-1.342819999999999951e-02
-1.214939999999999944e-02
-6.586459999999999711e-03
1.294070000000000029e-03
8.547980000000000161e-03
1.480959999999999915e-02
1.469840000000000035e-02
7.985100000000000184e-03
7.494910000000000244e-04
3.991340000000000339e-03
1.892490000000000144e-02
3.626320000000000238e-02
5.125640000000000057e-02
6.425210000000000643e-02
7.377980000000000649e-02
8.084570000000000645e-02
8.766690000000000593e-02
9.467240000000000377e-02
1.013639999999999958e-01
1.060109999999999941e-01
9.835610000000000186e-02
8.166610000000000535e-02
6.604870000000000185e-02
5.265720000000000123e-02
3.922409999999999786e-02
2.517990000000000159e-02
1.161000000000000053e-02
-2.738950000000000195e-04
8.297299999999999858e-04
1.248559999999999948e-02
2.357389999999999833e-02
3.246190000000000186e-02
4.135919999999999874e-02
5.025380000000000125e-02
4.929940000000000017e-02
4.006200000000000039e-02
3.165690000000000170e-02
3.179150000000000031e-02
3.734620000000000301e-02
4.197900000000000242e-02
4.512490000000000251e-02
4.443339999999999790e-02
3.806430000000000230e-02
2.943940000000000098e-02
2.359489999999999851e-02
2.406519999999999840e-02
2.784839999999999885e-02
3.050100000000000033e-02
2.830819999999999864e-02
1.397939999999999947e-02
-7.084009999999999960e-03
-2.163959999999999842e-02
-2.510889999999999997e-02
-2.472589999999999857e-02
-2.660840000000000080e-02
-3.054700000000000124e-02
-3.462069999999999731e-02
-3.783199999999999757e-02
-3.843219999999999970e-02
-3.423679999999999779e-02
-2.809400000000000092e-02
-2.486379999999999840e-02
-2.945170000000000080e-02
-3.796549999999999925e-02
-4.284829999999999889e-02
-3.875170000000000003e-02
-3.014340000000000075e-02
-2.345610000000000056e-02
-2.610029999999999989e-02
-3.536090000000000066e-02
-4.379340000000000316e-02
-5.076760000000000300e-02
-5.788820000000000077e-02
-6.555210000000000203e-02
-7.248659999999999826e-02
-7.473319999999999963e-02
-6.880039999999999767e-02
-5.939699999999999841e-02
-5.117590000000000333e-02
-4.593730000000000036e-02
-4.427779999999999910e-02
-4.407169999999999838e-02
-4.140089999999999743e-02
-3.470899999999999680e-02
-2.714139999999999955e-02
-2.754819999999999838e-02
-3.438129999999999659e-02
-4.067429999999999657e-02
-4.542759999999999854e-02
-5.025140000000000162e-02
-5.413119999999999737e-02
-5.329260000000000247e-02
-4.943499999999999978e-02
-4.606330000000000147e-02
-4.280450000000000227e-02
-3.056690000000000101e-02
-3.296229999999999820e-03
1.578840000000000104e-02
1.735890000000000002e-02
1.855359999999999995e-02
1.987869999999999915e-02
1.598810000000000162e-02
7.544069999999999943e-03
-1.732660000000000016e-03
-9.943000000000000449e-03
-1.743269999999999889e-02
-1.923849999999999866e-02
-1.598839999999999983e-02
-1.274549999999999988e-02
-1.105319999999999914e-02
-1.386929999999999934e-02
-1.970569999999999961e-02
-2.517209999999999934e-02
-2.968120000000000133e-02
-3.097280000000000172e-02
-2.878930000000000031e-02
-2.595640000000000100e-02
-2.345629999999999937e-02
-1.902150000000000021e-02
-1.208140000000000082e-02
-4.737049999999999594e-03
2.178900000000000108e-03
8.694159999999999389e-03
1.317830000000000043e-02
1.099439999999999966e-02
4.713969999999999619e-03
-7.248130000000000414e-04
-1.652810000000000000e-03
1.036679999999999893e-03
2.992289999999999880e-03
1.295860000000000024e-03
-2.222790000000000096e-03
-4.790280000000000059e-03
-2.698310000000000205e-03
5.670180000000000359e-03
1.614820000000000144e-02
2.548409999999999911e-02
3.216150000000000259e-02
3.668160000000000170e-02
4.030229999999999924e-02
3.806679999999999786e-02
2.898070000000000160e-02
1.854300000000000045e-02
9.705230000000000454e-03
5.471829999999999576e-03
7.217000000000000325e-03
1.126639999999999933e-02
1.457849999999999945e-02
1.746440000000000145e-02
2.079479999999999870e-02
2.695140000000000036e-02
3.564749999999999863e-02
4.209910000000000041e-02
4.173090000000000133e-02
3.780730000000000202e-02
3.477159999999999973e-02
3.247619999999999674e-02
2.995039999999999855e-02
2.808609999999999926e-02
2.809249999999999942e-02
2.983589999999999853e-02
3.294539999999999969e-02
3.640789999999999998e-02
3.971310000000000118e-02
4.286650000000000182e-02
4.533539999999999792e-02
4.202829999999999760e-02
3.432579999999999659e-02
2.704140000000000016e-02
2.117209999999999925e-02
1.914599999999999982e-02
2.189170000000000005e-02
2.470670000000000158e-02
2.553710000000000008e-02
2.615920000000000051e-02
2.730520000000000169e-02
2.835709999999999967e-02
2.672849999999999879e-02
2.132830000000000142e-02
1.465089999999999969e-02
8.813390000000000807e-03
4.916359999999999827e-03
3.321329999999999942e-03
2.617570000000000053e-03
1.806029999999999918e-03
5.345179999999999940e-04
-4.645230000000000192e-03
-1.605080000000000048e-02
-2.970100000000000171e-02
-4.171930000000000083e-02
-4.514730000000000132e-02
-3.643040000000000167e-02
-2.450750000000000151e-02
-2.549329999999999999e-02
-3.609110000000000096e-02
-4.502289999999999764e-02
-5.160619999999999791e-02
-5.855640000000000150e-02
-6.570170000000000177e-02
-6.315769999999999718e-02
-4.980740000000000167e-02
-3.443070000000000158e-02
-2.118010000000000032e-02
-9.151180000000000078e-03
-4.175129999999999987e-03
-6.664360000000000249e-03
-1.008339999999999931e-02
-9.440910000000000274e-03
-1.747559999999999999e-03
9.062970000000000054e-03
1.884469999999999895e-02
2.781080000000000010e-02
3.705549999999999816e-02
4.511600000000000332e-02
3.736380000000000257e-02
1.505510000000000008e-02
1.806300000000000050e-03
1.726560000000000030e-03
2.933929999999999958e-03
1.063380000000000054e-03
-8.946909999999999759e-04
-1.303930000000000020e-03
6.523829999999999777e-04
3.759429999999999803e-03
6.554860000000000027e-03
9.098600000000000090e-03
1.168839999999999983e-02
1.437669999999999920e-02
1.577249999999999833e-02
6.185350000000000049e-03
-1.109440000000000079e-02
-2.086740000000000123e-02
-2.354190000000000102e-02
-2.673990000000000047e-02
-3.165950000000000014e-02
-3.453459999999999863e-02
-3.382799999999999696e-02
-2.930239999999999928e-02
-2.096570000000000031e-02
-1.112469999999999952e-02
-1.856079999999999969e-03
6.963859999999999668e-03
1.575489999999999877e-02
2.425400000000000125e-02
2.966900000000000093e-02
3.060509999999999967e-02
2.913139999999999827e-02
2.111160000000000120e-02
6.303089999999999908e-03
-9.252849999999999964e-03
-2.258570000000000022e-02
-2.680969999999999881e-02
-2.478040000000000104e-02
-2.327040000000000011e-02
-2.249519999999999992e-02
-1.690159999999999926e-02
-7.258129999999999790e-03
1.915569999999999903e-03
9.902950000000000641e-03
1.772750000000000020e-02
2.450890000000000013e-02
2.972790000000000155e-02
3.289709999999999857e-02
3.623300000000000132e-02
4.069450000000000151e-02
4.394370000000000220e-02
4.380909999999999666e-02
4.194319999999999993e-02
4.059159999999999852e-02
3.917260000000000186e-02
3.287020000000000219e-02
2.183150000000000021e-02
1.055520000000000069e-02
3.969269999999999895e-04
-9.111009999999999248e-03
-1.447370000000000080e-02
-1.536069999999999970e-02
-1.668120000000000019e-02
-2.004759999999999875e-02
-2.128110000000000071e-02
-1.754239999999999966e-02
-1.204769999999999973e-02
-7.408739999999999597e-03
-3.490399999999999840e-03
-1.675910000000000073e-03
-2.960120000000000112e-03
-5.359250000000000298e-03
-8.790900000000000797e-03
-1.935260000000000105e-02
-3.484419999999999878e-02
-4.399200000000000332e-02
-4.279829999999999746e-02
-3.787940000000000057e-02
-3.321919999999999734e-02
-3.047940000000000024e-02
-3.166159999999999808e-02
-3.586000000000000298e-02
-4.088089999999999780e-02
-4.525239999999999818e-02
-4.954680000000000195e-02
-5.384830000000000172e-02
-5.722859999999999753e-02
-5.019459999999999894e-02
-3.517359999999999931e-02
-2.107890000000000111e-02
-9.530109999999999623e-03
1.434380000000000073e-03
1.272530000000000015e-02
2.370890000000000150e-02
3.412670000000000287e-02
4.425389999999999879e-02
5.394569999999999921e-02
5.978209999999999774e-02
6.041520000000000223e-02
5.943009999999999959e-02
5.910239999999999938e-02
5.911890000000000200e-02
5.849959999999999882e-02
5.502309999999999840e-02
4.611029999999999990e-02
3.477929999999999910e-02
2.615879999999999941e-02
2.815480000000000066e-02
3.710610000000000297e-02
4.498169999999999946e-02
5.096459999999999879e-02
5.247919999999999668e-02
5.036270000000000330e-02
4.803480000000000250e-02
4.628209999999999963e-02
4.446320000000000133e-02
4.242139999999999800e-02
4.085600000000000342e-02
3.996399999999999952e-02
3.926860000000000073e-02
3.851659999999999806e-02
3.752260000000000317e-02
3.362459999999999755e-02
2.577049999999999827e-02
1.679920000000000024e-02
8.564209999999999184e-03
1.090239999999999916e-03
-1.930110000000000072e-03
1.261500000000000035e-03
6.467920000000000266e-03
1.065840000000000017e-02
1.360579999999999949e-02
1.529759999999999974e-02
1.598019999999999996e-02
1.238099999999999964e-02
5.015999999999999626e-03
-2.340249999999999882e-03
-8.863189999999999957e-03
-1.522270000000000047e-02
-2.115370000000000097e-02
-2.347749999999999837e-02
-2.313509999999999872e-02
-2.297549999999999940e-02
-2.339499999999999913e-02
-2.411049999999999999e-02
-2.542339999999999878e-02
-2.715839999999999921e-02
-2.885489999999999930e-02
-3.033939999999999901e-02
-3.069360000000000144e-02
-3.004770000000000010e-02
-2.941310000000000105e-02
-2.946270000000000139e-02
-3.062269999999999923e-02
-3.223960000000000020e-02
-3.349459999999999937e-02
-3.194609999999999811e-02
-2.802229999999999999e-02
-2.417659999999999948e-02
-2.088169999999999957e-02
-1.758229999999999862e-02
-1.412489999999999926e-02
-1.098520000000000052e-02
-1.092949999999999998e-02
-1.496830000000000035e-02
-1.972770000000000079e-02
-2.112119999999999970e-02
-2.026400000000000076e-02
-1.989049999999999846e-02
-1.995830000000000173e-02
-1.927459999999999937e-02
-1.752899999999999944e-02
-1.564400000000000165e-02
-1.397580000000000003e-02
-1.240239999999999919e-02
-1.079959999999999948e-02
-1.001299999999999933e-02
-1.085470000000000011e-02
-1.252510000000000082e-02
-1.395929999999999914e-02
-1.509470000000000083e-02
-1.434859999999999955e-02
-9.776810000000000361e-03
-3.244420000000000030e-03
2.475709999999999890e-03
4.504570000000000275e-03
-1.743039999999999900e-04
-7.678889999999999848e-03
-1.002130000000000035e-02
-2.586450000000000120e-03
8.701010000000000341e-03
1.499570000000000070e-02
1.303679999999999943e-02
8.210890000000000202e-03
5.770329999999999730e-03
6.061160000000000332e-03
6.934240000000000369e-03
7.273570000000000035e-03
7.547960000000000259e-03
8.103950000000000389e-03
8.672779999999999725e-03
9.094720000000000582e-03
9.663200000000000262e-03
1.223220000000000036e-02
1.657439999999999955e-02
2.046720000000000136e-02
1.894150000000000000e-02
1.288270000000000040e-02
6.951190000000000320e-03
1.993330000000000189e-03
-2.572710000000000188e-03
-3.113599999999999788e-03
-4.665970000000000187e-04
-3.240520000000000206e-03
-1.088169999999999936e-02
-1.802010000000000070e-02
-2.375800000000000134e-02
-2.944480000000000014e-02
-3.368739999999999929e-02
-3.389820000000000333e-02
-3.186760000000000287e-02
-3.042709999999999859e-02
-3.076979999999999993e-02
-3.205079999999999735e-02
-3.286859999999999782e-02
-3.235219999999999763e-02
-3.114690000000000167e-02
-3.013419999999999987e-02
-2.920390000000000139e-02
-2.827640000000000015e-02
-2.773209999999999911e-02
-2.998699999999999977e-02
-3.303869999999999724e-02
-3.283799999999999913e-02
-3.063609999999999944e-02
-2.903089999999999837e-02
-2.889550000000000105e-02
-2.937160000000000118e-02
-2.878069999999999934e-02
-2.617999999999999841e-02
-2.291620000000000115e-02
-2.154669999999999849e-02
-2.255029999999999882e-02
-2.414219999999999908e-02
-2.490550000000000055e-02
-2.313170000000000157e-02
-1.970190000000000136e-02
-1.656039999999999943e-02
-1.442919999999999967e-02
-1.371170000000000028e-02
-1.345629999999999916e-02
-1.116750000000000034e-02
-6.072870000000000178e-03
-2.108610000000000128e-04
5.109670000000000184e-03
1.003270000000000030e-02
1.353339999999999925e-02
1.375859999999999930e-02
1.222930000000000024e-02
1.081589999999999982e-02
9.366720000000000254e-03
7.545149999999999600e-03
5.803309999999999892e-03
6.099919999999999995e-03
1.038530000000000009e-02
1.654879999999999893e-02
2.216629999999999989e-02
2.719260000000000080e-02
3.088729999999999948e-02
3.163370000000000071e-02
3.071520000000000153e-02
3.004400000000000126e-02
2.967799999999999952e-02
2.928319999999999881e-02
2.983119999999999869e-02
3.140180000000000055e-02
3.295010000000000300e-02
3.429499999999999910e-02
3.548069999999999696e-02
3.466210000000000124e-02
2.941269999999999996e-02
2.192730000000000026e-02
1.528829999999999946e-02
1.196700000000000021e-02
1.177390000000000034e-02
1.235559999999999957e-02
1.430979999999999926e-02
1.786149999999999891e-02
2.154340000000000074e-02
2.337610000000000035e-02
2.176590000000000122e-02
1.857160000000000061e-02
1.574400000000000105e-02
1.335159999999999993e-02
1.162280000000000084e-02
1.144049999999999928e-02
1.209439999999999994e-02
1.184600000000000063e-02
1.056239999999999957e-02
1.054609999999999922e-02
1.209389999999999944e-02
1.359420000000000073e-02
1.313970000000000068e-02
1.080249999999999960e-02
8.193040000000000392e-03
5.908250000000000307e-03
3.819400000000000139e-03
3.031199999999999953e-03
2.543450000000000051e-03
-6.686030000000000087e-05
-3.165020000000000160e-03
-4.838369999999999824e-03
-5.846289999999999647e-03
-6.915860000000000236e-03
-5.360389999999999600e-03
2.382060000000000080e-03
1.319269999999999991e-02
2.305619999999999892e-02
3.081710000000000005e-02
3.277639999999999720e-02
2.564599999999999866e-02
1.450670000000000084e-02
4.560129999999999913e-03
-4.239009999999999653e-03
-1.044989999999999981e-02
-1.058599999999999992e-02
-7.236020000000000126e-03
-4.475709999999999932e-03
-2.425099999999999912e-03
-1.821380000000000102e-04
2.338020000000000116e-03
4.690360000000000189e-03
6.872070000000000088e-03
8.983220000000000094e-03
1.101970000000000033e-02
1.292639999999999935e-02
1.476769999999999992e-02
1.663560000000000039e-02
1.948319999999999913e-02
2.331520000000000120e-02
2.503369999999999901e-02
2.360320000000000126e-02
2.135089999999999905e-02
1.932760000000000034e-02
1.416339999999999960e-02
6.072830000000000415e-03
-1.800259999999999925e-03
-8.680389999999999634e-03
-1.242120000000000030e-02
-1.106900000000000071e-02
-7.340679999999999601e-03
-4.225200000000000136e-03
-1.677960000000000042e-03
-5.135810000000000418e-04
-1.882130000000000088e-03
-4.568029999999999834e-03
-6.942730000000000255e-03
-8.889189999999999939e-03
-8.942349999999999952e-03
-6.835579999999999955e-03
-6.039580000000000122e-03
-7.550979999999999671e-03
-1.035179999999999954e-02
-1.280380000000000060e-02
-1.486280000000000066e-02
-1.635160000000000086e-02
-1.740780000000000105e-02
-1.839970000000000147e-02
-1.915479999999999960e-02
-1.893399999999999944e-02
-1.808620000000000019e-02
-1.738110000000000002e-02
-1.669529999999999972e-02
-1.463000000000000064e-02
-1.085359999999999971e-02
-6.803730000000000021e-03
-3.612080000000000152e-03
-2.563800000000000193e-03
-2.736720000000000211e-03
-2.875239999999999827e-03
-4.430410000000000077e-03
-7.437199999999999714e-03
-1.040130000000000048e-02
-1.298099999999999948e-02
-1.536509999999999959e-02
-1.734329999999999899e-02
-1.733929999999999846e-02
-1.591930000000000081e-02
-1.462330000000000053e-02
-1.417900000000000063e-02
-1.460419999999999947e-02
-1.528299999999999971e-02
-1.576359999999999914e-02
-1.614950000000000066e-02
-1.588849999999999985e-02
-1.449379999999999939e-02
-1.260200000000000035e-02
-1.094599999999999913e-02
-9.975980000000000611e-03
-9.628650000000000750e-03
-8.180140000000000675e-03
-5.014020000000000109e-03
-1.619690000000000019e-03
-7.306629999999999939e-04
-2.573339999999999916e-03
-4.753819999999999747e-03
-3.757439999999999912e-03
-5.131800000000000164e-04
2.297009999999999937e-03
4.517720000000000243e-03
6.777949999999999600e-03
8.985359999999999528e-03
8.715330000000000299e-03
6.415279999999999767e-03
4.262649999999999773e-03
2.607229999999999877e-03
1.060350000000000051e-03
4.378979999999999873e-04
1.726389999999999956e-03
3.837329999999999908e-03
5.677269999999999886e-03
7.212790000000000173e-03
8.310859999999999775e-03
8.076740000000000655e-03
7.002770000000000175e-03
6.050579999999999847e-03
5.312260000000000072e-03
4.550260000000000415e-03
3.786760000000000126e-03
3.075420000000000150e-03
2.439939999999999817e-03
1.873679999999999964e-03
2.002690000000000112e-03
3.357370000000000146e-03
5.269209999999999866e-03
6.941140000000000157e-03
8.378379999999999508e-03
9.760649999999999188e-03
1.075590000000000053e-02
1.059380000000000044e-02
9.763539999999999372e-03
9.053220000000000711e-03
8.500749999999999626e-03
7.924169999999999478e-03
7.307130000000000222e-03
6.797400000000000317e-03
7.149169999999999831e-03
8.150499999999999759e-03
9.047919999999999227e-03
9.743510000000000365e-03
1.038129999999999956e-02
1.092760000000000085e-02
1.130199999999999955e-02
1.218310000000000053e-02
1.369470000000000062e-02
1.521909999999999930e-02
1.648029999999999981e-02
1.757320000000000063e-02
1.858740000000000045e-02
1.945090000000000013e-02
1.988370000000000068e-02
1.991820000000000049e-02
1.945859999999999951e-02
1.778860000000000163e-02
1.543360000000000044e-02
1.323539999999999960e-02
1.128990000000000028e-02
9.415939999999999380e-03
7.545020000000000372e-03
5.843130000000000199e-03
5.012080000000000354e-03
5.015799999999999946e-03
5.083230000000000214e-03
4.947240000000000318e-03
4.775800000000000184e-03
4.643750000000000308e-03
4.464380000000000431e-03
4.171710000000000348e-03
3.641919999999999880e-03
2.945150000000000112e-03
2.219239999999999928e-03
1.516999999999999902e-03
7.897479999999999474e-04
6.203379999999999550e-05
-6.430640000000000488e-04
-1.359069999999999983e-03
-2.389780000000000203e-03
-3.880579999999999793e-03
-5.445639999999999856e-03
-6.829909999999999801e-03
-8.055390000000000814e-03
-9.083169999999999786e-03
-9.695840000000000708e-03
-1.005649999999999947e-02
-1.055369999999999919e-02
-1.221150000000000013e-02
-1.455730000000000045e-02
-1.649020000000000000e-02
-1.797500000000000139e-02
-1.923899999999999916e-02
-2.030200000000000060e-02
-2.100559999999999927e-02
-2.141569999999999932e-02
-2.164970000000000089e-02
-2.174299999999999844e-02
-2.166859999999999967e-02
-2.139059999999999920e-02
-2.050700000000000092e-02
-1.919579999999999897e-02
-1.791459999999999927e-02
-1.672670000000000060e-02
-1.555349999999999962e-02
-1.438009999999999983e-02
-1.324059999999999994e-02
-1.214110000000000016e-02
-1.106760000000000035e-02
-1.002489999999999978e-02
-9.005700000000000163e-03
-7.871990000000000584e-03
-6.530209999999999834e-03
-5.179429999999999625e-03
-3.998569999999999902e-03
-2.975579999999999805e-03
-2.173369999999999989e-03
-1.578600000000000099e-03
-1.059629999999999990e-03
-5.613900000000000444e-04
-9.745730000000000625e-05
3.544469999999999761e-04
8.657779999999999903e-04
1.374140000000000040e-03
1.796209999999999907e-03
2.135699999999999925e-03
2.419859999999999806e-03
2.653350000000000066e-03
2.833239999999999890e-03
2.965909999999999987e-03
3.054620000000000078e-03
3.054429999999999906e-03
2.980979999999999828e-03
2.904540000000000160e-03
2.848639999999999940e-03
2.801740000000000046e-03
2.755669999999999994e-03
2.702360000000000005e-03
2.646610000000000195e-03
2.604229999999999913e-03
2.597050000000000053e-03
2.613299999999999824e-03
2.622569999999999849e-03
2.618479999999999853e-03
2.606040000000000006e-03
2.581560000000000105e-03
2.544279999999999892e-03
2.506580000000000006e-03
2.474450000000000000e-03
2.446049999999999960e-03
2.420119999999999997e-03
2.398500000000000024e-03
2.376259999999999831e-03
2.349289999999999972e-03
2.318170000000000040e-03
2.284270000000000137e-03
2.247250000000000116e-03
2.208250000000000143e-03
2.168419999999999896e-03
2.127710000000000105e-03
2.085850000000000204e-03
2.042899999999999838e-03
1.998859999999999873e-03
1.953449999999999805e-03
1.906509999999999932e-03
1.858410000000000010e-03
1.809279999999999916e-03
1.758980000000000049e-03
1.707490000000000093e-03
1.654869999999999909e-03
1.601170000000000067e-03
1.546400000000000075e-03
