-3.079149999999999818e-05
-2.820060000000000101e-04
-7.902000000000000170e-04
-9.659879999999999812e-04
-8.951439999999999527e-04
-8.620830000000000333e-04
-7.677050000000000367e-04
-5.716850000000000534e-04
-2.950359999999999853e-04
-6.071750000000000270e-05
1.495970000000000112e-04
2.335969999999999930e-04
-9.528960000000000327e-05
-4.383759999999999784e-04
-3.453280000000000249e-05
7.785370000000000441e-04
3.358580000000000224e-04
-1.706330000000000043e-03
-3.317430000000000118e-03
-4.406799999999999780e-03
-6.371400000000000154e-03
-7.942960000000000645e-03
-9.042440000000000547e-03
-7.976590000000000416e-03
-6.636640000000000074e-04
5.952409999999999993e-03
6.127419999999999742e-03
6.250000000000000347e-03
5.845539999999999764e-03
9.102719999999999475e-04
-4.534080000000000228e-03
-4.585279999999999738e-03
-3.337820000000000240e-04
1.683720000000000095e-03
1.964200000000000147e-03
8.121930000000000078e-04
4.160160000000000095e-04
6.542229999999999573e-03
1.097489999999999924e-02
8.468299999999999786e-03
5.950630000000000155e-03
6.915400000000000366e-03
9.954489999999999866e-03
1.255509999999999959e-02
1.332309999999999918e-02
6.323500000000000128e-03
-8.176509999999999681e-03
-1.609680000000000138e-02
-1.614070000000000088e-02
-1.414149999999999956e-02
-1.193879999999999941e-02
-1.547040000000000047e-02
-2.010549999999999837e-02
-1.599570000000000158e-02
-7.249939999999999857e-03
-1.771769999999999986e-03
2.325960000000000180e-03
1.520670000000000008e-03
-8.216740000000000155e-03
-1.159780000000000012e-02
-2.021189999999999966e-03
3.670549999999999854e-03
1.073359999999999983e-03
-1.144040000000000031e-03
-2.452820000000000087e-03
3.423160000000000178e-03
1.675779999999999978e-02
2.829939999999999886e-02
3.075670000000000140e-02
1.270809999999999995e-02
-1.202980000000000022e-02
-1.417999999999999990e-02
-1.022949999999999901e-03
8.791389999999999622e-03
1.838209999999999844e-02
2.782549999999999954e-02
2.484540000000000012e-02
7.457639999999999755e-03
-5.426870000000000305e-03
-8.169529999999999501e-03
-7.880039999999999614e-03
-2.252389999999999948e-03
2.147360000000000067e-03
-3.808590000000000152e-03
-1.674329999999999916e-02
-2.704849999999999963e-02
-3.071569999999999856e-02
-2.773050000000000168e-02
-1.818660000000000068e-02
-8.675510000000000860e-03
-5.782299999999999766e-03
-8.404460000000000749e-03
-1.292970000000000057e-02
-1.048729999999999975e-02
2.354750000000000072e-03
1.012159999999999969e-02
1.113689999999999992e-02
1.796060000000000018e-02
2.217080000000000092e-02
1.651280000000000109e-02
1.264110000000000060e-02
1.236029999999999941e-02
9.015350000000000100e-03
4.106560000000000418e-03
6.467369999999999846e-04
-1.475610000000000029e-03
-2.240429999999999852e-03
-9.093960000000000325e-04
1.252239999999999950e-03
2.892979999999999857e-03
1.805900000000000040e-03
-1.039149999999999970e-03
-1.519289999999999963e-03
1.194430000000000014e-04
-3.320819999999999827e-04
-8.651010000000000644e-03
-1.866860000000000047e-02
-1.536790000000000031e-02
-4.013240000000000383e-03
1.172759999999999905e-03
1.636029999999999906e-03
-5.020909999999999956e-03
-1.660089999999999830e-02
-1.429479999999999987e-02
-7.870349999999999482e-04
1.131360000000000005e-02
1.893680000000000016e-02
1.938590000000000105e-02
1.920639999999999847e-02
1.990830000000000030e-02
2.059969999999999857e-02
2.392050000000000079e-02
2.569410000000000097e-02
2.562149999999999844e-02
2.734870000000000009e-02
2.834100000000000161e-02
1.853840000000000002e-02
3.438849999999999806e-03
-1.875549999999999917e-03
-5.457680000000000343e-03
-9.113660000000000858e-03
-4.877430000000000307e-03
-7.422220000000000206e-03
-2.431289999999999840e-02
-3.843370000000000120e-02
-3.631360000000000143e-02
-2.043479999999999949e-02
-5.632019999999999735e-03
-2.400779999999999928e-03
-7.400939999999999949e-03
-1.226419999999999941e-02
-1.107720000000000059e-02
-4.104009999999999950e-03
3.075490000000000168e-03
4.359430000000000076e-03
4.605510000000000159e-03
5.533869999999999761e-03
4.303979999999999785e-03
6.045670000000000384e-03
8.810470000000000801e-03
7.041000000000000383e-03
2.059430000000000115e-03
-1.556709999999999995e-03
-3.119310000000000138e-03
-4.731220000000000390e-03
-2.476729999999999904e-03
4.600080000000000315e-03
1.087070000000000050e-02
1.791469999999999868e-02
2.038830000000000156e-02
7.402559999999999869e-03
-8.921770000000000742e-03
-1.601599999999999899e-02
-1.464470000000000008e-02
-9.530459999999999279e-03
-9.062950000000000172e-03
-9.424220000000000513e-03
-6.983149999999999601e-03
-5.548759999999999803e-03
-4.704569999999999932e-03
-5.763859999999999990e-03
-8.091610000000000816e-03
-9.113430000000000489e-03
-1.124359999999999943e-02
-1.428540000000000018e-02
-1.620359999999999856e-02
-1.589089999999999947e-02
-1.019399999999999994e-02
-3.493340000000000160e-03
-8.791289999999999782e-04
-3.126569999999999957e-03
-1.284549999999999928e-02
-2.212160000000000168e-02
-2.124030000000000015e-02
-1.905259999999999940e-02
-2.370929999999999913e-02
-2.539620000000000072e-02
-1.767699999999999827e-02
-1.028190000000000007e-02
-7.787800000000000104e-03
-8.403729999999999881e-03
-1.699789999999999981e-02
-3.170420000000000182e-02
-4.357849999999999918e-02
-4.688749999999999862e-02
-4.068619999999999876e-02
-2.841449999999999879e-02
-1.083330000000000057e-02
-1.245650000000000110e-04
-5.101950000000000061e-03
-5.841149999999999815e-03
4.774699999999999778e-03
2.356029999999999930e-02
4.617870000000000308e-02
5.962390000000000051e-02
6.334239999999999315e-02
6.408400000000000207e-02
6.803729999999999500e-02
7.504829999999999834e-02
8.399089999999999334e-02
9.207129999999999481e-02
9.391860000000000486e-02
7.974739999999999607e-02
5.063419999999999727e-02
3.367939999999999823e-02
2.570760000000000059e-02
1.876270000000000021e-02
3.196390000000000342e-02
5.066790000000000183e-02
5.729189999999999977e-02
6.039069999999999855e-02
5.726309999999999734e-02
4.604950000000000015e-02
3.500709999999999933e-02
2.460220000000000115e-02
1.655649999999999830e-02
1.044579999999999988e-02
9.440059999999999467e-04
-1.655799999999999980e-02
-3.960169999999999663e-02
-5.679139999999999883e-02
-6.869949999999999668e-02
-8.058229999999999560e-02
-9.129110000000000003e-02
-9.727890000000000148e-02
-1.018619999999999942e-01
-1.065190000000000026e-01
-9.867380000000000595e-02
-8.282100000000000573e-02
-6.736129999999999896e-02
-4.543300000000000116e-02
-2.665050000000000058e-02
-2.001160000000000092e-02
-1.213149999999999992e-02
-2.638870000000000191e-03
-8.232629999999999462e-03
-1.929130000000000081e-02
-2.169789999999999913e-02
-2.681439999999999865e-02
-3.262879999999999947e-02
-2.811680000000000082e-02
-2.281669999999999879e-02
-2.099039999999999934e-02
-1.427329999999999918e-02
-7.151809999999999765e-03
-3.658569999999999878e-03
-5.682010000000000359e-03
-1.990499999999999908e-02
-3.478040000000000298e-02
-3.769240000000000090e-02
-3.292450000000000238e-02
-2.693579999999999933e-02
-2.349729999999999874e-02
-2.312809999999999866e-02
-2.633040000000000033e-02
-3.130170000000000174e-02
-3.109260000000000149e-02
-2.249659999999999854e-02
-1.008309999999999935e-02
5.940700000000000147e-03
2.639460000000000070e-02
4.077970000000000206e-02
4.707050000000000123e-02
5.361219999999999875e-02
5.876540000000000236e-02
6.153129999999999711e-02
6.690640000000000476e-02
7.299319999999999420e-02
6.680450000000000277e-02
4.771449999999999997e-02
3.438619999999999871e-02
2.538369999999999863e-02
1.124920000000000087e-02
-2.519270000000000103e-03
-1.234239999999999990e-02
-1.905789999999999915e-02
-2.643569999999999948e-02
-3.635809999999999736e-02
-4.185740000000000294e-02
-3.251470000000000055e-02
-1.433670000000000083e-02
-1.569660000000000066e-03
4.909270000000000300e-03
6.723169999999999667e-03
1.868560000000000013e-03
-6.538409999999999708e-03
-1.070879999999999922e-02
-4.705349999999999637e-03
9.414109999999999839e-03
2.769599999999999840e-02
4.211580000000000185e-02
4.648490000000000261e-02
4.718370000000000203e-02
4.097590000000000260e-02
3.175410000000000038e-02
2.782350000000000101e-02
2.569830000000000031e-02
2.694850000000000023e-02
2.809489999999999904e-02
2.644410000000000163e-02
2.418510000000000104e-02
2.147090000000000110e-02
1.933920000000000083e-02
1.648650000000000115e-02
1.198379999999999931e-02
9.072530000000000525e-03
1.437620000000000044e-02
2.493249999999999980e-02
3.638419999999999849e-02
5.037330000000000280e-02
5.757570000000000049e-02
6.145869999999999805e-02
6.670700000000000240e-02
6.453739999999999477e-02
6.222679999999999878e-02
6.339140000000000053e-02
6.645589999999999831e-02
7.494919999999999360e-02
8.144899999999999363e-02
8.517460000000000309e-02
8.801050000000000539e-02
8.167770000000000585e-02
7.178519999999999346e-02
6.561440000000000328e-02
5.783080000000000165e-02
4.937230000000000091e-02
3.762530000000000041e-02
1.597629999999999884e-02
-5.477890000000000016e-03
-1.744340000000000127e-02
-2.794380000000000128e-02
-4.287490000000000051e-02
-4.598309999999999897e-02
-3.282090000000000007e-02
-2.596609999999999890e-02
-2.323180000000000037e-02
-1.271519999999999942e-02
-4.890460000000000119e-03
-2.912790000000000171e-03
-2.692550000000000152e-03
-6.572380000000000062e-03
-1.272009999999999981e-02
-1.994699999999999945e-02
-2.522749999999999992e-02
-2.345420000000000144e-02
-2.183739999999999987e-02
-2.319830000000000156e-02
-2.563769999999999938e-02
-3.372470000000000329e-02
-4.507459999999999939e-02
-5.496700000000000197e-02
-6.214320000000000260e-02
-6.662540000000000129e-02
-6.576569999999999638e-02
-6.115980000000000028e-02
-6.114839999999999859e-02
-6.203079999999999705e-02
-6.341019999999999990e-02
-7.002350000000000241e-02
-7.566259999999999653e-02
-7.950550000000000672e-02
-8.452600000000000391e-02
-8.956540000000000334e-02
-9.531209999999999682e-02
-1.003330000000000055e-01
-1.029110000000000025e-01
-1.035620000000000013e-01
-1.008550000000000002e-01
-9.791539999999999966e-02
-9.773260000000000280e-02
-9.628340000000000509e-02
-9.132160000000000277e-02
-8.526559999999999695e-02
-7.898479999999999390e-02
-7.035360000000000225e-02
-6.480039999999999412e-02
-6.409189999999999332e-02
-6.155680000000000179e-02
-6.042700000000000154e-02
-6.204319999999999974e-02
-5.923950000000000049e-02
-5.244710000000000344e-02
-4.776360000000000328e-02
-4.426379999999999898e-02
-3.906910000000000244e-02
-3.364430000000000198e-02
-2.831660000000000080e-02
-2.294780000000000084e-02
-1.828770000000000048e-02
-9.847699999999999163e-03
4.370390000000000039e-03
1.590110000000000134e-02
2.439850000000000005e-02
3.461909999999999987e-02
4.366249999999999992e-02
5.120269999999999683e-02
5.627490000000000270e-02
5.874979999999999786e-02
6.289839999999999320e-02
6.785149999999999515e-02
7.316050000000000331e-02
7.926890000000000325e-02
8.530780000000000307e-02
9.498209999999999986e-02
1.035630000000000023e-01
1.044380000000000031e-01
1.063100000000000017e-01
1.123569999999999985e-01
1.169869999999999938e-01
1.214299999999999963e-01
1.276200000000000112e-01
1.332150000000000001e-01
1.366900000000000059e-01
1.407509999999999872e-01
1.445220000000000116e-01
1.414499999999999924e-01
1.357349999999999945e-01
1.317220000000000057e-01
1.234640000000000043e-01
1.136240000000000028e-01
1.044100000000000028e-01
9.030019999999999714e-02
7.748510000000000120e-02
7.590589999999999837e-02
7.512019999999999809e-02
6.347450000000000314e-02
4.860459999999999781e-02
3.351400000000000212e-02
1.432259999999999957e-02
-3.651650000000000208e-03
-2.048180000000000139e-02
-4.202680000000000304e-02
-6.293160000000000420e-02
-7.449849999999999528e-02
-8.352650000000000352e-02
-9.618480000000000085e-02
-9.607849999999999724e-02
-8.465670000000000139e-02
-8.404899999999999871e-02
-8.733899999999999997e-02
-8.392249999999999710e-02
-8.080329999999999457e-02
-7.534480000000000344e-02
-6.583360000000000600e-02
-5.785760000000000208e-02
-4.944199999999999984e-02
-4.326130000000000253e-02
-4.212779999999999997e-02
-3.970019999999999799e-02
-3.829889999999999683e-02
-4.045599999999999891e-02
-3.987029999999999741e-02
-3.372420000000000279e-02
-2.676330000000000028e-02
-2.294550000000000062e-02
-1.929209999999999953e-02
-1.546439999999999967e-02
-1.354069999999999926e-02
-1.432029999999999935e-02
-1.728829999999999950e-02
-1.941999999999999976e-02
-1.991800000000000168e-02
-1.957510000000000153e-02
-1.966760000000000036e-02
-2.023830000000000073e-02
-2.178099999999999828e-02
-2.516279999999999906e-02
-2.905220000000000025e-02
-3.392030000000000045e-02
-3.874570000000000097e-02
-4.187540000000000012e-02
-4.421139999999999792e-02
-4.570140000000000313e-02
-4.349059999999999732e-02
-3.776150000000000340e-02
-3.162260000000000071e-02
-2.339110000000000147e-02
-1.453519999999999986e-02
-7.474409999999999908e-03
-6.734030000000000441e-04
5.414350000000000065e-03
1.103930000000000015e-02
1.600439999999999849e-02
1.848030000000000159e-02
1.960299999999999890e-02
2.000690000000000107e-02
1.806790000000000132e-02
1.684460000000000124e-02
2.124670000000000031e-02
2.858700000000000130e-02
3.450040000000000051e-02
3.833179999999999921e-02
3.973390000000000255e-02
4.070080000000000225e-02
3.777980000000000227e-02
2.964939999999999937e-02
2.165730000000000086e-02
1.229670000000000069e-02
1.665709999999999934e-03
-7.766180000000000132e-03
-1.625920000000000143e-02
-2.349570000000000131e-02
-2.692390000000000061e-02
-2.219010000000000080e-02
-1.507720000000000067e-02
-1.166020000000000077e-02
-5.003210000000000122e-03
4.789449999999999784e-03
1.272700000000000047e-02
2.096819999999999934e-02
2.830869999999999914e-02
3.083150000000000127e-02
3.210450000000000109e-02
3.604369999999999796e-02
3.934819999999999984e-02
4.078760000000000024e-02
4.174900000000000139e-02
3.816730000000000123e-02
2.942670000000000008e-02
2.057959999999999998e-02
1.066450000000000037e-02
-3.178219999999999938e-04
-8.134719999999999798e-03
-1.277299999999999963e-02
-1.508319999999999973e-02
-1.457660000000000032e-02
-1.441070000000000025e-02
-1.646469999999999878e-02
-1.886940000000000145e-02
-2.106289999999999898e-02
-1.965499999999999886e-02
-1.275049999999999968e-02
-2.859050000000000133e-03
5.322859999999999571e-03
8.103350000000000483e-03
7.565289999999999689e-03
1.253709999999999894e-03
-6.177049999999999902e-03
-3.897279999999999928e-03
4.548110000000000173e-03
1.178170000000000085e-02
2.211449999999999874e-02
4.159709999999999797e-02
5.103339999999999960e-02
4.656339999999999785e-02
4.874320000000000042e-02
4.831749999999999934e-02
4.033330000000000248e-02
3.701709999999999723e-02
3.823130000000000278e-02
3.861089999999999661e-02
3.604310000000000153e-02
3.301860000000000211e-02
3.074920000000000084e-02
2.806370000000000045e-02
2.708879999999999968e-02
2.939960000000000143e-02
2.964939999999999937e-02
2.121019999999999850e-02
8.287269999999999359e-03
-9.337629999999999975e-04
-1.012779999999999930e-02
-1.538780000000000009e-02
-1.297949999999999972e-02
-1.462480000000000030e-02
-1.785849999999999937e-02
-1.956400000000000153e-02
-2.707369999999999916e-02
-3.591939999999999716e-02
-4.116179999999999839e-02
-4.436110000000000053e-02
-4.702470000000000261e-02
-5.078060000000000213e-02
-5.266309999999999741e-02
-4.984790000000000054e-02
-4.682940000000000019e-02
-4.674520000000000064e-02
-4.617170000000000302e-02
-4.430200000000000110e-02
-4.337619999999999670e-02
-4.283170000000000033e-02
-4.175979999999999970e-02
-3.926899999999999835e-02
-3.489830000000000015e-02
-3.051080000000000111e-02
-2.750259999999999858e-02
-2.520170000000000049e-02
-2.536800000000000166e-02
-2.890969999999999998e-02
-3.247270000000000018e-02
-3.180299999999999794e-02
-2.404519999999999921e-02
-1.647490000000000065e-02
-1.258759999999999914e-02
-9.573069999999999496e-03
-1.319239999999999996e-02
-1.956309999999999993e-02
-2.268749999999999933e-02
-2.442350000000000076e-02
-2.073349999999999846e-02
-1.497799999999999999e-02
-1.004230000000000053e-02
8.230530000000000224e-04
1.311170000000000044e-02
1.974599999999999966e-02
2.309980000000000019e-02
2.637880000000000086e-02
2.996429999999999927e-02
3.257199999999999679e-02
3.454469999999999763e-02
3.643670000000000242e-02
3.743139999999999662e-02
3.690399999999999930e-02
3.523799999999999849e-02
3.410570000000000268e-02
3.257020000000000054e-02
3.024769999999999889e-02
3.131640000000000118e-02
3.506669999999999926e-02
3.639909999999999674e-02
3.625649999999999706e-02
3.673189999999999789e-02
3.615510000000000251e-02
3.472410000000000080e-02
3.408920000000000006e-02
3.386850000000000277e-02
3.340139999999999776e-02
3.324850000000000028e-02
3.223809999999999870e-02
2.688919999999999852e-02
1.924129999999999938e-02
1.275929999999999946e-02
4.506010000000000397e-03
-5.635620000000000039e-03
-1.452769999999999929e-02
-2.206349999999999978e-02
-2.877000000000000043e-02
-3.438820000000000071e-02
-3.867489999999999817e-02
-4.142950000000000105e-02
-4.170360000000000039e-02
-4.081950000000000162e-02
-4.147229999999999667e-02
-4.252620000000000011e-02
-4.282550000000000245e-02
-4.314609999999999973e-02
-4.359110000000000068e-02
-4.440360000000000140e-02
-4.191120000000000262e-02
-3.444090000000000346e-02
-2.502880000000000035e-02
-1.619680000000000078e-02
-1.394480000000000025e-02
-1.380040000000000086e-02
-8.474119999999999917e-03
-3.792590000000000197e-03
-8.999470000000000082e-04
3.702609999999999842e-03
7.523799999999999759e-03
8.787120000000000694e-03
1.037809999999999948e-02
1.224760000000000085e-02
1.256840000000000040e-02
1.304929999999999979e-02
1.409720000000000070e-02
1.466950000000000025e-02
1.503129999999999918e-02
1.538269999999999915e-02
1.569600000000000162e-02
1.581650000000000070e-02
1.568400000000000002e-02
1.710870000000000099e-02
2.068350000000000050e-02
2.270420000000000077e-02
2.293919999999999987e-02
2.520849999999999827e-02
2.919450000000000170e-02
3.262450000000000072e-02
3.545979999999999965e-02
3.769279999999999853e-02
3.764739999999999753e-02
3.356669999999999793e-02
2.791650000000000034e-02
2.363320000000000004e-02
1.834699999999999873e-02
1.137640000000000005e-02
6.297239999999999956e-03
3.008439999999999812e-03
-1.504520000000000076e-03
-5.723699999999999968e-03
-8.453799999999999162e-03
-1.231349999999999979e-02
-1.783250000000000113e-02
-2.026060000000000014e-02
-1.430979999999999926e-02
-7.635750000000000176e-03
-7.789110000000000131e-03
-8.937499999999999264e-03
-1.053319999999999951e-02
-1.577249999999999833e-02
-2.164169999999999983e-02
-2.431499999999999981e-02
-2.612640000000000101e-02
-2.737020000000000078e-02
-2.343670000000000128e-02
-1.845779999999999990e-02
-1.434030000000000027e-02
-7.373039999999999976e-03
-1.928349999999999899e-03
-1.007429999999999914e-03
-1.430230000000000000e-03
-2.741630000000000109e-03
-1.968310000000000025e-03
2.951189999999999803e-03
6.067959999999999847e-03
6.777820000000000372e-03
8.537539999999999712e-03
8.035749999999999491e-03
5.354819999999999719e-03
4.618200000000000256e-03
5.093730000000000306e-03
5.968260000000000405e-03
6.327359999999999755e-03
3.161230000000000116e-03
-1.641349999999999970e-03
-2.943900000000000163e-03
-3.394050000000000018e-03
-7.121500000000000226e-03
-1.037500000000000054e-02
-1.043380000000000002e-02
-1.034629999999999925e-02
-8.555770000000000736e-03
-2.422810000000000068e-03
2.686190000000000192e-03
6.229590000000000127e-03
1.264520000000000054e-02
1.986720000000000153e-02
2.338410000000000141e-02
2.419040000000000079e-02
2.622530000000000000e-02
2.866849999999999954e-02
2.681690000000000115e-02
2.154779999999999890e-02
1.831419999999999923e-02
1.454189999999999997e-02
7.486409999999999766e-03
4.936069999999999651e-04
-3.546300000000000060e-03
-3.392479999999999801e-03
-3.616460000000000161e-03
-6.246169999999999674e-03
-7.381180000000000206e-03
-9.310590000000000532e-03
-1.525890000000000059e-02
-1.971399999999999889e-02
-2.124749999999999903e-02
-2.094729999999999856e-02
-1.513800000000000041e-02
-6.651970000000000105e-03
-1.433180000000000044e-03
-7.725190000000000485e-04
-2.094359999999999972e-03
-4.220609999999999640e-03
-5.160009999999999597e-03
-3.790239999999999842e-03
-3.359879999999999985e-03
-4.069500000000000201e-03
-6.422930000000000306e-03
-1.051490000000000063e-02
-1.338899999999999986e-02
-1.516430000000000035e-02
-1.460640000000000029e-02
-1.188089999999999979e-02
-1.105019999999999961e-02
-1.026759999999999999e-02
-9.967510000000000606e-03
-1.346649999999999930e-02
-1.734979999999999856e-02
-1.909459999999999977e-02
-1.716410000000000158e-02
-1.270489999999999987e-02
-1.033240000000000026e-02
-8.777230000000000448e-03
-7.059759999999999994e-03
-5.245579999999999687e-03
-1.622479999999999929e-03
2.871649999999999897e-03
6.917760000000000228e-03
9.326249999999999471e-03
9.549049999999999899e-03
8.417130000000000098e-03
7.266400000000000116e-03
6.354590000000000238e-03
4.456800000000000345e-03
1.978000000000000157e-03
6.112850000000000401e-04
2.018369999999999800e-03
4.537039999999999997e-03
5.132959999999999780e-03
5.831140000000000281e-03
7.023640000000000265e-03
4.602649999999999797e-03
-3.694190000000000082e-04
-5.471980000000000420e-03
-1.040540000000000041e-02
-1.279309999999999996e-02
-1.439009999999999942e-02
-1.617259999999999878e-02
-1.646890000000000159e-02
-1.728959999999999872e-02
-1.884740000000000026e-02
-1.993179999999999952e-02
-2.057749999999999857e-02
-2.104479999999999892e-02
-2.179120000000000015e-02
-2.354619999999999977e-02
-2.406279999999999877e-02
-1.750890000000000085e-02
-4.563310000000000109e-03
7.425059999999999820e-03
1.400410000000000023e-02
1.617760000000000031e-02
1.891069999999999904e-02
2.292869999999999978e-02
2.496150000000000105e-02
2.631119999999999987e-02
2.772360000000000102e-02
2.856890000000000124e-02
2.807880000000000098e-02
2.516030000000000003e-02
2.219820000000000126e-02
1.858999999999999889e-02
1.306129999999999965e-02
9.122720000000000828e-03
7.049389999999999996e-03
5.604350000000000130e-03
6.683510000000000145e-03
8.865200000000000163e-03
9.899470000000000491e-03
1.123999999999999999e-02
1.319539999999999949e-02
1.498870000000000063e-02
1.633799999999999836e-02
1.697390000000000010e-02
1.752700000000000091e-02
1.729510000000000075e-02
1.534620000000000081e-02
1.501629999999999979e-02
1.886509999999999923e-02
2.489629999999999968e-02
2.999529999999999905e-02
3.129819999999999824e-02
3.164469999999999783e-02
3.308549999999999686e-02
3.113950000000000051e-02
2.634239999999999846e-02
2.086429999999999882e-02
1.601419999999999927e-02
1.286179999999999962e-02
8.827619999999999564e-03
4.526429999999999690e-03
7.634000000000000161e-04
-5.763520000000000275e-03
-9.894009999999999957e-03
-7.134370000000000121e-03
-5.720829999999999665e-03
-8.503600000000000048e-03
-1.598279999999999840e-02
-2.502769999999999995e-02
-2.820939999999999906e-02
-2.789650000000000116e-02
-2.594279999999999850e-02
-2.525109999999999855e-02
-2.844350000000000003e-02
-3.104430000000000037e-02
-3.121499999999999969e-02
-3.041659999999999850e-02
-2.997319999999999846e-02
-2.900700000000000153e-02
-2.262360000000000065e-02
-1.557769999999999988e-02
-1.574189999999999964e-02
-1.556279999999999990e-02
-1.304849999999999934e-02
-1.553580000000000065e-02
-2.167730000000000004e-02
-2.823969999999999952e-02
-3.288610000000000144e-02
-3.433209999999999734e-02
-3.448579999999999701e-02
-3.229540000000000188e-02
-2.850199999999999956e-02
-2.400060000000000041e-02
-1.753839999999999913e-02
-1.104070000000000051e-02
-4.351650000000000310e-03
3.473490000000000084e-03
8.699419999999999376e-03
1.061870000000000001e-02
1.146310000000000037e-02
8.539939999999999337e-03
4.162469999999999712e-03
2.167849999999999812e-03
-5.611169999999999743e-04
-3.652780000000000003e-03
-3.584829999999999788e-03
-1.959590000000000203e-03
-8.250970000000000049e-04
2.598009999999999989e-03
6.891470000000000234e-03
9.202820000000000444e-03
1.215429999999999983e-02
1.573060000000000083e-02
1.781200000000000144e-02
2.039049999999999890e-02
2.201650000000000135e-02
1.792310000000000084e-02
1.324409999999999997e-02
1.346529999999999949e-02
1.710139999999999924e-02
2.103860000000000105e-02
2.214949999999999905e-02
2.335790000000000088e-02
2.592080000000000078e-02
2.573210000000000081e-02
2.355619999999999936e-02
2.367520000000000041e-02
2.626300000000000162e-02
2.806669999999999998e-02
2.854500000000000093e-02
2.981779999999999847e-02
3.169430000000000164e-02
2.978089999999999904e-02
2.308409999999999976e-02
1.638109999999999913e-02
9.684919999999999640e-03
2.779080000000000179e-03
-1.083540000000000024e-03
-3.596970000000000115e-03
-6.218519999999999950e-03
-7.412740000000000128e-03
-9.890869999999999523e-03
-1.378919999999999972e-02
-1.473789999999999996e-02
-1.673859999999999931e-02
-1.976839999999999847e-02
-1.728599999999999928e-02
-1.499110000000000026e-02
-1.707180000000000156e-02
-1.939219999999999833e-02
-1.928600000000000106e-02
-1.501450000000000007e-02
-1.039630000000000068e-02
-7.226770000000000416e-03
-3.234760000000000153e-03
-1.706580000000000076e-03
-3.271070000000000054e-03
-5.255949999999999685e-03
-7.820109999999999909e-03
-9.741049999999999362e-03
-7.577669999999999892e-03
-4.044269999999999983e-03
-3.967449999999999970e-03
-3.594910000000000206e-03
-2.955179999999999960e-03
-6.895010000000000028e-03
-1.441060000000000084e-02
-2.012239999999999862e-02
-1.938240000000000102e-02
-1.848719999999999877e-02
-2.198539999999999869e-02
-2.351519999999999999e-02
-2.272609999999999908e-02
-2.378860000000000002e-02
-2.179259999999999878e-02
-1.283270000000000070e-02
-6.982939999999999980e-03
-6.476720000000000046e-03
-5.320000000000000076e-03
-7.271500000000000186e-03
-1.430909999999999994e-02
-2.021830000000000155e-02
-1.985400000000000012e-02
-1.806409999999999960e-02
-1.827290000000000164e-02
-1.785250000000000031e-02
-1.734710000000000071e-02
-1.713090000000000099e-02
-1.642619999999999844e-02
-1.248289999999999990e-02
-5.261300000000000004e-03
1.658659999999999952e-03
8.702980000000000785e-03
1.437629999999999984e-02
1.831870000000000026e-02
2.340019999999999947e-02
2.849789999999999962e-02
3.404460000000000125e-02
4.007220000000000226e-02
4.471540000000000237e-02
4.811130000000000267e-02
4.951579999999999870e-02
4.752230000000000343e-02
4.286149999999999682e-02
3.870900000000000035e-02
3.543450000000000072e-02
3.156620000000000259e-02
2.769179999999999905e-02
2.381139999999999993e-02
1.974860000000000157e-02
1.572029999999999955e-02
1.229549999999999914e-02
1.029350000000000057e-02
9.268500000000000696e-03
9.932269999999999988e-03
1.145389999999999950e-02
1.136509999999999951e-02
1.069269999999999943e-02
7.511010000000000256e-03
-3.137530000000000028e-04
-9.114499999999999338e-03
-1.475399999999999975e-02
-1.683569999999999858e-02
-1.842999999999999847e-02
-2.008139999999999925e-02
-1.904979999999999868e-02
-1.568759999999999946e-02
-1.183110000000000064e-02
-6.740069999999999915e-03
-7.463559999999999943e-04
5.163029999999999876e-03
9.095789999999999431e-03
1.167540000000000071e-02
1.256630000000000073e-02
6.809639999999999617e-03
3.668680000000000118e-04
-1.686109999999999996e-03
-5.571170000000000289e-03
-1.200419999999999959e-02
-1.609469999999999998e-02
-1.688119999999999898e-02
-1.852799999999999933e-02
-2.182270000000000043e-02
-2.395339999999999969e-02
-2.534669999999999979e-02
-2.469489999999999880e-02
-2.137839999999999879e-02
-1.977579999999999963e-02
-1.941889999999999936e-02
-1.848680000000000115e-02
-1.933090000000000155e-02
-2.041530000000000081e-02
-1.774229999999999904e-02
-1.296309999999999997e-02
-1.116960000000000001e-02
-1.083079999999999980e-02
-8.982729999999999534e-03
-8.946539999999999354e-03
-1.061140000000000000e-02
-1.089870000000000075e-02
-9.671410000000000076e-03
-7.212900000000000388e-03
-5.333959999999999570e-03
-4.400799999999999851e-03
-2.750589999999999806e-03
-9.334799999999999869e-04
1.027590000000000101e-03
3.852579999999999980e-03
6.478480000000000003e-03
8.112499999999999920e-03
9.428370000000000153e-03
1.110470000000000033e-02
1.269930000000000017e-02
1.233790000000000060e-02
1.094720000000000068e-02
1.315969999999999987e-02
1.735319999999999918e-02
1.869929999999999856e-02
1.972580000000000167e-02
2.134449999999999889e-02
1.865110000000000032e-02
1.388110000000000038e-02
1.184639999999999999e-02
9.299059999999999618e-03
4.779229999999999763e-03
2.923819999999999935e-04
-3.723269999999999878e-03
-5.614740000000000009e-03
-6.678530000000000230e-03
-9.741990000000000718e-03
-1.625930000000000084e-02
-2.359740000000000101e-02
-2.533859999999999932e-02
-2.550159999999999927e-02
-2.829289999999999930e-02
-2.756470000000000101e-02
-2.066729999999999956e-02
-8.939370000000000302e-03
1.956400000000000066e-03
4.255850000000000258e-03
3.148839999999999972e-03
3.728949999999999973e-03
2.140019999999999856e-03
-8.100439999999999984e-04
-5.024869999999999857e-03
-8.684330000000000521e-03
-6.280879999999999970e-03
-1.731759999999999940e-03
8.697180000000000102e-04
3.244869999999999959e-03
5.192070000000000018e-03
7.108879999999999713e-03
8.889350000000000723e-03
1.077080000000000051e-02
1.480420000000000000e-02
1.898810000000000081e-02
2.121129999999999891e-02
2.290220000000000103e-02
2.262559999999999918e-02
2.046190000000000161e-02
2.039940000000000156e-02
2.194120000000000098e-02
2.303190000000000098e-02
2.058180000000000079e-02
1.160369999999999978e-02
1.926989999999999953e-03
-5.163479999999999806e-03
-1.272520000000000075e-02
-1.845360000000000056e-02
-2.096539999999999862e-02
-2.024899999999999964e-02
-1.726319999999999938e-02
-1.636869999999999992e-02
-1.592419999999999947e-02
-1.363699999999999982e-02
-1.090469999999999981e-02
-7.928829999999999559e-03
-4.578050000000000175e-03
-3.247069999999999796e-04
5.079710000000000301e-03
1.042990000000000063e-02
1.406909999999999931e-02
1.681119999999999837e-02
1.964399999999999827e-02
2.165049999999999961e-02
2.300330000000000083e-02
2.436769999999999908e-02
2.607690000000000008e-02
2.754380000000000023e-02
2.803900000000000142e-02
2.839540000000000119e-02
2.743050000000000002e-02
2.431519999999999862e-02
2.187040000000000164e-02
1.965920000000000167e-02
1.451299999999999986e-02
8.873680000000000109e-03
1.716620000000000082e-03
-7.957489999999999356e-03
-1.102370000000000086e-02
-1.043550000000000033e-02
-1.118790000000000062e-02
-9.017670000000000199e-03
-7.190359999999999807e-03
-6.872429999999999685e-03
-5.883809999999999735e-03
-4.781810000000000054e-03
-3.805830000000000064e-03
-4.052590000000000012e-03
-5.109759999999999650e-03
-6.821080000000000199e-03
-1.051110000000000065e-02
-1.454139999999999947e-02
-1.711210000000000162e-02
-1.847160000000000121e-02
-1.789769999999999903e-02
-1.516160000000000077e-02
-1.244860000000000064e-02
-9.448649999999999410e-03
-5.885740000000000416e-03
-4.175400000000000118e-03
-5.568290000000000045e-03
-9.527700000000000058e-03
-1.403010000000000021e-02
-1.697099999999999997e-02
-1.819020000000000012e-02
-2.032110000000000166e-02
-1.995629999999999973e-02
-1.487370000000000012e-02
-1.040660000000000023e-02
-2.502830000000000159e-03
9.288450000000000178e-03
1.561410000000000055e-02
2.026570000000000107e-02
2.648419999999999941e-02
2.427810000000000037e-02
1.748900000000000107e-02
1.629250000000000143e-02
1.458420000000000029e-02
1.033210000000000031e-02
8.244059999999999236e-03
6.252640000000000281e-03
3.053530000000000046e-03
-1.542450000000000114e-04
-1.951520000000000045e-04
4.624689999999999877e-03
7.459099999999999758e-03
7.073430000000000342e-03
8.790140000000000106e-03
9.111960000000000545e-03
6.339240000000000326e-03
5.510319999999999975e-03
6.664520000000000166e-03
7.116489999999999622e-03
7.282280000000000350e-03
5.672139999999999994e-03
6.745539999999999523e-04
-2.999449999999999859e-03
-4.002549999999999684e-03
-6.382340000000000235e-03
-1.015059999999999921e-02
-1.258629999999999992e-02
-1.317680000000000066e-02
-1.409340000000000072e-02
-1.599439999999999890e-02
-1.749119999999999842e-02
-1.843730000000000022e-02
-1.974530000000000035e-02
-2.002699999999999966e-02
-1.719110000000000082e-02
-1.376780000000000018e-02
-9.528319999999999845e-03
-4.261140000000000067e-03
-2.721279999999999966e-03
-1.812880000000000004e-03
-1.875389999999999946e-04
-1.494160000000000019e-03
-2.873329999999999895e-03
-4.402160000000000014e-04
5.807419999999999770e-03
1.062229999999999945e-02
1.295870000000000008e-02
1.626680000000000140e-02
1.908670000000000158e-02
2.049629999999999855e-02
2.120930000000000037e-02
2.128549999999999887e-02
2.089890000000000150e-02
1.938569999999999877e-02
1.558960000000000033e-02
1.196099999999999941e-02
1.299059999999999972e-02
1.571140000000000037e-02
1.566419999999999965e-02
1.464090000000000009e-02
1.213260000000000033e-02
7.309519999999999906e-03
3.720859999999999879e-03
4.100229999999999847e-03
6.125509999999999809e-03
6.653280000000000131e-03
6.146650000000000030e-03
1.639830000000000107e-03
-6.789189999999999635e-03
-1.266690000000000003e-02
-1.669469999999999982e-02
-2.065329999999999944e-02
-1.988759999999999833e-02
-1.681349999999999859e-02
-1.648799999999999918e-02
-1.732939999999999828e-02
-1.932659999999999934e-02
-2.134300000000000086e-02
-2.242620000000000030e-02
-2.421529999999999863e-02
-2.518099999999999852e-02
-2.498119999999999855e-02
-2.563599999999999907e-02
-2.573049999999999990e-02
-2.378229999999999927e-02
-2.204290000000000069e-02
-2.034980000000000122e-02
-1.713500000000000092e-02
-1.406149999999999935e-02
-1.128340000000000072e-02
-7.845990000000000603e-03
-4.515319999999999750e-03
-1.397320000000000072e-03
1.584499999999999971e-03
3.280610000000000210e-03
4.127940000000000081e-03
4.961010000000000073e-03
2.969139999999999887e-03
-2.470659999999999957e-03
-6.998429999999999929e-03
-9.648369999999999863e-03
-1.173120000000000065e-02
-1.020320000000000081e-02
-6.721549999999999747e-03
-6.465760000000000084e-03
-6.796889999999999876e-03
-5.258839999999999869e-03
-4.353300000000000052e-03
-5.303989999999999747e-03
-6.642119999999999622e-03
-7.251539999999999896e-03
-5.456019999999999794e-03
-8.132340000000000272e-04
2.586740000000000133e-03
4.704050000000000419e-03
8.213079999999999339e-03
1.167909999999999955e-02
1.368459999999999989e-02
1.504830000000000056e-02
1.670249999999999860e-02
1.781179999999999916e-02
1.822069999999999940e-02
1.879139999999999977e-02
1.931810000000000124e-02
1.967690000000000064e-02
2.005070000000000116e-02
2.019110000000000002e-02
2.030010000000000148e-02
1.948050000000000129e-02
1.449529999999999916e-02
8.348349999999999174e-03
4.334310000000000072e-03
1.098369999999999989e-04
2.025979999999999871e-04
3.583750000000000130e-03
3.327810000000000056e-03
2.465429999999999792e-03
2.621919999999999806e-03
2.292760000000000024e-03
3.077040000000000070e-03
4.976549999999999724e-03
6.320189999999999836e-03
7.816939999999999653e-03
1.058560000000000056e-02
1.053669999999999954e-02
4.633739999999999908e-03
-1.863709999999999976e-03
-4.622479999999999992e-03
-3.889230000000000031e-03
-2.681980000000000041e-03
-3.410059999999999914e-03
-4.231350000000000042e-03
-5.389439999999999682e-03
-7.152379999999999849e-03
-8.124920000000000753e-03
-9.364070000000000379e-03
-1.030509999999999933e-02
-8.731859999999999275e-03
-6.677630000000000371e-03
-4.658400000000000041e-03
3.783149999999999989e-04
6.180159999999999647e-03
1.032190000000000017e-02
1.322569999999999996e-02
1.462770000000000042e-02
1.411199999999999954e-02
1.176660000000000032e-02
9.973160000000000011e-03
9.010129999999999875e-03
6.784909999999999899e-03
1.591870000000000004e-03
-3.970510000000000012e-03
-7.220279999999999927e-03
-1.292729999999999921e-02
-1.723540000000000141e-02
-1.590569999999999831e-02
-1.523039999999999984e-02
-1.422159999999999917e-02
-9.806109999999999827e-03
-5.265439999999999704e-03
-3.904939999999999974e-03
-3.465339999999999913e-03
-1.985450000000000149e-03
-1.177920000000000052e-03
-6.323569999999999495e-04
8.443379999999999787e-05
1.492070000000000072e-03
4.046499999999999750e-03
6.220360000000000299e-03
8.664170000000000552e-03
1.181740000000000047e-02
1.386159999999999996e-02
1.332820000000000012e-02
9.273379999999999471e-03
4.984279999999999787e-03
2.178750000000000131e-03
-7.172399999999999566e-04
-2.344189999999999902e-03
-3.950509999999999959e-03
-4.838030000000000108e-03
-1.358969999999999926e-03
2.013549999999999802e-03
1.706990000000000026e-03
2.210909999999999959e-03
3.175299999999999824e-03
-4.350560000000000169e-04
-5.719459999999999995e-03
-9.069409999999999972e-03
-1.165680000000000015e-02
-1.349790000000000018e-02
-1.495920000000000062e-02
-1.424850000000000075e-02
-1.165730000000000065e-02
-1.085919999999999941e-02
-1.051720000000000085e-02
-9.126729999999999565e-03
-8.633989999999999373e-03
-9.573879999999999890e-03
-1.017870000000000059e-02
-1.202340000000000006e-02
-1.597989999999999827e-02
-1.615350000000000119e-02
-1.315359999999999967e-02
-1.259410000000000043e-02
-1.364330000000000057e-02
-1.599669999999999911e-02
-1.888319999999999929e-02
-1.714600000000000152e-02
-1.151450000000000043e-02
-8.416019999999999751e-03
-5.453529999999999836e-03
-9.034139999999999532e-04
8.584009999999999828e-05
4.648960000000000158e-04
1.626980000000000093e-03
2.400159999999999870e-04
-6.077850000000000093e-04
4.167800000000000150e-03
1.223699999999999961e-02
1.688889999999999836e-02
1.955830000000000068e-02
2.324309999999999918e-02
2.727490000000000123e-02
3.007809999999999997e-02
2.852630000000000096e-02
2.576039999999999927e-02
2.539910000000000084e-02
2.366760000000000044e-02
2.081699999999999870e-02
2.185339999999999852e-02
2.509050000000000169e-02
2.628060000000000118e-02
2.666059999999999958e-02
2.768359999999999918e-02
2.855020000000000127e-02
2.860330000000000164e-02
2.841219999999999857e-02
2.808329999999999854e-02
2.621860000000000163e-02
2.277550000000000061e-02
1.550810000000000036e-02
4.429449999999999707e-03
-4.562199999999999762e-03
-1.224219999999999996e-02
-2.111210000000000170e-02
-2.513050000000000006e-02
-2.477199999999999888e-02
-2.736759999999999887e-02
-3.170289999999999914e-02
-3.529680000000000317e-02
-3.909429999999999850e-02
-4.332230000000000109e-02
-4.591819999999999929e-02
-4.480270000000000086e-02
-4.371649999999999842e-02
-4.435139999999999916e-02
-4.417669999999999930e-02
-4.296740000000000281e-02
-3.930899999999999672e-02
-3.193220000000000086e-02
-2.215560000000000099e-02
-1.276459999999999921e-02
-6.012840000000000198e-03
-1.947979999999999981e-03
5.623979999999999778e-04
3.002819999999999795e-03
2.476209999999999956e-03
-5.492010000000000294e-04
-2.101909999999999803e-03
-4.959500000000000366e-03
-9.495079999999999493e-03
-1.376639999999999982e-02
-1.784969999999999959e-02
-1.965839999999999949e-02
-1.631290000000000170e-02
-9.779879999999999476e-03
-4.741440000000000411e-03
8.129879999999999485e-04
8.620100000000000331e-03
1.539890000000000009e-02
2.158770000000000133e-02
3.016519999999999965e-02
4.002700000000000008e-02
4.758369999999999961e-02
5.283539999999999764e-02
5.639729999999999743e-02
5.773149999999999810e-02
5.736220000000000208e-02
5.450390000000000096e-02
5.050749999999999684e-02
4.726609999999999839e-02
4.523569999999999675e-02
4.477420000000000011e-02
4.261519999999999891e-02
3.302979999999999805e-02
2.080689999999999970e-02
1.581930000000000142e-02
1.071010000000000018e-02
8.513499999999999584e-04
-4.741129999999999650e-03
-7.119649999999999937e-03
-1.152459999999999943e-02
-1.546600000000000058e-02
-1.725089999999999957e-02
-1.821400000000000102e-02
-1.681919999999999943e-02
-1.295209999999999938e-02
-1.038269999999999992e-02
-8.282609999999999278e-03
-4.642409999999999592e-03
-3.637080000000000000e-03
-6.593690000000000141e-03
-8.352389999999999468e-03
-8.581580000000000111e-03
-7.720310000000000193e-03
-4.389859999999999769e-03
-1.919169999999999991e-03
-3.892570000000000036e-04
3.117739999999999921e-03
7.176499999999999720e-03
8.768990000000000812e-03
8.983339999999999381e-03
8.648629999999999166e-03
5.993250000000000313e-03
1.717729999999999995e-03
-4.220080000000000185e-03
-9.894649999999999626e-03
-1.319580000000000058e-02
-1.786779999999999965e-02
-2.322590000000000071e-02
-2.557869999999999935e-02
-2.762440000000000034e-02
-3.091440000000000160e-02
-3.351219999999999893e-02
-3.455239999999999700e-02
-3.382299999999999890e-02
-3.185469999999999968e-02
-2.910580000000000112e-02
-2.578690000000000149e-02
-2.162899999999999892e-02
-1.694779999999999898e-02
-1.248340000000000040e-02
-8.479099999999999832e-03
-5.983190000000000210e-03
-4.373420000000000259e-03
-1.365019999999999992e-03
2.158649999999999805e-03
4.751739999999999957e-03
6.553660000000000214e-03
6.254599999999999917e-03
5.090250000000000156e-03
5.074750000000000268e-03
5.446440000000000309e-03
7.468419999999999920e-03
1.051550000000000054e-02
1.197310000000000041e-02
1.348369999999999951e-02
1.540760000000000046e-02
1.444819999999999958e-02
1.180239999999999935e-02
1.080910000000000031e-02
9.843839999999999535e-03
7.832479999999999304e-03
5.820620000000000308e-03
3.655960000000000199e-03
1.258529999999999892e-03
-1.263550000000000003e-03
-3.938589999999999626e-03
-4.830280000000000164e-03
-3.074560000000000053e-03
-2.130350000000000039e-03
-2.193619999999999858e-03
-1.312149999999999992e-03
-9.542020000000000233e-04
-1.205710000000000028e-03
-9.088320000000000426e-04
-6.517470000000000468e-04
-6.655689999999999697e-04
-5.513239999999999547e-04
-4.372210000000000072e-04
-2.834779999999999852e-04
1.328400000000000089e-04
5.729710000000000272e-04
8.755189999999999501e-04
1.260559999999999979e-03
1.759450000000000076e-03
1.894660000000000051e-03
1.374210000000000058e-03
8.258160000000000500e-04
4.991870000000000031e-04
-9.619039999999999980e-05
-1.247150000000000038e-03
-2.820850000000000180e-03
-5.643579999999999604e-03
-9.084810000000000454e-03
-8.829389999999999461e-03
-6.405990000000000295e-03
-6.344930000000000361e-03
-6.015330000000000156e-03
-6.225389999999999917e-03
-9.874630000000000560e-03
-1.367039999999999922e-02
-1.520119999999999978e-02
-1.320310000000000060e-02
-9.059470000000000023e-03
-4.380860000000000309e-03
-4.497510000000000245e-04
6.653870000000000314e-04
1.170189999999999989e-03
5.876720000000000207e-04
-1.084590000000000077e-03
-2.958280000000000198e-03
-5.053619999999999987e-03
-4.517710000000000302e-03
-3.650829999999999874e-03
-4.951630000000000267e-03
-6.103349999999999574e-03
-6.929979999999999647e-03
-5.256290000000000268e-03
1.084850000000000050e-03
7.563750000000000161e-03
1.100680000000000061e-02
1.278310000000000037e-02
1.366870000000000064e-02
1.322219999999999993e-02
1.280090000000000047e-02
1.320379999999999991e-02
1.389269999999999915e-02
1.479680000000000058e-02
1.561030000000000056e-02
1.554439999999999988e-02
1.371829999999999924e-02
1.181309999999999999e-02
1.086570000000000071e-02
9.573329999999999687e-03
8.042689999999999909e-03
6.712769999999999848e-03
5.329669999999999894e-03
3.846669999999999950e-03
2.626949999999999858e-03
2.244490000000000027e-03
1.959409999999999971e-03
1.487009999999999981e-03
2.530539999999999960e-03
4.368740000000000297e-03
5.289480000000000050e-03
6.430070000000000403e-03
7.885329999999999423e-03
8.483410000000000256e-03
8.834379999999999317e-03
9.568250000000000366e-03
1.181549999999999961e-02
1.602440000000000114e-02
1.878969999999999946e-02
1.968829999999999886e-02
2.202219999999999872e-02
2.411730000000000124e-02
2.292430000000000162e-02
2.125180000000000125e-02
2.080380000000000076e-02
1.890079999999999885e-02
1.604989999999999889e-02
1.348740000000000008e-02
8.685510000000000452e-03
1.858810000000000020e-03
-2.880730000000000183e-03
-6.676009999999999583e-03
-1.090580000000000022e-02
-1.283109999999999980e-02
-1.319140000000000069e-02
-1.324600000000000083e-02
-1.326590000000000061e-02
-1.349099999999999952e-02
-1.357240000000000009e-02
-1.309629999999999996e-02
-1.031310000000000039e-02
-6.620169999999999874e-03
-4.494899999999999590e-03
-9.820469999999999981e-04
3.156239999999999827e-03
4.598879999999999635e-03
3.160699999999999794e-03
-1.784149999999999972e-03
-6.634130000000000235e-03
-9.980199999999999835e-03
-1.333130000000000079e-02
-1.513210000000000076e-02
-1.703199999999999853e-02
-1.883009999999999892e-02
-1.663059999999999886e-02
-1.340329999999999994e-02
-1.087199999999999972e-02
-6.077100000000000210e-03
-1.935539999999999917e-03
1.459999999999999926e-03
5.629539999999999718e-03
8.375330000000000275e-03
1.206499999999999934e-02
1.628469999999999918e-02
1.816589999999999872e-02
2.059499999999999872e-02
2.329550000000000023e-02
2.414929999999999854e-02
2.459300000000000028e-02
2.374609999999999915e-02
2.187789999999999874e-02
2.070229999999999987e-02
1.884639999999999926e-02
1.530849999999999919e-02
1.105399999999999959e-02
7.360349999999999879e-03
2.412220000000000076e-03
-3.110239999999999793e-03
-6.142820000000000225e-03
-9.305000000000000770e-03
-1.292779999999999971e-02
-1.336550000000000064e-02
-1.221880000000000015e-02
-1.309959999999999944e-02
-1.478259999999999991e-02
-1.551400000000000001e-02
-1.620090000000000072e-02
-1.735789999999999902e-02
-1.855369999999999936e-02
-1.744679999999999842e-02
-1.378599999999999964e-02
-1.063769999999999993e-02
-6.786040000000000127e-03
-3.197900000000000048e-03
-2.395809999999999954e-03
-6.716629999999999693e-04
1.949449999999999924e-03
3.146760000000000182e-03
4.247569999999999991e-03
5.216860000000000247e-03
4.954899999999999929e-03
3.809889999999999805e-03
2.308440000000000145e-03
1.314040000000000043e-03
2.538990000000000084e-03
4.248820000000000374e-03
4.118059999999999776e-03
3.283030000000000150e-03
4.461879999999999774e-04
-4.283920000000000089e-03
-7.629190000000000103e-03
-1.109890000000000009e-02
-1.610769999999999910e-02
-1.999520000000000117e-02
-2.122040000000000037e-02
-2.093149999999999872e-02
-2.088220000000000007e-02
-2.127599999999999977e-02
-2.151899999999999993e-02
-2.181759999999999949e-02
-2.256939999999999988e-02
-2.369560000000000069e-02
-2.219770000000000076e-02
-1.699420000000000097e-02
-1.152290000000000085e-02
-6.080040000000000097e-03
-8.037510000000000097e-04
2.738599999999999889e-03
5.656750000000000320e-03
8.270990000000000633e-03
9.816119999999999360e-03
1.157389999999999981e-02
1.379499999999999997e-02
1.557240000000000013e-02
1.726609999999999950e-02
1.911619999999999986e-02
2.034139999999999907e-02
1.979799999999999963e-02
1.898019999999999916e-02
1.790249999999999828e-02
1.426640000000000026e-02
1.242240000000000011e-02
1.374779999999999926e-02
1.285820000000000018e-02
1.101300000000000022e-02
1.070220000000000025e-02
9.685380000000000378e-03
6.761529999999999971e-03
3.623110000000000133e-03
1.479950000000000059e-03
-8.978709999999999556e-04
-4.631670000000000058e-03
-8.004300000000000651e-03
-9.242979999999999599e-03
-1.061750000000000020e-02
-1.245710000000000046e-02
-1.290799999999999934e-02
-1.353520000000000070e-02
-1.432660000000000010e-02
-1.360729999999999926e-02
-1.275629999999999993e-02
-1.251719999999999916e-02
-1.171069999999999924e-02
-1.068090000000000012e-02
-9.969399999999999790e-03
-9.095229999999999287e-03
-8.261930000000000662e-03
-6.541489999999999631e-03
-2.595080000000000043e-03
1.287729999999999951e-03
3.854520000000000168e-03
6.984500000000000257e-03
1.038799999999999966e-02
1.223319999999999963e-02
1.279270000000000060e-02
1.328159999999999931e-02
1.298640000000000037e-02
1.142439999999999949e-02
9.911359999999999268e-03
8.148650000000000337e-03
3.858910000000000118e-03
-7.864410000000000281e-04
-2.154759999999999922e-03
-2.799869999999999876e-03
-4.675519999999999850e-03
-6.288089999999999652e-03
-8.165260000000000573e-03
-1.116729999999999980e-02
-1.357090000000000032e-02
-1.412189999999999973e-02
-1.455749999999999926e-02
-1.585109999999999991e-02
-1.564830000000000040e-02
-1.388879999999999976e-02
-1.317029999999999937e-02
-1.160959999999999943e-02
-7.781040000000000352e-03
-5.107539999999999823e-03
-3.770040000000000110e-03
-2.280930000000000023e-03
-1.449710000000000104e-03
-1.346060000000000052e-03
-1.594790000000000010e-03
-2.238850000000000128e-03
-3.589789999999999821e-03
-3.290439999999999945e-03
-3.792539999999999844e-04
1.225329999999999952e-03
1.501729999999999949e-03
2.869519999999999970e-03
4.384410000000000043e-03
5.651139999999999809e-03
6.322109999999999709e-03
4.539630000000000228e-03
2.097359999999999936e-03
1.199729999999999980e-03
-9.730299999999999995e-05
-2.092619999999999897e-03
-3.642020000000000153e-03
-5.249150000000000170e-03
-6.728760000000000296e-03
-7.464959999999999651e-03
-8.072279999999999386e-03
-8.709460000000000465e-03
-9.140989999999999879e-03
-9.123269999999999297e-03
-7.486419999999999707e-03
-5.441569999999999740e-03
-4.607700000000000164e-03
-3.801070000000000143e-03
-2.750299999999999793e-03
-2.264780000000000092e-03
-2.544049999999999957e-03
-3.004390000000000012e-03
-2.227100000000000087e-03
-2.556220000000000066e-05
1.758199999999999910e-03
2.716070000000000116e-03
4.111000000000000071e-03
5.592380000000000094e-03
5.813229999999999960e-03
5.266550000000000051e-03
4.923010000000000233e-03
4.693349999999999779e-03
4.764039999999999768e-03
5.010650000000000173e-03
5.464720000000000168e-03
5.868039999999999715e-03
5.047249999999999653e-03
3.671139999999999820e-03
2.997210000000000152e-03
2.210590000000000124e-03
1.567739999999999976e-03
2.042050000000000115e-03
2.558219999999999938e-03
2.040399999999999939e-03
-6.361150000000000582e-05
-2.433970000000000144e-03
-3.207329999999999990e-03
-3.959250000000000096e-03
-5.785450000000000141e-03
-6.138860000000000323e-03
-4.166569999999999649e-03
-2.684890000000000106e-03
-2.260680000000000155e-03
-1.714779999999999950e-03
-7.873659999999999557e-04
2.039819999999999914e-03
5.447660000000000002e-03
6.265100000000000009e-03
6.852869999999999621e-03
7.763690000000000174e-03
6.391019999999999861e-03
5.036149999999999655e-03
4.350689999999999939e-03
2.663959999999999939e-03
7.110190000000000173e-04
-2.981990000000000226e-04
1.955559999999999850e-03
5.147520000000000047e-03
4.804459999999999981e-03
4.201210000000000361e-03
4.894400000000000139e-03
4.419509999999999758e-03
3.370240000000000041e-03
1.642900000000000089e-03
4.968470000000000221e-04
1.312859999999999895e-03
1.389580000000000069e-03
1.206639999999999926e-03
2.713729999999999851e-05
-4.792509999999999826e-03
-6.501520000000000216e-03
-1.580519999999999972e-03
2.791399999999999871e-03
4.579749999999999620e-03
7.332100000000000249e-03
1.067650000000000023e-02
1.293869999999999916e-02
1.415499999999999918e-02
1.439359999999999945e-02
1.430410000000000015e-02
1.519730000000000039e-02
1.684209999999999874e-02
1.789719999999999853e-02
1.852780000000000052e-02
1.964569999999999858e-02
2.024050000000000155e-02
1.951059999999999947e-02
1.920380000000000004e-02
1.850620000000000043e-02
1.528640000000000033e-02
1.248840000000000020e-02
1.151180000000000085e-02
1.017030000000000017e-02
9.329189999999999358e-03
8.962370000000000753e-03
7.316079999999999979e-03
4.623239999999999815e-03
9.303039999999999617e-04
-4.481599999999999646e-03
-1.028519999999999955e-02
-1.412740000000000003e-02
-1.669429999999999872e-02
-1.803199999999999942e-02
-1.766979999999999940e-02
-1.792849999999999999e-02
-1.890930000000000041e-02
-1.940319999999999892e-02
-1.960589999999999902e-02
-1.939199999999999952e-02
-1.909109999999999974e-02
-1.916570000000000079e-02
-1.923379999999999881e-02
-1.915899999999999895e-02
-1.919819999999999860e-02
-1.923499999999999863e-02
-1.928480000000000125e-02
-1.878640000000000171e-02
-1.583580000000000057e-02
-1.243960000000000031e-02
-1.084449999999999997e-02
-6.189769999999999821e-03
-8.219650000000000220e-04
-5.222749999999999962e-04
5.728660000000000002e-04
4.037090000000000123e-03
5.841919999999999578e-03
7.547909999999999689e-03
1.020910000000000047e-02
1.261480000000000067e-02
1.443099999999999938e-02
1.607859999999999845e-02
1.770669999999999883e-02
1.898040000000000144e-02
2.002829999999999888e-02
1.972399999999999848e-02
1.794750000000000165e-02
1.632799999999999876e-02
1.327689999999999947e-02
9.879310000000000522e-03
8.551130000000000536e-03
6.962059999999999950e-03
5.122800000000000270e-03
3.965060000000000286e-03
3.033179999999999904e-03
2.977469999999999856e-03
3.105580000000000146e-03
3.488259999999999972e-03
4.796810000000000310e-03
5.772829999999999628e-03
5.813360000000000055e-03
5.574639999999999630e-03
5.662300000000000319e-03
5.803850000000000155e-03
5.587149999999999929e-03
5.223199999999999892e-03
4.737129999999999987e-03
4.233599999999999690e-03
3.698390000000000184e-03
2.529959999999999935e-03
2.185100000000000150e-03
4.003910000000000281e-03
5.007150000000000142e-03
4.495569999999999948e-03
4.744280000000000025e-03
4.920469999999999705e-03
4.583529999999999723e-03
5.215970000000000328e-03
6.506790000000000143e-03
7.468210000000000300e-03
7.402390000000000012e-03
5.637470000000000328e-03
3.956979999999999699e-03
2.889039999999999837e-03
2.269480000000000097e-04
-2.563209999999999794e-03
-3.725940000000000068e-03
-6.283559999999999666e-03
-1.091370000000000014e-02
-1.365790000000000060e-02
-1.430919999999999935e-02
-1.583419999999999966e-02
-1.755790000000000128e-02
-1.843509999999999940e-02
-1.936490000000000086e-02
-2.025360000000000008e-02
-2.056569999999999926e-02
-2.015070000000000056e-02
-1.969119999999999898e-02
-1.935279999999999986e-02
-1.859660000000000132e-02
-1.778410000000000060e-02
-1.637510000000000007e-02
-1.427199999999999996e-02
-1.247020000000000073e-02
-9.618190000000000420e-03
-7.369750000000000432e-03
-8.477840000000000376e-03
-9.017149999999999818e-03
-7.135410000000000016e-03
-5.374720000000000365e-03
-4.150520000000000424e-03
-2.547460000000000089e-03
-7.999300000000000204e-04
-9.076899999999999441e-06
3.654940000000000077e-04
1.431299999999999933e-03
1.750819999999999937e-03
4.274300000000000191e-04
-6.701740000000000518e-04
-6.018290000000000141e-04
6.278230000000000366e-05
6.926880000000000060e-04
1.912370000000000042e-03
3.302020000000000129e-03
1.464189999999999979e-03
-2.171590000000000152e-03
-3.775310000000000037e-03
-5.410400000000000105e-03
-8.041219999999999965e-03
-9.895819999999999617e-03
-1.179960000000000037e-02
-1.256930000000000026e-02
-1.037940000000000043e-02
-8.530390000000000542e-03
-8.053239999999999704e-03
-6.750479999999999675e-03
-5.234319999999999772e-03
-4.052670000000000404e-03
-2.586440000000000180e-03
-9.337469999999999624e-04
3.823669999999999933e-04
1.407009999999999988e-03
2.229629999999999806e-03
1.849970000000000043e-03
6.489049999999999679e-04
5.570080000000000040e-04
1.982700000000000001e-03
3.591260000000000199e-03
4.434119999999999728e-03
5.453020000000000263e-03
6.255110000000000357e-03
5.498679999999999714e-03
4.954720000000000131e-03
5.735220000000000075e-03
6.185910000000000193e-03
6.760269999999999647e-03
8.537680000000000616e-03
9.808199999999999558e-03
1.010229999999999982e-02
1.094679999999999959e-02
1.180149999999999949e-02
1.097509999999999979e-02
9.579839999999999189e-03
9.178769999999999291e-03
8.715570000000000608e-03
7.704919999999999651e-03
6.809589999999999914e-03
5.946400000000000123e-03
4.171170000000000086e-03
3.569040000000000103e-04
-2.757959999999999839e-03
-2.746179999999999975e-03
-2.307050000000000160e-03
-2.581019999999999842e-03
-3.944160000000000374e-03
-6.215319999999999873e-03
-7.904380000000000780e-03
-1.000329999999999969e-02
-9.981049999999999991e-03
-5.841869999999999875e-03
-2.968269999999999850e-03
-1.995189999999999984e-03
2.871239999999999838e-04
2.489229999999999828e-03
3.672509999999999924e-03
4.413410000000000423e-03
5.083739999999999787e-03
5.827340000000000297e-03
6.141970000000000068e-03
6.225429999999999679e-03
6.709449999999999616e-03
7.898290000000000519e-03
9.341550000000000548e-03
1.005389999999999930e-02
1.043409999999999997e-02
1.120870000000000026e-02
1.187210000000000001e-02
1.246769999999999996e-02
1.289649999999999998e-02
1.062729999999999925e-02
6.163120000000000230e-03
2.752360000000000136e-03
-6.348740000000000069e-04
-4.036460000000000395e-03
-4.638390000000000048e-03
-3.841820000000000131e-03
-4.428429999999999693e-03
-4.726639999999999835e-03
-3.685789999999999986e-03
-3.017699999999999896e-03
-2.526039999999999796e-03
-1.563719999999999997e-03
-7.701000000000000163e-04
-2.068109999999999957e-04
2.921900000000000061e-04
3.197990000000000056e-04
1.931529999999999987e-04
6.343609999999999527e-04
1.310299999999999920e-03
1.546749999999999948e-03
9.756450000000000278e-04
7.132919999999999463e-05
-3.975490000000000252e-04
-9.387129999999999823e-04
-1.835199999999999939e-03
-2.767060000000000006e-03
-2.537359999999999789e-03
-3.102499999999999789e-04
1.550050000000000082e-03
2.092169999999999967e-03
3.184699999999999944e-03
4.521540000000000108e-03
4.287489999999999704e-03
3.317889999999999989e-03
2.782150000000000161e-03
1.529710000000000097e-03
-8.833930000000000309e-05
-1.206950000000000037e-03
-2.428730000000000038e-03
-3.771229999999999982e-03
-5.137919999999999814e-03
-5.873879999999999726e-03
-5.212139999999999655e-03
-4.660280000000000152e-03
-4.396210000000000222e-03
-2.512490000000000036e-03
-1.090500000000000106e-03
-2.704010000000000181e-03
-4.052329999999999821e-03
-2.404490000000000013e-03
-4.084150000000000258e-04
2.341910000000000080e-05
-1.977650000000000013e-04
-4.103900000000000061e-04
4.793360000000000199e-04
2.769960000000000130e-03
4.358869999999999932e-03
4.862039999999999765e-03
4.997289999999999718e-03
3.863409999999999848e-03
2.431710000000000121e-03
1.967860000000000095e-03
1.532930000000000056e-03
1.346119999999999912e-03
1.871330000000000042e-03
1.798349999999999992e-03
1.765330000000000122e-04
-1.776489999999999927e-03
-2.893759999999999995e-03
-4.186610000000000331e-03
-5.287189999999999772e-03
-4.721839999999999718e-03
-3.923580000000000297e-03
-3.988799999999999811e-03
-3.767139999999999985e-03
-3.147609999999999904e-03
-2.993389999999999853e-03
-3.663000000000000023e-03
-4.451130000000000191e-03
-5.135169999999999665e-03
-6.672690000000000218e-03
-8.069210000000000271e-03
-7.450029999999999847e-03
-6.132430000000000346e-03
-5.818130000000000350e-03
-5.236740000000000145e-03
-4.056859999999999807e-03
-3.201229999999999788e-03
-2.214579999999999847e-03
-9.177869999999999865e-04
3.919230000000000218e-04
3.651160000000000191e-04
-1.627729999999999976e-03
-3.009780000000000094e-03
-3.614200000000000138e-03
-4.845350000000000004e-03
-4.779689999999999633e-03
-3.406240000000000049e-03
-2.814440000000000084e-03
-2.018149999999999805e-03
-4.380569999999999972e-04
3.295139999999999896e-04
1.505070000000000008e-04
2.101159999999999920e-04
6.135809999999999789e-04
6.377009999999999580e-04
9.413369999999999897e-04
2.668550000000000002e-03
4.752629999999999875e-03
5.857710000000000347e-03
6.751069999999999641e-03
8.497869999999999382e-03
1.073119999999999977e-02
1.208279999999999944e-02
1.280500000000000041e-02
1.433889999999999991e-02
1.428729999999999931e-02
1.080590000000000023e-02
7.900340000000000487e-03
6.468980000000000043e-03
3.789530000000000155e-03
8.541010000000000138e-04
5.817160000000000256e-04
2.305909999999999991e-03
3.005630000000000020e-03
3.571949999999999951e-03
4.975659999999999805e-03
6.122050000000000408e-03
6.898989999999999810e-03
6.022650000000000052e-03
3.928120000000000223e-03
2.916359999999999786e-03
2.075249999999999838e-03
3.799159999999999994e-04
-5.586560000000000397e-04
6.362289999999999829e-04
2.277790000000000023e-03
2.900600000000000140e-03
4.173330000000000269e-03
3.411159999999999887e-03
-1.706959999999999988e-03
-4.937880000000000394e-03
-5.373189999999999911e-03
-7.488220000000000293e-03
-8.676959999999999187e-03
-7.661109999999999622e-03
-7.709500000000000207e-03
-8.241699999999999374e-03
-8.035809999999999134e-03
-7.982519999999999893e-03
-7.578930000000000215e-03
-6.420740000000000301e-03
-5.499249999999999798e-03
-4.858460000000000209e-03
-4.099099999999999619e-03
-3.429020000000000071e-03
-2.629920000000000001e-03
-1.442169999999999997e-03
-1.951090000000000051e-04
8.279319999999999735e-04
1.548319999999999948e-03
2.072629999999999785e-03
2.733919999999999927e-03
3.438039999999999846e-03
4.349829999999999842e-03
5.228080000000000400e-03
3.496410000000000143e-03
1.736319999999999964e-03
5.772089999999999686e-03
9.090680000000000288e-03
6.998950000000000310e-03
6.381900000000000246e-03
6.764570000000000131e-03
5.194129999999999928e-03
4.524529999999999698e-03
4.999550000000000174e-03
4.960299999999999952e-03
4.760490000000000034e-03
4.802120000000000000e-03
3.502589999999999870e-03
5.473439999999999556e-04
-3.062829999999999893e-03
-7.252360000000000230e-03
-9.596149999999999472e-03
-1.012449999999999982e-02
-1.145909999999999984e-02
-1.134280000000000010e-02
-9.787799999999999279e-03
-9.393290000000000320e-03
-8.610170000000000323e-03
-7.045889999999999966e-03
-5.976350000000000065e-03
-4.943979999999999729e-03
-3.832990000000000095e-03
-2.852729999999999936e-03
-2.043510000000000118e-03
-1.615729999999999901e-03
-1.184029999999999978e-03
-3.577349999999999757e-04
8.850839999999999576e-04
1.926849999999999917e-03
1.685249999999999899e-03
8.779649999999999737e-04
1.032939999999999987e-03
1.658980000000000003e-03
1.767490000000000033e-03
2.016210000000000051e-03
3.603879999999999844e-03
5.504519999999999726e-03
6.297060000000000157e-03
7.535599999999999937e-03
9.690729999999999830e-03
1.106110000000000079e-02
1.225120000000000028e-02
1.408249999999999953e-02
1.329699999999999979e-02
9.190149999999999361e-03
6.485389999999999731e-03
3.144160000000000010e-03
-2.593119999999999974e-03
-4.950190000000000146e-03
-6.085349999999999787e-03
-9.917459999999999470e-03
-1.300510000000000034e-02
-1.386760000000000076e-02
-1.438509999999999962e-02
-1.547240000000000074e-02
-1.568829999999999877e-02
-1.507200000000000033e-02
-1.486170000000000026e-02
-1.364369999999999993e-02
-1.160040000000000029e-02
-1.011040000000000029e-02
-8.295729999999999424e-03
-5.938330000000000344e-03
-3.485639999999999919e-03
-1.071780000000000042e-03
1.172230000000000017e-03
3.181129999999999895e-03
4.317950000000000087e-03
5.021870000000000327e-03
6.120760000000000263e-03
6.893279999999999894e-03
7.483039999999999831e-03
8.622579999999999481e-03
9.686079999999999690e-03
1.015360000000000047e-02
1.055889999999999954e-02
1.115949999999999928e-02
1.137250000000000066e-02
9.734980000000000716e-03
5.478199999999999910e-03
1.306169999999999944e-03
-8.804449999999999906e-04
-2.899200000000000214e-03
-4.784519999999999572e-03
-4.482709999999999993e-03
-3.332780000000000031e-03
-3.311259999999999898e-03
-3.179560000000000112e-03
-2.693109999999999862e-03
-2.442900000000000019e-03
-1.888670000000000062e-03
-2.178100000000000088e-03
-4.119560000000000409e-03
-5.431090000000000396e-03
-5.675239999999999799e-03
-6.565569999999999740e-03
-7.280560000000000156e-03
-6.069770000000000373e-03
-3.910349999999999937e-03
-2.353420000000000165e-03
-2.747979999999999802e-04
2.659749999999999788e-03
4.825860000000000392e-03
5.756540000000000094e-03
6.503440000000000089e-03
7.643299999999999574e-03
8.597679999999999906e-03
8.997190000000000396e-03
8.886450000000000599e-03
8.814749999999999669e-03
8.770419999999999258e-03
8.715080000000000049e-03
9.362409999999999830e-03
9.733590000000000297e-03
9.348270000000000537e-03
8.771509999999999724e-03
7.655570000000000430e-03
6.176830000000000341e-03
3.691760000000000094e-03
7.724469999999999991e-04
-1.023679999999999903e-03
-2.692720000000000009e-03
-4.313710000000000114e-03
-6.363240000000000042e-03
-9.328909999999999286e-03
-1.068559999999999996e-02
-1.047619999999999975e-02
-9.933670000000000347e-03
-8.362919999999999382e-03
-5.917809999999999911e-03
-4.261980000000000282e-03
-4.736689999999999998e-03
-3.776709999999999963e-03
3.031199999999999845e-04
2.753929999999999920e-03
2.776639999999999924e-03
2.183220000000000039e-03
1.668339999999999927e-03
2.477229999999999970e-03
3.291099999999999928e-03
3.201310000000000180e-03
3.398889999999999897e-03
3.747939999999999952e-03
2.999790000000000009e-03
1.653689999999999978e-03
1.650360000000000021e-03
2.051589999999999837e-03
1.745079999999999982e-03
1.695869999999999930e-03
1.647529999999999915e-03
1.377310000000000079e-03
1.468670000000000045e-03
1.525010000000000037e-03
9.546679999999999880e-04
-2.132489999999999906e-04
-1.284729999999999987e-03
-1.687689999999999937e-03
-2.202679999999999829e-03
-2.654989999999999867e-03
-2.172830000000000161e-03
-1.661829999999999991e-03
-1.318170000000000019e-03
-7.051139999999999578e-04
-3.179829999999999809e-04
-4.196949999999999856e-04
-9.573890000000000048e-04
-1.777099999999999990e-03
-2.832379999999999794e-03
-3.933560000000000008e-03
-4.470599999999999921e-03
-4.409699999999999905e-03
-4.540609999999999612e-03
-4.699469999999999863e-03
-4.462139999999999856e-03
-4.188309999999999776e-03
-3.555120000000000155e-03
-2.727559999999999967e-03
-2.338479999999999986e-03
-1.998590000000000175e-03
-2.239870000000000142e-03
-3.344499999999999817e-03
-2.910209999999999880e-03
-5.442519999999999520e-04
1.725849999999999910e-03
4.119209999999999886e-03
6.028290000000000384e-03
6.344909999999999613e-03
5.766750000000000174e-03
4.925839999999999906e-03
4.521169999999999703e-03
4.088099999999999894e-03
3.092210000000000184e-03
2.053929999999999818e-03
1.045499999999999988e-03
2.767339999999999969e-04
-2.024309999999999868e-04
-9.567609999999999830e-04
-1.812980000000000060e-03
-2.488390000000000046e-03
-3.282950000000000191e-03
-4.142210000000000336e-03
-4.971800000000000178e-03
-5.755900000000000426e-03
-6.440669999999999902e-03
-5.964630000000000279e-03
-3.621580000000000112e-03
-1.516820000000000104e-03
-2.540430000000000205e-04
1.067639999999999909e-03
2.005330000000000047e-03
3.034530000000000127e-03
3.904780000000000056e-03
4.087409999999999655e-03
4.237269999999999578e-03
3.633959999999999881e-03
1.914349999999999993e-03
1.954869999999999937e-04
-8.155509999999999713e-04
-1.162859999999999935e-03
-1.208859999999999969e-03
-1.025590000000000052e-03
-4.583720000000000220e-04
3.487109999999999754e-04
9.785569999999999078e-04
1.468219999999999898e-03
1.866819999999999938e-03
2.547680000000000083e-03
4.119040000000000028e-03
5.177890000000000097e-03
4.978759999999999609e-03
4.593749999999999743e-03
3.705899999999999819e-03
2.661499999999999803e-03
2.210409999999999892e-03
1.875659999999999914e-03
1.859130000000000071e-03
2.098000000000000038e-03
8.675860000000000516e-04
-1.598199999999999925e-03
-2.431089999999999900e-03
-2.313790000000000031e-03
-2.496500000000000021e-03
-1.620340000000000062e-03
-8.706890000000000115e-04
-1.390219999999999954e-03
-1.558130000000000018e-03
-1.177829999999999936e-03
-1.459950000000000006e-03
-2.157810000000000023e-03
-2.609629999999999936e-03
-3.304150000000000056e-03
-4.348340000000000018e-03
-5.211819999999999821e-03
-5.954509999999999664e-03
-6.634600000000000046e-03
-7.266189999999999628e-03
-7.904680000000000734e-03
-8.376389999999999184e-03
-8.440359999999999183e-03
-7.788790000000000296e-03
-6.366540000000000393e-03
-4.038889999999999841e-03
-1.723659999999999906e-03
-3.928919999999999917e-04
1.389969999999999921e-03
3.555000000000000000e-03
4.004739999999999689e-03
3.428140000000000093e-03
3.671509999999999791e-03
4.039019999999999937e-03
3.804930000000000204e-03
3.739099999999999976e-03
3.655920000000000003e-03
2.878429999999999964e-03
1.983319999999999788e-03
1.317030000000000067e-03
3.116999999999999871e-04
-1.187150000000000098e-03
-2.777819999999999855e-03
-2.558840000000000160e-03
-4.670359999999999919e-04
3.676160000000000256e-04
4.519780000000000152e-04
2.345450000000000117e-04
-1.654620000000000092e-03
-2.697950000000000174e-03
-1.737590000000000011e-03
-5.775140000000000004e-04
-2.020369999999999903e-04
-2.074509999999999896e-04
-2.118680000000000118e-04
-7.662780000000000112e-04
-1.313539999999999977e-03
-1.236169999999999977e-03
-5.764089999999999492e-04
5.728830000000000510e-04
1.376260000000000027e-03
1.826390000000000001e-03
3.492920000000000053e-03
5.190059999999999812e-03
5.002440000000000359e-03
5.340489999999999821e-03
7.078160000000000007e-03
7.478219999999999833e-03
5.264750000000000332e-03
2.945300000000000088e-03
2.031250000000000069e-03
9.214380000000000097e-04
-4.488019999999999900e-04
-9.136199999999999703e-04
2.022179999999999941e-04
1.707030000000000006e-03
2.564959999999999810e-03
2.698040000000000074e-03
1.761900000000000055e-03
8.749510000000000056e-04
8.270410000000000662e-05
-1.168980000000000019e-03
-2.366739999999999990e-03
-3.378309999999999820e-03
-4.020430000000000184e-03
-3.841840000000000012e-03
-2.389699999999999810e-03
-6.704299999999999626e-04
6.148209999999999873e-04
2.190510000000000113e-03
3.561760000000000186e-03
4.521129999999999940e-03
4.428559999999999788e-03
3.033199999999999785e-03
2.724310000000000186e-03
3.450019999999999823e-03
3.435919999999999860e-03
3.497109999999999889e-03
4.813790000000000083e-03
6.356660000000000088e-03
7.292319999999999705e-03
7.231170000000000306e-03
5.941509999999999674e-03
5.422670000000000094e-03
5.611849999999999825e-03
4.577409999999999639e-03
2.977379999999999957e-03
2.093610000000000089e-03
2.220530000000000073e-03
2.494849999999999846e-03
1.660280000000000089e-03
4.239129999999999916e-04
-2.126189999999999916e-04
-7.623229999999999720e-04
-1.750070000000000054e-03
-2.675330000000000069e-03
-2.904640000000000000e-03
-3.005069999999999877e-03
-3.611860000000000157e-03
-4.276059999999999930e-03
-4.716770000000000337e-03
-5.173950000000000077e-03
-5.712820000000000398e-03
-5.683460000000000421e-03
-4.936150000000000260e-03
-4.483299999999999959e-03
-4.271330000000000265e-03
-3.653940000000000052e-03
-3.396880000000000125e-03
-4.037899999999999649e-03
-4.358569999999999979e-03
-4.038619999999999710e-03
-4.178480000000000041e-03
-4.312950000000000290e-03
-3.549849999999999794e-03
-2.632339999999999940e-03
-2.172680000000000184e-03
-1.889300000000000007e-03
-1.590169999999999908e-03
-7.965640000000000394e-04
4.908550000000000023e-04
1.199870000000000016e-03
1.410369999999999983e-03
1.885299999999999910e-03
2.200010000000000073e-03
2.215760000000000212e-03
2.264099999999999793e-03
2.096960000000000143e-03
1.736139999999999949e-03
1.572330000000000038e-03
9.009859999999999961e-04
-8.246319999999999475e-04
-2.428130000000000132e-03
-3.588309999999999937e-03
-4.906080000000000163e-03
-6.258820000000000008e-03
-7.574589999999999969e-03
-8.588260000000000338e-03
-9.304540000000000033e-03
-8.892890000000000517e-03
-6.601059999999999740e-03
-4.631439999999999689e-03
-3.632530000000000134e-03
-2.468049999999999845e-03
-1.658909999999999985e-03
-1.760760000000000103e-03
-2.025970000000000201e-03
-1.573139999999999998e-03
-1.114600000000000096e-03
-1.134500000000000092e-03
-9.026789999999999814e-04
-4.339580000000000217e-04
2.017029999999999897e-04
1.390270000000000091e-03
2.618489999999999793e-03
3.501730000000000207e-03
4.496390000000000282e-03
5.426140000000000303e-03
5.022569999999999639e-03
3.518180000000000092e-03
2.343780000000000169e-03
1.553679999999999992e-03
1.432899999999999972e-03
1.632680000000000069e-03
1.400879999999999964e-03
1.527619999999999933e-03
1.893200000000000048e-03
1.938829999999999894e-03
2.040600000000000053e-03
2.229099999999999918e-03
2.417180000000000110e-03
2.484590000000000062e-03
2.219930000000000167e-03
1.993580000000000005e-03
1.953040000000000071e-03
1.790790000000000003e-03
1.696680000000000106e-03
1.899480000000000049e-03
2.116840000000000041e-03
2.277229999999999879e-03
2.467249999999999825e-03
2.361499999999999884e-03
1.742459999999999929e-03
9.485519999999999672e-04
3.553739999999999894e-04
-3.647950000000000064e-04
-1.606659999999999989e-03
-2.677010000000000067e-03
-3.162020000000000195e-03
-3.732819999999999975e-03
-4.139379999999999796e-03
-3.871949999999999871e-03
-3.290780000000000094e-03
-2.632090000000000124e-03
-1.974060000000000138e-03
-1.163710000000000092e-03
-2.666629999999999912e-04
4.429859999999999766e-04
1.257110000000000085e-03
2.499200000000000033e-03
3.614210000000000079e-03
4.258030000000000322e-03
4.951719999999999733e-03
5.598930000000000226e-03
5.970699999999999792e-03
5.921380000000000393e-03
5.227899999999999735e-03
4.375239999999999858e-03
3.352819999999999846e-03
2.019850000000000118e-03
1.241570000000000000e-03
8.339999999999999974e-04
-4.009920000000000259e-04
-2.146869999999999942e-03
-3.005799999999999878e-03
-3.100700000000000071e-03
-3.739419999999999810e-03
-4.086560000000000366e-03
-2.790729999999999947e-03
-1.419799999999999925e-03
-1.022429999999999953e-03
-4.172110000000000141e-04
4.852780000000000114e-04
1.080210000000000068e-03
1.475069999999999984e-03
1.777090000000000050e-03
2.089740000000000087e-03
2.236179999999999939e-03
1.878010000000000053e-03
1.419020000000000004e-03
1.177660000000000078e-03
7.999209999999999871e-04
2.247189999999999876e-04
-3.211010000000000144e-04
-7.657340000000000110e-04
-1.229140000000000094e-03
-1.848999999999999949e-03
-2.454730000000000020e-03
-3.003309999999999921e-03
-3.875979999999999790e-03
-4.802179999999999643e-03
-4.972640000000000393e-03
-4.770830000000000209e-03
-4.222899999999999918e-03
-2.832550000000000085e-03
-1.502110000000000077e-03
-1.985830000000000060e-04
1.312269999999999930e-03
2.271700000000000195e-03
3.027549999999999946e-03
4.048040000000000145e-03
4.484929999999999820e-03
3.801399999999999918e-03
3.182830000000000208e-03
3.071309999999999839e-03
2.683000000000000055e-03
2.179809999999999907e-03
1.848079999999999992e-03
1.480399999999999988e-03
1.123580000000000108e-03
9.283380000000000147e-04
7.955450000000000412e-04
5.879670000000000035e-04
4.254680000000000267e-04
4.135019999999999993e-04
4.136070000000000263e-04
3.511499999999999973e-04
3.105359999999999826e-04
2.982729999999999952e-04
2.760679999999999731e-04
1.458979999999999912e-04
-9.604770000000000538e-05
-4.142029999999999779e-04
-8.944240000000000003e-04
-1.326010000000000079e-03
-1.592289999999999895e-03
-1.939030000000000007e-03
-2.214349999999999912e-03
-1.976159999999999809e-03
-1.573720000000000023e-03
-1.569290000000000095e-03
-1.601879999999999971e-03
-1.468410000000000071e-03
-1.635710000000000072e-03
-2.065819999999999896e-03
-2.231369999999999881e-03
-1.944870000000000019e-03
-1.556260000000000065e-03
-1.386960000000000016e-03
-1.211430000000000102e-03
-9.654519999999999985e-04
-8.155200000000000253e-04
-6.678780000000000047e-04
-4.931620000000000057e-04
-3.300350000000000072e-04
-1.636940000000000086e-04
-7.649020000000000501e-06
1.706110000000000103e-04
3.680019999999999776e-04
5.294860000000000191e-04
7.061040000000000415e-04
9.186430000000000203e-04
1.073120000000000107e-03
1.121260000000000008e-03
1.144480000000000020e-03
1.191570000000000086e-03
1.201980000000000062e-03
1.173549999999999984e-03
1.137449999999999919e-03
1.104179999999999962e-03
1.078179999999999980e-03
1.046639999999999940e-03
1.007040000000000062e-03
9.651129999999999735e-04
9.146150000000000243e-04
7.770970000000000308e-04
5.738889999999999530e-04
3.634490000000000095e-04
4.972180000000000225e-05
-2.590839999999999745e-04
-4.413719999999999883e-04
-6.371799999999999947e-04
-8.745439999999999941e-04
-1.035719999999999957e-03
-1.099850000000000090e-03
-1.066689999999999913e-03
-9.473780000000000222e-04
-8.292640000000000211e-04
-7.110600000000000124e-04
-5.163480000000000240e-04
-2.200319999999999967e-04
2.933139999999999839e-05
1.456700000000000063e-04
2.780230000000000179e-04
4.138309999999999753e-04
4.065720000000000098e-04
3.538959999999999740e-04
3.652260000000000163e-04
3.523560000000000125e-04
3.021139999999999741e-04
2.606339999999999850e-04
2.244369999999999926e-04
1.861880000000000002e-04
1.264050000000000069e-04
6.214690000000000632e-05
2.171620000000000055e-05
-1.367880000000000022e-05
-4.999050000000000189e-05
-7.387530000000000062e-05
-8.766499999999999499e-05
-1.005250000000000040e-04
-1.022199999999999937e-04
-7.438669999999999712e-05
-4.250429999999999893e-05
-2.671620000000000011e-05
-6.360539999999999753e-06
1.735920000000000144e-05
3.232830000000000014e-05
4.310810000000000152e-05
5.191860000000000127e-05
6.267610000000000119e-05
8.090240000000000658e-05
9.620569999999999946e-05
1.008510000000000005e-04
1.016159999999999975e-04
1.001960000000000009e-04
9.553549999999999358e-05
8.779539999999999632e-05
7.578969999999999707e-05
6.181540000000000450e-05
4.803959999999999996e-05
3.323500000000000282e-05
1.757769999999999943e-05
1.935099999999999904e-06
-1.406009999999999943e-05
-2.894610000000000057e-05
-4.189610000000000025e-05
-5.701089999999999993e-05
-7.389450000000000207e-05
-8.699199999999999652e-05
-9.674519999999999658e-05
-1.050259999999999936e-04
-1.111620000000000040e-04
-1.148450000000000024e-04
-1.156500000000000057e-04
-1.138810000000000028e-04
-1.100490000000000029e-04
-1.042140000000000021e-04
-9.708109999999999450e-05
-8.946689999999999547e-05
