4.947219999999999569e-03
4.899230000000000078e-03
4.847559999999999890e-03
4.795490000000000343e-03
4.738469999999999835e-03
4.681519999999999779e-03
4.621120000000000262e-03
4.565589999999999579e-03
4.514770000000000415e-03
4.474139999999999714e-03
4.425130000000000209e-03
4.346820000000000371e-03
4.224430000000000372e-03
4.069920000000000308e-03
3.887390000000000116e-03
3.683919999999999816e-03
3.497319999999999943e-03
3.404040000000000104e-03
3.414930000000000049e-03
3.493340000000000160e-03
3.564410000000000061e-03
3.567250000000000108e-03
3.493519999999999959e-03
3.393629999999999911e-03
3.296910000000000118e-03
3.201160000000000203e-03
3.080349999999999928e-03
2.939910000000000006e-03
2.785240000000000025e-03
2.630139999999999995e-03
2.468339999999999857e-03
2.306959999999999827e-03
2.141109999999999888e-03
1.975639999999999862e-03
1.801679999999999948e-03
1.624620000000000014e-03
1.437389999999999978e-03
1.247660000000000045e-03
1.049889999999999938e-03
8.714960000000000328e-04
7.185279999999999619e-04
5.824940000000000239e-04
3.446060000000000139e-04
-1.070659999999999944e-04
-7.537110000000000077e-04
-1.456360000000000076e-03
-1.693459999999999931e-03
-8.158329999999999662e-04
1.072720000000000097e-03
3.040000000000000167e-03
3.605609999999999978e-03
2.378240000000000215e-03
2.983910000000000100e-04
-1.421189999999999910e-03
-2.363779999999999788e-03
-2.750830000000000115e-03
-2.860829999999999970e-03
-2.898369999999999939e-03
-2.912679999999999957e-03
-2.790270000000000077e-03
-2.444990000000000184e-03
-1.964210000000000088e-03
-1.430990000000000040e-03
-5.176490000000000171e-04
1.068729999999999940e-03
2.282370000000000145e-03
1.979299999999999810e-03
3.740729999999999945e-04
-1.486190000000000080e-03
-2.637430000000000069e-03
-2.988160000000000122e-03
-3.063349999999999840e-03
-3.259290000000000190e-03
-3.601060000000000112e-03
-3.949310000000000147e-03
-4.232159999999999568e-03
-4.476220000000000372e-03
-4.705130000000000076e-03
-4.921140000000000063e-03
-5.123729999999999951e-03
-5.317190000000000284e-03
-5.506760000000000300e-03
-5.690950000000000175e-03
-5.696999999999999807e-03
-5.302519999999999803e-03
-4.548220000000000388e-03
-3.728389999999999829e-03
-3.143980000000000212e-03
-2.829309999999999811e-03
-2.610050000000000044e-03
-2.350269999999999790e-03
-2.038079999999999840e-03
-1.794589999999999987e-03
-1.764310000000000054e-03
-1.936870000000000041e-03
-2.179679999999999812e-03
-2.397199999999999939e-03
-2.582380000000000005e-03
-2.851849999999999958e-03
-3.289770000000000021e-03
-3.833839999999999817e-03
-4.379329999999999855e-03
-4.665220000000000304e-03
-4.567210000000000367e-03
-4.258760000000000323e-03
-3.939670000000000151e-03
-3.690590000000000103e-03
-3.466139999999999933e-03
-3.223890000000000089e-03
-2.954819999999999929e-03
-2.673589999999999994e-03
-2.168929999999999903e-03
-1.211119999999999992e-03
1.102650000000000022e-04
1.529580000000000002e-03
2.878680000000000214e-03
4.137649999999999662e-03
5.020010000000000097e-03
4.616069999999999895e-03
2.659749999999999788e-03
-3.087229999999999917e-05
-2.633649999999999967e-03
-4.299260000000000061e-03
-4.757579999999999969e-03
-4.505499999999999956e-03
-3.757889999999999842e-03
-2.512659999999999894e-03
-9.813650000000001018e-04
5.636940000000000006e-04
1.152910000000000046e-03
6.811269999999999586e-05
-2.168090000000000121e-03
-4.623060000000000017e-03
-6.805409999999999585e-03
-8.738620000000000762e-03
-9.463950000000000487e-03
-8.273620000000000627e-03
-5.985619999999999656e-03
-3.536060000000000158e-03
-5.169830000000000475e-04
4.099059999999999857e-03
6.912729999999999743e-03
4.535759999999999792e-03
-1.653890000000000091e-03
-6.394170000000000235e-03
-5.661239999999999675e-03
-6.730570000000000172e-04
5.221039999999999709e-03
1.012760000000000049e-02
1.425150000000000028e-02
1.735329999999999859e-02
1.772100000000000064e-02
1.486089999999999980e-02
1.042790000000000036e-02
6.065100000000000352e-03
2.344140000000000199e-03
-6.049189999999999862e-04
-2.767840000000000144e-03
-4.548100000000000233e-03
-5.721669999999999881e-03
-5.795459999999999674e-03
-4.831349999999999881e-03
-3.513029999999999885e-03
-2.255650000000000103e-03
-6.255829999999999768e-04
2.278060000000000154e-03
6.298820000000000113e-03
1.035379999999999981e-02
1.129870000000000006e-02
7.758759999999999962e-03
1.840309999999999949e-03
-4.032980000000000245e-03
-8.982290000000000413e-03
-1.251419999999999963e-02
-1.359460000000000009e-02
-1.234170000000000059e-02
-1.009320000000000009e-02
-7.854250000000000120e-03
-5.790960000000000378e-03
-3.685359999999999938e-03
-1.487800000000000060e-03
6.685960000000000340e-04
2.654099999999999949e-03
4.403080000000000188e-03
5.165549999999999656e-03
4.559399999999999911e-03
3.199720000000000081e-03
1.824380000000000012e-03
9.054879999999999743e-04
7.114709999999999784e-04
1.122820000000000068e-03
1.730420000000000092e-03
1.887699999999999968e-03
9.555359999999999939e-04
-9.575879999999999939e-04
-3.203679999999999983e-03
-5.254420000000000097e-03
-6.921590000000000034e-03
-8.321689999999999643e-03
-9.326299999999999174e-03
-9.600839999999999375e-03
-9.215529999999999555e-03
-8.566729999999999831e-03
-7.994239999999999680e-03
-8.338939999999999547e-03
-1.111700000000000015e-02
-1.645579999999999959e-02
-2.284780000000000144e-02
-2.895330000000000126e-02
-3.302150000000000224e-02
-3.233029999999999932e-02
-2.680159999999999834e-02
-2.067770000000000025e-02
-1.815620000000000081e-02
-1.937020000000000061e-02
-2.172320000000000154e-02
-2.328670000000000045e-02
-2.300479999999999886e-02
-2.101350000000000093e-02
-1.840040000000000078e-02
-1.592079999999999884e-02
-1.370210000000000004e-02
-1.158400000000000055e-02
-9.438979999999999593e-03
-7.272999999999999951e-03
-5.159900000000000250e-03
-3.207339999999999931e-03
-2.157050000000000200e-03
-2.393090000000000061e-03
-3.323389999999999851e-03
-4.278879999999999663e-03
-5.012159999999999879e-03
-5.638230000000000151e-03
-5.925620000000000366e-03
-5.547479999999999599e-03
-4.808530000000000096e-03
-4.618159999999999626e-03
-5.341420000000000369e-03
-6.536420000000000251e-03
-7.712880000000000083e-03
-8.717269999999999186e-03
-9.780109999999999845e-03
-1.118859999999999993e-02
-1.285009999999999972e-02
-1.452739999999999934e-02
-1.615070000000000047e-02
-1.779839999999999894e-02
-1.952150000000000066e-02
-2.125929999999999834e-02
-2.253389999999999907e-02
-2.255189999999999972e-02
-2.126329999999999887e-02
-1.937809999999999880e-02
-1.759840000000000015e-02
-1.642249999999999960e-02
-1.614679999999999935e-02
-1.657760000000000136e-02
-1.726039999999999866e-02
-1.776180000000000120e-02
-1.792180000000000162e-02
-1.787470000000000031e-02
-1.756479999999999847e-02
-1.641559999999999894e-02
-1.422759999999999997e-02
-1.147680000000000054e-02
-8.262620000000000034e-03
-3.079360000000000170e-03
4.811199999999999852e-03
1.381289999999999948e-02
2.213019999999999918e-02
2.921620000000000120e-02
3.501610000000000139e-02
3.972710000000000130e-02
4.393310000000000271e-02
4.802379999999999843e-02
5.156770000000000104e-02
5.397269999999999845e-02
5.548489999999999672e-02
5.602349999999999691e-02
5.410940000000000194e-02
4.916559999999999681e-02
4.272070000000000034e-02
3.637420000000000236e-02
3.218189999999999940e-02
3.108640000000000014e-02
3.188769999999999799e-02
3.220560000000000089e-02
3.050150000000000083e-02
2.729890000000000094e-02
2.383530000000000024e-02
1.998739999999999892e-02
1.492869999999999961e-02
8.140069999999999251e-03
-7.656019999999999926e-04
-1.114459999999999930e-02
-2.167190000000000089e-02
-2.715359999999999996e-02
-2.358700000000000033e-02
-1.373779999999999966e-02
-2.651259999999999901e-03
6.184199999999999940e-03
1.236519999999999980e-02
1.734720000000000012e-02
2.239529999999999993e-02
2.678269999999999956e-02
2.966950000000000143e-02
3.156040000000000234e-02
3.450530000000000264e-02
4.130140000000000200e-02
5.199369999999999686e-02
6.209139999999999798e-02
6.707860000000000211e-02
6.718979999999999397e-02
6.579450000000000576e-02
6.691020000000000301e-02
7.240820000000000589e-02
8.067349999999999521e-02
8.926520000000000288e-02
9.683559999999999390e-02
1.006090000000000040e-01
9.775860000000000105e-02
8.968810000000000671e-02
8.002979999999999816e-02
7.116799999999999515e-02
6.147079999999999905e-02
4.760749999999999704e-02
2.928640000000000063e-02
9.357890000000000652e-03
-9.380450000000000246e-03
-2.580970000000000139e-02
-4.076079999999999981e-02
-5.390489999999999865e-02
-6.349440000000000639e-02
-6.937980000000000536e-02
-7.370110000000000550e-02
-7.810290000000000288e-02
-8.238199999999999690e-02
-8.150609999999999800e-02
-7.288390000000000146e-02
-6.009430000000000327e-02
-4.898519999999999958e-02
-4.380350000000000216e-02
-4.359060000000000018e-02
-4.472450000000000037e-02
-4.386079999999999840e-02
-3.998059999999999808e-02
-3.453640000000000182e-02
-2.915449999999999986e-02
-2.433899999999999952e-02
-1.976369999999999863e-02
-1.510069999999999989e-02
-1.036310000000000009e-02
-6.769670000000000201e-03
-6.531679999999999778e-03
-9.879040000000000391e-03
-1.474089999999999949e-02
-1.937209999999999974e-02
-2.323580000000000090e-02
-2.553069999999999992e-02
-2.452359999999999957e-02
-2.029270000000000032e-02
-1.470370000000000010e-02
-9.386230000000000614e-03
-4.639869999999999932e-03
-9.591090000000000357e-05
4.558279999999999624e-03
9.251389999999999961e-03
1.387230000000000060e-02
1.825610000000000080e-02
2.237329999999999874e-02
2.622880000000000003e-02
2.999800000000000036e-02
3.370469999999999716e-02
3.647729999999999723e-02
3.466160000000000074e-02
2.681139999999999912e-02
1.512750000000000032e-02
-2.518350000000000037e-04
-1.527039999999999995e-02
-2.097339999999999968e-02
-1.558030000000000005e-02
-5.082040000000000342e-03
4.592859999999999825e-03
9.941429999999999365e-03
6.408230000000000003e-03
-6.261769999999999836e-03
-2.126839999999999981e-02
-3.145810000000000273e-02
-3.577629999999999699e-02
-3.792500000000000038e-02
-4.078269999999999812e-02
-4.326950000000000240e-02
-4.218149999999999678e-02
-3.727540000000000020e-02
-3.328869999999999746e-02
-3.390619999999999745e-02
-3.196220000000000311e-02
-1.828689999999999830e-02
5.355160000000000302e-03
2.809920000000000126e-02
4.333970000000000183e-02
5.262440000000000173e-02
6.007409999999999833e-02
6.827149999999999885e-02
7.684249999999999414e-02
8.057250000000000523e-02
7.584860000000000213e-02
6.593400000000000649e-02
5.521299999999999819e-02
4.361860000000000043e-02
2.556790000000000104e-02
-4.054479999999999846e-04
-2.991740000000000024e-02
-5.324489999999999779e-02
-5.853749999999999926e-02
-4.540290000000000298e-02
-2.525509999999999908e-02
-1.051610000000000045e-02
-1.085930000000000055e-02
-2.442700000000000080e-02
-4.199730000000000130e-02
-4.532030000000000086e-02
-2.509050000000000169e-02
8.129930000000000490e-03
3.435830000000000134e-02
4.447639999999999927e-02
4.586559999999999943e-02
4.330490000000000034e-02
3.513070000000000082e-02
2.078380000000000158e-02
3.502910000000000138e-03
-1.312879999999999950e-02
-2.755530000000000132e-02
-4.073829999999999812e-02
-5.371390000000000192e-02
-6.517299999999999482e-02
-6.748579999999999857e-02
-5.750630000000000325e-02
-4.133119999999999850e-02
-2.888440000000000105e-02
-2.794380000000000128e-02
-3.681870000000000281e-02
-4.690470000000000056e-02
-5.181369999999999726e-02
-5.219519999999999715e-02
-5.165879999999999778e-02
-5.231199999999999739e-02
-5.284160000000000246e-02
-5.168760000000000021e-02
-4.901649999999999757e-02
-4.614080000000000265e-02
-4.411869999999999681e-02
-4.478370000000000267e-02
-4.844849999999999851e-02
-5.292059999999999820e-02
-5.531049999999999855e-02
-5.507059999999999733e-02
-5.304249999999999937e-02
-4.954870000000000108e-02
-4.248409999999999687e-02
-3.100299999999999931e-02
-1.729189999999999894e-02
-3.745099999999999905e-03
8.650919999999999443e-03
1.473559999999999974e-02
8.984950000000000228e-03
-6.109169999999999705e-03
-2.389200000000000004e-02
-4.006939999999999807e-02
-5.450739999999999752e-02
-6.608909999999999785e-02
-7.381260000000000598e-02
-7.912099999999999689e-02
-8.292380000000000584e-02
-7.873660000000000381e-02
-6.212990000000000179e-02
-3.866379999999999817e-02
-1.528249999999999921e-02
-4.369930000000000168e-03
-1.175690000000000068e-02
-2.969429999999999986e-02
-4.317000000000000004e-02
-4.159970000000000334e-02
-2.786330000000000057e-02
-1.121190000000000034e-02
2.947840000000000182e-03
1.304750000000000007e-02
1.730009999999999881e-02
1.613840000000000066e-02
1.466300000000000069e-02
1.529319999999999985e-02
1.620889999999999831e-02
1.564600000000000019e-02
1.393699999999999974e-02
1.291280000000000032e-02
1.663509999999999989e-02
2.621750000000000122e-02
3.688810000000000006e-02
3.832880000000000315e-02
2.672389999999999835e-02
8.771179999999999949e-03
-6.900970000000000194e-03
-1.330309999999999999e-02
-1.077739999999999948e-02
-6.232099999999999966e-03
-5.675829999999999764e-03
-9.568899999999999975e-03
-1.471120000000000066e-02
-1.880530000000000049e-02
-1.730299999999999894e-02
-7.615880000000000219e-03
6.990930000000000234e-03
2.212050000000000127e-02
3.579670000000000074e-02
4.840789999999999677e-02
6.079400000000000082e-02
7.328510000000000579e-02
8.573790000000000577e-02
9.790959999999999941e-02
1.098039999999999988e-01
1.214490000000000014e-01
1.327419999999999989e-01
1.432319999999999982e-01
1.532169999999999921e-01
1.624289999999999901e-01
1.667289999999999883e-01
1.570350000000000079e-01
1.319400000000000017e-01
9.998170000000000668e-02
6.913500000000000201e-02
4.118139999999999995e-02
1.445450000000000033e-02
-9.273730000000000862e-03
-1.540960000000000073e-02
2.791660000000000062e-03
3.380040000000000128e-02
6.474439999999999362e-02
9.112439999999999429e-02
1.156350000000000017e-01
1.405750000000000055e-01
1.664509999999999879e-01
1.893880000000000008e-01
2.052190000000000125e-01
2.148670000000000024e-01
2.223199999999999898e-01
2.268310000000000048e-01
2.173740000000000117e-01
1.897189999999999988e-01
1.530839999999999979e-01
1.214390000000000053e-01
1.015729999999999966e-01
8.900310000000000166e-02
7.704310000000000325e-02
6.287969999999999671e-02
4.838510000000000033e-02
3.528450000000000336e-02
2.356950000000000017e-02
9.253539999999999335e-03
-1.386339999999999968e-02
-4.474990000000000218e-02
-6.973740000000000494e-02
-8.075780000000000458e-02
-8.302460000000000395e-02
-8.402489999999999959e-02
-8.630720000000000058e-02
-8.879159999999999831e-02
-8.838680000000000148e-02
-8.229110000000000591e-02
-7.123409999999999465e-02
-5.865030000000000243e-02
-4.669740000000000002e-02
-3.574660000000000337e-02
-2.680799999999999850e-02
-2.741999999999999993e-02
-4.098840000000000122e-02
-6.139470000000000344e-02
-8.181839999999999946e-02
-9.997190000000000243e-02
-1.172300000000000009e-01
-1.345510000000000039e-01
-1.503279999999999894e-01
-1.634549999999999892e-01
-1.751659999999999884e-01
-1.865140000000000131e-01
-1.981070000000000053e-01
-2.099159999999999915e-01
-2.215139999999999887e-01
-2.285820000000000074e-01
-2.257470000000000032e-01
-2.141450000000000020e-01
-1.995159999999999989e-01
-1.848529999999999895e-01
-1.700800000000000090e-01
-1.546579999999999899e-01
-1.385240000000000082e-01
-1.223849999999999938e-01
-1.015930000000000027e-01
-6.956439999999999846e-02
-2.757350000000000079e-02
1.758010000000000128e-02
6.097999999999999948e-02
1.020800000000000041e-01
1.422029999999999961e-01
1.765529999999999877e-01
1.968370000000000120e-01
2.041810000000000014e-01
2.060099999999999987e-01
2.078510000000000080e-01
2.087950000000000084e-01
2.053039999999999865e-01
1.970419999999999949e-01
1.824580000000000091e-01
1.547820000000000029e-01
1.136130000000000057e-01
6.853650000000000020e-02
3.199620000000000242e-02
7.339779999999999742e-03
-1.143519999999999953e-02
-2.705019999999999994e-02
-3.886209999999999665e-02
-4.679139999999999688e-02
-4.826369999999999966e-02
-4.270489999999999703e-02
-3.229130000000000195e-02
-1.966350000000000042e-02
-1.285410000000000025e-02
-2.281000000000000041e-02
-4.930709999999999954e-02
-8.207449999999999468e-02
-1.102729999999999960e-01
-1.292760000000000020e-01
-1.418349999999999889e-01
-1.493919999999999970e-01
-1.442809999999999926e-01
-1.232219999999999982e-01
-9.384480000000000599e-02
-6.444610000000000616e-02
-3.817260000000000097e-02
-1.353970000000000000e-02
6.257620000000000196e-03
1.590729999999999922e-02
1.451679999999999984e-02
4.282910000000000016e-03
-1.061630000000000039e-02
-2.632390000000000077e-02
-4.128149999999999875e-02
-5.573460000000000220e-02
-7.014389999999999514e-02
-8.452379999999999616e-02
-9.848800000000000610e-02
-1.093520000000000048e-01
-1.043390000000000012e-01
-7.779500000000000304e-02
-4.011109999999999676e-02
-2.561170000000000200e-03
3.077310000000000115e-02
6.149960000000000149e-02
7.482070000000000387e-02
5.820800000000000279e-02
3.429009999999999697e-02
2.796440000000000037e-02
3.885600000000000165e-02
5.368300000000000155e-02
6.388919999999999322e-02
7.065680000000000571e-02
8.246370000000000089e-02
1.047450000000000048e-01
1.324500000000000122e-01
1.556589999999999918e-01
1.705490000000000061e-01
1.808379999999999987e-01
1.810519999999999907e-01
1.592020000000000102e-01
1.192830000000000001e-01
8.082119999999999582e-02
5.503029999999999727e-02
3.873530000000000029e-02
2.653530000000000125e-02
1.620730000000000087e-02
7.662010000000000348e-03
1.755360000000000080e-03
-2.068710000000000080e-03
-5.186979999999999889e-03
-8.537120000000000472e-03
-1.129259999999999986e-02
-1.226969999999999970e-02
-1.162469999999999996e-02
-1.048050000000000023e-02
-9.524090000000000680e-03
-7.594039999999999818e-03
-3.571369999999999927e-03
1.771110000000000002e-03
7.271350000000000209e-03
1.228369999999999983e-02
1.695989999999999998e-02
2.137410000000000004e-02
2.556570000000000023e-02
2.955680000000000113e-02
3.347180000000000294e-02
3.716180000000000178e-02
3.707209999999999672e-02
2.825089999999999893e-02
1.163909999999999945e-02
-7.708770000000000205e-03
-2.595149999999999887e-02
-4.240080000000000238e-02
-5.097829999999999723e-02
-4.449750000000000233e-02
-2.568770000000000081e-02
-3.054700000000000037e-03
1.766250000000000112e-02
3.621300000000000213e-02
5.448479999999999990e-02
7.319340000000000568e-02
8.640409999999999757e-02
8.454140000000000266e-02
6.758909999999999918e-02
4.471710000000000268e-02
2.335349999999999926e-02
6.476580000000000011e-03
-6.318200000000000378e-03
-1.698730000000000032e-02
-2.733910000000000159e-02
-3.783679999999999682e-02
-4.851749999999999813e-02
-5.891110000000000096e-02
-6.763700000000000268e-02
-6.192890000000000200e-02
-3.475980000000000042e-02
4.189420000000000123e-03
4.314749999999999835e-02
7.201459999999999806e-02
8.858910000000000395e-02
9.800820000000000365e-02
9.644669999999999632e-02
8.013290000000000690e-02
5.546829999999999816e-02
2.820370000000000169e-02
6.478169999999999675e-04
-2.731710000000000041e-02
-5.552599999999999897e-02
-8.354399999999999327e-02
-1.067499999999999977e-01
-1.224910000000000027e-01
-1.337609999999999910e-01
-1.424870000000000025e-01
-1.474419999999999897e-01
-1.484739999999999949e-01
-1.401739999999999930e-01
-1.164039999999999936e-01
-8.164140000000000286e-02
-4.997830000000000328e-02
-2.944470000000000073e-02
-1.570919999999999955e-02
1.462020000000000073e-04
2.432489999999999999e-02
4.601269999999999666e-02
5.108059999999999684e-02
4.109600000000000058e-02
2.658459999999999990e-02
1.368250000000000022e-02
4.105290000000000263e-04
-1.581460000000000157e-02
-3.196369999999999767e-02
-4.241319999999999812e-02
-4.656679999999999847e-02
-4.782840000000000008e-02
-4.872309999999999836e-02
-4.952689999999999870e-02
-4.972370000000000262e-02
-4.734619999999999801e-02
-4.162930000000000103e-02
-3.425600000000000173e-02
-2.704530000000000128e-02
-2.243619999999999989e-02
-2.257520000000000013e-02
-2.668389999999999998e-02
-3.200580000000000092e-02
-3.704579999999999679e-02
-4.552230000000000165e-02
-5.865109999999999768e-02
-6.003719999999999890e-02
-3.894740000000000008e-02
-4.226409999999999889e-03
3.126160000000000050e-02
6.176369999999999777e-02
8.277510000000000423e-02
9.285640000000000560e-02
1.009310000000000068e-01
1.164950000000000013e-01
1.411850000000000049e-01
1.691020000000000023e-01
1.925880000000000092e-01
2.075100000000000000e-01
2.171069999999999944e-01
2.204550000000000121e-01
2.135499999999999898e-01
1.982230000000000103e-01
1.805460000000000120e-01
1.599019999999999886e-01
1.310810000000000031e-01
9.420280000000000320e-02
5.444149999999999684e-02
1.670419999999999891e-02
-1.655699999999999880e-02
-4.599500000000000116e-02
-7.367490000000000150e-02
-9.133660000000000390e-02
-8.993370000000000530e-02
-7.405539999999999345e-02
-5.442840000000000178e-02
-3.757920000000000010e-02
-2.327260000000000092e-02
-1.258650000000000047e-02
-1.496480000000000032e-02
-3.441369999999999846e-02
-6.190020000000000244e-02
-8.687699999999999589e-02
-1.054790000000000033e-01
-1.207079999999999959e-01
-1.326990000000000114e-01
-1.411409999999999887e-01
-1.469840000000000035e-01
-1.523430000000000062e-01
-1.579520000000000091e-01
-1.636900000000000022e-01
-1.687049999999999939e-01
-1.736070000000000113e-01
-1.786669999999999925e-01
-1.834480000000000000e-01
-1.834429999999999950e-01
-1.735339999999999938e-01
-1.545169999999999877e-01
-1.323400000000000132e-01
-1.116370000000000001e-01
-9.827299999999999924e-02
-9.295810000000000184e-02
-8.843030000000000335e-02
-7.461879999999999902e-02
-5.082969999999999849e-02
-2.289040000000000172e-02
4.093460000000000154e-03
4.444120000000000015e-02
9.921230000000000326e-02
1.518839999999999912e-01
1.899609999999999910e-01
2.128440000000000054e-01
2.222750000000000004e-01
2.186009999999999898e-01
2.088560000000000139e-01
2.008929999999999882e-01
1.980119999999999936e-01
1.938650000000000095e-01
1.734900000000000053e-01
1.316690000000000083e-01
8.217230000000000367e-02
3.783020000000000133e-02
1.003839999999999984e-03
-2.906289999999999915e-02
-5.120530000000000220e-02
-6.780379999999999741e-02
-8.210230000000000306e-02
-9.691479999999999539e-02
-1.120879999999999932e-01
-1.270699999999999885e-01
-1.351960000000000106e-01
-1.330679999999999918e-01
-1.249519999999999936e-01
-1.162409999999999971e-01
-1.055590000000000001e-01
-8.847109999999999697e-02
-6.479210000000000524e-02
-3.888429999999999664e-02
-1.384720000000000048e-02
9.505730000000000429e-03
3.140570000000000167e-02
4.124579999999999913e-02
3.264920000000000322e-02
1.353030000000000031e-02
-3.605580000000000156e-03
-1.238739999999999980e-02
-1.466300000000000069e-02
-1.416489999999999937e-02
-1.318139999999999937e-02
-1.001480000000000078e-02
-1.392430000000000057e-03
1.227840000000000008e-02
2.769730000000000109e-02
4.233869999999999995e-02
5.596809999999999979e-02
6.930519999999999736e-02
8.277829999999999910e-02
9.616370000000000473e-02
1.093670000000000059e-01
1.177979999999999999e-01
1.148010000000000003e-01
1.013720000000000038e-01
8.450069999999999804e-02
6.899429999999999452e-02
5.530600000000000099e-02
4.178960000000000313e-02
2.794570000000000040e-02
1.791219999999999965e-02
1.924820000000000003e-02
3.213980000000000309e-02
4.979309999999999986e-02
6.628539999999999432e-02
8.059589999999999810e-02
9.431549999999999656e-02
1.085340000000000055e-01
1.141830000000000067e-01
1.023440000000000044e-01
7.851560000000000483e-02
5.647030000000000105e-02
4.297809999999999825e-02
3.458520000000000344e-02
2.565049999999999969e-02
9.765420000000000350e-03
-1.658789999999999917e-02
-4.938739999999999797e-02
-8.191120000000000345e-02
-9.697870000000000101e-02
-8.679109999999999603e-02
-6.319800000000000417e-02
-3.954980000000000301e-02
-2.085940000000000016e-02
-1.018409999999999975e-02
-1.536049999999999915e-02
-3.641110000000000180e-02
-6.171419999999999684e-02
-7.458030000000000215e-02
-7.044970000000000399e-02
-6.264980000000000548e-02
-6.258089999999999486e-02
-6.952260000000000384e-02
-7.731119999999999659e-02
-8.211469999999999880e-02
-8.419369999999999632e-02
-8.592160000000000075e-02
-8.841440000000000410e-02
-9.406440000000000634e-02
-1.050449999999999995e-01
-1.204169999999999963e-01
-1.370500000000000052e-01
-1.533680000000000043e-01
-1.689779999999999893e-01
-1.854879999999999862e-01
-2.041169999999999929e-01
-2.219369999999999954e-01
-2.260189999999999977e-01
-2.105009999999999937e-01
-1.846399999999999986e-01
-1.669599999999999973e-01
-1.703699999999999937e-01
-1.896839999999999915e-01
-2.047690000000000066e-01
-1.954510000000000136e-01
-1.643999999999999906e-01
-1.374279999999999946e-01
-1.294240000000000113e-01
-1.339039999999999953e-01
-1.323419999999999874e-01
-1.172460000000000030e-01
-9.912559999999999427e-02
-8.490399999999999336e-02
-5.292249999999999732e-02
-1.009239999999999964e-02
1.343289999999999935e-02
1.360379999999999923e-02
4.175250000000000142e-03
-5.753820000000000419e-04
4.441979999999999887e-03
2.949070000000000163e-02
7.420169999999999544e-02
1.166480000000000017e-01
1.403639999999999888e-01
1.509260000000000046e-01
1.601809999999999901e-01
1.741510000000000002e-01
1.894000000000000128e-01
2.018189999999999984e-01
2.111040000000000139e-01
2.204069999999999918e-01
2.308129999999999904e-01
2.504489999999999772e-01
2.835590000000000055e-01
3.198349999999999804e-01
3.471270000000000189e-01
3.645430000000000059e-01
3.758779999999999899e-01
3.789139999999999731e-01
3.693159999999999776e-01
3.497149999999999981e-01
3.265719999999999734e-01
3.036679999999999935e-01
2.798610000000000264e-01
2.542929999999999913e-01
2.118950000000000000e-01
1.497340000000000060e-01
9.526220000000000521e-02
6.956519999999999371e-02
6.672350000000000503e-02
6.879810000000000092e-02
6.573529999999999651e-02
5.443540000000000184e-02
3.508209999999999801e-02
1.033479999999999989e-02
-1.858709999999999876e-02
-5.190260000000000012e-02
-8.854810000000000458e-02
-1.246290000000000037e-01
-1.557989999999999930e-01
-1.810680000000000067e-01
-2.006100000000000105e-01
-2.105869999999999964e-01
-2.100229999999999875e-01
-2.052450000000000108e-01
-2.039569999999999994e-01
-2.080059999999999965e-01
-2.144199999999999995e-01
-2.188789999999999902e-01
-2.164550000000000085e-01
-2.072660000000000058e-01
-1.957099999999999951e-01
-1.848450000000000093e-01
-1.768699999999999994e-01
-1.728000000000000091e-01
-1.711789999999999978e-01
-1.695170000000000010e-01
-1.667959999999999998e-01
-1.650739999999999985e-01
-1.685250000000000081e-01
-1.777430000000000121e-01
-1.887759999999999994e-01
-1.935590000000000088e-01
-1.829729999999999968e-01
-1.584639999999999938e-01
-1.299019999999999897e-01
-1.100409999999999999e-01
-1.019980000000000053e-01
-9.890590000000000492e-02
-7.405870000000000508e-02
-2.791520000000000112e-02
1.157039999999999978e-02
3.441179999999999933e-02
4.810389999999999805e-02
7.498059999999999448e-02
1.203749999999999959e-01
1.548339999999999994e-01
1.570870000000000044e-01
1.384809999999999930e-01
1.181519999999999931e-01
1.050279999999999964e-01
9.305750000000000133e-02
7.105350000000000554e-02
3.861690000000000261e-02
1.355890000000000047e-02
5.467579999999999663e-03
8.148539999999999256e-03
1.085960000000000050e-02
9.359910000000000799e-03
2.536870000000000097e-03
-7.684250000000000108e-03
-1.913389999999999883e-02
-3.004820000000000060e-02
-4.076500000000000262e-02
-5.108700000000000047e-02
-5.959369999999999945e-02
-5.407680000000000126e-02
-2.892950000000000035e-02
6.930610000000000243e-03
4.262110000000000204e-02
7.457769999999999677e-02
1.044830000000000064e-01
1.295530000000000015e-01
1.368659999999999877e-01
1.234060000000000018e-01
1.071369999999999961e-01
1.077130000000000032e-01
1.256099999999999994e-01
1.491129999999999955e-01
1.688260000000000038e-01
1.796840000000000104e-01
1.770670000000000022e-01
1.631670000000000065e-01
1.478649999999999964e-01
1.410569999999999879e-01
1.429449999999999887e-01
1.482539999999999969e-01
1.519389999999999907e-01
1.537860000000000060e-01
1.550960000000000116e-01
1.599140000000000006e-01
1.689819999999999933e-01
1.802330000000000043e-01
1.810539999999999927e-01
1.642770000000000064e-01
1.372389999999999999e-01
1.099989999999999996e-01
8.643230000000000357e-02
6.481629999999999336e-02
4.286059999999999870e-02
3.220039999999999708e-02
4.370700000000000279e-02
7.135379999999999501e-02
1.023310000000000053e-01
1.291849999999999943e-01
1.416530000000000011e-01
1.317939999999999945e-01
1.056269999999999987e-01
7.523420000000000107e-02
4.705489999999999673e-02
2.073490000000000055e-02
-5.785870000000000249e-03
-3.371009999999999979e-02
-6.345220000000000027e-02
-9.395349999999999535e-02
-1.157389999999999947e-01
-1.227479999999999960e-01
-1.212369999999999975e-01
-1.191439999999999999e-01
-1.230409999999999976e-01
-1.361739999999999895e-01
-1.564689999999999970e-01
-1.779439999999999911e-01
-1.879709999999999992e-01
-1.803250000000000131e-01
-1.638709999999999889e-01
-1.470009999999999928e-01
-1.334660000000000013e-01
-1.207939999999999986e-01
-1.056180000000000035e-01
-8.510620000000000684e-02
-6.213810000000000167e-02
-3.901480000000000226e-02
-2.484810000000000144e-02
-2.903050000000000075e-02
-5.123189999999999689e-02
-7.920270000000000088e-02
-1.059839999999999949e-01
-1.291170000000000095e-01
-1.539409999999999945e-01
-1.771709999999999952e-01
-1.973870000000000069e-01
-2.155610000000000026e-01
-2.861349999999999727e-01
-3.723489999999999855e-01
-3.898760000000000003e-01
-3.402640000000000109e-01
-2.689489999999999936e-01
-2.122130000000000127e-01
-1.694529999999999925e-01
-1.328139999999999876e-01
-1.104500000000000065e-01
-1.115320000000000061e-01
-1.265820000000000001e-01
-1.441449999999999954e-01
-1.554069999999999896e-01
-1.593070000000000042e-01
-1.580830000000000013e-01
-1.563499999999999890e-01
-1.548200000000000132e-01
-1.538990000000000080e-01
-1.544659999999999922e-01
-1.581069999999999975e-01
-1.632020000000000137e-01
-1.686640000000000084e-01
-1.733870000000000133e-01
-1.789749999999999952e-01
-1.879059999999999897e-01
-2.013610000000000122e-01
-2.174290000000000112e-01
-2.353860000000000119e-01
-2.537369999999999903e-01
-2.673780000000000046e-01
-2.654869999999999730e-01
-2.473930000000000018e-01
-2.220870000000000066e-01
-1.981549999999999978e-01
-1.773309999999999886e-01
-1.577409999999999923e-01
-1.373459999999999959e-01
-1.168330000000000063e-01
-9.758809999999999707e-02
-8.767110000000000181e-02
-9.292580000000000284e-02
-1.087250000000000022e-01
-1.260449999999999904e-01
-1.419880000000000031e-01
-1.597999999999999976e-01
-1.775450000000000084e-01
-1.886899999999999966e-01
-1.916569999999999940e-01
-1.879210000000000047e-01
-1.804669999999999885e-01
-1.720270000000000132e-01
-1.616380000000000039e-01
-1.476880000000000137e-01
-1.315820000000000045e-01
-1.154599999999999932e-01
-1.048189999999999955e-01
-1.051789999999999947e-01
-1.149720000000000047e-01
-1.272480000000000000e-01
-1.379080000000000028e-01
-1.467930000000000068e-01
-1.489510000000000001e-01
-1.343709999999999904e-01
-1.031239999999999934e-01
-6.314989999999999493e-02
-8.318819999999999340e-03
6.704939999999999511e-02
1.541530000000000122e-01
2.416260000000000074e-01
3.182059999999999889e-01
3.757960000000000189e-01
4.134479999999999822e-01
4.365229999999999944e-01
4.524469999999999881e-01
4.549500000000000210e-01
4.375499999999999945e-01
4.089010000000000145e-01
3.791680000000000050e-01
3.531119999999999814e-01
3.303579999999999850e-01
3.211030000000000273e-01
3.311890000000000112e-01
3.518789999999999973e-01
3.670660000000000034e-01
3.635669999999999735e-01
3.429599999999999871e-01
3.169210000000000083e-01
2.932580000000000187e-01
2.726069999999999882e-01
2.525029999999999775e-01
2.316159999999999886e-01
2.102980000000000127e-01
1.938469999999999915e-01
1.944639999999999980e-01
2.149069999999999869e-01
2.446879999999999888e-01
2.687559999999999949e-01
2.785349999999999770e-01
2.823080000000000034e-01
2.919459999999999833e-01
3.087289999999999757e-01
3.202999999999999736e-01
3.190959999999999908e-01
3.096579999999999888e-01
2.998500000000000054e-01
2.929899999999999727e-01
2.877560000000000118e-01
2.889459999999999806e-01
3.019830000000000014e-01
3.229810000000000181e-01
3.453970000000000096e-01
3.655919999999999725e-01
3.883289999999999798e-01
4.083450000000000135e-01
4.171300000000000008e-01
4.161190000000000166e-01
4.115679999999999894e-01
4.054200000000000026e-01
3.960339999999999971e-01
3.840370000000000172e-01
3.705829999999999957e-01
3.510030000000000094e-01
3.091269999999999851e-01
2.502849999999999797e-01
2.064400000000000124e-01
1.919929999999999970e-01
1.942570000000000130e-01
1.952049999999999896e-01
1.871059999999999945e-01
1.727210000000000134e-01
1.518899999999999972e-01
1.147699999999999970e-01
6.831099999999999672e-02
3.035020000000000079e-02
1.116289999999999991e-02
7.251660000000000050e-03
7.206780000000000304e-03
4.765369999999999676e-03
-1.464290000000000002e-05
-7.392590000000000099e-03
-2.268979999999999955e-02
-4.731429999999999664e-02
-7.650150000000000006e-02
-1.049400000000000055e-01
-1.259309999999999874e-01
-1.294639999999999957e-01
-1.151879999999999987e-01
-9.336990000000000567e-02
-7.263360000000000649e-02
-5.407850000000000157e-02
-3.798760000000000331e-02
-3.027060000000000167e-02
-3.311780000000000279e-02
-4.145320000000000255e-02
-4.945290000000000102e-02
-4.858029999999999987e-02
-3.142099999999999754e-02
-4.877020000000000140e-03
1.036160000000000032e-02
4.824199999999999842e-03
-1.184960000000000006e-02
-2.724620000000000167e-02
-3.403559999999999919e-02
-3.358939999999999843e-02
-3.129280000000000256e-02
-3.032589999999999938e-02
-3.039160000000000125e-02
-3.025260000000000102e-02
-2.890660000000000104e-02
-2.514299999999999868e-02
-1.879279999999999839e-02
-1.142010000000000074e-02
-5.306339999999999668e-03
-3.224289999999999882e-03
-5.099829999999999641e-03
-8.594859999999999306e-03
-1.171129999999999914e-02
-1.419149999999999925e-02
-1.648060000000000150e-02
-1.848669999999999827e-02
-1.966800000000000145e-02
-2.024120000000000086e-02
-2.052729999999999833e-02
-1.996790000000000023e-02
-1.721620000000000095e-02
-1.249920000000000024e-02
-7.297249999999999917e-03
-8.981499999999999900e-03
-2.450830000000000022e-02
-5.102469999999999922e-02
-8.046749999999999736e-02
-1.064510000000000040e-01
-1.273340000000000027e-01
-1.454370000000000107e-01
-1.632939999999999947e-01
-1.817830000000000001e-01
-2.004410000000000081e-01
-2.183789999999999898e-01
-2.320619999999999905e-01
-2.375829999999999886e-01
-2.364090000000000080e-01
-2.337599999999999956e-01
-2.350319999999999909e-01
-2.412509999999999932e-01
-2.493990000000000096e-01
-2.569690000000000030e-01
-2.631870000000000043e-01
-2.686089999999999867e-01
-2.713169999999999749e-01
-2.701470000000000260e-01
-2.666479999999999961e-01
-2.629790000000000183e-01
-2.599589999999999956e-01
-2.573099999999999832e-01
-2.545089999999999852e-01
-2.515229999999999966e-01
-2.484899999999999887e-01
-2.456919999999999937e-01
-2.453470000000000095e-01
-2.494580000000000131e-01
-2.560720000000000218e-01
-2.626870000000000038e-01
-2.684170000000000167e-01
-2.729619999999999824e-01
-2.756919999999999926e-01
-2.728960000000000274e-01
-2.621220000000000216e-01
-2.466969999999999996e-01
-2.249009999999999898e-01
-1.946890000000000009e-01
-1.586490000000000122e-01
-1.214110000000000050e-01
-8.554150000000000642e-02
-5.099929999999999741e-02
-1.677369999999999903e-02
1.740399999999999933e-02
5.140720000000000012e-02
8.478549999999999975e-02
1.178140000000000021e-01
1.500450000000000117e-01
1.818970000000000031e-01
2.134479999999999988e-01
2.450309999999999988e-01
2.758180000000000076e-01
2.986360000000000126e-01
2.907580000000000164e-01
2.460150000000000114e-01
1.865080000000000071e-01
1.428709999999999980e-01
1.253060000000000007e-01
1.199339999999999989e-01
1.131100000000000022e-01
1.013000000000000012e-01
8.846360000000000334e-02
7.724599999999999522e-02
6.689559999999999951e-02
5.227389999999999814e-02
3.140699999999999742e-02
7.445870000000000266e-03
-1.347989999999999952e-02
-2.609430000000000083e-02
-3.058790000000000120e-02
-3.031400000000000067e-02
-2.809880000000000017e-02
-2.571980000000000099e-02
-2.347809999999999828e-02
-2.137479999999999936e-02
-1.920799999999999938e-02
-1.718590000000000048e-02
-1.728000000000000022e-02
-2.308390000000000095e-02
-3.446140000000000314e-02
-4.802929999999999700e-02
-5.978859999999999730e-02
-6.817860000000000587e-02
-7.446189999999999753e-02
-8.056389999999999385e-02
-8.700789999999999913e-02
-9.070499999999999396e-02
-8.491909999999999736e-02
-6.861250000000000682e-02
-4.769360000000000266e-02
-2.753999999999999851e-02
-9.402829999999999175e-03
8.060569999999999541e-03
2.608390000000000014e-02
4.593959999999999710e-02
6.788320000000000465e-02
9.049609999999999599e-02
1.130039999999999933e-01
1.350020000000000109e-01
1.526780000000000082e-01
1.625510000000000010e-01
1.672810000000000130e-01
1.711429999999999896e-01
1.758280000000000121e-01
1.810759999999999870e-01
1.861319999999999919e-01
1.904530000000000112e-01
1.946199999999999875e-01
1.948850000000000027e-01
1.790839999999999932e-01
1.226269999999999999e-01
2.976679999999999951e-02
-5.073860000000000176e-02
-8.943479999999999486e-02
-1.010339999999999988e-01
-1.109990000000000004e-01
-1.268980000000000108e-01
-1.292860000000000120e-01
-1.053430000000000061e-01
-6.566819999999999602e-02
-2.571089999999999834e-02
7.973140000000000088e-03
2.782619999999999885e-02
2.739389999999999881e-02
1.270740000000000064e-02
-5.762380000000000106e-03
-2.171589999999999979e-02
-3.556349999999999789e-02
-4.933669999999999722e-02
-6.407140000000000057e-02
-7.866339999999999444e-02
-8.659959999999999880e-02
-8.068089999999999984e-02
-6.376980000000000148e-02
-4.349150000000000238e-02
-2.522920000000000024e-02
-9.788710000000000813e-03
-5.669640000000000096e-03
-1.762980000000000103e-02
-3.862709999999999755e-02
-5.811220000000000274e-02
-7.121249999999999802e-02
-8.047070000000000611e-02
-8.976240000000000607e-02
-1.001409999999999939e-01
-1.069959999999999939e-01
-1.006660000000000055e-01
-7.953910000000000147e-02
-5.196119999999999906e-02
-2.548030000000000087e-02
-1.825999999999999932e-03
2.085700000000000054e-02
4.191090000000000093e-02
5.905269999999999964e-02
7.264030000000000487e-02
8.457439999999999403e-02
9.643100000000000283e-02
1.016449999999999992e-01
9.118220000000000491e-02
6.694759999999999600e-02
3.835689999999999933e-02
1.189819999999999940e-02
-1.194480000000000021e-02
-3.544259999999999772e-02
-5.962749999999999995e-02
-8.369809999999999750e-02
-9.890599999999999392e-02
-9.592660000000000076e-02
-7.800930000000000364e-02
-5.569969999999999782e-02
-3.656329999999999997e-02
-2.470100000000000073e-02
-1.952260000000000106e-02
-1.512289999999999988e-02
-4.774480000000000217e-03
1.281140000000000057e-02
3.319199999999999928e-02
5.237959999999999838e-02
6.071950000000000264e-02
5.203569999999999723e-02
3.248129999999999767e-02
1.119550000000000059e-02
-7.328620000000000100e-03
-2.418560000000000154e-02
-4.121989999999999682e-02
-5.909450000000000119e-02
-7.690210000000000101e-02
-9.427489999999999482e-02
-1.109969999999999984e-01
-1.263450000000000129e-01
-1.257139999999999924e-01
-1.005220000000000002e-01
-6.165539999999999909e-02
-2.231460000000000041e-02
1.218020000000000040e-02
4.444279999999999758e-02
7.738309999999999633e-02
1.107140000000000069e-01
1.317959999999999965e-01
1.240170000000000022e-01
8.955050000000000510e-02
4.569519999999999832e-02
4.979159999999999836e-03
-3.090189999999999951e-02
-6.573610000000000564e-02
-9.683070000000000566e-02
-1.190409999999999940e-01
-1.331209999999999893e-01
-1.439650000000000096e-01
-1.521710000000000007e-01
-1.549629999999999896e-01
-1.510070000000000023e-01
-1.416890000000000094e-01
-1.309279999999999888e-01
-1.210439999999999988e-01
-1.119359999999999938e-01
-1.028130000000000016e-01
-9.345330000000000303e-02
-8.425710000000000144e-02
-7.924319999999999975e-02
-8.218209999999999404e-02
-9.107510000000000605e-02
-1.013929999999999970e-01
-1.104679999999999968e-01
-1.188300000000000051e-01
-1.258559999999999957e-01
-1.293009999999999993e-01
-1.247960000000000041e-01
-1.118709999999999982e-01
-9.541900000000000381e-02
-7.936830000000000274e-02
-6.478059999999999374e-02
-5.060379999999999739e-02
-3.624209999999999932e-02
-2.186240000000000058e-02
-1.277089999999999996e-02
-1.375960000000000030e-02
-2.243950000000000111e-02
-3.302770000000000011e-02
-4.202840000000000048e-02
-4.593370000000000092e-02
-4.086639999999999717e-02
-2.792640000000000053e-02
-1.217850000000000009e-02
2.798559999999999850e-03
1.666460000000000163e-02
3.594649999999999929e-02
6.101050000000000223e-02
7.979759999999999631e-02
8.596510000000000262e-02
8.458390000000000353e-02
8.309560000000000557e-02
8.367869999999999475e-02
8.321249999999999480e-02
7.935999999999999999e-02
7.335909999999999653e-02
6.734270000000000533e-02
6.219720000000000110e-02
5.747189999999999938e-02
5.261679999999999829e-02
4.766070000000000029e-02
4.517469999999999819e-02
4.969330000000000275e-02
6.142190000000000150e-02
7.605720000000000536e-02
9.003260000000000429e-02
1.026019999999999988e-01
1.147799999999999931e-01
1.271589999999999943e-01
1.398330000000000128e-01
1.509270000000000056e-01
1.518269999999999897e-01
1.386699999999999877e-01
1.179079999999999989e-01
9.707599999999999563e-02
7.946620000000000072e-02
6.636709999999999832e-02
5.746199999999999919e-02
5.034430000000000155e-02
4.334009999999999946e-02
3.630680000000000018e-02
3.028909999999999936e-02
2.550499999999999989e-02
2.135429999999999967e-02
1.714989999999999917e-02
1.280519999999999922e-02
8.251929999999999335e-03
-5.876320000000000415e-04
-1.686910000000000145e-02
-3.764420000000000266e-02
-5.888430000000000053e-02
-7.854079999999999395e-02
-9.738639999999999797e-02
-1.159499999999999975e-01
-1.348920000000000119e-01
-1.539329999999999865e-01
-1.723230000000000040e-01
-1.825090000000000046e-01
-1.761919999999999875e-01
-1.558450000000000113e-01
-1.311509999999999898e-01
-1.087019999999999931e-01
-8.881379999999999830e-02
-6.935710000000000486e-02
-5.278120000000000034e-02
-4.178790000000000282e-02
-3.453769999999999757e-02
-2.794949999999999865e-02
-2.060889999999999944e-02
-1.612009999999999832e-02
-1.789870000000000003e-02
-2.428409999999999944e-02
-3.159660000000000246e-02
-3.782300000000000245e-02
-4.317710000000000298e-02
-4.824090000000000322e-02
-4.702189999999999842e-02
-3.451219999999999982e-02
-1.484030000000000071e-02
5.882580000000000101e-03
2.440799999999999914e-02
4.172449999999999770e-02
5.901580000000000020e-02
7.690769999999999551e-02
9.458350000000000091e-02
1.109259999999999968e-01
1.126560000000000061e-01
9.226389999999999592e-02
6.083569999999999950e-02
3.593740000000000129e-02
2.435350000000000015e-02
1.933800000000000102e-02
1.347010000000000048e-02
4.870039999999999959e-03
-2.638940000000000209e-03
-5.018309999999999785e-03
-2.572230000000000003e-03
1.325809999999999966e-03
4.322939999999999942e-03
3.511470000000000043e-03
-3.737920000000000045e-03
-1.612869999999999929e-02
-3.009049999999999919e-02
-4.319409999999999916e-02
-5.536880000000000274e-02
-6.731570000000000609e-02
-7.794929999999999914e-02
-8.132839999999999514e-02
-7.513490000000000446e-02
-6.405869999999999620e-02
-5.314309999999999867e-02
-4.396200000000000108e-02
-3.552799999999999708e-02
-2.744330000000000033e-02
-2.409290000000000043e-02
-2.811840000000000173e-02
-3.628800000000000081e-02
-4.461450000000000138e-02
-5.152899999999999842e-02
-5.780989999999999740e-02
-6.415669999999999706e-02
-6.680819999999999814e-02
-6.247980000000000200e-02
-5.359760000000000219e-02
-4.405499999999999694e-02
-3.579510000000000330e-02
-2.835570000000000104e-02
-2.257040000000000088e-02
-1.989269999999999927e-02
-1.990640000000000118e-02
-2.073730000000000018e-02
-2.063140000000000113e-02
-1.875320000000000112e-02
-1.569639999999999924e-02
-1.242000000000000048e-02
-9.414240000000000802e-03
-5.682320000000000253e-03
1.119819999999999995e-04
7.780829999999999864e-03
1.598930000000000143e-02
2.384549999999999864e-02
3.127780000000000143e-02
3.862249999999999711e-02
4.601360000000000172e-02
5.337719999999999965e-02
6.060399999999999815e-02
6.770360000000000267e-02
7.444639999999999591e-02
8.042879999999999474e-02
8.569430000000000103e-02
8.962430000000000396e-02
9.121769999999999878e-02
9.078219999999999346e-02
8.963569999999999871e-02
8.874440000000000106e-02
8.807310000000000139e-02
8.479109999999999425e-02
7.569009999999999627e-02
6.157359999999999917e-02
4.591370000000000173e-02
3.132039999999999824e-02
2.311289999999999872e-02
2.498349999999999876e-02
3.354229999999999712e-02
4.343059999999999976e-02
5.181550000000000045e-02
5.919989999999999974e-02
6.666389999999999816e-02
7.459459999999999702e-02
8.245840000000000114e-02
8.850539999999999796e-02
8.862490000000000645e-02
8.208039999999999781e-02
7.248100000000000376e-02
6.319339999999999680e-02
5.509990000000000027e-02
4.748800000000000243e-02
4.101160000000000222e-02
3.745670000000000249e-02
3.670219999999999733e-02
3.708410000000000178e-02
3.717650000000000121e-02
3.681799999999999656e-02
3.640349999999999836e-02
3.726089999999999958e-02
4.028559999999999780e-02
4.494859999999999828e-02
4.991009999999999891e-02
5.440099999999999797e-02
5.615099999999999952e-02
5.371970000000000217e-02
4.867980000000000224e-02
4.328440000000000065e-02
3.857669999999999849e-02
3.428099999999999897e-02
2.994290000000000146e-02
2.556479999999999864e-02
2.388840000000000061e-02
2.781619999999999926e-02
3.615410000000000151e-02
4.568259999999999682e-02
5.434350000000000291e-02
6.224740000000000134e-02
7.007420000000000315e-02
7.819280000000000674e-02
8.618510000000000060e-02
9.108140000000000680e-02
8.713550000000000462e-02
7.396560000000000634e-02
5.684129999999999738e-02
4.049139999999999684e-02
2.580009999999999942e-02
1.169019999999999955e-02
-2.481380000000000044e-03
-8.897409999999999694e-03
-2.267739999999999860e-03
1.203949999999999985e-02
2.689609999999999917e-02
3.924180000000000029e-02
5.033529999999999949e-02
6.128379999999999939e-02
7.072040000000000270e-02
7.723059999999999647e-02
8.103119999999999767e-02
8.033500000000000363e-02
7.469380000000000464e-02
6.660309999999999842e-02
5.854059999999999819e-02
5.128510000000000013e-02
4.437119999999999953e-02
3.731919999999999682e-02
3.019389999999999921e-02
2.478599999999999901e-02
2.244900000000000020e-02
2.209409999999999846e-02
2.209279999999999924e-02
2.154410000000000006e-02
1.946869999999999851e-02
1.494069999999999947e-02
8.691539999999999336e-03
1.979310000000000184e-03
-4.383350000000000267e-03
-1.044579999999999988e-02
-1.635769999999999932e-02
-2.089569999999999969e-02
-2.108269999999999936e-02
-1.656519999999999868e-02
-9.925170000000000520e-03
-3.624919999999999792e-03
1.822840000000000051e-03
6.961400000000000400e-03
1.210409999999999958e-02
1.653850000000000112e-02
1.990979999999999833e-02
2.260349999999999859e-02
2.516089999999999993e-02
2.626070000000000140e-02
2.418659999999999907e-02
1.945559999999999998e-02
1.398220000000000018e-02
8.977870000000000641e-03
5.340189999999999867e-03
3.934359999999999594e-03
4.534869999999999873e-03
5.837379999999999652e-03
6.920629999999999664e-03
6.000069999999999709e-03
2.307309999999999917e-03
-2.929020000000000061e-03
-8.152809999999999918e-03
-1.211540000000000013e-02
-1.218649999999999942e-02
-7.579950000000000229e-03
-6.681340000000000239e-04
6.069439999999999731e-03
1.149069999999999953e-02
1.289820000000000029e-02
9.051029999999999839e-03
2.464060000000000122e-03
-4.238340000000000163e-03
-1.001739999999999922e-02
-1.537789999999999990e-02
-1.938130000000000061e-02
-2.030710000000000154e-02
-1.829070000000000001e-02
-1.519550000000000067e-02
-1.239400000000000050e-02
-1.013159999999999929e-02
-8.029680000000000845e-03
-6.416970000000000139e-03
-5.666710000000000150e-03
-5.558409999999999740e-03
-5.790660000000000425e-03
-7.193650000000000218e-03
-1.025350000000000046e-02
-1.419549999999999979e-02
-1.811549999999999966e-02
-2.169839999999999963e-02
-2.465320000000000011e-02
-2.689389999999999836e-02
-2.874399999999999872e-02
-3.054170000000000149e-02
-3.240669999999999662e-02
-3.427070000000000116e-02
-3.566890000000000338e-02
-3.629050000000000331e-02
-3.642070000000000030e-02
-3.647940000000000210e-02
-3.666259999999999658e-02
-3.685329999999999856e-02
-3.586990000000000317e-02
-3.188919999999999949e-02
-2.500909999999999939e-02
-1.701410000000000075e-02
-9.339470000000000757e-03
-1.941360000000000047e-03
6.105600000000000090e-03
1.509669999999999936e-02
2.443489999999999898e-02
3.351599999999999718e-02
4.169880000000000114e-02
4.762330000000000035e-02
5.090689999999999799e-02
5.277180000000000065e-02
5.130749999999999894e-02
4.447990000000000277e-02
3.406109999999999693e-02
2.298609999999999889e-02
1.284569999999999983e-02
3.411239999999999845e-03
-4.860109999999999951e-03
-1.061160000000000055e-02
-1.191470000000000029e-02
-8.913670000000000274e-03
-4.197850000000000366e-03
2.108950000000000061e-04
3.868869999999999948e-03
7.285899999999999668e-03
8.529780000000000695e-03
6.051449999999999885e-03
1.235720000000000048e-03
-3.877189999999999977e-03
-8.254269999999999316e-03
-1.219939999999999913e-02
-1.624139999999999959e-02
-2.048799999999999927e-02
-2.473169999999999882e-02
-2.885650000000000021e-02
-3.284999999999999726e-02
-3.679579999999999657e-02
-4.067110000000000170e-02
-4.444820000000000021e-02
-4.811390000000000111e-02
-5.172249999999999764e-02
-5.528280000000000000e-02
-5.881859999999999866e-02
-6.222319999999999934e-02
-6.446649999999999603e-02
-6.237990000000000201e-02
-5.497880000000000128e-02
-4.503309999999999952e-02
-3.529499999999999998e-02
-2.659339999999999968e-02
-1.826509999999999939e-02
-9.790300000000000044e-03
-1.523929999999999946e-03
4.690030000000000414e-03
8.100909999999999361e-03
9.995689999999999784e-03
1.183670000000000035e-02
1.410860000000000065e-02
1.649979999999999850e-02
1.742990000000000164e-02
1.589930000000000163e-02
1.287050000000000000e-02
9.683539999999999162e-03
6.914159999999999924e-03
4.386519999999999656e-03
2.354139999999999792e-03
1.551979999999999896e-03
1.990860000000000112e-03
2.945650000000000178e-03
3.798150000000000137e-03
4.378059999999999591e-03
4.894879999999999891e-03
5.511630000000000001e-03
6.241599999999999926e-03
8.169579999999999204e-03
1.280320000000000069e-02
1.987320000000000059e-02
2.775350000000000039e-02
3.490240000000000009e-02
4.059519999999999795e-02
4.517700000000000188e-02
4.945410000000000084e-02
5.383419999999999872e-02
5.823790000000000217e-02
6.248440000000000244e-02
6.652429999999999455e-02
6.899539999999999840e-02
6.846639999999999671e-02
6.587350000000000150e-02
6.281749999999999834e-02
6.025989999999999819e-02
5.833959999999999840e-02
5.719219999999999859e-02
5.691659999999999775e-02
5.709249999999999742e-02
5.732759999999999939e-02
5.742780000000000107e-02
5.749279999999999669e-02
5.784299999999999858e-02
5.843290000000000289e-02
5.880690000000000223e-02
5.906639999999999807e-02
5.637339999999999712e-02
4.818200000000000260e-02
3.626059999999999700e-02
2.375160000000000118e-02
1.320610000000000013e-02
6.337930000000000300e-03
2.681970000000000100e-03
-2.921689999999999791e-03
-1.485769999999999973e-02
-3.172810000000000213e-02
-4.960959999999999676e-02
-6.636369999999999769e-02
-8.207100000000000506e-02
-9.317000000000000282e-02
-9.709080000000000488e-02
-9.635190000000000421e-02
-9.076539999999999608e-02
-7.979790000000000494e-02
-6.576500000000000401e-02
-5.188489999999999769e-02
-5.295600000000000307e-02
-4.411910000000000137e-02
-3.606109999999999871e-02
-2.965809999999999974e-02
-2.745219999999999952e-02
-2.945249999999999951e-02
-3.305999999999999911e-02
-3.624789999999999957e-02
-3.866470000000000323e-02
-4.087629999999999736e-02
-4.157509999999999678e-02
-3.892079999999999845e-02
-3.337840000000000251e-02
-2.695279999999999898e-02
-2.111259999999999873e-02
-1.917040000000000063e-02
-2.313870000000000163e-02
-3.080170000000000130e-02
-3.898820000000000063e-02
-4.614000000000000046e-02
-5.262279999999999736e-02
-5.908669999999999894e-02
-6.556579999999999353e-02
-6.864839999999999831e-02
-6.460580000000000489e-02
-5.478979999999999961e-02
-4.335839999999999833e-02
-3.307639999999999886e-02
-2.537139999999999881e-02
-2.372190000000000062e-02
-2.894249999999999948e-02
-3.744680000000000231e-02
-4.568010000000000126e-02
-5.240550000000000069e-02
-5.609940000000000065e-02
-5.620279999999999720e-02
-5.451620000000000077e-02
-5.271950000000000247e-02
-5.145439999999999736e-02
-5.034530000000000255e-02
-4.910230000000000150e-02
-4.773530000000000134e-02
-4.639059999999999712e-02
-4.511239999999999695e-02
-4.396780000000000133e-02
-4.377149999999999791e-02
-4.503830000000000333e-02
-4.706670000000000298e-02
-4.909700000000000175e-02
-5.075289999999999663e-02
-5.218439999999999884e-02
-5.356459999999999694e-02
-5.495699999999999891e-02
-5.626389999999999864e-02
-5.745709999999999706e-02
-5.851560000000000095e-02
-5.946900000000000103e-02
-5.978289999999999993e-02
-5.887889999999999791e-02
-5.696849999999999831e-02
-5.476269999999999749e-02
-5.269750000000000129e-02
-5.080139999999999656e-02
-4.891380000000000033e-02
-4.697860000000000230e-02
-4.501829999999999721e-02
-4.309249999999999886e-02
-4.119960000000000289e-02
-3.932650000000000035e-02
-3.736529999999999713e-02
-3.512629999999999919e-02
-3.258149999999999935e-02
-2.994290000000000146e-02
-2.737250000000000100e-02
-2.492099999999999871e-02
-2.253789999999999960e-02
-2.016599999999999990e-02
-1.709590000000000068e-02
-1.282639999999999995e-02
-7.868220000000000422e-03
-3.263859999999999938e-03
-9.006609999999999746e-04
-1.340690000000000067e-03
-3.102199999999999836e-03
-4.720150000000000214e-03
-5.744029999999999796e-03
-6.524109999999999632e-03
-7.389569999999999819e-03
-8.332189999999999735e-03
-9.159459999999999477e-03
-9.630959999999999174e-03
-9.451519999999999713e-03
-8.704289999999999944e-03
-7.738169999999999944e-03
-6.819440000000000397e-03
-5.980000000000000072e-03
-5.152050000000000032e-03
-4.289040000000000040e-03
-3.407129999999999968e-03
-2.531400000000000056e-03
-1.668650000000000038e-03
-8.190299999999999967e-04
-1.460730000000000090e-04
-5.022289999999999784e-04
-2.229529999999999967e-03
-4.550600000000000131e-03
-6.682620000000000227e-03
-8.351120000000000071e-03
-9.619130000000000041e-03
-1.019650000000000070e-02
-9.957870000000000610e-03
-9.250990000000000602e-03
-8.483289999999999234e-03
-7.697609999999999696e-03
-5.940260000000000158e-03
-2.677899999999999985e-03
1.300350000000000030e-03
5.151430000000000245e-03
8.540739999999999790e-03
1.165700000000000069e-02
1.469009999999999934e-02
1.884579999999999936e-02
2.500869999999999829e-02
3.232419999999999738e-02
3.805789999999999867e-02
4.035749999999999754e-02
4.020259999999999806e-02
3.951579999999999676e-02
3.929289999999999866e-02
3.917949999999999905e-02
3.859400000000000330e-02
3.755279999999999729e-02
3.643779999999999936e-02
3.548010000000000053e-02
3.467689999999999662e-02
3.392019999999999758e-02
3.317230000000000179e-02
3.244869999999999699e-02
3.177669999999999800e-02
3.116220000000000101e-02
3.058109999999999995e-02
2.966639999999999902e-02
2.818549999999999875e-02
2.643090000000000023e-02
2.482250000000000081e-02
2.365309999999999982e-02
2.326040000000000052e-02
2.383340000000000111e-02
2.499370000000000064e-02
2.619640000000000163e-02
2.715909999999999852e-02
2.790530000000000094e-02
2.852910000000000168e-02
2.905759999999999940e-02
2.914109999999999964e-02
2.859609999999999930e-02
2.773540000000000033e-02
2.691750000000000045e-02
2.628669999999999965e-02
2.585569999999999882e-02
2.579149999999999845e-02
2.609610000000000055e-02
2.650380000000000097e-02
2.678840000000000041e-02
2.689379999999999896e-02
2.687480000000000077e-02
2.677469999999999850e-02
2.655810000000000115e-02
2.616450000000000026e-02
2.562429999999999916e-02
2.502199999999999910e-02
2.441439999999999930e-02
2.380530000000000146e-02
2.317939999999999931e-02
2.253099999999999895e-02
2.186470000000000080e-02
2.116569999999999910e-02
2.043009999999999965e-02
1.967920000000000086e-02
1.893380000000000063e-02
1.819990000000000149e-02
1.747370000000000173e-02
1.674840000000000009e-02
1.602359999999999896e-02
1.530049999999999986e-02
1.458040000000000030e-02
1.386259999999999923e-02
1.314610000000000084e-02
1.242960000000000072e-02
1.171299999999999945e-02
1.099639999999999992e-02
1.027980000000000040e-02
9.562809999999999713e-03
8.845850000000000588e-03
8.128700000000000855e-03
7.410860000000000017e-03
6.691680000000000197e-03
5.971309999999999639e-03
5.249939999999999815e-03
4.527999999999999907e-03
3.805620000000000010e-03
3.083110000000000017e-03
2.360679999999999983e-03
1.638939999999999972e-03
9.181229999999999643e-04
1.983080000000000129e-04
-5.203700000000000339e-04
-1.237419999999999926e-03
-1.952340000000000108e-03
-2.664580000000000160e-03
-3.373730000000000132e-03
-4.079290000000000173e-03
-4.780839999999999743e-03
-5.477919999999999838e-03
-6.170120000000000292e-03
-6.856970000000000426e-03
-7.538070000000000014e-03
-8.212969999999999993e-03
-8.881280000000000077e-03
-9.542600000000000041e-03
-1.019650000000000070e-02
-1.084270000000000025e-02
-1.148069999999999993e-02
