-2.020670000000000086e-05
-2.093539999999999949e-05
-2.203430000000000010e-05
-2.690960000000000067e-05
-3.426660000000000155e-05
-4.665340000000000296e-05
-6.216780000000000472e-05
-8.321050000000000571e-05
-1.070779999999999936e-04
-1.330340000000000006e-04
-1.565249999999999964e-04
-1.801949999999999917e-04
-2.030640000000000060e-04
-2.275359999999999980e-04
-2.477220000000000246e-04
-2.591070000000000114e-04
-2.571669999999999859e-04
-2.471969999999999983e-04
-2.301260000000000122e-04
-2.087219999999999982e-04
-1.833559999999999975e-04
-1.603060000000000064e-04
-1.365369999999999973e-04
-1.107400000000000002e-04
-7.771399999999999489e-05
-3.953449999999999900e-05
5.014030000000000171e-06
4.415099999999999792e-05
7.388109999999999979e-05
9.729320000000000557e-05
1.240819999999999955e-04
1.551559999999999897e-04
1.913980000000000130e-04
2.294110000000000029e-04
2.704350000000000222e-04
3.038310000000000121e-04
3.107559999999999771e-04
2.816939999999999765e-04
2.360049999999999876e-04
1.884990000000000125e-04
1.461000000000000005e-04
1.038109999999999993e-04
5.934540000000000274e-05
-1.076100000000000082e-05
-1.652649999999999974e-04
-4.250740000000000031e-04
-7.368779999999999471e-04
-1.048040000000000083e-03
-1.258430000000000052e-03
-1.207479999999999925e-03
-8.765030000000000477e-04
-4.237229999999999816e-04
1.751000000000000007e-05
4.070950000000000046e-04
6.258109999999999888e-04
5.300809999999999550e-04
1.886590000000000109e-04
-2.318800000000000093e-04
-6.152039999999999462e-04
-9.602869999999999896e-04
-1.298509999999999899e-03
-1.653729999999999957e-03
-2.011370000000000172e-03
-2.359130000000000081e-03
-2.636859999999999985e-03
-2.747900000000000169e-03
-2.679420000000000066e-03
-2.537129999999999854e-03
-2.403929999999999869e-03
-2.353319999999999891e-03
-2.453639999999999988e-03
-2.703290000000000120e-03
-3.003979999999999845e-03
-3.291710000000000209e-03
-3.540680000000000043e-03
-3.780280000000000012e-03
-4.015480000000000091e-03
-4.237750000000000197e-03
-4.151430000000000224e-03
-3.337160000000000040e-03
-1.824289999999999896e-03
-8.197439999999999902e-05
1.519130000000000046e-03
2.248280000000000070e-03
1.650629999999999936e-03
1.912489999999999980e-04
-1.391249999999999909e-03
-2.718910000000000163e-03
-3.562249999999999878e-03
-3.832250000000000153e-03
-3.748029999999999851e-03
-3.578280000000000089e-03
-3.327590000000000062e-03
-2.770939999999999948e-03
-1.878839999999999894e-03
-8.606640000000000254e-04
9.469720000000000535e-05
9.490730000000000390e-04
1.750730000000000038e-03
2.486529999999999817e-03
3.055500000000000056e-03
3.433129999999999949e-03
3.713249999999999971e-03
3.982249999999999679e-03
4.265930000000000243e-03
4.540250000000000015e-03
4.790080000000000379e-03
5.013390000000000381e-03
5.224000000000000345e-03
5.418229999999999574e-03
5.599279999999999882e-03
5.761729999999999630e-03
5.899200000000000277e-03
5.969819999999999814e-03
5.970460000000000350e-03
5.924330000000000221e-03
5.878050000000000115e-03
5.825880000000000294e-03
5.689950000000000042e-03
4.915079999999999623e-03
3.267519999999999886e-03
1.470979999999999987e-03
7.316550000000000007e-04
1.355279999999999940e-03
2.561850000000000065e-03
3.627990000000000208e-03
4.378420000000000055e-03
5.011329999999999604e-03
5.663979999999999883e-03
6.087809999999999923e-03
5.829800000000000433e-03
4.921649999999999636e-03
3.792479999999999983e-03
2.777720000000000015e-03
1.885020000000000055e-03
9.998540000000001073e-04
8.640539999999999777e-05
-8.006520000000000043e-04
-1.619119999999999934e-03
-2.365009999999999855e-03
-3.063080000000000143e-03
-3.721910000000000149e-03
-4.343310000000000400e-03
-4.917669999999999854e-03
-5.449550000000000054e-03
-5.937699999999999749e-03
-6.376119999999999878e-03
-6.478470000000000062e-03
-6.013980000000000367e-03
-5.167729999999999720e-03
-4.270209999999999978e-03
-3.495920000000000017e-03
-2.822709999999999976e-03
-2.176249999999999799e-03
-1.528250000000000094e-03
-9.044129999999999617e-04
-3.213049999999999739e-04
2.376000000000000020e-04
8.193189999999999935e-04
1.431210000000000034e-03
2.035840000000000132e-03
2.598089999999999948e-03
3.111689999999999855e-03
3.585290000000000091e-03
4.026130000000000160e-03
4.405580000000000086e-03
4.699870000000000089e-03
4.932609999999999599e-03
5.133940000000000031e-03
5.322770000000000105e-03
5.496960000000000388e-03
5.639339999999999631e-03
5.543110000000000398e-03
5.017429999999999807e-03
4.175439999999999881e-03
3.275269999999999831e-03
2.472489999999999931e-03
1.763009999999999968e-03
1.087550000000000062e-03
4.232829999999999926e-04
-2.003080000000000073e-04
-4.416879999999999765e-04
1.946980000000000119e-05
9.944699999999999027e-04
2.062759999999999854e-03
2.960829999999999799e-03
3.399290000000000124e-03
3.166630000000000139e-03
2.467220000000000003e-03
1.664820000000000015e-03
9.794960000000000559e-04
3.984589999999999877e-04
-1.077370000000000020e-04
-4.053770000000000051e-04
-4.085819999999999990e-04
-2.592420000000000228e-04
-1.060589999999999954e-04
-9.360569999999999386e-06
2.316159999999999996e-04
8.397310000000000278e-04
1.756390000000000035e-03
2.722950000000000023e-03
3.584599999999999852e-03
4.329350000000000039e-03
5.023259999999999878e-03
5.681389999999999704e-03
6.310360000000000101e-03
6.846129999999999750e-03
6.750660000000000341e-03
5.006949999999999595e-03
1.622860000000000058e-03
-2.339470000000000178e-03
-5.963600000000000324e-03
-8.831389999999999726e-03
-1.092410000000000082e-02
-1.257119999999999939e-02
-1.403429999999999955e-02
-1.505169999999999945e-02
-1.417150000000000007e-02
-1.092130000000000010e-02
-6.611060000000000200e-03
-3.257710000000000033e-03
-1.750269999999999951e-03
-1.282979999999999971e-03
-8.568220000000000306e-04
-1.268719999999999874e-04
6.747619999999999747e-04
1.340360000000000076e-03
1.850819999999999983e-03
2.322059999999999923e-03
2.798859999999999803e-03
3.260820000000000211e-03
3.429429999999999805e-03
3.145960000000000163e-03
2.592329999999999895e-03
2.031639999999999922e-03
1.568940000000000005e-03
1.165440000000000009e-03
7.587209999999999614e-04
3.459630000000000214e-04
-4.884710000000000197e-05
-4.130639999999999876e-04
-7.508979999999999518e-04
-1.071270000000000035e-03
-1.388530000000000016e-03
-1.848550000000000020e-03
-2.597690000000000155e-03
-3.547470000000000050e-03
-4.511450000000000182e-03
-5.373219999999999733e-03
-6.143140000000000059e-03
-6.863349999999999833e-03
-7.650520000000000063e-03
-8.525800000000000045e-03
-8.693060000000000717e-03
-6.616669999999999843e-03
-2.213919999999999864e-03
2.984590000000000073e-03
6.825119999999999625e-03
7.777949999999999621e-03
6.444100000000000349e-03
4.475090000000000144e-03
2.881310000000000208e-03
1.682909999999999918e-03
5.507160000000000310e-04
-6.670279999999999569e-04
-1.883420000000000016e-03
-2.997339999999999813e-03
-3.988969999999999669e-03
-4.909489999999999861e-03
-5.784260000000000269e-03
-6.616669999999999843e-03
-7.381290000000000420e-03
-7.948129999999999432e-03
-8.053680000000000561e-03
-7.702529999999999967e-03
-7.163939999999999718e-03
-6.672950000000000409e-03
-6.269290000000000279e-03
-5.900749999999999745e-03
-5.561420000000000079e-03
-5.334039999999999962e-03
-5.224040000000000107e-03
-5.171649999999999858e-03
-5.102589999999999730e-03
-5.012110000000000176e-03
-4.913090000000000165e-03
-4.976060000000000032e-03
-5.309180000000000149e-03
-5.820689999999999892e-03
-6.326820000000000360e-03
-6.759850000000000407e-03
-7.098479999999999894e-03
-7.051649999999999585e-03
-5.683969999999999995e-03
-2.829860000000000014e-03
5.459809999999999620e-04
1.929490000000000068e-03
-2.384339999999999875e-04
-3.481039999999999916e-03
-4.519190000000000186e-03
-2.965349999999999844e-03
-5.678600000000000010e-04
1.296140000000000096e-03
2.535089999999999826e-03
3.642569999999999922e-03
4.689800000000000045e-03
5.048089999999999869e-03
4.447070000000000016e-03
3.369650000000000076e-03
2.352100000000000198e-03
1.576139999999999963e-03
9.099829999999999508e-04
2.355240000000000035e-04
-4.387799999999999969e-04
-7.523739999999999898e-04
-4.678509999999999765e-04
1.730860000000000027e-04
8.408390000000000178e-04
1.545790000000000011e-03
2.671839999999999979e-03
4.256639999999999903e-03
5.191789999999999947e-03
4.150479999999999794e-03
1.407150000000000024e-03
-1.679589999999999902e-03
-1.889529999999999942e-03
2.458919999999999856e-03
9.280379999999999532e-03
1.537340000000000061e-02
1.728019999999999903e-02
1.464490000000000063e-02
1.018890000000000073e-02
6.237590000000000322e-03
3.302820000000000148e-03
1.192279999999999989e-03
6.121770000000000174e-05
-2.376559999999999892e-04
-1.521910000000000070e-04
-5.289230000000000450e-04
-2.535449999999999857e-03
-6.359820000000000403e-03
-1.078140000000000001e-02
-1.474989999999999982e-02
-1.493159999999999973e-02
-9.506550000000000764e-03
-1.055280000000000020e-03
4.426529999999999701e-03
2.768730000000000063e-03
-3.992039999999999651e-03
-1.148069999999999993e-02
-1.588550000000000031e-02
-1.576610000000000164e-02
-1.266620000000000072e-02
-9.065290000000000153e-03
-6.137629999999999822e-03
-3.752399999999999920e-03
-1.497520000000000014e-03
6.970109999999999847e-04
2.749779999999999846e-03
4.607710000000000104e-03
6.386400000000000410e-03
8.404170000000000737e-03
1.075920000000000001e-02
1.312679999999999923e-02
1.363149999999999952e-02
1.083710000000000055e-02
5.945050000000000334e-03
1.630429999999999987e-03
8.162549999999999971e-05
9.309360000000000464e-04
2.460879999999999925e-03
3.327520000000000044e-03
3.402950000000000072e-03
3.197510000000000196e-03
3.136579999999999924e-03
3.203109999999999898e-03
3.273910000000000101e-03
3.258270000000000177e-03
3.220530000000000094e-03
3.182869999999999970e-03
3.128890000000000057e-03
2.972219999999999810e-03
2.759029999999999989e-03
2.521330000000000012e-03
2.310949999999999983e-03
1.869860000000000098e-03
1.076120000000000071e-03
8.781689999999999603e-05
-8.504089999999999957e-04
-1.694930000000000091e-03
-2.925490000000000208e-03
-4.876730000000000127e-03
-6.974160000000000081e-03
-8.614490000000000688e-03
-9.655979999999999772e-03
-1.015959999999999953e-02
-9.163060000000000649e-03
-6.323630000000000223e-03
-2.540590000000000123e-03
1.747520000000000020e-03
7.171229999999999792e-03
1.376169999999999997e-02
2.068709999999999993e-02
2.680959999999999940e-02
3.152060000000000278e-02
3.388850000000000195e-02
3.328869999999999746e-02
3.066179999999999947e-02
2.760740000000000069e-02
2.387999999999999845e-02
1.856709999999999958e-02
1.202029999999999939e-02
5.363810000000000106e-03
-6.073260000000000464e-04
-4.544130000000000391e-03
-5.607919999999999745e-03
-4.823609999999999877e-03
-3.698519999999999846e-03
-2.988699999999999950e-03
-2.558169999999999802e-03
-2.140400000000000202e-03
-2.373580000000000134e-03
-4.133239999999999831e-03
-7.077159999999999875e-03
-1.027089999999999947e-02
-1.303050000000000042e-02
-1.502389999999999975e-02
-1.379110000000000058e-02
-8.186550000000000771e-03
-4.442699999999999731e-04
6.963289999999999584e-03
1.306599999999999949e-02
1.616129999999999997e-02
1.445399999999999983e-02
9.284769999999999482e-03
3.274560000000000144e-03
-1.882460000000000079e-03
-6.246869999999999853e-03
-1.030820000000000000e-02
-1.429019999999999943e-02
-1.621320000000000053e-02
-1.471850000000000068e-02
-1.103799999999999920e-02
-7.208029999999999819e-03
-4.167820000000000032e-03
-1.953820000000000209e-03
-1.388220000000000068e-04
1.538089999999999987e-03
3.197769999999999953e-03
4.679749999999999882e-03
5.198320000000000198e-03
2.435010000000000039e-03
-3.945630000000000318e-03
-1.181680000000000057e-02
-1.904609999999999984e-02
-2.449640000000000151e-02
-2.356000000000000108e-02
-1.433010000000000013e-02
-1.048880000000000081e-03
1.153670000000000043e-02
1.917910000000000101e-02
1.740360000000000171e-02
6.990879999999999664e-03
-6.446939999999999962e-03
-1.856930000000000039e-02
-2.830480000000000149e-02
-3.097779999999999978e-02
-2.380929999999999852e-02
-1.150490000000000020e-02
6.983819999999999958e-04
1.053839999999999985e-02
1.891069999999999904e-02
2.252749999999999891e-02
1.864120000000000013e-02
1.014289999999999983e-02
3.050769999999999958e-03
3.066890000000000176e-04
6.192810000000000090e-05
-2.441320000000000133e-04
-1.565669999999999909e-03
-3.280749999999999812e-03
-4.143169999999999839e-03
-1.587319999999999920e-03
4.971159999999999642e-03
1.318689999999999966e-02
2.076849999999999877e-02
2.595079999999999956e-02
2.699050000000000060e-02
2.424689999999999832e-02
2.008679999999999841e-02
1.630200000000000052e-02
1.325259999999999980e-02
1.046990000000000073e-02
7.897329999999999281e-03
5.733049999999999952e-03
4.066690000000000409e-03
3.367129999999999863e-03
4.397510000000000308e-03
6.968610000000000082e-03
1.003240000000000035e-02
1.280320000000000069e-02
1.513010000000000049e-02
1.707950000000000093e-02
1.544850000000000043e-02
7.319870000000000022e-03
-5.167480000000000337e-03
-1.810710000000000097e-02
-2.927640000000000103e-02
-3.792199999999999738e-02
-4.058609999999999995e-02
-3.612189999999999845e-02
-2.817619999999999847e-02
-2.055250000000000132e-02
-1.582659999999999970e-02
-1.482200000000000011e-02
-1.628860000000000030e-02
-1.823810000000000014e-02
-1.960550000000000140e-02
-1.830220000000000111e-02
-1.257340000000000020e-02
-3.658840000000000009e-03
5.755299999999999652e-03
1.411109999999999969e-02
2.137580000000000036e-02
2.708059999999999981e-02
2.698750000000000107e-02
1.943529999999999910e-02
8.344360000000000319e-03
-2.164000000000000125e-03
-9.711839999999999362e-03
-1.317499999999999921e-02
-1.327700000000000061e-02
-1.224429999999999963e-02
-1.154370000000000049e-02
-1.230700000000000023e-02
-1.450590000000000039e-02
-1.712699999999999986e-02
-1.720630000000000076e-02
-1.306679999999999994e-02
-6.496140000000000074e-03
6.197560000000000341e-05
5.537150000000000231e-03
1.032749999999999987e-02
1.494239999999999978e-02
1.940220000000000139e-02
2.107399999999999898e-02
1.807800000000000032e-02
1.145960000000000034e-02
3.106409999999999987e-03
-5.320019999999999957e-03
-1.318910000000000048e-02
-2.049199999999999980e-02
-2.731909999999999894e-02
-3.185589999999999949e-02
-3.118989999999999957e-02
-2.563069999999999932e-02
-1.836279999999999857e-02
-1.184160000000000074e-02
-6.544419999999999578e-03
-2.533559999999999805e-03
-4.772639999999999760e-05
1.368089999999999975e-03
2.378089999999999805e-03
3.448510000000000117e-03
4.565930000000000162e-03
5.634039999999999881e-03
6.543550000000000408e-03
7.330780000000000282e-03
7.994259999999999561e-03
8.612470000000000542e-03
9.172549999999999801e-03
9.671130000000000004e-03
8.924700000000000688e-03
6.158140000000000315e-03
2.183619999999999832e-03
-1.770459999999999959e-03
-5.145900000000000127e-03
-7.635310000000000187e-03
-9.178310000000000288e-03
-9.557229999999999892e-03
-8.218220000000000039e-03
-5.424270000000000133e-03
-2.182840000000000127e-03
7.643570000000000138e-04
3.054299999999999810e-03
4.518219999999999875e-03
5.322200000000000021e-03
5.875100000000000287e-03
6.421320000000000326e-03
7.006749999999999957e-03
7.553009999999999759e-03
7.956799999999999984e-03
6.640939999999999691e-03
1.136080000000000033e-03
-8.290620000000000281e-03
-1.880510000000000168e-02
-2.781770000000000076e-02
-3.428230000000000166e-02
-3.894630000000000314e-02
-4.296880000000000144e-02
-4.673429999999999945e-02
-4.595919999999999866e-02
-3.742039999999999950e-02
-2.416830000000000020e-02
-1.075160000000000005e-02
5.812359999999999489e-04
9.101049999999999418e-03
1.356030000000000083e-02
1.451069999999999964e-02
1.407100000000000017e-02
1.646140000000000103e-02
2.412490000000000120e-02
3.511079999999999757e-02
4.609540000000000165e-02
5.558090000000000253e-02
6.385100000000000497e-02
7.140680000000000638e-02
7.247570000000000401e-02
6.263630000000000586e-02
4.609800000000000009e-02
3.003729999999999942e-02
2.141540000000000110e-02
2.094549999999999884e-02
2.364569999999999866e-02
2.551720000000000030e-02
2.586959999999999954e-02
2.576300000000000118e-02
2.212880000000000055e-02
1.091400000000000009e-02
-6.377830000000000131e-03
-2.485760000000000053e-02
-4.115289999999999920e-02
-5.109410000000000340e-02
-5.226879999999999721e-02
-4.791449999999999876e-02
-4.316949999999999954e-02
-4.080779999999999824e-02
-3.987630000000000341e-02
-3.808099999999999680e-02
-3.455330000000000207e-02
-3.033380000000000104e-02
-2.635409999999999836e-02
-2.162820000000000020e-02
-1.489829999999999974e-02
-6.868639999999999642e-03
8.327010000000000358e-04
6.967509999999999676e-03
1.193909999999999937e-02
1.876910000000000037e-02
3.088979999999999851e-02
4.729270000000000002e-02
6.441180000000000516e-02
7.947609999999999397e-02
8.716240000000000099e-02
8.142030000000000101e-02
6.488259999999999861e-02
4.699180000000000024e-02
3.667229999999999795e-02
3.445659999999999695e-02
3.583220000000000155e-02
3.756910000000000110e-02
3.791049999999999975e-02
3.049649999999999930e-02
1.290110000000000041e-02
-9.497010000000000174e-03
-3.073419999999999971e-02
-4.893530000000000102e-02
-6.523790000000000144e-02
-8.059650000000000147e-02
-8.674550000000000316e-02
-7.718369999999999398e-02
-5.771330000000000210e-02
-3.732200000000000101e-02
-2.051760000000000042e-02
-6.205030000000000268e-03
7.629099999999999770e-03
2.138670000000000154e-02
3.019240000000000118e-02
2.840260000000000007e-02
1.754829999999999932e-02
4.155790000000000352e-03
-7.411909999999999853e-03
-1.679709999999999884e-02
-2.537139999999999881e-02
-3.102250000000000146e-02
-3.047679999999999834e-02
-2.468860000000000152e-02
-1.743099999999999858e-02
-1.128799999999999942e-02
-7.269089999999999753e-03
-5.389989999999999885e-03
-4.764009999999999946e-03
-4.422719999999999776e-03
-3.945999999999999855e-03
-3.385979999999999806e-03
-2.908120000000000149e-03
-2.786139999999999884e-03
-3.136850000000000055e-03
-3.691489999999999962e-03
-4.232159999999999568e-03
-4.834719999999999816e-03
-7.080799999999999941e-03
-1.173680000000000036e-02
-1.756260000000000113e-02
-2.309920000000000029e-02
-2.782959999999999948e-02
-3.203140000000000154e-02
-3.591069999999999679e-02
-3.695720000000000255e-02
-3.240210000000000312e-02
-2.358520000000000061e-02
-1.386590000000000045e-02
-5.377709999999999956e-03
1.965179999999999965e-03
8.908370000000000524e-03
1.600589999999999999e-02
2.329430000000000042e-02
3.050920000000000021e-02
3.727969999999999895e-02
4.354149999999999687e-02
4.930919999999999748e-02
5.459950000000000220e-02
5.746350000000000069e-02
5.592330000000000217e-02
5.100439999999999835e-02
4.525210000000000343e-02
4.015599999999999725e-02
3.530169999999999836e-02
2.993070000000000105e-02
2.418930000000000038e-02
1.855980000000000130e-02
1.330699999999999938e-02
8.231099999999999875e-03
3.312129999999999935e-03
-4.664720000000000021e-04
-1.604149999999999934e-03
-5.147990000000000291e-04
8.817389999999999820e-04
-2.454940000000000073e-03
-1.249770000000000048e-02
-2.567409999999999831e-02
-3.807739999999999736e-02
-4.835169999999999746e-02
-5.542880000000000029e-02
-5.816380000000000161e-02
-5.755110000000000087e-02
-5.566059999999999758e-02
-5.118940000000000295e-02
-4.258569999999999717e-02
-3.164730000000000321e-02
-2.068149999999999850e-02
-1.081449999999999946e-02
-2.249370000000000102e-03
4.421579999999999608e-03
9.348459999999999409e-03
1.507909999999999980e-02
2.457370000000000040e-02
3.730039999999999745e-02
4.852259999999999907e-02
5.354210000000000219e-02
5.294610000000000288e-02
5.052330000000000015e-02
4.893730000000000302e-02
4.806660000000000099e-02
4.633919999999999706e-02
4.295619999999999994e-02
3.700570000000000248e-02
2.420970000000000066e-02
3.718449999999999880e-03
-1.927370000000000125e-02
-3.892899999999999833e-02
-5.363419999999999993e-02
-6.569560000000000677e-02
-7.544829999999999592e-02
-8.196960000000000357e-02
-8.583449999999999414e-02
-8.842250000000000110e-02
-8.685199999999999865e-02
-7.770349999999999480e-02
-6.316080000000000305e-02
-4.776099999999999790e-02
-3.442850000000000077e-02
-2.379770000000000149e-02
-1.520299999999999950e-02
-7.356289999999999704e-03
1.815870000000000082e-04
7.427740000000000384e-03
1.386440000000000068e-02
1.950419999999999932e-02
2.543460000000000165e-02
3.307190000000000130e-02
4.182310000000000194e-02
4.928559999999999885e-02
4.881739999999999691e-02
3.847119999999999707e-02
2.375330000000000150e-02
1.496089999999999920e-02
1.780529999999999960e-02
2.806310000000000054e-02
3.886379999999999696e-02
4.693350000000000299e-02
4.825379999999999947e-02
4.006980000000000264e-02
2.573949999999999849e-02
1.058139999999999949e-02
-1.790050000000000061e-03
-8.205499999999999253e-03
-8.433710000000000512e-03
-5.968440000000000203e-03
-3.660539999999999888e-03
-2.513290000000000055e-03
-3.308479999999999928e-03
-6.253769999999999642e-03
-1.008240000000000004e-02
-1.394300000000000053e-02
-1.757239999999999844e-02
-2.112320000000000170e-02
-2.450849999999999904e-02
-2.758649999999999991e-02
-3.004959999999999923e-02
-3.113799999999999901e-02
-3.049340000000000037e-02
-2.718020000000000158e-02
-1.971550000000000039e-02
-9.047339999999999202e-03
2.325359999999999840e-03
1.244209999999999934e-02
1.885569999999999954e-02
2.084240000000000051e-02
2.075540000000000024e-02
2.062100000000000044e-02
2.111889999999999948e-02
2.164649999999999908e-02
1.977140000000000147e-02
1.347180000000000079e-02
4.414790000000000034e-03
-4.869759999999999887e-03
-1.288869999999999946e-02
-1.979590000000000169e-02
-2.126640000000000127e-02
-1.458390000000000034e-02
-3.251920000000000158e-03
8.015219999999999984e-03
1.689819999999999864e-02
2.237099999999999853e-02
2.486709999999999962e-02
2.604249999999999968e-02
2.634620000000000017e-02
2.376879999999999965e-02
1.742430000000000020e-02
8.016439999999999677e-03
-4.571699999999999722e-03
-1.930660000000000015e-02
-3.105919999999999861e-02
-3.298929999999999918e-02
-2.523409999999999889e-02
-1.397130000000000073e-02
-4.146399999999999739e-03
3.528710000000000006e-03
1.044840000000000005e-02
1.739359999999999865e-02
2.060609999999999872e-02
1.689790000000000042e-02
8.673429999999999335e-03
-4.899649999999999752e-06
-7.063729999999999835e-03
-1.298520000000000056e-02
-1.875459999999999974e-02
-2.611130000000000048e-02
-3.604559999999999709e-02
-4.744240000000000262e-02
-5.830520000000000147e-02
-6.344220000000000415e-02
-5.833859999999999740e-02
-4.559799999999999964e-02
-3.115839999999999929e-02
-1.862319999999999948e-02
-7.943640000000000076e-03
2.122629999999999916e-03
1.149299999999999974e-02
1.915100000000000136e-02
2.386030000000000095e-02
2.520429999999999893e-02
2.465029999999999999e-02
2.379939999999999833e-02
2.355940000000000117e-02
2.422590000000000160e-02
2.567610000000000031e-02
2.727279999999999982e-02
2.840149999999999966e-02
2.820589999999999903e-02
2.673060000000000019e-02
2.472330000000000014e-02
2.288830000000000031e-02
2.130790000000000114e-02
1.985740000000000074e-02
1.842749999999999944e-02
1.771510000000000098e-02
1.827940000000000120e-02
1.978780000000000122e-02
2.142250000000000057e-02
2.273659999999999917e-02
2.373669999999999947e-02
2.376179999999999959e-02
2.227140000000000022e-02
1.998290000000000136e-02
1.925610000000000169e-02
2.193679999999999936e-02
2.690909999999999830e-02
3.211470000000000297e-02
3.587950000000000167e-02
3.562509999999999982e-02
3.059190000000000173e-02
2.349930000000000074e-02
1.685880000000000017e-02
1.194950000000000005e-02
8.221869999999999179e-03
4.860810000000000131e-03
1.362570000000000014e-03
-2.007790000000000182e-03
-5.527080000000000187e-03
-1.006669999999999961e-02
-1.613600000000000104e-02
-2.266869999999999996e-02
-2.889349999999999904e-02
-3.431649999999999978e-02
-3.908879999999999993e-02
-3.827939999999999815e-02
-2.760980000000000031e-02
-9.804939999999999836e-03
8.872319999999999512e-03
2.336509999999999976e-02
2.464890000000000136e-02
1.054339999999999965e-02
-1.047690000000000080e-02
-3.018080000000000068e-02
-4.624679999999999763e-02
-6.040299999999999836e-02
-7.398430000000000284e-02
-7.945739999999999748e-02
-7.036100000000000687e-02
-5.162350000000000272e-02
-3.175000000000000044e-02
-1.522070000000000020e-02
-1.171740000000000108e-03
1.231909999999999950e-02
2.572549999999999837e-02
3.479320000000000329e-02
3.492979999999999696e-02
2.789519999999999847e-02
1.898419999999999969e-02
1.157240000000000005e-02
5.692720000000000072e-03
1.887179999999999912e-04
-5.537290000000000267e-03
-1.115859999999999942e-02
-1.615099999999999869e-02
-1.682499999999999968e-02
-1.013099999999999938e-02
1.737080000000000004e-03
1.429979999999999966e-02
2.519549999999999915e-02
3.454900000000000332e-02
4.313430000000000042e-02
4.544349999999999778e-02
3.748139999999999805e-02
2.346739999999999937e-02
9.327429999999999402e-03
-1.551630000000000023e-03
-7.677159999999999714e-03
-9.670959999999999279e-03
-1.001310000000000047e-02
-9.999920000000000683e-03
-9.886829999999999230e-03
-9.498319999999999333e-03
-8.761359999999999287e-03
-6.838379999999999806e-03
-3.437210000000000005e-03
8.133059999999999682e-04
7.157969999999999611e-03
1.653999999999999915e-02
2.730230000000000157e-02
3.756779999999999842e-02
4.647570000000000173e-02
5.253250000000000280e-02
4.976980000000000293e-02
3.646350000000000285e-02
1.847259999999999874e-02
1.479360000000000093e-03
-1.270259999999999966e-02
-2.512750000000000053e-02
-3.035929999999999879e-02
-2.418259999999999854e-02
-1.112540000000000057e-02
2.383160000000000053e-03
1.311129999999999934e-02
1.848920000000000077e-02
1.503430000000000044e-02
4.205259999999999727e-03
-9.009800000000000100e-03
-2.082579999999999848e-02
-3.025979999999999989e-02
-3.539019999999999666e-02
-3.570059999999999900e-02
-3.356100000000000055e-02
-3.136690000000000311e-02
-2.990349999999999953e-02
-2.841199999999999976e-02
-2.622199999999999878e-02
-2.358789999999999845e-02
-2.100089999999999943e-02
-1.825730000000000061e-02
-1.471710000000000032e-02
-1.047159999999999931e-02
-6.083820000000000200e-03
-2.101920000000000177e-03
4.041059999999999965e-04
-1.963480000000000086e-03
-1.008329999999999990e-02
-2.069700000000000012e-02
-3.060380000000000045e-02
-3.888679999999999914e-02
-4.627629999999999938e-02
-5.323920000000000041e-02
-5.633540000000000075e-02
-5.036129999999999773e-02
-3.617240000000000039e-02
-1.941729999999999845e-02
-4.413229999999999757e-03
7.805460000000000176e-03
1.791560000000000027e-02
2.416890000000000011e-02
2.284109999999999960e-02
1.469879999999999971e-02
4.273110000000000103e-03
-4.836530000000000343e-03
-9.822900000000000728e-03
-7.235130000000000207e-03
2.193529999999999959e-03
1.397980000000000056e-02
2.461560000000000137e-02
3.356710000000000249e-02
4.170259999999999939e-02
4.955360000000000320e-02
5.445330000000000309e-02
5.317870000000000236e-02
4.673750000000000127e-02
3.886590000000000183e-02
3.201589999999999991e-02
2.628640000000000143e-02
1.860349999999999851e-02
5.507820000000000077e-03
-1.221230000000000059e-02
-2.876360000000000028e-02
-3.952909999999999757e-02
-4.104119999999999990e-02
-3.160820000000000296e-02
-1.503759999999999993e-02
2.709050000000000173e-03
1.753990000000000063e-02
2.785289999999999988e-02
3.435499999999999665e-02
3.793429999999999719e-02
3.953729999999999745e-02
4.024300000000000099e-02
4.084440000000000293e-02
4.148249999999999854e-02
4.173720000000000208e-02
3.631909999999999999e-02
2.234610000000000068e-02
4.112590000000000169e-03
-1.339659999999999983e-02
-2.808070000000000010e-02
-3.705640000000000323e-02
-3.683970000000000300e-02
-2.937210000000000168e-02
-1.971840000000000051e-02
-1.141119999999999982e-02
-4.614700000000000225e-03
1.702090000000000070e-03
8.020879999999999330e-03
1.177609999999999942e-02
8.412189999999999945e-03
-2.162900000000000152e-03
-1.515140000000000063e-02
-2.530819999999999945e-02
-2.966039999999999996e-02
-2.974649999999999864e-02
-2.873819999999999847e-02
-2.848470000000000169e-02
-2.867959999999999954e-02
-2.868290000000000076e-02
-2.714650000000000049e-02
-2.377599999999999852e-02
-1.957710000000000006e-02
-1.551049999999999998e-02
-8.940959999999999533e-03
3.041970000000000177e-03
1.862410000000000107e-02
2.590030000000000110e-02
1.469540000000000082e-02
-9.974850000000000383e-03
-3.461999999999999800e-02
-4.449619999999999964e-02
-3.760680000000000273e-02
-2.412869999999999945e-02
-1.261319999999999976e-02
-4.564340000000000064e-03
2.514919999999999916e-03
1.012150000000000029e-02
1.584309999999999885e-02
1.479819999999999920e-02
6.717220000000000309e-03
-3.951239999999999961e-03
-1.348549999999999922e-02
-2.117209999999999925e-02
-2.813339999999999938e-02
-3.498620000000000202e-02
-3.974029999999999924e-02
-3.509170000000000345e-02
-1.875879999999999909e-02
2.649799999999999899e-03
2.274539999999999895e-02
3.945579999999999921e-02
5.255250000000000199e-02
5.659320000000000322e-02
4.952619999999999939e-02
3.690689999999999943e-02
2.471020000000000161e-02
1.500149999999999921e-02
6.596780000000000005e-03
-1.730009999999999925e-03
-9.358339999999999714e-03
-1.295929999999999999e-02
-1.135770000000000009e-02
-7.250689999999999739e-03
-3.441819999999999949e-03
-1.710680000000000013e-03
-3.094110000000000176e-03
-6.935270000000000323e-03
-9.512029999999999444e-03
-5.974509999999999717e-03
3.998800000000000271e-03
1.611840000000000148e-02
2.708239999999999953e-02
3.612599999999999839e-02
4.333000000000000046e-02
4.292150000000000132e-02
3.190939999999999749e-02
1.548989999999999916e-02
-4.365090000000000181e-04
-1.357650000000000003e-02
-2.482880000000000156e-02
-2.981369999999999854e-02
-2.483799999999999897e-02
-1.363259999999999993e-02
-1.784640000000000098e-03
7.924979999999999872e-03
1.814309999999999881e-02
3.295100000000000112e-02
5.198400000000000243e-02
6.425980000000000580e-02
5.846350000000000158e-02
3.728259999999999907e-02
1.222149999999999972e-02
-9.053560000000000427e-03
-2.234790000000000040e-02
-2.652969999999999981e-02
-2.489219999999999974e-02
-1.994670000000000123e-02
-1.000979999999999925e-02
5.117739999999999963e-03
2.229400000000000132e-02
3.835890000000000133e-02
5.203889999999999905e-02
5.458339999999999720e-02
4.113699999999999996e-02
1.951519999999999991e-02
-1.635769999999999932e-03
-1.875920000000000018e-02
-3.321899999999999853e-02
-3.653239999999999960e-02
-2.304830000000000073e-02
-3.181300000000000187e-04
2.218540000000000095e-02
4.037009999999999904e-02
5.465600000000000319e-02
5.835169999999999940e-02
4.781479999999999758e-02
2.977870000000000170e-02
1.202800000000000050e-02
-2.409600000000000023e-03
-1.485419999999999970e-02
-2.511479999999999962e-02
-2.650409999999999919e-02
-1.586339999999999972e-02
5.005539999999999512e-04
1.458820000000000082e-02
1.372540000000000045e-02
-5.317879999999999656e-03
-3.206900000000000028e-02
-5.144159999999999705e-02
-5.271440000000000153e-02
-3.941130000000000327e-02
-2.253619999999999929e-02
-1.078830000000000067e-02
-5.771479999999999839e-03
-3.773719999999999939e-03
-1.490779999999999926e-03
1.684649999999999993e-03
4.796220000000000344e-03
6.363350000000000256e-03
5.517069999999999787e-03
3.174540000000000001e-03
6.691159999999999816e-04
-1.355480000000000053e-03
-3.203750000000000001e-03
-6.609699999999999603e-03
-1.328660000000000084e-02
-2.218310000000000073e-02
-3.109779999999999836e-02
-3.373459999999999653e-02
-2.729840000000000044e-02
-1.627709999999999921e-02
-5.713779999999999901e-03
2.662900000000000163e-03
9.862539999999999502e-03
1.624729999999999924e-02
1.992050000000000071e-02
2.003660000000000163e-02
1.827820000000000139e-02
1.654289999999999927e-02
1.546140000000000014e-02
1.446489999999999929e-02
9.311790000000000345e-03
-2.320599999999999920e-03
-1.709050000000000152e-02
-3.119709999999999844e-02
-4.227510000000000295e-02
-5.028490000000000043e-02
-5.650320000000000342e-02
-6.223959999999999909e-02
-6.728599999999999859e-02
-7.093199999999999505e-02
-7.309849999999999681e-02
-7.464940000000000464e-02
-7.598370000000000124e-02
-7.622809999999999309e-02
-7.090420000000000056e-02
-5.856159999999999838e-02
-4.297700000000000131e-02
-2.823880000000000140e-02
-1.549430000000000078e-02
-4.023920000000000274e-03
6.399079999999999699e-03
1.014199999999999997e-02
4.385410000000000176e-03
-3.759510000000000195e-03
-1.807849999999999952e-03
1.363920000000000063e-02
3.465909999999999824e-02
5.370840000000000336e-02
6.901259999999999339e-02
8.263249999999999762e-02
9.614440000000000486e-02
1.093650000000000039e-01
1.212550000000000017e-01
1.209829999999999933e-01
9.765340000000000131e-02
5.728950000000000015e-02
1.386730000000000081e-02
-2.370090000000000044e-02
-4.792169999999999763e-02
-5.194639999999999674e-02
-4.044179999999999997e-02
-2.419260000000000160e-02
-1.053149999999999920e-02
2.637480000000000030e-05
4.385240000000000318e-03
2.122770000000000006e-04
-9.389339999999999492e-03
-1.956060000000000090e-02
-2.800019999999999940e-02
-3.501069999999999877e-02
-4.180040000000000144e-02
-4.847010000000000207e-02
-5.406570000000000126e-02
-5.225330000000000252e-02
-4.034480000000000011e-02
-2.387560000000000029e-02
-1.174490000000000083e-02
-7.382099999999999947e-03
-6.932549999999999997e-03
-6.063289999999999826e-03
-2.205659999999999912e-03
5.813660000000000008e-03
1.682229999999999837e-02
2.832290000000000155e-02
3.860489999999999755e-02
4.382160000000000222e-02
3.838210000000000233e-02
2.325659999999999880e-02
5.340369999999999666e-03
-2.460089999999999846e-03
8.755330000000000404e-03
3.332890000000000158e-02
5.999270000000000297e-02
8.228169999999999928e-02
9.597440000000000138e-02
9.580260000000000165e-02
8.350879999999999415e-02
6.613929999999999809e-02
4.814979999999999954e-02
3.048990000000000034e-02
1.310550000000000083e-02
-3.856150000000000029e-03
-1.939319999999999933e-02
-3.249289999999999817e-02
-4.327450000000000047e-02
-5.281890000000000196e-02
-6.180120000000000058e-02
-6.957649999999999946e-02
-6.936939999999999773e-02
-5.787960000000000327e-02
-4.068270000000000219e-02
-2.348230000000000109e-02
-8.360630000000000839e-03
5.620860000000000092e-03
1.909879999999999911e-02
2.911199999999999899e-02
2.640460000000000029e-02
8.943639999999999229e-03
-1.480590000000000031e-02
-3.678710000000000313e-02
-5.456090000000000245e-02
-6.407740000000000657e-02
-5.734849999999999670e-02
-3.531360000000000054e-02
-7.841950000000000309e-03
1.712580000000000005e-02
3.811710000000000098e-02
5.728450000000000208e-02
7.596300000000000274e-02
9.163300000000000611e-02
1.018499999999999961e-01
1.082390000000000019e-01
1.131429999999999936e-01
1.175879999999999981e-01
1.150299999999999934e-01
1.016999999999999987e-01
8.261670000000000125e-02
6.375569999999999848e-02
4.772989999999999872e-02
3.346999999999999975e-02
1.963689999999999880e-02
5.860650000000000234e-03
-8.313829999999999484e-03
-2.373019999999999990e-02
-3.979030000000000067e-02
-5.548480000000000079e-02
-6.992650000000000254e-02
-8.230360000000000453e-02
-8.541559999999999431e-02
-7.580639999999999601e-02
-5.972969999999999668e-02
-4.474159999999999943e-02
-3.467139999999999805e-02
-2.865010000000000126e-02
-2.529220000000000079e-02
-2.357309999999999961e-02
-2.137539999999999926e-02
-1.719199999999999895e-02
-1.171649999999999948e-02
-6.246329999999999591e-03
-1.478439999999999919e-03
2.762419999999999806e-03
6.012319999999999817e-03
5.138420000000000314e-03
-1.212310000000000080e-03
-1.016620000000000024e-02
-1.873690000000000078e-02
-2.575300000000000158e-02
-3.197130000000000111e-02
-3.800749999999999962e-02
-4.398939999999999795e-02
-4.952249999999999708e-02
-5.455600000000000033e-02
-5.902870000000000339e-02
-6.245239999999999819e-02
-6.254529999999999812e-02
-5.881839999999999985e-02
-5.328309999999999991e-02
-4.808849999999999930e-02
-4.412900000000000156e-02
-4.500169999999999865e-02
-5.224369999999999709e-02
-6.258800000000000474e-02
-7.241350000000000564e-02
-8.028269999999999851e-02
-8.386349999999999361e-02
-7.498570000000000235e-02
-5.147159999999999930e-02
-2.179860000000000131e-02
5.805460000000000134e-03
2.246539999999999995e-02
2.616049999999999973e-02
2.367500000000000160e-02
2.342320000000000166e-02
3.044780000000000056e-02
4.309849999999999792e-02
5.639079999999999787e-02
6.375550000000000661e-02
6.014490000000000114e-02
4.810319999999999874e-02
3.395700000000000107e-02
2.166830000000000145e-02
1.010649999999999916e-02
-3.417499999999999965e-03
-1.922909999999999897e-02
-3.516779999999999906e-02
-4.978880000000000111e-02
-6.266729999999999523e-02
-7.230670000000000153e-02
-6.890010000000000578e-02
-4.876380000000000298e-02
-2.057760000000000145e-02
6.229860000000000259e-03
2.840979999999999894e-02
4.211999999999999772e-02
4.581640000000000018e-02
4.411770000000000275e-02
4.187369999999999981e-02
4.102759999999999740e-02
4.080530000000000268e-02
4.025139999999999968e-02
3.923890000000000017e-02
3.815439999999999804e-02
3.731199999999999795e-02
3.759910000000000335e-02
4.350369999999999931e-02
5.671740000000000115e-02
7.316870000000000318e-02
8.842250000000000110e-02
9.745070000000000121e-02
9.292970000000000397e-02
7.497310000000000085e-02
5.197419999999999818e-02
3.088170000000000151e-02
1.477559999999999985e-02
5.371240000000000216e-03
1.690609999999999943e-03
1.467820000000000051e-04
-5.414320000000000244e-03
-1.882160000000000083e-02
-3.714189999999999853e-02
-5.527760000000000312e-02
-6.664490000000000691e-02
-6.470819999999999350e-02
-5.107559999999999878e-02
-3.436859999999999915e-02
-2.336270000000000013e-02
-2.002460000000000004e-02
-1.985690000000000024e-02
-1.897309999999999969e-02
-1.597269999999999940e-02
-8.591170000000000403e-03
3.846420000000000134e-03
1.831630000000000064e-02
3.207499999999999934e-02
4.410879999999999662e-02
5.508339999999999764e-02
6.551650000000000529e-02
7.548829999999999429e-02
8.474959999999999438e-02
9.318479999999999819e-02
9.952919999999999823e-02
9.780350000000000155e-02
8.551709999999999867e-02
6.827030000000000598e-02
5.170190000000000202e-02
3.790330000000000088e-02
2.593099999999999919e-02
1.983340000000000103e-02
2.213129999999999958e-02
2.896369999999999847e-02
3.105429999999999996e-02
2.158929999999999877e-02
3.554809999999999828e-03
-1.583249999999999935e-02
-3.244520000000000043e-02
-4.666180000000000327e-02
-5.997840000000000116e-02
-7.008390000000000453e-02
-6.975409999999999944e-02
-5.781200000000000228e-02
-4.113290000000000002e-02
-2.713840000000000002e-02
-1.803739999999999857e-02
-1.104839999999999989e-02
-3.190430000000000176e-03
6.081450000000000397e-03
1.536530000000000014e-02
2.370500000000000038e-02
3.103579999999999881e-02
3.786110000000000170e-02
4.436090000000000172e-02
5.032600000000000268e-02
5.144150000000000111e-02
4.204569999999999835e-02
2.355439999999999964e-02
2.549130000000000146e-03
-1.614060000000000147e-02
-2.905759999999999940e-02
-3.233010000000000050e-02
-2.709920000000000037e-02
-1.906230000000000077e-02
-1.871640000000000109e-02
-3.088870000000000157e-02
-4.947119999999999990e-02
-6.730659999999999421e-02
-8.168330000000000035e-02
-9.419349999999999945e-02
-1.062199999999999950e-01
-1.155219999999999997e-01
-1.173600000000000060e-01
-1.116790000000000005e-01
-1.027909999999999935e-01
-9.336440000000000017e-02
-8.307960000000000345e-02
-7.188079999999999470e-02
-5.700859999999999955e-02
-3.641069999999999723e-02
-1.208490000000000085e-02
1.205250000000000071e-02
3.405969999999999831e-02
5.396610000000000296e-02
7.274060000000000248e-02
9.054070000000000173e-02
1.070269999999999971e-01
1.123399999999999954e-01
9.929369999999999863e-02
7.460139999999999827e-02
4.892330000000000290e-02
2.759340000000000057e-02
1.375410000000000001e-02
8.383349999999999483e-03
7.794289999999999725e-03
7.991820000000000174e-03
5.313009999999999955e-03
-1.437069999999999927e-03
-1.051470000000000009e-02
-1.943850000000000092e-02
-2.710440000000000071e-02
-3.034190000000000151e-02
-2.666670000000000151e-02
-2.021600000000000133e-02
-1.732010000000000147e-02
-1.923820000000000044e-02
-2.299079999999999874e-02
-2.589539999999999897e-02
-2.759330000000000116e-02
-2.891420000000000101e-02
-2.961120000000000071e-02
-2.678149999999999975e-02
-1.934670000000000140e-02
-9.755659999999999332e-03
-6.657409999999999673e-04
6.953580000000000004e-03
1.196389999999999953e-02
1.186360000000000019e-02
6.806959999999999920e-03
-9.822719999999999358e-05
-5.455719999999999840e-03
-6.665410000000000085e-03
-4.059990000000000300e-03
-2.162189999999999978e-04
3.047150000000000206e-03
5.533050000000000294e-03
7.827270000000000755e-03
1.033940000000000033e-02
1.332979999999999929e-02
1.670980000000000035e-02
2.009700000000000028e-02
2.325119999999999965e-02
2.650929999999999953e-02
3.131769999999999693e-02
3.815419999999999923e-02
4.573309999999999875e-02
5.271760000000000335e-02
5.877219999999999667e-02
6.424399999999999555e-02
6.940350000000000685e-02
7.418260000000000132e-02
7.729859999999999509e-02
7.556780000000000441e-02
6.853629999999999445e-02
5.935649999999999954e-02
5.077630000000000338e-02
4.302430000000000143e-02
3.504530000000000145e-02
2.669339999999999907e-02
1.839050000000000060e-02
9.719999999999999474e-03
-6.444250000000000108e-04
-1.248020000000000032e-02
-2.375680000000000153e-02
-3.266940000000000122e-02
-3.911810000000000287e-02
-4.223989999999999689e-02
-4.199909999999999755e-02
-4.011660000000000226e-02
-3.821490000000000303e-02
-3.687939999999999968e-02
-3.736130000000000007e-02
-4.075129999999999725e-02
-4.617399999999999977e-02
-5.185479999999999950e-02
-5.674710000000000171e-02
-6.005980000000000346e-02
-6.164920000000000122e-02
-6.187639999999999807e-02
-6.041210000000000330e-02
-5.733359999999999845e-02
-5.358969999999999706e-02
-5.001680000000000015e-02
-4.679169999999999857e-02
-4.400919999999999832e-02
-4.216810000000000003e-02
-4.136379999999999918e-02
-4.102669999999999928e-02
-4.061970000000000164e-02
-3.927569999999999673e-02
-3.659069999999999684e-02
-3.321759999999999990e-02
-2.992449999999999971e-02
-2.699889999999999929e-02
-2.429600000000000162e-02
-2.182639999999999927e-02
-1.982859999999999831e-02
-1.833840000000000123e-02
-1.709029999999999924e-02
-1.582549999999999929e-02
-1.445250000000000007e-02
-1.286840000000000032e-02
-1.105360000000000023e-02
-9.205160000000000425e-03
-7.017240000000000109e-03
-4.161690000000000007e-03
-9.046739999999999513e-04
2.301039999999999856e-03
5.220129999999999909e-03
7.871849999999999681e-03
1.031830000000000074e-02
1.257349999999999961e-02
1.466819999999999929e-02
1.661910000000000123e-02
1.844559999999999950e-02
2.016690000000000149e-02
2.203679999999999875e-02
2.422600000000000101e-02
2.652909999999999990e-02
2.866329999999999920e-02
2.982989999999999947e-02
2.947620000000000101e-02
2.814149999999999985e-02
2.667490000000000139e-02
2.546069999999999930e-02
2.441170000000000145e-02
2.341129999999999947e-02
2.242200000000000096e-02
2.145609999999999878e-02
2.054829999999999851e-02
1.972310000000000035e-02
1.897369999999999959e-02
1.945710000000000148e-02
2.196980000000000113e-02
2.560549999999999979e-02
2.928700000000000053e-02
3.503450000000000314e-02
4.483410000000000173e-02
5.135429999999999856e-02
4.620370000000000033e-02
3.113049999999999845e-02
1.366820000000000014e-02
-1.216950000000000063e-03
-1.348489999999999932e-02
-2.481730000000000047e-02
-3.320019999999999916e-02
-3.397560000000000163e-02
-2.733009999999999953e-02
-1.808689999999999951e-02
-1.196760000000000011e-02
-1.141819999999999988e-02
-1.421859999999999964e-02
-1.724200000000000038e-02
-1.919270000000000004e-02
-2.058230000000000129e-02
-2.195570000000000160e-02
-2.169429999999999970e-02
-1.508929999999999993e-02
-1.309410000000000001e-03
1.525980000000000045e-02
3.058500000000000107e-02
4.367329999999999823e-02
5.538629999999999942e-02
6.277280000000000360e-02
5.865979999999999805e-02
4.262450000000000266e-02
2.205029999999999837e-02
3.381739999999999833e-03
-9.840669999999999279e-03
-1.525899999999999999e-02
-1.409690000000000075e-02
-1.053800000000000049e-02
-7.844689999999999649e-03
-8.723460000000000589e-03
-1.337750000000000050e-02
-1.943920000000000023e-02
-2.481859999999999969e-02
-2.581330000000000083e-02
-1.919349999999999876e-02
-6.736240000000000110e-03
6.991990000000000011e-03
1.915820000000000023e-02
2.963069999999999940e-02
3.930440000000000322e-02
4.557019999999999821e-02
4.240069999999999950e-02
2.961439999999999906e-02
1.809550000000000047e-02
1.679570000000000021e-02
2.366180000000000019e-02
3.188099999999999962e-02
3.751870000000000205e-02
3.864039999999999836e-02
3.489869999999999778e-02
2.866749999999999854e-02
2.418669999999999848e-02
2.474590000000000123e-02
2.927719999999999975e-02
3.475170000000000342e-02
3.917389999999999761e-02
4.245970000000000300e-02
4.232659999999999895e-02
3.474630000000000080e-02
2.027369999999999867e-02
3.657930000000000209e-03
-1.149290000000000034e-02
-2.457679999999999934e-02
-3.664629999999999971e-02
-4.824069999999999747e-02
-5.581900000000000056e-02
-5.485410000000000286e-02
-4.676369999999999832e-02
-3.661949999999999927e-02
-2.788519999999999888e-02
-1.972070000000000073e-02
-1.047080000000000059e-02
-3.170849999999999906e-04
9.536440000000000194e-03
1.840030000000000138e-02
2.638710000000000014e-02
3.375870000000000259e-02
3.814879999999999660e-02
3.458230000000000331e-02
2.283090000000000119e-02
8.038939999999999628e-03
-5.490720000000000149e-03
-1.682799999999999921e-02
-2.717390000000000083e-02
-3.729289999999999689e-02
-4.592229999999999923e-02
-4.948810000000000014e-02
-4.730340000000000239e-02
-4.249390000000000112e-02
-3.664350000000000246e-02
-2.935000000000000109e-02
-2.079989999999999964e-02
-1.204329999999999984e-02
-4.913169999999999690e-03
-2.093450000000000172e-03
-3.801169999999999983e-03
-7.348610000000000211e-03
-1.055419999999999969e-02
-1.286819999999999978e-02
-1.483220000000000025e-02
-1.682049999999999865e-02
-1.844960000000000003e-02
-1.909370000000000164e-02
-1.893169999999999922e-02
-1.846820000000000059e-02
-1.812750000000000125e-02
-1.788429999999999881e-02
-1.768099999999999880e-02
-1.739999999999999880e-02
-1.707710000000000131e-02
-1.672629999999999950e-02
-1.674770000000000078e-02
-1.732830000000000134e-02
-1.825790000000000052e-02
-1.916349999999999998e-02
-1.991499999999999868e-02
-2.052019999999999886e-02
-2.118199999999999944e-02
-2.214100000000000096e-02
-2.346159999999999912e-02
-2.483549999999999994e-02
-2.607519999999999977e-02
-2.708699999999999997e-02
-2.803800000000000042e-02
-2.961120000000000071e-02
-3.226939999999999670e-02
-3.534600000000000242e-02
-3.811239999999999767e-02
-3.765500000000000097e-02
-3.230469999999999869e-02
-2.409390000000000143e-02
-1.589020000000000016e-02
-8.887429999999999983e-03
-2.695949999999999909e-03
3.309859999999999972e-03
8.856370000000000561e-03
1.352030000000000072e-02
1.742720000000000033e-02
2.100700000000000137e-02
2.445829999999999879e-02
2.776640000000000011e-02
3.083210000000000117e-02
3.359569999999999917e-02
3.465499999999999831e-02
3.291600000000000081e-02
2.927000000000000088e-02
2.535909999999999900e-02
2.205630000000000090e-02
2.012869999999999937e-02
1.970279999999999948e-02
2.000180000000000013e-02
2.029490000000000113e-02
2.061369999999999869e-02
2.135139999999999955e-02
2.251629999999999951e-02
2.379469999999999849e-02
2.486820000000000003e-02
2.570729999999999890e-02
2.639520000000000061e-02
2.687859999999999902e-02
2.719490000000000102e-02
2.735440000000000094e-02
2.745780000000000096e-02
2.752500000000000085e-02
2.741340000000000096e-02
2.586660000000000001e-02
2.231959999999999847e-02
1.782279999999999975e-02
1.350510000000000078e-02
9.799920000000000159e-03
6.758550000000000321e-03
4.561530000000000272e-03
3.141440000000000118e-03
2.032720000000000013e-03
9.720790000000000420e-04
5.274610000000000106e-04
2.580550000000000031e-03
7.516499999999999744e-03
1.348799999999999999e-02
1.603219999999999992e-02
1.031729999999999974e-02
-2.693510000000000088e-03
-1.775790000000000007e-02
-3.102709999999999843e-02
-3.949779999999999958e-02
-4.166779999999999790e-02
-3.959630000000000094e-02
-3.650690000000000185e-02
-3.413179999999999686e-02
-3.234709999999999669e-02
-3.055010000000000017e-02
-2.848859999999999934e-02
-2.584919999999999926e-02
-2.141250000000000098e-02
-1.492570000000000008e-02
-7.641929999999999903e-03
-7.701029999999999551e-04
5.346479999999999809e-03
1.096650000000000055e-02
1.634659999999999933e-02
2.148190000000000169e-02
2.590910000000000088e-02
2.940080000000000124e-02
3.221670000000000089e-02
3.348509999999999681e-02
3.080010000000000039e-02
2.392350000000000032e-02
1.544590000000000025e-02
7.592149999999999767e-03
9.183849999999999696e-04
-5.076650000000000260e-03
-8.988519999999999843e-03
-9.477330000000000823e-03
-7.677269999999999928e-03
-5.480480000000000247e-03
-3.891959999999999864e-03
-2.713409999999999867e-03
-1.558439999999999912e-03
-2.833239999999999999e-04
9.757249999999999864e-04
1.953429999999999923e-03
1.878389999999999964e-03
5.364830000000000336e-04
-1.394760000000000097e-03
-3.211739999999999821e-03
-4.692990000000000182e-03
-5.987260000000000325e-03
-7.248319999999999937e-03
-8.485790000000000000e-03
-9.636290000000000480e-03
-1.056829999999999922e-02
-1.122770000000000018e-02
-1.171280000000000064e-02
-1.213189999999999928e-02
-1.253209999999999914e-02
-1.289820000000000029e-02
-1.307509999999999922e-02
-1.253259999999999964e-02
-1.108929999999999985e-02
-9.212510000000000143e-03
-7.416510000000000290e-03
-5.867009999999999760e-03
-4.389940000000000161e-03
-1.493559999999999896e-03
3.842790000000000008e-03
1.053660000000000013e-02
1.713309999999999833e-02
2.290460000000000065e-02
2.806080000000000033e-02
3.286469999999999669e-02
3.724029999999999702e-02
3.920200000000000073e-02
3.773409999999999959e-02
3.440990000000000021e-02
3.112480000000000108e-02
2.851029999999999884e-02
2.567509999999999931e-02
2.167310000000000070e-02
1.675580000000000125e-02
1.181759999999999929e-02
7.375419999999999719e-03
3.333369999999999996e-03
-7.589030000000000081e-04
-5.305299999999999773e-03
-1.018610000000000002e-02
-1.496860000000000031e-02
-1.936660000000000117e-02
-2.339350000000000110e-02
-2.714130000000000015e-02
-3.058409999999999948e-02
-3.316039999999999960e-02
-3.455579999999999763e-02
-3.522779999999999662e-02
-3.576800000000000118e-02
-3.639189999999999786e-02
-3.697339999999999655e-02
-3.741379999999999706e-02
-3.773610000000000159e-02
-3.793110000000000231e-02
-3.798920000000000075e-02
-3.646549999999999792e-02
-3.146680000000000310e-02
-2.356110000000000149e-02
-1.491899999999999997e-02
-7.060349999999999959e-03
-1.609980000000000059e-04
6.390840000000000062e-03
1.373010000000000029e-02
2.217190000000000133e-02
3.081769999999999995e-02
3.886669999999999708e-02
4.602900000000000047e-02
5.241520000000000207e-02
5.819099999999999967e-02
6.350279999999999814e-02
6.829419999999999935e-02
7.151599999999999624e-02
6.987799999999999567e-02
6.263199999999999323e-02
5.291649999999999826e-02
4.376950000000000285e-02
3.606310000000000071e-02
2.901029999999999928e-02
2.200130000000000141e-02
1.513809999999999982e-02
1.018999999999999941e-02
8.991459999999999730e-03
1.013030000000000007e-02
1.191500000000000024e-02
1.310839999999999922e-02
1.350050000000000035e-02
1.269059999999999980e-02
1.060430000000000053e-02
7.932339999999999530e-03
5.331780000000000373e-03
3.035009999999999878e-03
9.559510000000000229e-04
-8.385709999999999779e-04
-2.015879999999999842e-03
-2.576779999999999869e-03
-2.898099999999999808e-03
-3.277009999999999906e-03
-3.760869999999999925e-03
-4.290069999999999995e-03
-5.414389999999999828e-03
-7.793139999999999616e-03
-1.109530000000000065e-02
-1.452520000000000026e-02
-1.758200000000000041e-02
-2.028109999999999982e-02
-2.277080000000000076e-02
-2.505469999999999919e-02
-2.579590000000000008e-02
-2.402680000000000093e-02
-2.068189999999999959e-02
-1.724730000000000013e-02
-1.444989999999999990e-02
-1.216229999999999915e-02
-1.004180000000000003e-02
-7.931709999999999802e-03
-5.941929999999999781e-03
-4.157120000000000259e-03
-2.572360000000000098e-03
-1.149470000000000092e-03
-2.422539999999999882e-04
-1.109629999999999905e-03
-4.007669999999999635e-03
-7.707780000000000013e-03
-1.108740000000000073e-02
-1.385229999999999968e-02
-1.628989999999999952e-02
-1.862439999999999929e-02
-2.091169999999999835e-02
-2.362859999999999960e-02
-2.740590000000000040e-02
-3.190699999999999786e-02
-3.624050000000000188e-02
-3.980949999999999767e-02
-4.270430000000000059e-02
-4.519279999999999825e-02
-4.744999999999999912e-02
-4.939829999999999915e-02
-5.090650000000000036e-02
-4.997639999999999721e-02
-4.494030000000000247e-02
-3.715120000000000228e-02
-2.911129999999999968e-02
-2.214220000000000077e-02
-1.609359999999999957e-02
-1.043750000000000060e-02
-5.289989999999999623e-03
-9.983660000000000971e-04
2.500810000000000012e-03
5.541869999999999956e-03
8.419229999999999769e-03
1.112649999999999924e-02
1.358350000000000009e-02
1.576800000000000077e-02
1.767260000000000011e-02
1.898789999999999853e-02
1.870749999999999844e-02
1.666969999999999910e-02
1.392030000000000003e-02
1.138519999999999983e-02
9.321489999999999984e-03
7.504359999999999850e-03
5.760480000000000114e-03
4.084149999999999933e-03
2.565909999999999806e-03
1.226459999999999963e-03
4.920999999999999810e-05
-9.921319999999999532e-04
-1.904340000000000026e-03
-2.686220000000000014e-03
-3.018299999999999803e-03
-2.794930000000000157e-03
-2.279419999999999884e-03
-1.737720000000000107e-03
-1.272270000000000041e-03
-8.491489999999999976e-04
-4.202939999999999844e-04
-9.115429999999999985e-07
3.709130000000000044e-04
1.685649999999999963e-04
-9.098420000000000075e-04
-2.391100000000000170e-03
-3.741930000000000082e-03
-4.737599999999999797e-03
-5.489439999999999945e-03
-6.119770000000000071e-03
-6.681059999999999950e-03
-7.075090000000000025e-03
-7.202209999999999689e-03
-5.805389999999999683e-03
-2.362620000000000171e-03
1.936929999999999902e-03
5.876160000000000064e-03
9.045420000000000196e-03
1.171379999999999991e-02
1.412560000000000031e-02
1.604030000000000039e-02
1.691049999999999845e-02
1.679469999999999921e-02
1.627270000000000105e-02
1.579140000000000058e-02
1.543409999999999921e-02
1.508140000000000001e-02
1.464260000000000041e-02
1.415049999999999988e-02
1.363959999999999999e-02
1.313250000000000008e-02
1.262620000000000062e-02
1.211210000000000064e-02
1.156519999999999944e-02
1.081739999999999959e-02
9.801330000000000459e-03
8.705549999999999400e-03
7.702299999999999598e-03
6.834190000000000403e-03
6.050569999999999907e-03
5.320759999999999899e-03
4.638650000000000238e-03
4.024970000000000110e-03
3.506510000000000009e-03
3.271079999999999995e-03
3.343029999999999873e-03
3.530769999999999915e-03
3.656809999999999922e-03
3.678110000000000060e-03
3.631670000000000037e-03
3.551780000000000041e-03
3.442000000000000181e-03
3.303529999999999835e-03
3.127529999999999893e-03
2.845669999999999797e-03
2.251470000000000207e-03
1.347480000000000075e-03
3.878770000000000134e-04
-4.218460000000000265e-04
-1.038819999999999978e-03
-1.515520000000000018e-03
-1.836060000000000036e-03
-1.992040000000000043e-03
-2.042149999999999955e-03
-2.049950000000000036e-03
-2.042739999999999920e-03
-2.016070000000000015e-03
-1.962890000000000121e-03
-1.884019999999999922e-03
-1.770160000000000006e-03
-1.591540000000000012e-03
-1.358800000000000069e-03
-1.122219999999999945e-03
-9.180660000000000426e-04
-7.512359999999999611e-04
-6.103740000000000077e-04
-4.877479999999999793e-04
-3.825790000000000245e-04
-2.962919999999999747e-04
-2.218420000000000082e-04
-1.538130000000000129e-04
-9.687740000000000186e-05
-5.784560000000000060e-05
-3.799420000000000293e-05
-3.433929999999999833e-05
-4.387750000000000130e-05
-8.195450000000000282e-05
-1.522360000000000109e-04
-2.320920000000000134e-04
-3.011029999999999935e-04
-3.539230000000000197e-04
-3.960349999999999851e-04
-4.320139999999999874e-04
-4.537090000000000025e-04
-4.595970000000000112e-04
-4.630419999999999892e-04
-4.741680000000000179e-04
-4.947800000000000028e-04
-5.206549999999999677e-04
-5.487639999999999792e-04
-5.778060000000000444e-04
-6.077769999999999917e-04
-6.378409999999999939e-04
-6.671410000000000014e-04
-6.950769999999999995e-04
-7.211640000000000498e-04
-7.440430000000000047e-04
-7.628529999999999686e-04
-7.771429999999999961e-04
-7.870480000000000444e-04
-7.925560000000000330e-04
-7.937229999999999763e-04
-7.904579999999999593e-04
-7.828209999999999509e-04
-7.708009999999999948e-04
-7.544960000000000078e-04
-7.339539999999999866e-04
-7.093009999999999636e-04
-6.806279999999999622e-04
-6.480700000000000479e-04
-6.117450000000000188e-04
-5.718020000000000524e-04
-5.283809999999999679e-04
-4.816420000000000076e-04
-4.317400000000000100e-04
-3.788470000000000270e-04
-3.231330000000000248e-04
