1.619429999999999842e-05
1.473820000000000062e-05
1.928009999999999858e-05
2.255060000000000056e-05
3.264029999999999986e-05
4.093139999999999913e-05
5.536609999999999833e-05
6.760390000000000507e-05
8.577000000000000043e-05
1.013580000000000009e-04
1.224900000000000012e-04
1.406540000000000123e-04
1.640760000000000059e-04
1.841649999999999960e-04
2.091919999999999988e-04
2.305440000000000072e-04
2.565959999999999942e-04
2.786479999999999925e-04
3.051080000000000068e-04
3.272729999999999953e-04
3.536680000000000162e-04
3.754979999999999885e-04
4.013360000000000213e-04
4.224470000000000026e-04
4.473309999999999765e-04
4.669380000000000210e-04
4.900889999999999760e-04
5.079350000000000488e-04
5.293070000000000197e-04
5.452019999999999480e-04
5.651010000000000364e-04
5.794539999999999717e-04
5.957939999999999677e-04
6.064280000000000018e-04
6.211979999999999976e-04
6.306559999999999467e-04
6.421750000000000375e-04
6.463019999999999659e-04
6.549880000000000112e-04
6.583169999999999517e-04
6.640669999999999559e-04
6.625570000000000331e-04
6.640630000000000014e-04
6.594430000000000083e-04
6.593270000000000250e-04
6.516020000000000405e-04
6.454889999999999586e-04
6.347290000000000007e-04
6.284819999999999773e-04
6.145740000000000014e-04
6.027940000000000294e-04
5.842140000000000007e-04
5.695509999999999549e-04
5.500459999999999985e-04
5.326419999999999462e-04
5.063679999999999874e-04
4.864010000000000208e-04
4.615260000000000261e-04
4.410470000000000211e-04
4.107080000000000257e-04
3.818170000000000071e-04
3.496519999999999923e-04
3.236280000000000124e-04
2.870419999999999938e-04
2.546420000000000194e-04
2.182110000000000018e-04
1.862850000000000096e-04
1.489499999999999884e-04
1.137309999999999992e-04
6.933540000000000026e-05
3.378110000000000086e-05
-6.216580000000000203e-06
-4.559409999999999771e-05
-9.170520000000000418e-05
-1.290909999999999877e-04
-1.732020000000000131e-04
-2.100709999999999882e-04
-2.565520000000000062e-04
-2.970140000000000128e-04
-3.420259999999999945e-04
-3.815560000000000175e-04
-4.291580000000000134e-04
-4.706280000000000077e-04
-5.181219999999999836e-04
-5.550660000000000012e-04
-5.980649999999999465e-04
-6.401129999999999884e-04
-6.890849999999999797e-04
-7.134119999999999654e-04
-5.388430000000000043e-04
-9.546360000000000533e-05
4.073230000000000166e-04
8.662389999999999847e-04
1.259750000000000019e-03
1.659139999999999920e-03
2.043849999999999834e-03
2.380999999999999870e-03
1.893949999999999930e-03
4.300180000000000018e-04
-1.314569999999999931e-03
-2.846640000000000108e-03
-4.189349999999999671e-03
-5.486150000000000401e-03
-6.603170000000000220e-03
-6.487569999999999795e-03
-4.996409999999999740e-03
-3.135390000000000052e-03
-1.549959999999999966e-03
-2.432649999999999960e-04
4.766969999999999931e-04
4.666919999999999966e-04
1.512840000000000105e-04
-1.115400000000000061e-04
-2.667559999999999918e-04
-4.233010000000000050e-04
-6.138600000000000350e-04
-8.008429999999999759e-04
-9.605609999999999669e-04
-1.108049999999999964e-03
-1.254370000000000094e-03
-1.388219999999999905e-03
-1.486279999999999980e-03
-1.464690000000000046e-03
-1.323320000000000008e-03
-1.152779999999999951e-03
-1.010950000000000043e-03
-8.856139999999999542e-04
-7.608639999999999848e-04
-6.348519999999999858e-04
-5.139160000000000039e-04
-3.985349999999999917e-04
-2.902800000000000193e-04
-1.849929999999999955e-04
-8.922830000000000084e-05
6.136530000000000012e-06
9.554090000000000542e-05
1.802159999999999971e-04
2.598410000000000216e-04
3.385570000000000181e-04
4.082210000000000070e-04
4.781039999999999747e-04
5.424359999999999815e-04
6.029450000000000217e-04
6.589830000000000297e-04
7.148470000000000085e-04
7.621149999999999496e-04
8.102889999999999529e-04
8.533969999999999880e-04
8.936979999999999534e-04
9.228119999999999596e-04
7.659459999999999880e-04
-1.773710000000000065e-04
-1.910159999999999940e-03
-3.769489999999999907e-03
-5.196469999999999909e-03
-5.057709999999999984e-03
-3.347150000000000125e-03
-1.285729999999999902e-03
4.279460000000000122e-04
1.439469999999999986e-03
1.657770000000000033e-03
1.424549999999999905e-03
1.167620000000000073e-03
9.956439999999999561e-04
8.532569999999999521e-04
6.774749999999999739e-04
5.008700000000000478e-04
4.728539999999999827e-04
8.209849999999999873e-04
1.444229999999999906e-03
2.092730000000000111e-03
2.644829999999999924e-03
3.145719999999999853e-03
3.632479999999999997e-03
4.116060000000000378e-03
4.562209999999999703e-03
4.973209999999999610e-03
5.340260000000000319e-03
5.473750000000000317e-03
5.184359999999999837e-03
4.638060000000000273e-03
4.077670000000000253e-03
3.605370000000000102e-03
3.164129999999999807e-03
2.723670000000000084e-03
2.279929999999999891e-03
1.860869999999999929e-03
1.464159999999999941e-03
1.091299999999999909e-03
7.271699999999999648e-04
3.816220000000000267e-04
4.392799999999999683e-05
-2.699429999999999733e-04
-5.706799999999999503e-04
-8.523919999999999934e-04
-1.127720000000000024e-03
-1.384730000000000032e-03
-1.632760000000000027e-03
-1.862139999999999976e-03
-2.084299999999999868e-03
-2.289010000000000176e-03
-2.486830000000000204e-03
-2.667130000000000195e-03
-2.842330000000000117e-03
-3.003060000000000104e-03
-3.155960000000000189e-03
-3.291660000000000072e-03
-3.421819999999999896e-03
-3.537670000000000137e-03
-3.652359999999999895e-03
-3.746070000000000216e-03
-3.833599999999999942e-03
-3.909590000000000114e-03
-3.985840000000000043e-03
-4.051950000000000343e-03
-4.111769999999999835e-03
-4.156899999999999831e-03
-4.199089999999999941e-03
-4.222329999999999833e-03
-4.111260000000000261e-03
-3.792729999999999799e-03
-3.394009999999999822e-03
-3.012809999999999881e-03
-2.684740000000000130e-03
-2.367900000000000039e-03
-2.054990000000000028e-03
-1.737880000000000024e-03
-1.441559999999999933e-03
-1.154880000000000056e-03
-8.869340000000000297e-04
-6.222699999999999629e-04
-3.747800000000000133e-04
-1.322100000000000098e-04
9.229680000000000035e-05
3.103790000000000043e-04
5.106349999999999518e-04
7.094140000000000081e-04
8.932200000000000166e-04
1.068270000000000070e-03
1.121370000000000006e-03
1.000870000000000058e-03
7.799299999999999679e-04
5.741900000000000302e-04
3.979419999999999789e-04
2.402279999999999910e-04
7.400639999999999671e-05
-8.394959999999999326e-05
-2.337949999999999935e-04
-3.617079999999999731e-04
-4.898769999999999991e-04
-6.114000000000000077e-04
-7.330010000000000518e-04
-8.327159999999999467e-04
-9.269919999999999636e-04
-1.016610000000000040e-03
-1.108760000000000084e-03
-1.180269999999999974e-03
-1.288150000000000059e-03
-2.118829999999999932e-03
-4.136589999999999885e-03
-6.743479999999999613e-03
-9.215499999999999733e-03
-1.133669999999999990e-02
-1.323019999999999925e-02
-1.311359999999999956e-02
-9.262529999999999722e-03
-3.103049999999999992e-03
2.903339999999999914e-03
6.367290000000000276e-03
6.661629999999999982e-03
5.546439999999999704e-03
4.579340000000000320e-03
4.022689999999999773e-03
3.469879999999999839e-03
2.786600000000000188e-03
2.074639999999999991e-03
1.534940000000000046e-03
1.275220000000000086e-03
1.245849999999999952e-03
1.234379999999999982e-03
1.198770000000000044e-03
1.144650000000000094e-03
1.120569999999999986e-03
1.091919999999999913e-03
1.072789999999999898e-03
1.041199999999999938e-03
1.030440000000000089e-03
1.082049999999999982e-03
1.301960000000000010e-03
1.612439999999999924e-03
1.938489999999999961e-03
2.210610000000000006e-03
2.475129999999999865e-03
2.721869999999999932e-03
2.979009999999999818e-03
3.199360000000000051e-03
3.419939999999999786e-03
3.606929999999999945e-03
3.801600000000000031e-03
4.038139999999999959e-03
5.529349999999999717e-03
8.524079999999999852e-03
1.189860000000000050e-02
1.480000000000000066e-02
1.627989999999999993e-02
1.489850000000000028e-02
1.126669999999999928e-02
7.330729999999999712e-03
4.016549999999999808e-03
1.718059999999999986e-03
7.955640000000000151e-04
8.230480000000000521e-04
1.021369999999999960e-03
1.061059999999999955e-03
1.033120000000000002e-03
1.053509999999999907e-03
1.120869999999999939e-03
1.171490000000000075e-03
1.198740000000000005e-03
1.191580000000000026e-03
1.149470000000000092e-03
1.071200000000000017e-03
9.937439999999999642e-04
9.162960000000000375e-04
8.504050000000000411e-04
7.793859999999999677e-04
6.862710000000000164e-04
9.726889999999999972e-05
-1.198730000000000065e-03
-2.788580000000000138e-03
-4.223720000000000252e-03
-4.708490000000000071e-03
-3.861649999999999892e-03
-2.368970000000000190e-03
-9.467850000000000094e-04
2.296260000000000000e-04
1.335409999999999982e-03
2.454539999999999847e-03
3.554900000000000160e-03
4.518109999999999661e-03
4.565139999999999650e-03
3.523360000000000120e-03
2.194000000000000204e-03
1.061950000000000090e-03
3.327079999999999729e-04
1.087900000000000036e-05
-3.663770000000000329e-05
-5.946820000000000095e-05
-1.022740000000000037e-04
-1.708839999999999990e-04
-1.898600000000000016e-04
1.284400000000000103e-04
1.317990000000000004e-03
3.165380000000000190e-03
5.073679999999999683e-03
6.741300000000000417e-03
8.252360000000000251e-03
8.997810000000000183e-03
5.068650000000000065e-03
-3.904760000000000175e-03
-1.038940000000000002e-02
-1.075639999999999930e-02
-8.312220000000000372e-03
-6.618009999999999692e-03
-6.015060000000000025e-03
-5.429889999999999717e-03
-4.385720000000000070e-03
-3.243329999999999998e-03
-1.846549999999999971e-03
8.583820000000000089e-05
2.393919999999999902e-03
4.604439999999999575e-03
6.063849999999999969e-03
4.946660000000000293e-03
1.449240000000000077e-03
-1.358889999999999968e-03
-1.807119999999999950e-03
-1.084869999999999932e-03
-5.860670000000000116e-04
-7.886409999999999731e-04
-1.247389999999999914e-03
-1.527469999999999956e-03
1.502150000000000009e-05
4.226859999999999819e-03
9.624390000000000028e-03
1.222020000000000051e-02
1.077460000000000050e-02
7.839270000000000613e-03
5.487309999999999584e-03
3.845959999999999830e-03
2.593300000000000206e-03
1.976599999999999798e-03
1.967369999999999969e-03
2.147829999999999878e-03
2.246290000000000179e-03
2.264739999999999896e-03
2.533849999999999818e-03
3.407340000000000022e-03
4.790130000000000082e-03
6.214889999999999824e-03
7.458290000000000232e-03
8.543880000000000224e-03
9.605759999999999646e-03
1.058659999999999983e-02
1.139949999999999991e-02
9.674359999999999904e-03
4.866139999999999702e-03
-7.341920000000000477e-04
-5.069139999999999757e-03
-6.790680000000000327e-03
-6.611409999999999856e-03
-6.173969999999999979e-03
-6.084560000000000142e-03
-6.128989999999999959e-03
-6.026789999999999752e-03
-5.860530000000000080e-03
-6.030630000000000365e-03
-7.292599999999999777e-03
-9.462679999999999356e-03
-1.174809999999999917e-02
-1.372239999999999918e-02
-1.549960000000000053e-02
-1.721160000000000051e-02
-1.887950000000000045e-02
-2.004279999999999951e-02
-2.065190000000000081e-02
-2.100269999999999915e-02
-2.111410000000000023e-02
-1.944320000000000076e-02
-1.575850000000000167e-02
-1.156090000000000069e-02
-7.837020000000000097e-03
-4.554500000000000388e-03
-1.508449999999999938e-03
1.305350000000000043e-03
3.850419999999999798e-03
6.218669999999999927e-03
8.435220000000000218e-03
1.022600000000000071e-02
9.237920000000000159e-03
5.191959999999999804e-03
5.002739999999999878e-04
-2.072420000000000165e-03
-1.366809999999999987e-03
9.978529999999999345e-04
3.229979999999999917e-03
4.915809999999999624e-03
6.500040000000000331e-03
8.169650000000000523e-03
9.587939999999999657e-03
9.233929999999999569e-03
6.989350000000000077e-03
4.301359999999999732e-03
2.022130000000000021e-03
9.464959999999999585e-05
-1.908500000000000040e-03
-4.680779999999999837e-03
-9.268699999999999509e-03
-1.518979999999999983e-02
-2.112560000000000132e-02
-2.644430000000000044e-02
-3.120809999999999904e-02
-3.359089999999999993e-02
-3.173209999999999920e-02
-2.715439999999999868e-02
-2.249550000000000161e-02
-1.860310000000000089e-02
-1.501700000000000083e-02
-1.129349999999999972e-02
-7.565020000000000425e-03
-4.042500000000000086e-03
-7.809250000000000219e-04
2.065490000000000121e-03
3.591539999999999837e-03
3.787159999999999919e-03
3.561390000000000215e-03
2.803169999999999794e-03
9.955039999999999202e-04
-1.471649999999999911e-03
-3.917760000000000166e-03
-6.024510000000000282e-03
-7.290360000000000069e-03
-7.103349999999999595e-03
-5.900869999999999900e-03
-4.530750000000000055e-03
-3.438089999999999983e-03
-2.467979999999999827e-03
-1.467940000000000043e-03
-4.368330000000000238e-04
5.256840000000000037e-04
1.427920000000000057e-03
2.268399999999999844e-03
3.098689999999999865e-03
3.871639999999999977e-03
4.423260000000000039e-03
4.554530000000000210e-03
4.445900000000000026e-03
4.324610000000000433e-03
4.749640000000000285e-03
6.671530000000000168e-03
9.951220000000000204e-03
1.336030000000000030e-02
1.605099999999999930e-02
1.692580000000000126e-02
1.625959999999999905e-02
1.520679999999999948e-02
1.398420000000000045e-02
1.141630000000000075e-02
7.460589999999999583e-03
3.241280000000000029e-03
-5.315040000000000259e-04
-3.935809999999999656e-03
-7.127230000000000024e-03
-8.761170000000000416e-03
-8.327330000000000843e-03
-7.247850000000000126e-03
-6.402370000000000110e-03
-5.833879999999999622e-03
-3.918200000000000155e-03
3.151809999999999898e-04
5.930239999999999817e-03
1.141690000000000066e-02
1.776679999999999926e-02
2.544710000000000027e-02
2.976219999999999907e-02
2.495560000000000139e-02
1.350769999999999922e-02
1.508870000000000046e-03
-8.448980000000000032e-03
-1.733240000000000128e-02
-2.465509999999999924e-02
-2.951600000000000057e-02
-2.683129999999999890e-02
-1.483259999999999960e-02
1.049589999999999985e-03
1.580269999999999939e-02
2.834180000000000033e-02
3.542959999999999859e-02
3.359589999999999799e-02
2.602840000000000015e-02
1.924599999999999922e-02
1.552169999999999939e-02
1.291899999999999993e-02
9.852529999999999968e-03
7.434330000000000278e-03
6.968359999999999832e-03
7.803949999999999602e-03
8.630519999999999164e-03
9.078670000000000490e-03
8.823330000000000756e-03
4.746789999999999864e-03
-3.263519999999999789e-03
-3.581099999999999822e-03
8.741950000000000068e-03
2.611360000000000070e-02
4.147880000000000317e-02
5.359869999999999912e-02
5.650600000000000067e-02
4.800120000000000081e-02
3.514720000000000344e-02
2.348340000000000150e-02
1.386850000000000062e-02
4.588319999999999899e-03
-4.844929999999999896e-03
-1.387309999999999932e-02
-1.910130000000000161e-02
-1.870770000000000072e-02
-1.527290000000000071e-02
-1.200290000000000037e-02
-9.862980000000000358e-03
-8.598140000000000643e-03
-7.628039999999999994e-03
-6.673929999999999793e-03
-5.860309999999999651e-03
-7.067399999999999724e-03
-1.096719999999999987e-02
-1.577500000000000083e-02
-1.975450000000000123e-02
-1.730179999999999912e-02
-7.430639999999999641e-03
4.354270000000000362e-03
1.429869999999999926e-02
1.722080000000000138e-02
1.255320000000000047e-02
5.348689999999999695e-03
-8.842960000000000187e-04
-6.426420000000000396e-03
-1.343109999999999964e-02
-2.198369999999999838e-02
-3.056369999999999920e-02
-3.800180000000000224e-02
-3.984830000000000316e-02
-3.221240000000000214e-02
-1.877380000000000021e-02
-5.295109999999999574e-03
6.199520000000000031e-03
1.677000000000000018e-02
2.725990000000000010e-02
3.741599999999999787e-02
4.490510000000000335e-02
4.874620000000000342e-02
5.077750000000000319e-02
5.284749999999999864e-02
5.516830000000000345e-02
5.721079999999999915e-02
5.738410000000000039e-02
5.551960000000000228e-02
5.276979999999999865e-02
4.516300000000000175e-02
2.928069999999999978e-02
8.966770000000000643e-03
-1.067369999999999951e-02
-2.805969999999999992e-02
-4.436190000000000272e-02
-6.026580000000000131e-02
-7.543959999999999555e-02
-8.606379999999999586e-02
-8.810679999999999901e-02
-8.391319999999999335e-02
-7.899870000000000503e-02
-7.535999999999999643e-02
-7.212559999999999805e-02
-6.454890000000000627e-02
-5.025700000000000306e-02
-3.267790000000000278e-02
-1.606770000000000073e-02
-1.151660000000000097e-03
1.285020000000000086e-02
2.668629999999999960e-02
4.044289999999999691e-02
5.439900000000000291e-02
6.769379999999999842e-02
7.786550000000000415e-02
6.772970000000000379e-02
3.506820000000000076e-02
-2.840529999999999965e-03
-3.038959999999999925e-02
-4.450640000000000152e-02
-5.338829999999999965e-02
-6.308249999999999968e-02
-7.357890000000000263e-02
-7.945140000000000535e-02
-7.194760000000000044e-02
-5.292329999999999951e-02
-3.221439999999999720e-02
-1.449280000000000013e-02
3.721959999999999852e-04
9.029999999999999832e-03
1.069449999999999915e-02
1.004539999999999947e-02
1.005720000000000051e-02
1.093219999999999956e-02
1.158550000000000031e-02
1.182620000000000025e-02
1.194259999999999940e-02
1.256509999999999919e-02
1.935169999999999946e-02
3.371810000000000085e-02
4.897499999999999770e-02
5.766990000000000310e-02
5.956020000000000064e-02
5.998450000000000309e-02
5.841360000000000302e-02
5.075709999999999944e-02
3.770600000000000340e-02
2.415809999999999833e-02
1.430589999999999987e-02
9.578160000000000493e-03
7.239640000000000311e-03
4.042170000000000311e-03
-1.054940000000000088e-03
-6.528810000000000342e-03
-1.132629999999999922e-02
-1.251719999999999916e-02
-9.550680000000000627e-03
-5.034740000000000222e-03
-1.129779999999999934e-03
2.143389999999999792e-03
5.272309999999999670e-03
8.492190000000000155e-03
1.146860000000000067e-02
1.224060000000000079e-02
6.259599999999999713e-03
-5.725420000000000162e-03
-1.865090000000000151e-02
-2.990579999999999974e-02
-3.988459999999999922e-02
-4.969090000000000312e-02
-5.934239999999999654e-02
-6.793720000000000314e-02
-6.752629999999999744e-02
-5.531950000000000062e-02
-3.877180000000000210e-02
-2.404059999999999878e-02
-1.521239999999999919e-02
-1.121079999999999993e-02
-8.317500000000000240e-03
-4.692850000000000146e-03
5.698279999999999930e-05
5.819359999999999984e-03
1.008260000000000059e-02
1.174970000000000007e-02
1.525119999999999948e-02
2.370670000000000069e-02
3.461680000000000312e-02
4.483170000000000210e-02
5.339739999999999764e-02
5.813870000000000149e-02
5.403419999999999751e-02
4.255939999999999723e-02
2.984590000000000160e-02
1.901989999999999931e-02
9.508590000000000791e-03
2.271859999999999895e-04
-8.925550000000000844e-03
-1.757680000000000006e-02
-2.563599999999999907e-02
-3.313479999999999898e-02
-3.877119999999999872e-02
-4.125000000000000194e-02
-4.147889999999999910e-02
-3.837270000000000264e-02
-2.986880000000000090e-02
-1.783660000000000107e-02
-5.926179999999999642e-03
2.453460000000000189e-03
7.020280000000000270e-03
1.025840000000000085e-02
1.270119999999999930e-02
1.395230000000000081e-02
1.431020000000000035e-02
1.457299999999999915e-02
1.497869999999999931e-02
1.541250000000000085e-02
1.571039999999999937e-02
1.593779999999999850e-02
1.550020000000000044e-02
1.410720000000000030e-02
1.234309999999999921e-02
1.074600000000000034e-02
9.328180000000000152e-03
7.989949999999999136e-03
6.680949999999999736e-03
5.357989999999999975e-03
4.077879999999999873e-03
2.852809999999999895e-03
1.658339999999999901e-03
4.974890000000000475e-04
-5.751559999999999529e-04
-1.622119999999999899e-03
-2.656200000000000054e-03
-3.634239999999999953e-03
-4.515579999999999941e-03
-5.336740000000000407e-03
-6.136339999999999677e-03
-7.136850000000000138e-03
-8.484959999999999725e-03
-1.005069999999999922e-02
-1.158520000000000036e-02
-1.402519999999999982e-02
-1.980689999999999881e-02
-2.874339999999999881e-02
-3.805440000000000211e-02
-4.592849999999999711e-02
-4.539769999999999917e-02
-3.531120000000000092e-02
-2.250330000000000039e-02
-1.142379999999999958e-02
-2.129439999999999805e-03
5.362119999999999734e-03
1.055969999999999999e-02
1.425650000000000008e-02
1.673530000000000156e-02
1.197319999999999982e-02
-1.308120000000000073e-03
-1.650889999999999996e-02
-2.581110000000000002e-02
-2.427489999999999856e-02
-1.618150000000000144e-02
-1.046749999999999937e-02
-1.029620000000000014e-02
-1.200460000000000069e-02
-1.219519999999999979e-02
-1.020210000000000040e-02
-7.738260000000000277e-03
-5.638169999999999640e-03
-3.912960000000000049e-03
-2.126460000000000156e-03
-6.623379999999999459e-04
1.555369999999999984e-04
3.879900000000000037e-04
5.975289999999999638e-04
8.588120000000000302e-04
1.211129999999999932e-03
1.457060000000000039e-03
1.720849999999999897e-03
1.926210000000000032e-03
2.127319999999999819e-03
1.044290000000000019e-03
-1.624540000000000055e-03
-4.787590000000000422e-03
-4.589479999999999948e-03
1.781030000000000070e-03
1.193929999999999991e-02
2.179439999999999850e-02
2.852910000000000168e-02
2.867470000000000088e-02
2.339750000000000163e-02
1.709919999999999843e-02
1.194120000000000077e-02
7.477710000000000259e-03
2.269950000000000179e-03
-5.382289999999999644e-03
-1.500450000000000048e-02
-2.449870000000000173e-02
-3.096199999999999994e-02
-3.114820000000000089e-02
-2.644929999999999851e-02
-2.115239999999999829e-02
-1.827140000000000014e-02
-1.759300000000000100e-02
-1.711529999999999996e-02
-1.612819999999999879e-02
-1.490170000000000036e-02
-1.398489999999999976e-02
-1.321589999999999918e-02
-1.243649999999999964e-02
-1.161700000000000059e-02
-1.164109999999999971e-02
-1.269550000000000019e-02
-1.404180000000000011e-02
-1.506200000000000074e-02
-1.580339999999999870e-02
-1.549380000000000028e-02
-1.028169999999999952e-02
1.904890000000000120e-04
1.169629999999999975e-02
2.191790000000000058e-02
3.090539999999999954e-02
3.951910000000000145e-02
4.489400000000000335e-02
4.529939999999999661e-02
4.298699999999999743e-02
4.067749999999999838e-02
3.608499999999999902e-02
2.752709999999999879e-02
1.717170000000000155e-02
7.521599999999999814e-03
-7.690060000000000298e-04
-4.358820000000000229e-03
-2.122049999999999891e-03
2.460250000000000197e-03
6.506579999999999656e-03
9.636580000000000493e-03
1.273389999999999939e-02
1.705270000000000050e-02
2.325160000000000074e-02
3.045499999999999943e-02
3.733419999999999794e-02
4.332160000000000177e-02
4.655120000000000091e-02
4.675719999999999876e-02
4.350620000000000182e-02
3.704040000000000110e-02
2.954400000000000082e-02
2.252349999999999838e-02
1.616719999999999963e-02
1.007390000000000022e-02
4.688130000000000422e-03
2.400530000000000112e-03
3.374949999999999825e-03
5.231529999999999861e-03
6.533599999999999651e-03
7.231719999999999642e-03
7.619660000000000322e-03
7.743599999999999789e-03
7.810290000000000114e-03
7.833460000000000423e-03
7.881549999999999320e-03
8.158489999999999145e-03
9.713209999999999900e-03
1.258899999999999950e-02
1.572080000000000005e-02
1.846319999999999906e-02
2.086860000000000104e-02
2.316059999999999994e-02
2.539819999999999925e-02
2.750750000000000070e-02
2.865759999999999835e-02
2.844539999999999916e-02
2.761279999999999984e-02
2.676090000000000066e-02
2.491660000000000055e-02
2.038560000000000025e-02
1.385070000000000051e-02
7.384390000000000225e-03
4.695549999999999724e-03
7.091899999999999940e-03
1.165240000000000026e-02
1.445309999999999997e-02
1.374829999999999976e-02
1.124980000000000077e-02
8.917229999999999948e-03
7.185809999999999940e-03
5.525829999999999805e-03
3.726849999999999868e-03
1.884919999999999998e-03
-3.354749999999999686e-05
-2.091910000000000210e-03
-4.095139999999999718e-03
-5.894029999999999755e-03
-7.314829999999999596e-03
-8.461150000000000615e-03
-9.501340000000000480e-03
-1.053849999999999926e-02
-1.151699999999999946e-02
-1.215749999999999990e-02
-1.221470000000000021e-02
-1.196969999999999978e-02
-1.170539999999999949e-02
-1.154140000000000027e-02
-1.146460000000000014e-02
-1.281320000000000028e-02
-1.613339999999999913e-02
-2.021950000000000136e-02
-2.396660000000000110e-02
-2.716769999999999949e-02
-2.950909999999999991e-02
-3.027749999999999886e-02
-2.983490000000000100e-02
-2.914759999999999920e-02
-2.858969999999999914e-02
-2.811709999999999904e-02
-2.756830000000000044e-02
-2.710219999999999990e-02
-2.677950000000000122e-02
-2.641960000000000142e-02
-2.381799999999999889e-02
-1.687630000000000033e-02
-7.118509999999999768e-03
2.556070000000000130e-03
1.084380000000000066e-02
1.418619999999999950e-02
1.083369999999999993e-02
4.256389999999999653e-03
-2.012390000000000186e-03
-7.120279999999999665e-03
-1.142999999999999919e-02
-1.327270000000000012e-02
-1.239479999999999922e-02
-1.220100000000000004e-02
-1.551469999999999932e-02
-2.125679999999999931e-02
-2.693009999999999848e-02
-3.168669999999999820e-02
-3.589210000000000317e-02
-3.898820000000000063e-02
-3.781930000000000014e-02
-3.240029999999999993e-02
-2.605529999999999999e-02
-2.061500000000000138e-02
-1.593179999999999943e-02
-1.131270000000000019e-02
-6.672359999999999576e-03
-2.274270000000000111e-03
5.942849999999999522e-04
1.528889999999999980e-03
1.642189999999999969e-03
1.929699999999999905e-03
3.308440000000000165e-03
5.990989999999999857e-03
9.140809999999999214e-03
1.207390000000000026e-02
1.471729999999999913e-02
1.718130000000000004e-02
1.849939999999999918e-02
1.834090000000000026e-02
1.758830000000000116e-02
1.668599999999999944e-02
1.536520000000000073e-02
1.356010000000000028e-02
1.157739999999999984e-02
9.758060000000000692e-03
8.057560000000000069e-03
5.786689999999999716e-03
2.433649999999999876e-03
-1.489880000000000067e-03
-5.269300000000000199e-03
-8.673059999999999797e-03
-1.177480000000000020e-02
-1.318429999999999949e-02
-1.201870000000000022e-02
-9.510940000000000713e-03
-7.125109999999999603e-03
-5.196880000000000076e-03
-3.407859999999999969e-03
-1.720060000000000035e-03
-2.965279999999999826e-03
-8.436139999999999958e-03
-1.559649999999999925e-02
-2.218289999999999845e-02
-2.778680000000000039e-02
-3.309630000000000211e-02
-3.827719999999999734e-02
-4.205380000000000229e-02
-4.299240000000000006e-02
-4.202940000000000148e-02
-4.086359999999999992e-02
-4.009599999999999970e-02
-3.945499999999999702e-02
-3.861579999999999874e-02
-3.685990000000000100e-02
-3.332879999999999870e-02
-2.847299999999999831e-02
-2.362579999999999888e-02
-2.043129999999999946e-02
-1.940760000000000055e-02
-1.925549999999999831e-02
-1.897650000000000031e-02
-1.841960000000000125e-02
-1.761829999999999993e-02
-1.559130000000000064e-02
-1.226149999999999983e-02
-8.580670000000000311e-03
-5.203450000000000089e-03
-2.229919999999999819e-03
-5.464619999999999461e-04
-8.285060000000000124e-04
-2.155259999999999988e-03
-3.412549999999999872e-03
-4.340840000000000323e-03
-5.177000000000000178e-03
-5.977969999999999985e-03
-6.045980000000000278e-03
-5.134699999999999855e-03
-3.942880000000000169e-03
-2.855149999999999876e-03
-1.149040000000000044e-03
3.691760000000000094e-03
1.156100000000000010e-02
1.995200000000000098e-02
2.740089999999999887e-02
3.407000000000000306e-02
4.051300000000000040e-02
4.682379999999999876e-02
5.280569999999999709e-02
5.836559999999999665e-02
6.342670000000000252e-02
6.662029999999999341e-02
6.344560000000000477e-02
5.408509999999999707e-02
4.344769999999999882e-02
3.432509999999999728e-02
2.793709999999999943e-02
2.489819999999999880e-02
2.397989999999999844e-02
2.286310000000000078e-02
2.014550000000000021e-02
1.638749999999999929e-02
1.328589999999999979e-02
1.286149999999999967e-02
1.481030000000000020e-02
1.705169999999999950e-02
1.706710000000000171e-02
1.410029999999999964e-02
9.934530000000000444e-03
6.123380000000000316e-03
2.842739999999999850e-03
-3.129270000000000077e-04
-3.495509999999999850e-03
-6.553609999999999644e-03
-9.190959999999999755e-03
-8.719150000000000164e-03
-4.349679999999999866e-03
1.248779999999999899e-03
6.194780000000000425e-03
1.034000000000000023e-02
1.289279999999999940e-02
1.347019999999999988e-02
1.325980000000000041e-02
1.294039999999999947e-02
9.773260000000000627e-03
2.125170000000000010e-03
-7.358299999999999910e-03
-1.602730000000000127e-02
-2.021639999999999895e-02
-1.881149999999999836e-02
-1.475210000000000063e-02
-1.101539999999999984e-02
-8.130069999999999658e-03
-5.424589999999999967e-03
-2.488569999999999845e-03
4.187859999999999847e-04
3.105339999999999837e-03
5.497560000000000294e-03
7.457959999999999590e-03
8.767530000000000809e-03
9.628889999999999325e-03
1.036319999999999950e-02
1.113220000000000008e-02
1.186599999999999981e-02
1.259620000000000010e-02
1.431939999999999949e-02
1.797289999999999999e-02
2.269610000000000030e-02
2.727960000000000107e-02
3.128689999999999943e-02
3.500869999999999677e-02
3.857789999999999830e-02
4.191399999999999987e-02
4.338460000000000233e-02
4.058479999999999727e-02
3.443639999999999896e-02
2.794090000000000115e-02
2.231369999999999881e-02
1.728529999999999997e-02
1.236429999999999994e-02
9.159270000000000606e-03
8.874860000000000040e-03
1.024289999999999923e-02
1.156779999999999961e-02
1.234410000000000021e-02
1.293670000000000063e-02
1.366520000000000061e-02
1.430999999999999980e-02
1.191520000000000079e-02
4.718459999999999842e-03
-4.806740000000000318e-03
-1.385830000000000048e-02
-2.176180000000000128e-02
-2.919000000000000067e-02
-3.637619999999999743e-02
-4.113959999999999839e-02
-4.232790000000000163e-02
-4.180860000000000132e-02
-4.140760000000000274e-02
-4.151799999999999935e-02
-4.134770000000000112e-02
-3.737100000000000144e-02
-2.813979999999999954e-02
-1.685820000000000027e-02
-6.356200000000000218e-03
2.804350000000000159e-03
1.154660000000000061e-02
2.014890000000000084e-02
2.833209999999999895e-02
3.285249999999999976e-02
3.136250000000000149e-02
2.617929999999999910e-02
2.093700000000000075e-02
1.608040000000000164e-02
1.020790000000000065e-02
3.183539999999999894e-03
-3.800700000000000172e-03
-1.019100000000000041e-02
-1.604080000000000089e-02
-2.169520000000000129e-02
-2.711589999999999834e-02
-3.221849999999999714e-02
-3.532409999999999717e-02
-3.575330000000000175e-02
-3.494540000000000146e-02
-3.426350000000000229e-02
-3.346280000000000088e-02
-3.129849999999999993e-02
-2.776199999999999848e-02
-2.407600000000000018e-02
-2.079690000000000011e-02
-1.781579999999999969e-02
-1.484289999999999915e-02
-1.196490000000000054e-02
-9.210650000000000781e-03
-6.680280000000000246e-03
-4.765509999999999712e-03
-4.348509999999999875e-03
-5.086010000000000184e-03
-6.171590000000000235e-03
-7.768320000000000433e-03
-1.006489999999999989e-02
-1.256930000000000026e-02
-1.484159999999999993e-02
-1.551849999999999931e-02
-1.288940000000000051e-02
-7.632960000000000265e-03
-2.102639999999999804e-03
2.746880000000000155e-03
6.984390000000000043e-03
9.879620000000000415e-03
8.540590000000000681e-03
3.361750000000000155e-03
-2.646499999999999981e-03
-7.573220000000000299e-03
-9.653240000000000431e-03
-6.321249999999999612e-03
1.137109999999999987e-03
9.169709999999999320e-03
1.606109999999999829e-02
2.199119999999999894e-02
2.408710000000000018e-02
1.824879999999999905e-02
6.625960000000000183e-03
-5.452509999999999822e-03
-1.581120000000000095e-02
-2.475470000000000101e-02
-2.796279999999999946e-02
-2.182339999999999974e-02
-1.062940000000000065e-02
3.309279999999999730e-04
9.383849999999999136e-03
1.780170000000000016e-02
2.624239999999999906e-02
3.459229999999999944e-02
4.200059999999999905e-02
4.475509999999999905e-02
3.658659999999999690e-02
1.997900000000000023e-02
2.272660000000000131e-03
-1.286050000000000040e-02
-2.651449999999999987e-02
-3.990839999999999665e-02
-5.267659999999999704e-02
-5.522049999999999875e-02
-4.438729999999999759e-02
-2.856819999999999846e-02
-1.469370000000000051e-02
-3.298150000000000127e-03
8.772620000000000071e-03
2.605000000000000024e-02
4.760650000000000298e-02
6.621080000000000021e-02
6.996399999999999841e-02
5.940259999999999985e-02
4.592550000000000104e-02
3.536849999999999716e-02
2.688950000000000021e-02
1.808709999999999832e-02
7.569829999999999615e-03
-2.395100000000000007e-02
-8.143910000000000038e-02
-1.187269999999999992e-01
-1.114430000000000004e-01
-8.385769999999999336e-02
-6.104969999999999841e-02
-4.662970000000000309e-02
-3.274570000000000258e-02
-1.645630000000000009e-02
2.133319999999999965e-04
1.482950000000000067e-02
2.551540000000000058e-02
2.476019999999999957e-02
1.290419999999999935e-02
-1.562259999999999994e-03
-1.368609999999999965e-02
-2.392709999999999976e-02
-3.407160000000000050e-02
-4.373950000000000060e-02
-4.242800000000000044e-02
-2.624850000000000100e-02
-4.873559999999999871e-03
1.424130000000000014e-02
3.017589999999999856e-02
4.341620000000000201e-02
4.686520000000000269e-02
3.993560000000000165e-02
2.997299999999999964e-02
2.190550000000000136e-02
1.545979999999999924e-02
9.079999999999999530e-03
2.999799999999999949e-03
-5.069109999999999719e-04
-1.516310000000000097e-03
-1.982869999999999858e-03
-6.875919999999999775e-03
-1.709830000000000030e-02
-2.759340000000000057e-02
-2.667769999999999864e-02
-1.303110000000000032e-02
3.568410000000000158e-03
1.731759999999999897e-02
2.873240000000000169e-02
4.012840000000000157e-02
5.144189999999999874e-02
5.653129999999999961e-02
4.846840000000000176e-02
3.111809999999999923e-02
1.319739999999999976e-02
-1.442719999999999983e-03
-6.212220000000000068e-03
-6.687760000000000492e-04
7.681259999999999651e-03
1.442790000000000045e-02
1.962360000000000146e-02
2.491929999999999840e-02
3.046779999999999974e-02
3.578939999999999899e-02
4.053749999999999715e-02
4.492170000000000191e-02
4.908429999999999738e-02
5.306190000000000212e-02
5.652610000000000273e-02
5.573460000000000220e-02
4.869190000000000323e-02
3.888040000000000246e-02
3.084889999999999854e-02
2.674920000000000075e-02
2.484010000000000037e-02
2.295420000000000099e-02
2.040979999999999878e-02
1.544710000000000007e-02
7.219459999999999593e-03
-2.343459999999999901e-03
-1.147379999999999928e-02
-1.966060000000000030e-02
-2.739700000000000121e-02
-3.489590000000000053e-02
-4.215329999999999772e-02
-4.894769999999999677e-02
-5.507340000000000152e-02
-5.717459999999999903e-02
-5.403739999999999932e-02
-4.755129999999999774e-02
-3.706299999999999872e-02
-2.326490000000000155e-02
-8.972479999999999692e-03
4.192279999999999618e-03
1.597339999999999871e-02
2.177700000000000122e-02
1.690089999999999995e-02
5.174459999999999650e-03
-6.806829999999999825e-03
-1.667209999999999873e-02
-2.561760000000000079e-02
-3.437849999999999934e-02
-3.742970000000000325e-02
-3.054760000000000114e-02
-1.825420000000000167e-02
-6.358800000000000389e-03
3.481150000000000130e-03
1.217069999999999957e-02
1.756349999999999925e-02
1.895859999999999906e-02
1.875469999999999915e-02
1.676930000000000087e-02
9.659640000000000587e-03
-2.153969999999999843e-03
-1.461130000000000068e-02
-2.523869999999999933e-02
-2.778109999999999954e-02
-2.064579999999999887e-02
-1.000200000000000047e-02
-7.389890000000000087e-04
3.830300000000000024e-03
2.481909999999999932e-03
-2.181750000000000096e-03
-6.393710000000000365e-03
-5.964940000000000173e-03
-3.320299999999999987e-03
-6.729060000000000250e-03
-1.681080000000000074e-02
-2.823120000000000143e-02
-3.768860000000000265e-02
-4.574330000000000063e-02
-5.363819999999999699e-02
-6.165269999999999778e-02
-6.903489999999999627e-02
-7.262349999999999361e-02
-6.484529999999999461e-02
-4.677110000000000295e-02
-2.690220000000000111e-02
-9.702229999999999188e-03
5.499630000000000143e-03
2.039859999999999937e-02
3.321650000000000297e-02
4.158230000000000259e-02
4.657830000000000303e-02
5.088680000000000286e-02
5.542480000000000323e-02
5.707099999999999673e-02
5.048969999999999847e-02
3.723429999999999795e-02
2.319819999999999868e-02
1.109190000000000002e-02
2.559160000000000211e-04
-1.047529999999999989e-02
-2.110870000000000107e-02
-3.075539999999999871e-02
-3.307029999999999692e-02
-2.230829999999999966e-02
-3.384359999999999886e-03
1.561109999999999928e-02
3.166329999999999839e-02
4.436240000000000322e-02
4.743039999999999756e-02
4.038420000000000204e-02
3.056000000000000036e-02
2.240220000000000058e-02
1.587749999999999925e-02
9.611120000000000774e-03
5.640670000000000406e-03
4.817390000000000387e-03
5.241939999999999621e-03
5.324129999999999835e-03
4.939849999999999970e-03
4.527589999999999740e-03
3.771969999999999924e-03
2.431850000000000157e-03
8.714919999999999698e-04
-5.708589999999999498e-04
-1.843220000000000015e-03
-3.042730000000000001e-03
-4.222570000000000143e-03
-5.389470000000000371e-03
-7.319479999999999736e-03
-1.092760000000000085e-02
-1.577910000000000076e-02
-2.062049999999999994e-02
-2.497399999999999967e-02
-2.890579999999999886e-02
-3.228369999999999851e-02
-2.895009999999999944e-02
-1.712699999999999986e-02
-2.779820000000000121e-03
9.955969999999999751e-03
2.082140000000000032e-02
3.137209999999999999e-02
4.175700000000000245e-02
5.006089999999999846e-02
4.916639999999999899e-02
3.895590000000000164e-02
2.663750000000000145e-02
1.627440000000000137e-02
7.488410000000000032e-03
-1.302820000000000106e-03
-1.018660000000000052e-02
-1.869739999999999944e-02
-2.651420000000000166e-02
-3.344079999999999969e-02
-3.306839999999999780e-02
-2.188930000000000042e-02
-5.604900000000000333e-03
9.646309999999999954e-03
2.260099999999999956e-02
3.477709999999999829e-02
4.650320000000000148e-02
4.943700000000000178e-02
3.986279999999999685e-02
2.530409999999999951e-02
1.218870000000000023e-02
1.586549999999999939e-03
-8.058140000000000094e-03
-1.691780000000000020e-02
-2.409089999999999843e-02
-2.564939999999999928e-02
-2.176229999999999831e-02
-1.654999999999999874e-02
-1.245019999999999981e-02
-9.151770000000000044e-03
-6.602760000000000053e-03
-1.107159999999999915e-02
-2.416739999999999861e-02
-3.936939999999999884e-02
-5.274480000000000141e-02
-6.413850000000000107e-02
-7.467859999999999776e-02
-7.376489999999999436e-02
-5.072259999999999963e-02
-1.300489999999999979e-02
2.466259999999999980e-02
5.643399999999999805e-02
7.096470000000000555e-02
6.545729999999999604e-02
5.190949999999999731e-02
3.985659999999999897e-02
2.577230000000000146e-02
4.410930000000000406e-03
-2.102499999999999855e-02
-4.526850000000000318e-02
-6.430450000000000055e-02
-6.908409999999999551e-02
-5.999020000000000047e-02
-4.760940000000000311e-02
-3.749399999999999955e-02
-2.719740000000000005e-02
-1.285380000000000029e-02
3.873339999999999856e-03
2.001150000000000151e-02
3.438179999999999709e-02
4.734759999999999663e-02
5.143369999999999886e-02
3.863219999999999849e-02
1.448580000000000007e-02
-1.000790000000000013e-02
-3.056570000000000120e-02
-4.411199999999999843e-02
-4.607250000000000234e-02
-3.916769999999999974e-02
-3.078859999999999930e-02
-2.414459999999999870e-02
-1.866299999999999903e-02
-1.276949999999999960e-02
-4.707580000000000271e-03
5.121510000000000125e-03
6.470489999999999749e-03
-3.841330000000000005e-03
-1.550640000000000004e-02
-1.918829999999999841e-02
-1.621200000000000072e-02
-1.288399999999999962e-02
-1.370249999999999940e-02
-1.818679999999999949e-02
-2.292249999999999843e-02
-2.665280000000000080e-02
-2.975049999999999917e-02
-3.298609999999999737e-02
-3.613790000000000058e-02
-3.680610000000000132e-02
-2.512450000000000100e-02
-5.300889999999999725e-04
2.662859999999999880e-02
4.988000000000000073e-02
6.415049999999999919e-02
7.078669999999999407e-02
7.530080000000000107e-02
7.750719999999999832e-02
7.139840000000000075e-02
5.740409999999999957e-02
4.197909999999999836e-02
2.857729999999999992e-02
1.678769999999999915e-02
5.514680000000000103e-03
4.037800000000000135e-04
6.408549999999999837e-03
1.897389999999999841e-02
3.133430000000000243e-02
4.142780000000000074e-02
5.044850000000000029e-02
5.673899999999999777e-02
5.791740000000000083e-02
5.456710000000000033e-02
4.641730000000000161e-02
3.485970000000000041e-02
2.295780000000000043e-02
1.206139999999999990e-02
2.023280000000000130e-03
-7.745619999999999936e-03
-1.721419999999999895e-02
-2.606479999999999908e-02
-3.187419999999999837e-02
-2.812570000000000001e-02
-1.534579999999999972e-02
-8.833260000000000330e-04
1.153440000000000021e-02
2.218940000000000148e-02
3.283660000000000051e-02
4.336260000000000114e-02
5.259729999999999961e-02
4.697529999999999761e-02
2.284999999999999878e-02
-6.991879999999999797e-03
-3.320100000000000134e-02
-5.150799999999999823e-02
-5.905830000000000107e-02
-5.558029999999999915e-02
-4.658289999999999653e-02
-3.758840000000000098e-02
-3.007390000000000063e-02
-2.303960000000000036e-02
-1.686079999999999871e-02
-1.276539999999999966e-02
-1.039649999999999949e-02
-8.415650000000000214e-03
-6.221009999999999908e-03
-3.902529999999999975e-03
-1.355300000000000038e-03
2.703679999999999972e-03
8.316389999999999894e-03
1.417629999999999932e-02
1.923810000000000103e-02
1.964509999999999867e-02
1.156249999999999986e-02
-2.039860000000000111e-03
-1.576649999999999927e-02
-2.740089999999999887e-02
-3.439729999999999871e-02
-3.083819999999999964e-02
-1.811710000000000056e-02
-3.801769999999999889e-03
8.342870000000000494e-03
1.892260000000000122e-02
2.912079999999999877e-02
3.325800000000000284e-02
2.833130000000000023e-02
1.946439999999999976e-02
1.332960000000000048e-02
1.334499999999999922e-02
1.697239999999999860e-02
2.000359999999999985e-02
1.887170000000000167e-02
1.417649999999999987e-02
9.047720000000000415e-03
4.888009999999999924e-03
2.643040000000000146e-03
2.801220000000000099e-03
4.323460000000000324e-03
5.898620000000000252e-03
7.172880000000000401e-03
9.253849999999999229e-03
1.305480000000000008e-02
1.780640000000000001e-02
2.235689999999999900e-02
2.625339999999999965e-02
2.813680000000000000e-02
2.579110000000000083e-02
2.016240000000000046e-02
1.418370000000000047e-02
1.050090000000000051e-02
1.155240000000000086e-02
1.622209999999999971e-02
2.132710000000000161e-02
2.548090000000000077e-02
2.898380000000000054e-02
3.134289999999999993e-02
3.131980000000000181e-02
2.872229999999999922e-02
2.336660000000000126e-02
1.633369999999999961e-02
9.246860000000000843e-03
2.818320000000000027e-03
-3.213709999999999831e-03
-9.076990000000000058e-03
-1.475740000000000038e-02
-2.009019999999999903e-02
-2.523560000000000039e-02
-3.199230000000000129e-02
-4.311319999999999736e-02
-5.725910000000000027e-02
-6.870640000000000081e-02
-6.814240000000000574e-02
-5.642889999999999712e-02
-4.267279999999999685e-02
-3.142969999999999792e-02
-2.187470000000000039e-02
-1.217380000000000025e-02
-2.592080000000000078e-03
2.956359999999999891e-03
3.472480000000000011e-03
2.475479999999999955e-03
2.160200000000000141e-03
2.508970000000000124e-03
1.642259999999999987e-03
-3.343749999999999934e-03
-1.213350000000000019e-02
-2.130100000000000049e-02
-2.829430000000000139e-02
-2.792270000000000169e-02
-2.037539999999999837e-02
-1.115900000000000052e-02
-3.456980000000000122e-03
3.050170000000000051e-03
9.503869999999999332e-03
1.605399999999999883e-02
2.231790000000000163e-02
2.808739999999999848e-02
3.308810000000000223e-02
3.169809999999999989e-02
1.754819999999999991e-02
-5.172170000000000240e-03
-2.809429999999999913e-02
-4.758230000000000098e-02
-5.888089999999999991e-02
-5.665370000000000128e-02
-4.516239999999999838e-02
-3.265169999999999878e-02
-2.248179999999999970e-02
-1.347809999999999980e-02
-4.344319999999999606e-03
4.877639999999999927e-03
1.347800000000000040e-02
2.147479999999999875e-02
2.902010000000000006e-02
3.574190000000000006e-02
3.296330000000000093e-02
1.797580000000000011e-02
-1.014139999999999963e-03
-1.792610000000000037e-02
-3.227599999999999913e-02
-4.614680000000000171e-02
-6.004400000000000015e-02
-7.306959999999999844e-02
-7.860949999999999882e-02
-7.035779999999999812e-02
-5.281009999999999871e-02
-3.481120000000000048e-02
-1.952759999999999913e-02
-5.757530000000000286e-03
7.504649999999999863e-03
1.260020000000000064e-02
7.305439999999999851e-03
-1.228839999999999924e-03
-8.068199999999999331e-03
-1.300890000000000032e-02
-1.601810000000000039e-02
-1.584210000000000132e-02
-1.348470000000000051e-02
-1.069649999999999941e-02
-8.419029999999999223e-03
-6.449550000000000075e-03
-4.507060000000000233e-03
-2.424500000000000006e-03
-4.744239999999999829e-04
1.171189999999999905e-03
1.322109999999999984e-04
-4.618470000000000387e-03
-1.096010000000000040e-02
-1.680989999999999915e-02
-2.179139999999999897e-02
-2.650249999999999828e-02
-3.117369999999999863e-02
-3.566049999999999776e-02
-3.979049999999999948e-02
-4.323350000000000110e-02
-4.131830000000000225e-02
-3.101769999999999874e-02
-1.648290000000000172e-02
-2.571350000000000025e-03
9.434829999999999953e-03
2.076199999999999921e-02
3.184080000000000243e-02
4.028140000000000193e-02
4.090909999999999686e-02
3.469969999999999999e-02
2.722050000000000164e-02
2.126429999999999987e-02
1.625969999999999846e-02
1.112520000000000002e-02
5.815279999999999928e-03
9.508929999999999640e-04
-1.504270000000000043e-03
5.662199999999999829e-04
5.698810000000000334e-03
1.106900000000000071e-02
1.551770000000000059e-02
1.953150000000000025e-02
2.352920000000000011e-02
2.752949999999999842e-02
3.118399999999999991e-02
3.344060000000000088e-02
3.079230000000000161e-02
2.342609999999999831e-02
1.508890000000000058e-02
7.931080000000000074e-03
1.624070000000000027e-03
-4.439410000000000404e-03
-7.871960000000000762e-03
-2.804300000000000022e-03
9.907040000000000637e-03
2.386759999999999923e-02
3.578889999999999849e-02
4.597500000000000198e-02
5.148029999999999967e-02
4.747139999999999693e-02
3.649680000000000285e-02
2.484039999999999859e-02
1.709810000000000149e-02
1.544260000000000077e-02
1.732919999999999947e-02
1.424360000000000036e-02
3.842410000000000096e-03
-8.417209999999999623e-03
-1.896350000000000119e-02
-2.780540000000000095e-02
-3.652890000000000303e-02
-4.522999999999999937e-02
-5.291350000000000220e-02
-4.875460000000000210e-02
-3.062080000000000010e-02
-8.746769999999999198e-03
1.017870000000000059e-02
2.626960000000000059e-02
4.199780000000000180e-02
5.779320000000000290e-02
7.287449999999999484e-02
8.630909999999999971e-02
9.063630000000000297e-02
8.105940000000000367e-02
6.426840000000000330e-02
4.804800000000000043e-02
3.461630000000000262e-02
2.349220000000000128e-02
1.687579999999999983e-02
1.460990000000000032e-02
1.376080000000000012e-02
1.240609999999999977e-02
1.063200000000000083e-02
9.027369999999999839e-03
7.794230000000000082e-03
7.545360000000000088e-03
8.268789999999999821e-03
7.341259999999999626e-03
2.743980000000000030e-03
-4.119799999999999851e-03
-1.083590000000000074e-02
-1.662550000000000139e-02
-2.196530000000000010e-02
-2.724750000000000089e-02
-3.219459999999999683e-02
-3.422859999999999792e-02
-3.216970000000000246e-02
-2.829129999999999839e-02
-2.469119999999999995e-02
-2.179429999999999909e-02
-1.904459999999999834e-02
-1.619769999999999890e-02
-1.318670000000000085e-02
-9.597259999999999819e-03
-5.426020000000000149e-03
-1.519219999999999945e-03
-2.275530000000000001e-03
-8.845910000000000231e-03
-1.695340000000000041e-02
-2.366110000000000088e-02
-2.370159999999999975e-02
-1.647399999999999906e-02
-6.860009999999999719e-03
1.556080000000000050e-03
8.450730000000000047e-03
1.052039999999999920e-02
6.499219999999999997e-03
1.760490000000000080e-04
-3.944129999999999685e-03
-2.083880000000000194e-03
4.331409999999999948e-03
1.121630000000000023e-02
1.677729999999999846e-02
2.006080000000000016e-02
2.002690000000000026e-02
1.764680000000000068e-02
1.493099999999999983e-02
1.269750000000000045e-02
1.074579999999999980e-02
8.804579999999999351e-03
7.180689999999999990e-03
5.997490000000000286e-03
5.035180000000000211e-03
4.052590000000000012e-03
3.054799999999999877e-03
2.088120000000000167e-03
1.205310000000000019e-03
3.857360000000000216e-04
1.150200000000000067e-04
6.127720000000000345e-04
1.475409999999999916e-03
2.256349999999999849e-03
2.893709999999999859e-03
3.473509999999999966e-03
4.071909999999999766e-03
4.615460000000000049e-03
4.695770000000000152e-03
3.617899999999999849e-03
1.655119999999999942e-03
-4.143530000000000086e-04
-2.201320000000000100e-03
-3.831399999999999997e-03
-5.451649999999999725e-03
-7.473780000000000180e-03
-1.006330000000000072e-02
-1.291510000000000054e-02
-1.561199999999999914e-02
-1.809509999999999938e-02
-2.040770000000000084e-02
-2.251059999999999867e-02
-2.282050000000000051e-02
-2.058640000000000123e-02
-1.708950000000000052e-02
-1.322620000000000046e-02
-7.858399999999999760e-03
-8.065579999999999711e-04
6.558989999999999786e-03
1.330860000000000029e-02
1.944699999999999901e-02
2.521800000000000083e-02
2.993140000000000037e-02
3.042920000000000000e-02
2.656779999999999906e-02
2.164519999999999986e-02
1.759600000000000053e-02
1.426290000000000023e-02
1.088880000000000056e-02
7.389849999999999891e-03
4.022969999999999845e-03
1.052149999999999960e-03
-9.260069999999999586e-04
-1.860890000000000027e-03
-2.497319999999999922e-03
-3.222549999999999807e-03
-4.042109999999999800e-03
-4.813470000000000248e-03
-5.515540000000000199e-03
-6.134269999999999827e-03
-6.736090000000000133e-03
-7.303569999999999680e-03
-7.816609999999999878e-03
-8.387900000000000217e-03
-1.020470000000000058e-02
-1.352899999999999936e-02
-1.720040000000000111e-02
-2.048559999999999964e-02
-2.335270000000000054e-02
-2.580860000000000098e-02
-2.680789999999999909e-02
-2.626850000000000018e-02
-2.526439999999999936e-02
-2.449319999999999969e-02
-2.391410000000000063e-02
-2.329550000000000023e-02
-2.258109999999999978e-02
-2.187570000000000139e-02
-2.121819999999999956e-02
-2.057530000000000123e-02
-1.991100000000000161e-02
-1.929140000000000021e-02
-1.864580000000000057e-02
-1.802839999999999998e-02
-1.762920000000000112e-02
-1.884649999999999867e-02
-2.182579999999999937e-02
-2.518029999999999921e-02
-2.804320000000000077e-02
-3.013170000000000084e-02
-2.895790000000000169e-02
-2.410479999999999914e-02
-1.828789999999999930e-02
-1.322450000000000014e-02
-8.853520000000000140e-03
-4.554990000000000080e-03
-2.562609999999999780e-04
3.792419999999999906e-03
6.886620000000000415e-03
8.999439999999999176e-03
1.066650000000000063e-02
1.029919999999999967e-02
7.117889999999999981e-03
2.820309999999999918e-03
-1.106049999999999915e-03
-4.428490000000000204e-03
-7.600349999999999641e-03
-1.075569999999999998e-02
-1.376409999999999960e-02
-1.642789999999999875e-02
-1.664859999999999951e-02
-1.384610000000000007e-02
-1.013230000000000033e-02
-6.900500000000000383e-03
-4.235970000000000360e-03
-1.590360000000000081e-03
1.110620000000000097e-03
3.748580000000000054e-03
6.141200000000000304e-03
8.397220000000000378e-03
1.053340000000000005e-02
1.252900000000000021e-02
1.296190000000000016e-02
1.091650000000000086e-02
7.493129999999999756e-03
4.200350000000000264e-03
1.470949999999999949e-03
-1.691459999999999980e-06
2.331760000000000050e-04
1.454860000000000094e-03
2.688770000000000049e-03
3.661590000000000157e-03
4.705520000000000362e-03
5.737339999999999628e-03
6.742569999999999814e-03
7.381740000000000350e-03
6.900690000000000122e-03
5.438840000000000341e-03
3.807889999999999973e-03
2.443139999999999895e-03
1.257660000000000071e-03
9.671419999999999637e-05
-1.063590000000000108e-03
-2.104379999999999879e-03
-3.006580000000000016e-03
-3.203549999999999887e-03
-1.568619999999999954e-03
1.596710000000000100e-03
4.925510000000000131e-03
7.824769999999999989e-03
1.038490000000000073e-02
1.290089999999999987e-02
1.533419999999999922e-02
1.748250000000000151e-02
1.690950000000000092e-02
1.203219999999999984e-02
4.880680000000000088e-03
-1.967560000000000142e-03
-7.793419999999999688e-03
-1.302449999999999962e-02
-1.698119999999999838e-02
-1.675979999999999831e-02
-1.261879999999999946e-02
-7.648620000000000071e-03
-3.538420000000000020e-03
-1.170410000000000065e-04
3.272520000000000116e-03
6.656630000000000186e-03
8.633000000000000049e-03
8.623300000000000409e-03
7.795769999999999610e-03
7.156209999999999655e-03
6.870460000000000109e-03
6.631979999999999993e-03
6.248939999999999703e-03
5.828970000000000158e-03
5.508670000000000233e-03
5.239289999999999746e-03
5.013459999999999965e-03
4.854719999999999869e-03
5.709770000000000297e-03
8.059250000000000441e-03
1.106960000000000062e-02
1.384460000000000031e-02
1.615969999999999906e-02
1.819190000000000043e-02
1.834799999999999973e-02
1.502019999999999918e-02
9.504900000000000154e-03
4.100069999999999930e-03
-2.452779999999999782e-04
-8.373950000000000013e-04
2.692270000000000080e-03
7.332240000000000285e-03
1.120280000000000060e-02
1.424459999999999962e-02
1.715809999999999905e-02
2.002169999999999991e-02
2.254530000000000076e-02
2.249850000000000114e-02
1.951349999999999960e-02
1.567599999999999896e-02
1.244319999999999975e-02
9.828009999999999871e-03
7.342949999999999998e-03
5.466040000000000135e-03
5.884679999999999772e-03
8.453739999999999519e-03
1.134809999999999985e-02
1.362640000000000032e-02
1.539699999999999923e-02
1.708420000000000077e-02
1.868210000000000010e-02
2.009280000000000094e-02
2.122260000000000119e-02
2.217010000000000161e-02
2.295049999999999868e-02
2.344919999999999990e-02
2.147869999999999988e-02
1.663629999999999970e-02
1.109949999999999999e-02
6.314600000000000074e-03
2.288919999999999844e-03
-1.476120000000000036e-03
-5.023539999999999950e-03
-6.976849999999999719e-03
-6.420649999999999968e-03
-4.515449999999999846e-03
-2.708110000000000118e-03
-1.441519999999999954e-03
-3.835970000000000070e-04
6.717410000000000048e-04
1.676930000000000087e-03
2.513329999999999818e-03
3.189439999999999983e-03
3.733259999999999964e-03
4.017340000000000320e-03
3.726810000000000105e-03
2.980369999999999981e-03
2.154779999999999803e-03
1.439710000000000078e-03
7.981699999999999559e-04
-1.071230000000000076e-05
-1.623209999999999931e-03
-3.966100000000000181e-03
-6.314189999999999907e-03
-8.297040000000000318e-03
-9.959420000000000078e-03
-1.137319999999999998e-02
-1.180679999999999924e-02
-1.115870000000000056e-02
-1.023070000000000056e-02
-9.512470000000000300e-03
-9.000040000000000817e-03
-8.503220000000000570e-03
-7.945839999999999154e-03
-7.138779999999999952e-03
-6.152509999999999923e-03
-5.476499999999999597e-03
-5.665540000000000159e-03
-6.497270000000000302e-03
-7.348559999999999641e-03
-7.961730000000000196e-03
-8.421079999999999191e-03
-8.827389999999999196e-03
-9.006750000000000866e-03
-8.810460000000000860e-03
-8.417249999999999385e-03
-8.168220000000000341e-03
-8.437250000000000305e-03
-9.088620000000000379e-03
-9.692440000000000083e-03
-1.007620000000000043e-02
-1.029109999999999921e-02
-1.041470000000000069e-02
-1.044609999999999983e-02
-1.019059999999999931e-02
-9.535609999999999919e-03
-8.679249999999999465e-03
-7.868319999999999828e-03
-7.177470000000000031e-03
-6.538210000000000029e-03
-5.923300000000000266e-03
-5.349409999999999756e-03
-4.821230000000000133e-03
-4.350439999999999689e-03
-4.009360000000000007e-03
-3.771669999999999971e-03
-3.553489999999999861e-03
-3.310449999999999938e-03
-3.051729999999999894e-03
-2.805569999999999852e-03
-2.587499999999999956e-03
-2.385509999999999974e-03
-2.179829999999999789e-03
-1.957410000000000139e-03
-1.720879999999999936e-03
-1.365150000000000087e-03
-8.844740000000000024e-04
-4.173420000000000168e-04
-4.567030000000000216e-05
2.361809999999999940e-04
4.510560000000000264e-04
5.712140000000000099e-04
6.153789999999999911e-04
6.350820000000000293e-04
6.569629999999999914e-04
6.808359999999999846e-04
6.993290000000000530e-04
7.116800000000000166e-04
7.214850000000000083e-04
7.295659999999999602e-04
7.360119999999999727e-04
7.403969999999999519e-04
7.434230000000000005e-04
7.453180000000000222e-04
7.466369999999999734e-04
7.471819999999999894e-04
7.473830000000000100e-04
7.473030000000000514e-04
7.472130000000000438e-04
7.470330000000000286e-04
7.469370000000000349e-04
7.464029999999999753e-04
7.454150000000000316e-04
7.446420000000000036e-04
7.449089999999999791e-04
7.461040000000000380e-04
7.479469999999999999e-04
7.500630000000000318e-04
7.523589999999999705e-04
7.546500000000000473e-04
7.568349999999999730e-04
7.587110000000000208e-04
7.601799999999999486e-04
7.610919999999999968e-04
7.613729999999999760e-04
7.609039999999999641e-04
7.596229999999999606e-04
7.574360000000000034e-04
7.542929999999999557e-04
7.501549999999999625e-04
7.449320000000000160e-04
7.385269999999999986e-04
7.309390000000000028e-04
7.221859999999999868e-04
7.122639999999999961e-04
7.011419999999999762e-04
6.887819999999999793e-04
6.751479999999999808e-04
