-3.485149999999999793e-04
-8.367039999999999634e-04
-1.667590000000000044e-03
-1.733010000000000106e-03
-1.461489999999999968e-03
-1.520789999999999946e-03
-2.270620000000000104e-03
-3.254879999999999926e-03
-3.652359999999999895e-03
-3.833880000000000014e-03
-3.566999999999999858e-03
-2.557189999999999984e-03
-2.097050000000000042e-03
-2.262440000000000111e-03
-2.161719999999999788e-03
-1.919879999999999894e-03
7.949800000000000356e-04
5.941390000000000386e-03
6.192170000000000313e-03
8.022860000000000364e-04
-2.192120000000000093e-03
-4.543649999999999772e-04
1.809459999999999931e-03
2.565140000000000042e-03
1.260349999999999925e-03
-5.884999999999999606e-03
-1.706210000000000018e-02
-2.308409999999999976e-02
-1.690790000000000001e-02
-4.114279999999999674e-03
-1.540359999999999950e-03
-9.453309999999999491e-03
-1.677510000000000112e-02
-1.864249999999999935e-02
2.206290000000000074e-03
3.527899999999999786e-02
3.943599999999999883e-02
1.718839999999999951e-02
-1.928569999999999894e-03
-4.961339999999999847e-03
-2.182429999999999960e-03
-1.736120000000000068e-03
2.782549999999999954e-03
8.018179999999999752e-03
6.695890000000000349e-03
-1.161799999999999986e-02
-4.311589999999999867e-02
-5.395780000000000021e-02
-4.143770000000000092e-02
-2.919839999999999935e-02
-1.425700000000000058e-02
5.111280000000000164e-03
1.801120000000000151e-02
2.407890000000000030e-02
2.743910000000000099e-02
2.425700000000000078e-02
1.482999999999999943e-02
3.428259999999999814e-03
-3.742430000000000149e-03
3.105660000000000105e-03
9.928200000000000252e-05
-3.200669999999999904e-02
-5.169990000000000002e-02
-4.181479999999999919e-02
-3.055860000000000173e-02
-1.657190000000000052e-02
1.039050000000000043e-02
2.964750000000000024e-02
2.270969999999999933e-02
9.711340000000000597e-03
8.273459999999999842e-03
1.163220000000000053e-02
2.078369999999999870e-02
3.231850000000000001e-02
2.100449999999999887e-02
-2.764399999999999843e-02
-6.510090000000000321e-02
-5.859969999999999762e-02
-4.588760000000000061e-02
-2.866480000000000070e-02
1.596180000000000168e-02
5.508690000000000114e-02
5.896180000000000171e-02
5.808270000000000099e-02
7.030820000000000125e-02
7.437480000000000480e-02
6.752600000000000269e-02
5.342899999999999733e-02
2.495959999999999845e-02
-6.763259999999999888e-04
-1.354819999999999983e-02
-2.722689999999999833e-02
-3.221000000000000252e-02
-2.541610000000000050e-02
-1.643829999999999944e-02
8.452329999999999219e-03
4.249139999999999862e-02
6.244539999999999813e-02
7.447040000000000604e-02
8.388719999999999510e-02
8.481370000000000575e-02
3.833260000000000139e-02
-4.382160000000000222e-02
-7.794130000000000502e-02
-9.236089999999999578e-02
-1.215600000000000014e-01
-1.269490000000000063e-01
-1.301180000000000114e-01
-1.089129999999999959e-01
-1.517510000000000039e-02
6.024220000000000269e-02
6.870080000000000631e-02
7.642540000000000444e-02
8.335470000000000379e-02
7.687339999999999451e-02
8.198179999999999357e-02
8.626780000000000559e-02
5.810540000000000149e-02
-1.877710000000000143e-02
-1.085580000000000017e-01
-1.548249999999999904e-01
-1.646400000000000086e-01
-1.574039999999999884e-01
-9.915010000000000490e-02
-6.128380000000000112e-03
3.416469999999999924e-02
5.985510000000000136e-02
1.303610000000000047e-01
1.813170000000000059e-01
2.173640000000000017e-01
2.541749999999999843e-01
2.505749999999999922e-01
2.025679999999999981e-01
8.764059999999999906e-02
-5.251959999999999962e-02
-1.568289999999999962e-01
-2.462499999999999967e-01
-3.083279999999999910e-01
-3.324320000000000053e-01
-3.426540000000000141e-01
-3.495869999999999811e-01
-3.467689999999999939e-01
-3.050350000000000006e-01
-2.165070000000000050e-01
-8.702070000000000638e-02
4.307249999999999968e-02
1.449169999999999903e-01
2.289609999999999979e-01
3.002000000000000224e-01
3.658009999999999873e-01
3.600059999999999927e-01
2.855699999999999905e-01
2.206859999999999933e-01
1.556520000000000126e-01
7.621279999999999721e-02
2.698729999999999879e-02
-2.203510000000000104e-03
-5.655709999999999904e-02
-1.259039999999999881e-01
-1.977299999999999891e-01
-2.243570000000000009e-01
-1.714420000000000111e-01
-5.016190000000000232e-02
5.984620000000000217e-02
8.646990000000000232e-02
1.030530000000000057e-01
1.264460000000000028e-01
1.301779999999999882e-01
1.372750000000000081e-01
1.286059999999999981e-01
1.015110000000000040e-01
8.118350000000000566e-02
6.351489999999999914e-02
4.762929999999999942e-02
2.230829999999999966e-02
-4.302120000000000249e-02
-1.039650000000000019e-01
-1.151790000000000036e-01
-1.135779999999999984e-01
-1.160319999999999963e-01
-8.507439999999999447e-02
-2.594470000000000109e-02
7.271800000000000139e-03
1.649969999999999909e-02
2.258340000000000000e-02
1.847110000000000071e-02
4.992810000000000303e-03
-1.782860000000000044e-03
1.410909999999999942e-02
3.681820000000000231e-02
4.486890000000000323e-02
4.945229999999999765e-02
6.270499999999999685e-02
7.760509999999999631e-02
9.262549999999999950e-02
1.036600000000000021e-01
1.028519999999999990e-01
7.646749999999999381e-02
2.779130000000000142e-02
4.340379999999999586e-03
6.070220000000000303e-03
4.452700000000000408e-03
1.804690000000000114e-02
2.706820000000000059e-02
-6.651469999999999605e-03
-6.408719999999999695e-02
-1.300080000000000124e-01
-1.803440000000000043e-01
-1.882780000000000009e-01
-1.912840000000000096e-01
-2.081919999999999882e-01
-2.184059999999999890e-01
-2.269760000000000111e-01
-2.260010000000000074e-01
-1.379239999999999911e-01
3.004619999999999860e-02
1.059419999999999945e-01
1.006859999999999977e-01
1.701699999999999879e-01
2.495449999999999890e-01
2.551939999999999764e-01
2.149449999999999972e-01
1.223120000000000041e-01
2.242529999999999871e-02
-1.979430000000000078e-02
-2.636180000000000120e-02
-4.622659999999999964e-02
-9.764730000000000631e-02
-1.583219999999999905e-01
-2.047190000000000121e-01
-2.238529999999999964e-01
-2.277260000000000117e-01
-2.210179999999999922e-01
-1.395629999999999926e-01
-1.300879999999999918e-02
5.245550000000000213e-02
9.357939999999999314e-02
1.424380000000000090e-01
1.516480000000000050e-01
1.459689999999999876e-01
1.251939999999999997e-01
5.482449999999999823e-02
3.948189999999999859e-03
6.825740000000000279e-03
1.616400000000000042e-03
-1.167840000000000024e-02
-7.325420000000000022e-03
4.913690000000000072e-03
1.961260000000000087e-02
2.490929999999999880e-02
1.470969999999999916e-02
-3.490940000000000015e-02
-1.115830000000000016e-01
-1.310570000000000068e-01
-1.237570000000000059e-01
-1.516210000000000058e-01
-1.660010000000000097e-01
-1.392400000000000027e-01
-8.729660000000000197e-02
-3.699009999999999798e-02
8.892999999999999863e-03
4.999579999999999996e-02
6.316750000000000143e-02
8.217560000000000142e-02
1.183570000000000039e-01
1.354960000000000053e-01
1.423319999999999863e-01
1.565310000000000035e-01
1.725260000000000127e-01
1.842779999999999974e-01
1.945250000000000035e-01
2.029420000000000113e-01
2.080839999999999912e-01
1.743210000000000037e-01
5.728260000000000296e-02
-4.759750000000000092e-02
-6.841990000000000571e-02
-9.150039999999999563e-02
-1.159400000000000014e-01
-8.991599999999999593e-02
-5.628409999999999663e-02
-4.470079999999999887e-02
-3.083160000000000067e-02
-1.199079999999999938e-02
1.698529999999999962e-03
2.593389999999999931e-02
6.687590000000000201e-02
9.110450000000000492e-02
8.672889999999999766e-02
7.804830000000000101e-02
5.494419999999999860e-02
9.208650000000000516e-03
-3.839159999999999795e-02
-7.505900000000000072e-02
-9.373670000000000613e-02
-9.983999999999999819e-02
-9.851830000000000309e-02
-6.470739999999999825e-02
-9.883859999999999521e-03
3.517049999999999864e-03
-1.313540000000000020e-02
-1.053699999999999949e-02
-1.800780000000000089e-03
5.608310000000000031e-03
2.153460000000000096e-02
2.881299999999999834e-02
2.863560000000000064e-02
1.648929999999999840e-02
-3.333339999999999914e-02
-9.039410000000000500e-02
-1.189370000000000011e-01
-1.263410000000000089e-01
-9.797500000000000653e-02
-2.103379999999999833e-02
4.948659999999999864e-02
6.757779999999999343e-02
6.275300000000000322e-02
6.200309999999999849e-02
5.915150000000000269e-02
5.199390000000000261e-02
4.281440000000000246e-02
3.285509999999999819e-02
2.701310000000000169e-02
3.248319999999999680e-02
4.708670000000000216e-02
5.330399999999999722e-02
3.856869999999999743e-02
-2.332850000000000028e-03
-4.778070000000000234e-02
-7.229729999999999490e-02
-9.226299999999999779e-02
-1.072479999999999961e-01
-1.090600000000000042e-01
-1.103699999999999959e-01
-1.123620000000000035e-01
-1.129539999999999988e-01
-1.138509999999999939e-01
-1.095040000000000041e-01
-7.577100000000000501e-02
-1.286670000000000001e-02
4.535789999999999961e-02
9.704350000000000476e-02
1.396409999999999874e-01
1.526550000000000129e-01
1.592729999999999979e-01
1.172379999999999950e-01
-8.015249999999999805e-03
-6.723869999999999847e-02
-4.723580000000000140e-02
-6.627859999999999308e-02
-8.572950000000000015e-02
-8.071419999999999983e-02
-8.005170000000000341e-02
-7.480040000000000300e-02
-7.231959999999999777e-02
-8.264159999999999562e-02
-8.942479999999999873e-02
-7.490610000000000324e-02
-1.153490000000000071e-02
7.409979999999999345e-02
1.234139999999999959e-01
1.515180000000000138e-01
1.689400000000000068e-01
1.674229999999999885e-01
1.292879999999999863e-01
4.789600000000000107e-02
-1.689970000000000014e-02
-3.159490000000000215e-02
-3.130360000000000087e-02
-2.850290000000000115e-02
8.015579999999999580e-03
5.214509999999999978e-02
5.917069999999999969e-02
6.605560000000000598e-02
8.663479999999999792e-02
8.440599999999999492e-02
6.104590000000000016e-02
3.758340000000000292e-02
1.437650000000000039e-02
-1.299589999999999947e-02
-4.837949999999999889e-02
-8.706450000000000300e-02
-1.026289999999999980e-01
-9.591840000000000088e-02
-8.954600000000000060e-02
-7.653890000000000693e-02
-4.760299999999999948e-02
-2.195199999999999929e-02
-9.353069999999999787e-03
4.078029999999999849e-03
3.148379999999999929e-02
6.782910000000000328e-02
9.973410000000000608e-02
1.270489999999999953e-01
1.404459999999999875e-01
1.266100000000000003e-01
6.562550000000000328e-02
-6.875980000000000286e-03
-2.762569999999999956e-02
-3.705230000000000329e-02
-5.727360000000000090e-02
-6.889209999999999778e-02
-8.829700000000000049e-02
-1.072369999999999990e-01
-1.111759999999999970e-01
-1.064530000000000060e-01
-7.534390000000000531e-02
-2.418970000000000148e-02
-1.250129999999999991e-02
-2.946850000000000164e-02
-3.011710000000000081e-02
-3.092759999999999954e-02
-3.965409999999999768e-02
-3.941959999999999908e-02
-3.125180000000000319e-02
-2.440109999999999849e-02
-1.664010000000000142e-02
-6.148840000000000035e-03
1.166200000000000049e-02
4.912520000000000081e-02
8.233139999999999903e-02
9.345390000000000641e-02
1.069920000000000038e-01
1.144870000000000054e-01
9.972229999999999983e-02
7.108430000000000304e-02
4.207650000000000279e-02
9.765140000000000278e-03
-4.262579999999999841e-02
-8.767659999999999343e-02
-1.017499999999999932e-01
-9.809640000000000026e-02
-8.843009999999999760e-02
-7.995710000000000317e-02
-6.021989999999999982e-02
-1.806050000000000016e-02
2.146930000000000019e-02
4.221099999999999852e-02
5.980180000000000218e-02
7.581119999999999526e-02
8.630980000000000596e-02
9.761419999999999819e-02
1.022770000000000068e-01
9.548610000000000431e-02
7.786579999999999890e-02
4.628329999999999944e-02
1.665509999999999907e-02
-1.074239999999999917e-02
-4.341659999999999964e-02
-6.552189999999999404e-02
-8.081000000000000683e-02
-8.872770000000000656e-02
-8.150880000000000625e-02
-7.199750000000000594e-02
-6.634750000000000369e-02
-6.342889999999999640e-02
-6.517439999999999345e-02
-6.814620000000000399e-02
-6.940190000000000248e-02
-7.003529999999999478e-02
-4.136979999999999824e-02
8.431469999999999937e-03
2.836570000000000064e-02
3.999550000000000327e-02
5.760210000000000330e-02
6.286020000000000496e-02
6.968480000000000507e-02
8.487959999999999949e-02
9.932370000000000088e-02
9.039600000000000413e-02
5.714749999999999691e-02
4.310640000000000305e-02
5.478910000000000030e-02
6.100629999999999942e-02
5.795070000000000082e-02
2.936789999999999887e-02
-2.662789999999999949e-02
-6.214599999999999985e-02
-7.026630000000000376e-02
-7.822619999999999574e-02
-8.546779999999999655e-02
-8.045950000000000324e-02
-6.018280000000000157e-02
-2.735160000000000022e-02
1.200120000000000006e-02
3.727570000000000189e-02
3.965710000000000068e-02
3.936139999999999778e-02
4.324630000000000141e-02
5.016099999999999726e-02
6.247819999999999763e-02
6.939199999999999535e-02
5.631010000000000182e-02
1.583220000000000113e-02
-2.737819999999999837e-02
-3.709830000000000072e-02
-2.669689999999999910e-02
-1.546230000000000000e-02
1.273140000000000079e-03
5.411140000000000047e-03
-9.986129999999999313e-03
-2.606750000000000039e-02
-4.821170000000000316e-02
-6.599280000000000423e-02
-5.573709999999999776e-02
-3.632219999999999893e-02
-1.655739999999999990e-02
7.845190000000000149e-03
2.487359999999999918e-02
3.387140000000000289e-02
3.976709999999999967e-02
3.869399999999999923e-02
3.307190000000000130e-02
2.787409999999999888e-02
1.540039999999999985e-02
-3.432230000000000090e-03
-1.104409999999999940e-02
1.406640000000000017e-03
7.542250000000000343e-03
-2.895210000000000145e-02
-7.722199999999999898e-02
-8.621349999999999847e-02
-7.998990000000000267e-02
-6.292929999999999358e-02
-4.858050000000000042e-03
4.260309999999999792e-02
4.819629999999999748e-02
6.950839999999999796e-02
1.070590000000000014e-01
1.165069999999999995e-01
1.081850000000000034e-01
8.097440000000000193e-02
3.130940000000000112e-02
-6.556369999999999733e-03
-2.587269999999999848e-02
-2.723089999999999886e-02
-1.420839999999999950e-02
-1.615560000000000043e-03
1.883869999999999989e-02
3.094039999999999985e-02
1.810909999999999950e-02
-7.512079999999999539e-04
-2.827510000000000093e-02
-5.559839999999999921e-02
-6.366829999999999712e-02
-6.207920000000000105e-02
-3.783220000000000333e-02
8.621909999999999991e-03
3.066999999999999935e-02
2.706599999999999978e-02
2.351779999999999843e-02
-4.166020000000000313e-03
-5.020009999999999750e-02
-5.906850000000000295e-02
-4.373239999999999766e-02
-4.350470000000000032e-02
-4.555309999999999915e-02
-4.143569999999999892e-02
-4.167280000000000290e-02
-4.542680000000000329e-02
-4.856470000000000231e-02
-4.897050000000000014e-02
-3.493799999999999684e-02
-4.410560000000000001e-03
2.871380000000000113e-02
5.623129999999999795e-02
7.068670000000000508e-02
6.757660000000000056e-02
4.375880000000000047e-02
-3.907189999999999622e-03
-5.021849999999999925e-02
-7.068220000000000058e-02
-7.738970000000000571e-02
-8.293140000000000234e-02
-8.011649999999999328e-02
-7.022470000000000101e-02
-5.813469999999999749e-02
-2.512479999999999922e-02
1.861700000000000160e-02
4.169330000000000258e-02
5.506140000000000340e-02
6.699130000000000362e-02
7.167859999999999510e-02
7.044749999999999623e-02
6.183509999999999701e-02
4.884410000000000140e-02
3.027550000000000033e-02
1.369219999999999877e-04
-3.378090000000000259e-02
-5.803669999999999662e-02
-7.046629999999999561e-02
-7.321569999999999467e-02
-6.816089999999999649e-02
-5.208689999999999848e-02
-1.008550000000000071e-02
3.994999999999999940e-02
6.164739999999999803e-02
7.084590000000000332e-02
8.436499999999999555e-02
8.611710000000000198e-02
7.575229999999999464e-02
6.752110000000000056e-02
6.178659999999999708e-02
4.974409999999999943e-02
2.166190000000000129e-02
-8.991670000000000218e-03
-1.499389999999999924e-02
-9.156120000000000231e-03
-4.946029999999999698e-03
3.533899999999999975e-03
1.224429999999999963e-02
1.724159999999999929e-02
1.392449999999999938e-02
6.536199999999999823e-03
6.897389999999999771e-03
1.233350000000000071e-02
1.247859999999999941e-02
3.293640000000000023e-03
-1.228040000000000034e-02
-2.525830000000000089e-02
-3.147559999999999941e-02
-3.871669999999999973e-02
-5.004580000000000140e-02
-6.188040000000000207e-02
-6.640189999999999981e-02
-6.190709999999999963e-02
-4.985520000000000229e-02
-3.202599999999999891e-02
-1.092470000000000073e-02
2.060040000000000135e-02
4.596639999999999754e-02
5.771470000000000072e-02
7.104499999999999704e-02
8.164739999999999498e-02
8.530409999999999382e-02
7.646250000000000269e-02
5.558199999999999946e-02
3.133060000000000012e-02
9.717289999999999955e-03
-1.341769999999999942e-02
-5.625449999999999895e-02
-8.715390000000000637e-02
-8.165949999999999598e-02
-7.664319999999999466e-02
-7.185249999999999970e-02
-4.709990000000000010e-02
-2.238930000000000087e-02
-1.568309999999999843e-02
-4.919940000000000251e-03
1.880530000000000049e-02
3.110119999999999899e-02
3.368560000000000304e-02
4.393829999999999958e-02
4.791949999999999682e-02
3.227080000000000226e-02
1.185360000000000059e-02
1.455300000000000083e-03
-1.144730000000000053e-03
-6.814269999999999876e-03
-1.402130000000000043e-02
-1.790229999999999946e-02
-2.163019999999999873e-02
-2.604259999999999908e-02
-2.552000000000000102e-02
-1.740809999999999927e-02
-9.404410000000000200e-03
-5.506729999999999611e-03
-4.941980000000000331e-03
-7.717070000000000353e-03
-8.199690000000000797e-03
-5.243239999999999490e-04
1.534270000000000078e-02
3.097909999999999900e-02
3.751340000000000230e-02
4.290990000000000082e-02
4.835729999999999890e-02
3.769669999999999965e-02
1.447230000000000044e-02
-1.354909999999999969e-03
-6.592100000000000043e-03
-1.198650000000000063e-02
-1.929439999999999975e-02
-2.669869999999999882e-02
-3.477510000000000323e-02
-3.864850000000000230e-02
-3.820629999999999860e-02
-3.720310000000000283e-02
-3.184939999999999993e-02
-1.102120000000000009e-02
1.917320000000000135e-02
3.696309999999999873e-02
4.398439999999999989e-02
4.670139999999999708e-02
3.960160000000000069e-02
2.515610000000000068e-02
2.134080000000000005e-02
3.296199999999999825e-02
3.803109999999999824e-02
3.178149999999999725e-02
1.361850000000000040e-02
-8.765770000000000853e-03
-1.392159999999999925e-02
-1.743719999999999992e-02
-3.404290000000000094e-02
-4.986229999999999829e-02
-5.556019999999999709e-02
-5.220020000000000215e-02
-4.428929999999999673e-02
-3.437509999999999871e-02
-2.394929999999999976e-02
-1.094799999999999940e-02
7.453070000000000007e-03
2.141679999999999973e-02
2.520529999999999993e-02
2.442410000000000067e-02
2.029469999999999885e-02
1.433470000000000057e-02
-4.381109999999999800e-04
-2.068520000000000081e-02
-2.606179999999999955e-02
-2.046869999999999939e-02
-1.119509999999999950e-02
4.415750000000000404e-03
1.530070000000000041e-02
1.144069999999999983e-02
-1.037100000000000001e-02
-4.258030000000000148e-02
-5.683579999999999882e-02
-4.823310000000000097e-02
-3.646730000000000110e-02
-1.633240000000000039e-02
8.723889999999999770e-03
2.487690000000000040e-02
3.767129999999999784e-02
4.385130000000000278e-02
4.417539999999999661e-02
4.356899999999999662e-02
3.677690000000000126e-02
2.555839999999999848e-02
1.172450000000000055e-02
5.059919999999999869e-03
1.528990000000000037e-02
1.868250000000000119e-02
2.228700000000000125e-03
-1.300439999999999929e-02
-1.803919999999999829e-02
-1.475929999999999950e-02
-7.244269999999999703e-03
-7.843789999999999790e-04
4.159150000000000347e-03
1.656979999999999911e-02
4.600470000000000254e-02
7.144709999999999950e-02
7.509589999999999321e-02
5.948780000000000040e-02
2.876350000000000087e-02
9.389550000000000251e-05
-2.040029999999999968e-02
-3.279309999999999864e-02
-3.294590000000000019e-02
-3.082110000000000058e-02
-2.339629999999999835e-02
1.649489999999999984e-03
2.763200000000000031e-02
2.963990000000000027e-02
1.020869999999999937e-02
-1.405600000000000079e-02
-2.688559999999999908e-02
-2.499820000000000167e-02
-2.003490000000000132e-02
-1.236959999999999969e-02
-1.465900000000000016e-03
8.864659999999999901e-03
1.513100000000000035e-02
1.014660000000000041e-02
8.770100000000000074e-04
-4.947339999999999724e-03
-1.084040000000000004e-02
-1.514270000000000026e-02
-1.550980000000000067e-02
-1.443930000000000040e-02
-1.281099999999999947e-02
-7.797690000000000350e-03
2.050050000000000133e-05
2.354300000000000143e-03
-2.689400000000000211e-03
-6.473129999999999683e-03
-5.696930000000000223e-03
-2.292279999999999839e-03
4.861570000000000279e-05
-5.675979999999999741e-03
-1.528690000000000083e-02
-2.065190000000000081e-02
-2.630839999999999915e-02
-3.440499999999999808e-02
-3.922210000000000280e-02
-3.835419999999999802e-02
-3.119480000000000169e-02
-1.528919999999999932e-02
2.224900000000000141e-03
1.199590000000000031e-02
1.882870000000000030e-02
2.200780000000000097e-02
1.749300000000000160e-02
7.820229999999999196e-03
-1.440890000000000053e-02
-3.798719999999999875e-02
-4.312069999999999792e-02
-4.271799999999999903e-02
-4.527140000000000331e-02
-4.402960000000000207e-02
-3.449529999999999957e-02
-1.457740000000000077e-02
7.549229999999999656e-03
3.115350000000000064e-02
5.649169999999999886e-02
7.009450000000000403e-02
7.817409999999999637e-02
8.649360000000000381e-02
8.156030000000000224e-02
6.800910000000000288e-02
4.367490000000000261e-02
5.794539999999999934e-03
-1.880889999999999992e-02
-2.406070000000000084e-02
-2.510520000000000113e-02
-2.843129999999999963e-02
-3.439939999999999665e-02
-3.606600000000000084e-02
-2.897229999999999944e-02
-1.950179999999999969e-02
-1.167409999999999975e-02
-1.114369999999999944e-03
1.179249999999999916e-02
2.807290000000000132e-02
4.477980000000000155e-02
4.879939999999999972e-02
4.024180000000000118e-02
3.058030000000000123e-02
2.286540000000000100e-02
6.583819999999999777e-03
-2.187659999999999952e-02
-4.320859999999999979e-02
-4.724790000000000240e-02
-4.005340000000000289e-02
-1.963370000000000046e-02
-1.246249999999999962e-03
-2.893460000000000042e-04
-2.703989999999999974e-04
2.179949999999999943e-03
3.237260000000000051e-03
1.361039999999999993e-02
3.469909999999999661e-02
5.320489999999999942e-02
5.363919999999999799e-02
3.606829999999999758e-02
1.032630000000000006e-02
-7.892450000000000507e-03
-1.292839999999999961e-02
-1.941999999999999976e-02
-2.785680000000000101e-02
-3.240069999999999756e-02
-3.493969999999999715e-02
-3.180340000000000250e-02
-2.510580000000000103e-02
-2.138699999999999976e-02
-1.833840000000000123e-02
-1.406780000000000010e-02
-9.983129999999999782e-03
-5.183000000000000107e-03
1.917209999999999921e-03
1.028049999999999971e-02
1.248179999999999949e-02
8.528330000000000632e-03
9.559959999999999292e-03
1.478089999999999959e-02
1.632489999999999983e-02
1.192320000000000012e-02
-4.120490000000000090e-03
-2.428550000000000153e-02
-2.880819999999999909e-02
-1.832150000000000098e-02
-7.524310000000000200e-04
1.728669999999999859e-02
2.361059999999999895e-02
1.852399999999999880e-02
5.025810000000000347e-03
-1.190569999999999996e-02
-1.701880000000000059e-02
-1.042599999999999950e-02
3.483420000000000093e-03
2.470870000000000011e-02
3.715759999999999896e-02
3.294699999999999712e-02
2.196959999999999885e-02
5.620870000000000033e-03
-7.947930000000000619e-03
-9.505519999999999942e-03
-7.678840000000000145e-03
-6.366229999999999632e-03
-3.492540000000000141e-03
-2.528840000000000081e-03
-6.333779999999999792e-03
-1.028169999999999952e-02
-1.135360000000000015e-02
-1.297440000000000052e-02
-1.421859999999999964e-02
-1.194079999999999968e-02
-8.665849999999999248e-03
-5.075040000000000280e-03
3.870649999999999785e-03
1.495699999999999981e-02
1.861969999999999945e-02
1.731850000000000056e-02
1.536410000000000033e-02
1.165960000000000087e-02
8.824919999999999987e-03
3.763719999999999913e-03
-1.186040000000000011e-02
-2.924169999999999894e-02
-3.614189999999999764e-02
-3.994369999999999865e-02
-4.024710000000000093e-02
-3.188959999999999712e-02
-2.072749999999999940e-02
-8.822399999999999340e-03
3.007010000000000065e-03
1.767979999999999899e-02
3.285670000000000257e-02
4.070039999999999769e-02
4.250009999999999899e-02
3.844609999999999694e-02
3.153340000000000309e-02
1.673320000000000016e-02
-1.242009999999999989e-02
-2.905009999999999884e-02
-2.420289999999999941e-02
-2.109209999999999904e-02
-1.803139999999999951e-02
-1.358119999999999987e-02
-1.384829999999999915e-02
-7.770759999999999820e-03
1.014190000000000057e-02
3.005769999999999970e-02
3.804409999999999736e-02
3.505169999999999814e-02
3.339380000000000126e-02
3.331599999999999839e-02
2.991299999999999862e-02
2.391460000000000113e-02
1.138959999999999972e-02
-8.447019999999999529e-03
-2.650049999999999975e-02
-3.967160000000000131e-02
-4.841680000000000289e-02
-4.880609999999999810e-02
-3.842050000000000326e-02
-2.462309999999999846e-02
-1.296469999999999914e-02
1.295670000000000068e-03
1.763510000000000078e-02
3.594379999999999797e-02
5.337460000000000121e-02
5.608629999999999866e-02
4.683439999999999825e-02
3.336829999999999657e-02
1.465319999999999991e-02
5.770270000000000303e-04
-8.349300000000000471e-03
-1.872909999999999853e-02
-2.667119999999999908e-02
-3.704890000000000266e-02
-5.105040000000000272e-02
-5.796040000000000220e-02
-5.541809999999999792e-02
-4.452570000000000139e-02
-2.194859999999999867e-02
7.486040000000000229e-03
1.960570000000000021e-02
1.577229999999999951e-02
2.219540000000000055e-02
3.865679999999999811e-02
5.578860000000000069e-02
6.073379999999999751e-02
4.596669999999999923e-02
1.942870000000000014e-02
-1.854050000000000142e-02
-5.669280000000000153e-02
-7.101570000000000105e-02
-6.402249999999999608e-02
-5.038070000000000048e-02
-3.426350000000000229e-02
-1.805319999999999842e-02
-1.650159999999999908e-03
9.383870000000000752e-03
1.144960000000000075e-02
1.488380000000000085e-02
2.389279999999999876e-02
3.122559999999999919e-02
3.439289999999999708e-02
3.652289999999999703e-02
3.416639999999999955e-02
2.688859999999999861e-02
1.468859999999999957e-02
-8.131710000000000327e-03
-2.780869999999999870e-02
-3.360579999999999817e-02
-3.815430000000000210e-02
-3.997019999999999740e-02
-3.171199999999999714e-02
-2.130189999999999861e-02
-8.787649999999999281e-03
8.502640000000000545e-03
2.362939999999999832e-02
3.251810000000000117e-02
3.659280000000000171e-02
4.123050000000000326e-02
4.956639999999999657e-02
5.353109999999999813e-02
4.361190000000000205e-02
2.594259999999999969e-02
1.522710000000000036e-03
-3.027300000000000130e-02
-4.986940000000000123e-02
-5.650199999999999667e-02
-6.305600000000000094e-02
-6.910289999999999488e-02
-7.302129999999999732e-02
-7.038469999999999449e-02
-5.739760000000000001e-02
-2.989899999999999849e-02
6.684390000000000123e-03
3.530500000000000305e-02
5.785660000000000108e-02
7.264270000000000449e-02
6.961779999999999358e-02
6.303609999999999769e-02
6.107309999999999822e-02
5.275799999999999934e-02
2.655180000000000040e-02
-1.655569999999999958e-02
-4.921849999999999836e-02
-5.879329999999999973e-02
-6.081759999999999944e-02
-5.475370000000000237e-02
-2.851040000000000171e-02
-1.719930000000000048e-04
8.920859999999999207e-03
1.653280000000000027e-02
2.746219999999999911e-02
3.335779999999999995e-02
3.820439999999999947e-02
3.475609999999999811e-02
1.747289999999999954e-02
-3.841649999999999839e-03
-1.728450000000000125e-02
-2.303770000000000123e-02
-2.279060000000000114e-02
-1.576610000000000164e-02
-5.343350000000000183e-03
5.144089999999999600e-03
5.077479999999999667e-03
-4.891200000000000062e-03
-9.882409999999999459e-03
-9.677599999999999744e-03
-5.149769999999999695e-03
5.621289999999999707e-04
-2.212190000000000163e-03
-9.751489999999999811e-03
-1.646720000000000128e-02
-2.362130000000000132e-02
-2.611389999999999892e-02
-2.138560000000000114e-02
-1.310330000000000002e-02
5.775509999999999867e-05
1.325999999999999922e-02
2.057669999999999985e-02
2.649309999999999859e-02
3.383339999999999959e-02
3.996410000000000240e-02
3.799829999999999874e-02
2.325510000000000077e-02
4.993880000000000020e-03
-6.340639999999999818e-03
-1.366110000000000067e-02
-1.585059999999999941e-02
-9.461839999999999140e-03
-4.096940000000000304e-03
-7.117260000000000253e-03
-1.451060000000000023e-02
-2.177509999999999862e-02
-2.503609999999999863e-02
-1.986780000000000143e-02
-1.364240000000000071e-02
-1.089829999999999965e-02
-3.538480000000000097e-03
8.493979999999999933e-03
2.086700000000000013e-02
3.249780000000000030e-02
4.070680000000000132e-02
4.580019999999999925e-02
4.759229999999999711e-02
4.513890000000000263e-02
4.153169999999999779e-02
2.958010000000000153e-02
4.750299999999999835e-03
-1.707310000000000078e-02
-3.458080000000000181e-02
-5.323780000000000179e-02
-6.248309999999999975e-02
-6.448629999999999640e-02
-6.403330000000000133e-02
-5.356570000000000081e-02
-3.111550000000000080e-02
-6.920400000000000162e-03
1.011850000000000076e-02
2.618550000000000044e-02
4.953479999999999689e-02
6.450949999999999740e-02
5.954330000000000039e-02
4.922060000000000324e-02
3.464049999999999768e-02
1.684719999999999968e-02
5.544620000000000104e-03
-5.549270000000000244e-03
-1.302249999999999935e-02
-1.111980000000000086e-02
-1.336790000000000027e-02
-2.245180000000000092e-02
-2.918139999999999970e-02
-3.199020000000000336e-02
-2.777119999999999936e-02
-1.655179999999999846e-02
-7.050609999999999690e-03
-3.067700000000000028e-03
-3.085759999999999892e-03
-3.652090000000000197e-03
-1.827319999999999899e-03
1.021360000000000020e-03
3.522040000000000153e-03
6.708809999999999947e-03
8.851299999999999446e-03
7.263129999999999586e-03
4.521879999999999823e-03
3.598919999999999810e-03
4.487009999999999610e-03
5.513040000000000301e-03
3.688889999999999791e-03
-7.104019999999999519e-04
-4.924839999999999773e-03
-8.604509999999999242e-03
-1.034189999999999936e-02
-8.149530000000000315e-03
-4.720959999999999740e-03
-2.446649999999999867e-03
7.245910000000000155e-04
6.689080000000000026e-03
1.430069999999999952e-02
2.206580000000000000e-02
2.791319999999999912e-02
2.661389999999999936e-02
1.969689999999999983e-02
1.283180000000000084e-02
5.449579999999999876e-03
-1.545499999999999999e-03
-7.347260000000000423e-03
-1.235709999999999933e-02
-1.486600000000000074e-02
-1.578939999999999858e-02
-1.736949999999999952e-02
-1.994430000000000161e-02
-2.128400000000000084e-02
-2.016290000000000096e-02
-1.783179999999999835e-02
-1.195730000000000057e-02
4.411120000000000145e-03
2.488490000000000146e-02
3.385119999999999796e-02
3.198630000000000223e-02
2.436170000000000002e-02
5.500989999999999873e-03
-2.218370000000000064e-02
-3.740460000000000312e-02
-3.282140000000000057e-02
-2.459360000000000018e-02
-2.044469999999999968e-02
-1.746230000000000004e-02
-1.498009999999999967e-02
-1.260389999999999948e-02
-9.356820000000000068e-03
-3.337570000000000207e-03
7.869430000000000175e-03
2.127729999999999899e-02
3.746719999999999912e-02
5.358720000000000150e-02
5.512190000000000145e-02
4.558070000000000177e-02
3.867960000000000148e-02
2.665930000000000036e-02
4.047679999999999681e-03
-1.635309999999999889e-02
-3.296240000000000281e-02
-5.077709999999999863e-02
-6.617589999999999584e-02
-7.535959999999999881e-02
-6.883659999999999779e-02
-5.230710000000000220e-02
-3.918880000000000280e-02
-1.978459999999999941e-02
1.497349999999999940e-03
1.324439999999999992e-02
2.385759999999999964e-02
3.806450000000000111e-02
5.355630000000000113e-02
6.485029999999999961e-02
6.497340000000000060e-02
5.575019999999999976e-02
3.541629999999999778e-02
9.561429999999999235e-03
-3.365340000000000085e-03
-1.330729999999999934e-02
-2.858559999999999920e-02
-3.647580000000000267e-02
-4.019350000000000006e-02
-4.169719999999999677e-02
-3.363109999999999711e-02
-2.382300000000000043e-02
-1.465379999999999981e-02
4.055430000000000168e-04
1.070210000000000085e-02
1.154670000000000002e-02
1.171729999999999994e-02
1.198950000000000016e-02
1.202089999999999929e-02
1.719779999999999920e-02
2.619099999999999900e-02
2.844549999999999856e-02
2.495369999999999880e-02
2.531910000000000063e-02
2.588270000000000154e-02
2.208960000000000090e-02
1.711719999999999908e-02
1.109420000000000024e-02
4.661939999999999834e-03
2.120579999999999948e-04
-4.193820000000000013e-03
-9.809589999999999976e-03
-1.474989999999999982e-02
-1.875589999999999896e-02
-2.304640000000000161e-02
-2.773250000000000021e-02
-2.777280000000000026e-02
-1.859649999999999845e-02
-1.692560000000000071e-04
2.014639999999999834e-02
2.916849999999999998e-02
2.956249999999999850e-02
2.743560000000000096e-02
2.149770000000000153e-02
1.242000000000000048e-02
-5.675199999999999603e-04
-1.143699999999999925e-02
-1.659350000000000061e-02
-1.913360000000000061e-02
-2.052119999999999986e-02
-2.198639999999999969e-02
-1.979579999999999881e-02
-1.429479999999999987e-02
-1.079070000000000029e-02
-3.978520000000000147e-03
8.024049999999999586e-03
1.540990000000000068e-02
2.013349999999999862e-02
2.737049999999999900e-02
2.728620000000000004e-02
1.933999999999999955e-02
7.548410000000000189e-03
-1.016290000000000075e-02
-2.189839999999999842e-02
-2.416509999999999839e-02
-2.680729999999999918e-02
-2.753140000000000101e-02
-2.366139999999999910e-02
-1.768219999999999861e-02
-7.628689999999999603e-03
3.103330000000000064e-03
1.019130000000000036e-02
1.614629999999999885e-02
1.767699999999999827e-02
1.304920000000000038e-02
8.803160000000000845e-03
6.169390000000000290e-03
2.264770000000000151e-03
-1.901319999999999963e-03
-3.746559999999999908e-03
-2.771909999999999825e-03
-1.521549999999999986e-03
-2.743499999999999845e-03
-6.455800000000000254e-03
-9.887709999999999208e-03
-1.239829999999999925e-02
-1.612890000000000157e-02
-1.682820000000000149e-02
-1.151070000000000045e-02
-3.701380000000000208e-03
9.315999999999999628e-03
2.418860000000000107e-02
3.361829999999999680e-02
4.122479999999999895e-02
4.819760000000000016e-02
4.910930000000000156e-02
4.344950000000000201e-02
3.731509999999999688e-02
2.725790000000000157e-02
9.588769999999999932e-03
-9.296389999999999862e-03
-2.390340000000000173e-02
-3.143780000000000185e-02
-3.798060000000000325e-02
-4.391629999999999839e-02
-4.022150000000000031e-02
-3.270250000000000240e-02
-2.485940000000000025e-02
-1.065729999999999976e-02
2.852980000000000186e-03
9.767589999999999606e-03
1.306900000000000076e-02
1.536629999999999940e-02
1.504280000000000027e-02
7.816870000000000068e-03
-1.469119999999999975e-03
-6.164850000000000364e-03
-7.404359999999999588e-03
-8.839390000000000788e-03
-1.110359999999999993e-02
-1.194459999999999966e-02
-1.210289999999999977e-02
-1.206750000000000010e-02
-8.787410000000000707e-03
-1.664099999999999954e-03
7.029490000000000217e-03
1.672979999999999953e-02
2.396699999999999872e-02
2.532739999999999991e-02
2.486850000000000172e-02
2.308639999999999998e-02
1.685340000000000102e-02
5.894769999999999698e-03
-7.006150000000000051e-03
-1.773030000000000092e-02
-2.596530000000000019e-02
-3.140489999999999948e-02
-3.026049999999999920e-02
-2.375620000000000162e-02
-1.842890000000000153e-02
-1.261619999999999929e-02
-2.875760000000000208e-03
7.429820000000000174e-03
1.606170000000000167e-02
1.994140000000000149e-02
2.031579999999999844e-02
2.374580000000000093e-02
2.886189999999999936e-02
3.148249999999999660e-02
2.918930000000000136e-02
2.387359999999999829e-02
1.897880000000000053e-02
1.119769999999999967e-02
4.034829999999999667e-03
1.560270000000000103e-03
-1.808010000000000086e-03
-4.806939999999999998e-03
-5.339260000000000186e-03
-6.793730000000000428e-03
-8.461410000000000806e-03
-8.238910000000000330e-03
-8.416500000000000370e-03
-1.406909999999999931e-02
-2.253540000000000057e-02
-2.825930000000000109e-02
-3.204669999999999741e-02
-3.040759999999999991e-02
-2.247940000000000008e-02
-1.326100000000000022e-02
-2.835020000000000161e-03
5.446330000000000095e-03
4.532750000000000321e-03
-1.826909999999999949e-03
-4.791440000000000109e-03
-7.363149999999999730e-03
-1.008449999999999971e-02
-4.735310000000000387e-03
4.342020000000000254e-03
1.004189999999999944e-02
1.811739999999999878e-02
2.613319999999999879e-02
2.082880000000000148e-02
9.220829999999999305e-03
-3.559529999999999986e-04
-1.574189999999999964e-02
-2.704159999999999897e-02
-2.773609999999999964e-02
-2.583480000000000151e-02
-2.125490000000000018e-02
-1.738489999999999827e-02
-1.351149999999999921e-02
6.924249999999999849e-04
2.253339999999999857e-02
3.938219999999999915e-02
4.847080000000000138e-02
5.144180000000000280e-02
5.261070000000000330e-02
5.495950000000000141e-02
5.271080000000000210e-02
4.502729999999999927e-02
2.866710000000000091e-02
1.932059999999999984e-03
-1.962169999999999886e-02
-3.253640000000000004e-02
-4.342399999999999732e-02
-5.064540000000000014e-02
-5.015880000000000338e-02
-4.153459999999999791e-02
-3.236619999999999775e-02
-2.117609999999999978e-02
-5.789039999999999637e-03
7.819029999999999384e-03
2.236840000000000009e-02
3.623300000000000132e-02
3.667959999999999970e-02
2.688230000000000133e-02
1.608800000000000160e-02
4.002030000000000171e-04
-1.219920000000000032e-02
-1.440289999999999973e-02
-1.731430000000000122e-02
-2.180570000000000078e-02
-1.956789999999999918e-02
-1.376879999999999944e-02
-9.904309999999999503e-03
-5.629480000000000074e-03
-1.027590000000000101e-03
1.802870000000000037e-03
4.422370000000000120e-03
4.713099999999999581e-03
1.611610000000000082e-03
-6.545950000000000032e-04
-2.679069999999999976e-03
-2.599939999999999803e-03
3.277889999999999884e-03
9.560340000000000504e-03
1.612989999999999910e-02
2.183130000000000140e-02
1.792950000000000099e-02
1.136560000000000001e-02
1.102170000000000059e-02
1.328170000000000045e-02
1.440080000000000006e-02
1.092719999999999976e-02
3.158269999999999914e-03
-7.802710000000000028e-03
-2.065729999999999997e-02
-3.196330000000000005e-02
-4.012639999999999957e-02
-4.322759999999999797e-02
-3.990019999999999678e-02
-3.264910000000000034e-02
-2.610509999999999914e-02
-1.710700000000000068e-02
-1.464880000000000002e-03
1.370900000000000070e-02
2.238719999999999946e-02
2.415609999999999979e-02
2.054829999999999851e-02
1.686380000000000171e-02
9.171349999999999988e-03
-5.355890000000000303e-03
-1.766159999999999952e-02
-2.853980000000000058e-02
-4.027170000000000055e-02
-4.855929999999999969e-02
-5.557449999999999890e-02
-5.855260000000000326e-02
-4.632470000000000337e-02
-2.173780000000000157e-02
-1.133880000000000087e-03
1.157689999999999934e-02
2.327730000000000077e-02
3.519699999999999912e-02
4.790769999999999751e-02
5.709729999999999667e-02
5.265410000000000229e-02
4.261630000000000279e-02
3.705150000000000110e-02
2.787430000000000116e-02
1.506449999999999977e-02
4.169970000000000274e-03
-7.035379999999999932e-03
-1.637560000000000057e-02
-2.005120000000000166e-02
-1.890680000000000138e-02
-1.515649999999999983e-02
-6.551060000000000043e-03
9.641600000000000170e-03
2.228609999999999966e-02
2.766479999999999981e-02
3.556879999999999764e-02
4.054340000000000027e-02
3.511779999999999763e-02
2.493269999999999861e-02
1.256089999999999984e-02
1.673720000000000069e-03
-2.292629999999999928e-03
-4.517619999999999969e-03
-8.730250000000000163e-03
-1.474649999999999919e-02
-2.187909999999999855e-02
-2.861740000000000117e-02
-3.448330000000000145e-02
-3.257170000000000204e-02
-2.054210000000000064e-02
-6.108989999999999906e-03
4.097039999999999710e-03
7.220510000000000296e-03
8.791810000000000597e-03
1.221509999999999957e-02
1.319069999999999965e-02
1.305730000000000085e-02
1.167480000000000080e-02
5.765860000000000256e-03
-1.945930000000000121e-04
-4.610969999999999826e-03
-1.051150000000000001e-02
-1.310949999999999963e-02
-1.001679999999999932e-02
-7.611389999999999996e-03
-7.246719999999999898e-03
-8.189290000000000111e-03
-1.088860000000000001e-02
-1.319910000000000007e-02
-1.320400000000000046e-02
-9.666340000000000696e-03
-5.556349999999999831e-03
-2.973050000000000085e-03
-1.606149999999999982e-03
-2.309110000000000069e-03
-3.220279999999999844e-03
-9.030159999999999750e-04
5.169439999999999973e-03
1.096450000000000029e-02
1.631039999999999920e-02
1.901100000000000012e-02
1.246599999999999965e-02
3.849860000000000088e-03
-3.812759999999999999e-04
-5.803509999999999572e-03
-8.816249999999999434e-03
-4.942760000000000035e-03
-2.169570000000000005e-03
-1.812669999999999950e-03
3.165080000000000129e-04
6.926919999999999605e-04
-1.628520000000000054e-03
-2.965849999999999910e-03
-3.779729999999999809e-03
-4.815449999999999765e-03
-4.958330000000000376e-03
-4.023999999999999799e-03
-2.491390000000000011e-03
-6.806159999999999901e-04
2.157109999999999844e-03
4.815569999999999920e-03
4.886459999999999589e-03
3.665920000000000029e-03
4.310930000000000144e-03
7.347399999999999591e-03
1.088070000000000009e-02
1.360300000000000051e-02
1.273539999999999915e-02
7.648020000000000165e-03
3.557110000000000046e-03
5.937120000000000375e-04
-3.789890000000000186e-03
-7.722829999999999973e-03
-1.088929999999999933e-02
-1.489219999999999954e-02
-1.802010000000000070e-02
-1.558949999999999919e-02
-1.024579999999999935e-02
-8.397939999999999572e-03
-7.201850000000000092e-03
-2.488689999999999999e-03
6.234499999999999591e-03
1.814510000000000081e-02
3.027789999999999995e-02
3.802090000000000330e-02
3.475820000000000298e-02
2.435290000000000024e-02
9.752349999999999908e-03
-1.110799999999999982e-02
-2.239820000000000005e-02
-2.315330000000000166e-02
-2.665970000000000145e-02
-2.474089999999999970e-02
-1.676259999999999903e-02
-1.205379999999999993e-02
-7.057130000000000000e-03
-3.151149999999999806e-04
4.637470000000000307e-03
9.050340000000000468e-03
1.394519999999999961e-02
1.666849999999999929e-02
1.493790000000000048e-02
1.094799999999999940e-02
8.132260000000000530e-03
4.996689999999999812e-03
-1.143390000000000042e-04
-6.272210000000000285e-03
-1.338789999999999945e-02
-1.979099999999999956e-02
-2.465830000000000105e-02
-2.850180000000000075e-02
-2.840020000000000044e-02
-2.401009999999999950e-02
-1.971900000000000042e-02
-1.654850000000000071e-02
-1.264879999999999997e-02
-8.948970000000000535e-03
-6.687549999999999571e-03
-4.062210000000000126e-03
4.947270000000000357e-04
5.638100000000000056e-03
1.023729999999999953e-02
1.504699999999999961e-02
1.752230000000000107e-02
1.543019999999999982e-02
1.297489999999999928e-02
1.057969999999999917e-02
5.501849999999999970e-03
7.885589999999999830e-04
-2.822320000000000124e-03
-6.904259999999999738e-03
-1.018920000000000069e-02
-1.272940000000000009e-02
-1.465750000000000039e-02
-1.438129999999999964e-02
-1.134770000000000049e-02
-7.848340000000000524e-03
-4.089480000000000372e-03
9.775840000000000918e-04
3.509420000000000074e-03
3.730990000000000001e-03
5.563900000000000096e-03
7.282799999999999864e-03
8.337890000000000579e-03
1.082430000000000024e-02
1.422430000000000049e-02
1.670030000000000125e-02
1.572209999999999927e-02
1.238180000000000010e-02
1.017999999999999981e-02
7.539030000000000384e-03
3.629250000000000097e-03
3.759489999999999880e-04
-2.858170000000000155e-03
-4.859999999999999737e-03
-3.602349999999999823e-03
-1.834120000000000065e-03
-2.435070000000000116e-03
-5.283129999999999597e-03
-8.289430000000000409e-03
-1.087289999999999958e-02
-1.165850000000000046e-02
-6.186089999999999992e-03
1.633380000000000032e-03
7.107170000000000328e-03
1.451999999999999992e-02
2.175670000000000034e-02
2.239100000000000118e-02
1.854060000000000083e-02
1.473769999999999941e-02
1.123269999999999998e-02
7.148579999999999865e-03
3.279100000000000070e-03
7.211020000000000494e-04
8.585940000000000672e-05
-8.408800000000000129e-04
-4.960820000000000334e-03
-9.791799999999999810e-03
-1.306399999999999922e-02
-1.610369999999999857e-02
-1.695440000000000141e-02
-1.451470000000000017e-02
-1.232489999999999974e-02
-9.198100000000000720e-03
-3.827510000000000114e-03
-4.247629999999999852e-04
1.516360000000000017e-03
3.956140000000000351e-03
4.447379999999999910e-03
4.307830000000000339e-03
6.713740000000000159e-03
9.757329999999999823e-03
1.200189999999999937e-02
1.367020000000000041e-02
1.237770000000000016e-02
9.351629999999999665e-03
7.795879999999999824e-03
6.022180000000000241e-03
3.513549999999999833e-03
1.385660000000000045e-05
-5.082760000000000403e-03
-7.787829999999999926e-03
-7.879090000000000052e-03
-7.478539999999999667e-03
-5.289570000000000383e-03
-3.699449999999999961e-03
-4.864069999999999852e-03
-6.163769999999999839e-03
-6.601509999999999670e-03
-6.088360000000000126e-03
-3.893750000000000076e-03
-2.137679999999999875e-03
1.094759999999999961e-03
8.727880000000000360e-03
1.454860000000000007e-02
1.730860000000000037e-02
1.999789999999999901e-02
1.811779999999999988e-02
1.366589999999999992e-02
1.128619999999999970e-02
6.985690000000000129e-03
6.280129999999999654e-04
-3.322129999999999962e-03
-4.429119999999999932e-03
-4.751980000000000266e-03
-3.474239999999999967e-03
1.859350000000000011e-04
4.915410000000000265e-03
1.186579999999999926e-02
1.776180000000000120e-02
1.518079999999999950e-02
8.474139999999999798e-03
5.398449999999999950e-03
2.380300000000000124e-03
-1.836900000000000035e-03
-3.368649999999999943e-03
-3.502499999999999971e-03
-4.547690000000000066e-03
-5.508139999999999911e-03
-5.905699999999999839e-03
-5.644709999999999832e-03
-4.189939999999999637e-03
-2.873660000000000103e-03
-2.059839999999999848e-03
-7.489229999999999715e-04
9.331730000000000320e-04
2.695640000000000015e-03
4.179590000000000388e-03
3.439600000000000123e-03
6.056959999999999688e-04
-1.349160000000000073e-03
-3.017829999999999992e-03
-6.729849999999999895e-03
-1.122219999999999988e-02
-1.425410000000000045e-02
-1.641290000000000110e-02
-1.606629999999999864e-02
-1.189280000000000025e-02
-8.102200000000000374e-03
-5.386250000000000412e-03
-4.343989999999999831e-03
-6.602499999999999862e-03
-6.408239999999999943e-03
-1.292409999999999913e-03
3.576890000000000104e-03
6.010019999999999599e-03
7.671569999999999952e-03
7.407099999999999795e-03
3.882850000000000190e-03
3.094330000000000171e-04
-3.086220000000000196e-03
-7.656429999999999660e-03
-1.142649999999999916e-02
-1.214299999999999928e-02
-8.400209999999999969e-03
-3.726569999999999796e-03
-1.158369999999999929e-03
9.244119999999999985e-04
2.553999999999999847e-03
3.858900000000000177e-03
5.573469999999999640e-03
7.899349999999999428e-03
1.095679999999999918e-02
1.385459999999999990e-02
1.697950000000000154e-02
1.840220000000000050e-02
1.497459999999999937e-02
9.411120000000000249e-03
3.297979999999999835e-03
-3.717849999999999974e-03
-8.654890000000000153e-03
-9.407520000000000812e-03
-8.055430000000000576e-03
-7.755800000000000194e-03
-7.576059999999999912e-03
-6.205620000000000233e-03
-5.954250000000000341e-03
-8.165729999999999517e-03
-1.105970000000000043e-02
-1.182579999999999916e-02
-7.914400000000000254e-03
-2.011419999999999875e-03
2.015219999999999859e-03
7.080669999999999846e-03
1.003889999999999991e-02
4.413170000000000114e-03
-2.877999999999999916e-03
-5.692299999999999964e-03
-7.480829999999999945e-03
-9.004130000000000814e-03
-9.229160000000000141e-03
-9.600380000000000372e-03
-1.020590000000000039e-02
-1.042359999999999988e-02
-1.089599999999999944e-02
-1.038279999999999932e-02
-7.183069999999999733e-03
-3.325170000000000122e-03
7.446599999999999617e-04
4.585409999999999833e-03
5.813740000000000401e-03
7.113569999999999616e-03
9.760120000000000601e-03
1.201520000000000019e-02
1.136640000000000046e-02
6.123990000000000163e-03
1.393039999999999903e-03
-1.916249999999999985e-03
-5.232529999999999994e-03
-2.891059999999999984e-03
2.724639999999999961e-03
5.015790000000000005e-03
7.279729999999999882e-03
1.158799999999999934e-02
1.459839999999999922e-02
1.396099999999999945e-02
1.166299999999999976e-02
1.082739999999999918e-02
9.945779999999999552e-03
8.114690000000000791e-03
6.330009999999999630e-03
4.382180000000000276e-03
2.382529999999999891e-03
3.360130000000000235e-04
-1.550509999999999953e-03
-2.414089999999999812e-03
-2.795820000000000076e-03
-3.634230000000000013e-03
-4.577280000000000411e-03
-3.996219999999999981e-03
-1.206679999999999905e-03
1.392369999999999979e-03
3.280949999999999925e-03
6.196590000000000084e-03
7.157700000000000347e-03
3.533290000000000129e-03
-2.166380000000000085e-04
-2.558439999999999933e-03
-5.729829999999999993e-03
-7.412189999999999925e-03
-7.194220000000000302e-03
-7.831640000000000823e-03
-8.636670000000000805e-03
-8.977719999999999798e-03
-9.296030000000000265e-03
-7.133910000000000251e-03
-2.519969999999999849e-03
1.155100000000000050e-03
5.128559999999999890e-03
1.097560000000000029e-02
1.620660000000000156e-02
1.946130000000000082e-02
1.961780000000000121e-02
1.625400000000000109e-02
1.303939999999999960e-02
8.443739999999999926e-03
-1.478759999999999970e-03
-1.086179999999999958e-02
-1.702849999999999850e-02
-2.234260000000000065e-02
-2.410129999999999911e-02
-2.215519999999999989e-02
-1.952440000000000078e-02
-1.656240000000000143e-02
-1.191459999999999915e-02
-6.536590000000000109e-03
-1.397400000000000031e-03
7.357849999999999981e-03
1.881700000000000039e-02
2.664990000000000067e-02
2.931430000000000147e-02
2.510170000000000110e-02
1.697790000000000063e-02
1.146199999999999997e-02
5.180389999999999995e-03
-2.688340000000000000e-03
-6.693290000000000177e-03
-8.482780000000000528e-03
-1.216670000000000078e-02
-1.384130000000000082e-02
-1.047050000000000064e-02
-7.250490000000000060e-03
-5.574769999999999726e-03
-3.360769999999999903e-03
-1.893769999999999915e-03
-7.697850000000000439e-04
9.419079999999999814e-04
2.411299999999999902e-03
3.995779999999999992e-03
5.222250000000000329e-03
3.772530000000000067e-03
7.617509999999999646e-04
-9.002100000000000293e-04
-2.087929999999999994e-03
-3.138499999999999797e-03
-2.876800000000000104e-03
-2.421190000000000148e-03
-2.415650000000000089e-03
-2.122549999999999958e-03
-1.719360000000000072e-03
-1.469370000000000008e-03
-1.149379999999999976e-03
-7.871720000000000453e-04
-5.069389999999999790e-04
-2.250569999999999969e-04
4.711909999999999818e-04
1.606350000000000095e-03
2.810350000000000088e-03
3.548019999999999820e-03
2.351039999999999987e-03
-7.586779999999999891e-05
-1.743100000000000031e-03
-3.472980000000000077e-03
-4.776729999999999865e-03
-4.717510000000000280e-03
-4.897829999999999719e-03
-4.739529999999999611e-03
-3.306860000000000008e-03
-2.281029999999999863e-03
-1.099900000000000010e-03
2.394779999999999999e-03
6.790349999999999685e-03
1.083680000000000060e-02
1.221700000000000043e-02
6.984810000000000151e-03
2.022960000000000025e-04
-4.203990000000000331e-03
-9.768139999999999809e-03
-1.245929999999999954e-02
-9.876750000000000113e-03
-8.602010000000000212e-03
-8.559570000000000720e-03
-6.678530000000000230e-03
-4.775599999999999637e-03
-3.582969999999999992e-03
-1.800659999999999934e-03
2.045180000000000175e-03
6.875649999999999644e-03
1.043490000000000043e-02
1.159639999999999976e-02
9.950850000000000667e-03
8.342340000000000172e-03
7.899180000000000437e-03
5.715910000000000261e-03
1.387379999999999907e-03
-1.716180000000000093e-03
-2.365980000000000166e-03
-3.363160000000000021e-03
-5.167829999999999993e-03
-6.559330000000000369e-03
-6.507429999999999812e-03
-3.944010000000000397e-03
-1.317449999999999958e-03
1.433459999999999899e-03
7.206889999999999651e-03
1.312579999999999997e-02
1.669230000000000019e-02
1.846110000000000112e-02
1.623849999999999946e-02
1.178489999999999920e-02
8.449879999999999891e-03
2.569150000000000079e-03
-5.362070000000000031e-03
-1.059610000000000066e-02
-1.529690000000000043e-02
-1.690629999999999911e-02
-1.059990000000000064e-02
-4.450439999999999952e-03
-7.049849999999999867e-04
6.643709999999999720e-03
1.523769999999999986e-02
1.978370000000000128e-02
2.067690000000000153e-02
2.021279999999999952e-02
1.498350000000000029e-02
6.557620000000000116e-03
3.296280000000000228e-05
-7.407809999999999916e-03
-1.346660000000000044e-02
-1.422670000000000011e-02
-1.541479999999999934e-02
-1.873829999999999940e-02
-1.924719999999999903e-02
-1.594260000000000121e-02
-1.132999999999999979e-02
-3.002719999999999955e-03
6.739850000000000355e-03
1.024369999999999968e-02
9.659509999999999624e-03
6.160750000000000427e-03
1.431530000000000031e-04
-5.639779999999999620e-03
-1.263290000000000073e-02
-1.898990000000000053e-02
-2.134120000000000114e-02
-1.976280000000000051e-02
-1.500210000000000085e-02
-9.610419999999999727e-03
-5.134610000000000389e-03
3.927289999999999731e-04
6.295389999999999667e-03
8.578330000000000330e-03
7.915149999999999270e-03
8.640739999999999185e-03
9.644609999999999642e-03
8.313420000000000185e-03
5.138809999999999732e-03
-1.855319999999999929e-03
-1.255679999999999991e-02
-1.996269999999999989e-02
-2.193799999999999917e-02
-1.802749999999999839e-02
-7.470680000000000376e-03
1.922990000000000073e-03
8.779500000000000845e-03
1.628980000000000011e-02
2.062809999999999991e-02
2.202219999999999872e-02
2.124610000000000040e-02
1.688169999999999948e-02
1.186360000000000019e-02
3.449489999999999935e-03
-8.905549999999999924e-03
-1.421560000000000011e-02
-1.078619999999999926e-02
-7.749550000000000015e-03
-6.742320000000000431e-03
-4.082960000000000061e-03
-7.443169999999999821e-04
1.835100000000000099e-03
5.135940000000000297e-03
9.523840000000000430e-03
1.322760000000000082e-02
1.530250000000000013e-02
1.687589999999999923e-02
1.584199999999999844e-02
1.078579999999999990e-02
6.443090000000000275e-03
3.369099999999999873e-03
-1.099179999999999949e-03
-4.603020000000000202e-03
-4.989170000000000237e-03
-3.453610000000000187e-03
-1.366739999999999969e-03
6.004899999999999648e-04
2.571700000000000114e-03
4.362829999999999833e-03
5.695859999999999639e-03
7.225249999999999902e-03
8.577299999999999508e-03
9.256779999999999176e-03
1.018819999999999969e-02
9.757860000000000145e-03
6.283669999999999881e-03
2.913760000000000048e-03
1.059580000000000070e-03
-9.272689999999999882e-04
-3.114329999999999789e-03
-3.597069999999999955e-03
-2.036699999999999795e-03
-9.568439999999999888e-04
-2.127970000000000024e-04
1.654800000000000108e-03
3.505199999999999982e-03
3.535640000000000050e-03
2.056689999999999907e-03
1.029050000000000104e-03
4.295379999999999793e-04
-8.857789999999999772e-05
-1.652000000000000040e-04
-3.665419999999999882e-05
6.475870000000000324e-04
1.658380000000000097e-03
2.103450000000000198e-03
1.614140000000000019e-03
7.517749999999999910e-04
2.863760000000000242e-04
-2.423680000000000061e-06
-3.242070000000000216e-04
-7.150449999999999818e-04
-9.715120000000000049e-04
-1.327070000000000018e-04
1.478380000000000059e-03
2.708959999999999840e-03
4.283129999999999576e-03
4.733229999999999729e-03
1.349270000000000070e-03
-2.434679999999999830e-03
-3.794679999999999928e-03
-5.482279999999999966e-03
-6.388379999999999927e-03
-4.364830000000000099e-03
-2.502170000000000175e-03
-9.575589999999999710e-04
1.936309999999999898e-03
4.185529999999999806e-03
4.879630000000000252e-03
4.983590000000000415e-03
5.079420000000000289e-03
4.685909999999999728e-03
1.026640000000000105e-03
-3.941349999999999715e-03
-5.387880000000000273e-03
-6.502510000000000408e-03
-9.391170000000000767e-03
-1.133389999999999918e-02
-1.302110000000000073e-02
-1.486939999999999963e-02
-1.421389999999999980e-02
-1.174859999999999967e-02
-1.006160000000000040e-02
-7.807849999999999860e-03
-4.681020000000000146e-03
-1.656520000000000084e-03
2.012509999999999907e-03
5.622109999999999608e-03
8.885890000000000455e-03
1.124909999999999972e-02
9.604939999999999312e-03
5.954100000000000364e-03
4.056849999999999866e-03
1.318970000000000038e-03
-3.020960000000000052e-03
-6.857470000000000059e-03
-1.046230000000000077e-02
-1.393980000000000045e-02
-1.705910000000000065e-02
-1.960040000000000046e-02
-1.886639999999999845e-02
-1.464689999999999916e-02
-1.158220000000000083e-02
-8.697589999999999835e-03
-1.037189999999999900e-03
6.485219999999999874e-03
8.407219999999999971e-03
9.973869999999999264e-03
1.059839999999999914e-02
7.326270000000000178e-03
5.006929999999999714e-03
3.472750000000000142e-03
5.568100000000000306e-04
-2.320650000000000057e-03
-3.571920000000000130e-03
-2.362470000000000195e-03
-8.544299999999999898e-04
9.479779999999999554e-05
1.805729999999999965e-03
2.727869999999999861e-03
2.068509999999999967e-03
1.751610000000000016e-03
1.813720000000000002e-03
1.491279999999999993e-03
9.503930000000000060e-04
-3.594159999999999890e-04
-2.153130000000000061e-03
-3.509700000000000146e-03
-4.637979999999999881e-03
-5.916079999999999776e-03
-6.947039999999999813e-03
-5.489599999999999862e-03
-1.695740000000000051e-03
1.520249999999999900e-03
4.934359999999999614e-03
8.268150000000000152e-03
9.791110000000000438e-03
9.382659999999999265e-03
6.904849999999999703e-03
3.215690000000000215e-03
-2.759929999999999849e-03
-7.537809999999999823e-03
-7.774950000000000090e-03
-7.635499999999999926e-03
-6.672070000000000431e-03
-4.431700000000000222e-03
-3.003700000000000207e-03
-1.288300000000000035e-03
7.798770000000000008e-04
2.560199999999999889e-03
4.357459999999999632e-03
6.304289999999999720e-03
8.276290000000000383e-03
8.357649999999999454e-03
5.674069999999999808e-03
3.501619999999999993e-03
3.174989999999999930e-03
3.189659999999999978e-03
3.382790000000000102e-03
4.110250000000000188e-03
3.896059999999999801e-03
1.440050000000000011e-03
-1.378600000000000008e-03
-2.746789999999999822e-03
-2.789310000000000140e-03
-1.928040000000000006e-03
-1.159400000000000101e-03
-1.667950000000000075e-03
-2.824269999999999819e-03
-3.469809999999999822e-03
-4.116189999999999606e-03
-4.918239999999999938e-03
-5.491440000000000210e-03
-5.754089999999999899e-03
-5.136599999999999847e-03
-4.119300000000000218e-03
-3.439719999999999844e-03
-2.869319999999999857e-03
-2.872780000000000125e-03
-3.478989999999999947e-03
-2.622719999999999826e-03
7.072180000000000176e-04
4.982199999999999997e-03
9.996599999999999583e-03
1.385950000000000029e-02
1.068490000000000065e-02
3.438950000000000080e-03
-5.394360000000000170e-04
-4.288649999999999754e-03
-9.911949999999999233e-03
-1.510399999999999937e-02
-1.863860000000000169e-02
-1.942649999999999932e-02
-2.021330000000000002e-02
-2.166119999999999851e-02
-1.923040000000000166e-02
-1.410870000000000006e-02
-1.066899999999999966e-02
-7.442849999999999987e-03
-3.106559999999999964e-03
7.055079999999999815e-04
3.177619999999999924e-03
5.200289999999999774e-03
7.189049999999999781e-03
7.917810000000000820e-03
8.082419999999999882e-03
7.966559999999999267e-03
6.600309999999999858e-03
5.235390000000000356e-03
4.428460000000000382e-03
3.679190000000000151e-03
3.064819999999999784e-03
2.408120000000000139e-03
1.392439999999999997e-03
-3.094740000000000121e-05
-1.393890000000000060e-03
-2.624660000000000014e-03
-3.689459999999999875e-03
-4.398209999999999620e-03
-4.281570000000000167e-03
-2.397100000000000099e-03
4.104260000000000410e-06
1.627160000000000108e-03
3.236129999999999823e-03
4.815769999999999600e-03
5.142830000000000144e-03
4.157189999999999844e-03
3.461979999999999918e-03
3.030329999999999916e-03
2.252130000000000191e-03
2.059849999999999789e-03
2.319159999999999798e-03
2.444689999999999797e-03
2.236839999999999922e-03
1.079710000000000001e-04
-3.095860000000000192e-03
-5.130240000000000321e-03
-6.067649999999999953e-03
-4.119789999999999910e-03
-1.796380000000000036e-04
2.355639999999999991e-03
5.054620000000000120e-03
8.914300000000000002e-03
1.120059999999999979e-02
1.062620000000000058e-02
9.750899999999999845e-03
1.034430000000000072e-02
1.114670000000000070e-02
1.121879999999999926e-02
9.597390000000000781e-03
6.937360000000000054e-03
5.856820000000000428e-03
5.552249999999999894e-03
4.356780000000000201e-03
3.294570000000000137e-03
2.536919999999999800e-03
1.411949999999999924e-03
2.388970000000000134e-04
-4.738729999999999809e-04
-2.663230000000000046e-04
7.136170000000000490e-04
5.640379999999999960e-04
-1.581479999999999908e-03
-3.494059999999999788e-03
-2.812419999999999937e-03
-3.351900000000000213e-04
1.466360000000000103e-03
3.241630000000000119e-03
4.541889999999999816e-03
2.201610000000000112e-03
-1.404869999999999904e-03
-2.823640000000000091e-03
-3.681020000000000125e-03
-4.555540000000000284e-03
-4.725810000000000427e-03
-3.987090000000000425e-03
-1.881110000000000074e-03
2.224700000000000028e-04
2.420869999999999880e-03
4.728020000000000313e-03
4.480099999999999881e-03
3.173899999999999898e-03
3.155189999999999991e-03
2.799649999999999882e-03
1.648340000000000092e-03
4.916770000000000428e-04
-4.980679999999999483e-04
-1.179520000000000091e-03
-1.684139999999999986e-03
-1.970149999999999939e-03
-1.881639999999999962e-03
-1.122919999999999908e-03
1.571560000000000112e-04
1.401219999999999896e-03
3.189609999999999841e-03
5.752610000000000015e-03
7.545510000000000064e-03
5.968020000000000096e-03
2.058879999999999912e-03
-5.120380000000000330e-04
-2.746520000000000124e-03
-4.880019999999999671e-03
-5.132229999999999778e-03
-5.395060000000000133e-03
-6.255000000000000143e-03
-6.443779999999999647e-03
-6.636849999999999694e-03
-7.152129999999999599e-03
-5.971979999999999997e-03
-2.553080000000000106e-03
4.424179999999999779e-04
3.083610000000000084e-03
7.026680000000000426e-03
1.114440000000000049e-02
1.188140000000000029e-02
8.472230000000000733e-03
5.734799999999999967e-03
4.279609999999999664e-03
1.591870000000000004e-03
-1.309339999999999983e-03
-3.887219999999999825e-03
-4.378410000000000114e-03
-1.631379999999999983e-03
7.442879999999999592e-04
2.216520000000000035e-03
2.800120000000000126e-03
6.957550000000000496e-04
-1.370579999999999932e-03
-2.499410000000000086e-03
-3.021349999999999904e-03
-1.551019999999999959e-03
-7.474580000000000525e-05
8.032710000000000414e-04
1.612289999999999947e-03
4.242259999999999868e-04
-1.664050000000000034e-03
-2.805980000000000019e-03
-4.203130000000000234e-03
-6.042470000000000306e-03
-7.888579999999999204e-03
-8.383849999999999983e-03
-5.620240000000000305e-03
-2.211569999999999942e-03
-8.540729999999999795e-05
2.690999999999999816e-03
5.912650000000000197e-03
8.263760000000000203e-03
1.017219999999999930e-02
1.237240000000000041e-02
1.576790000000000136e-02
1.870259999999999978e-02
1.590669999999999931e-02
9.882669999999999649e-03
6.488279999999999915e-03
1.772750000000000020e-03
-5.175980000000000164e-03
-8.057699999999999238e-03
-7.860499999999999432e-03
-9.377500000000000419e-03
-1.112220000000000049e-02
-1.225949999999999956e-02
-1.308549999999999991e-02
-1.058309999999999980e-02
-6.680329999999999949e-03
-4.346580000000000062e-03
-1.178540000000000056e-03
2.962219999999999784e-03
6.349030000000000298e-03
8.736789999999999487e-03
8.155139999999999958e-03
4.918640000000000165e-03
2.654820000000000010e-03
8.162440000000000407e-04
-2.050179999999999971e-03
-4.818580000000000259e-03
-7.506379999999999997e-03
-1.013400000000000065e-02
-1.158080000000000047e-02
-1.253489999999999986e-02
-1.297740000000000005e-02
-1.078619999999999926e-02
-7.800910000000000309e-03
-6.173210000000000156e-03
-3.326229999999999899e-03
2.748239999999999884e-03
7.325049999999999617e-03
5.285319999999999602e-03
1.839149999999999899e-03
1.175760000000000086e-03
-4.513499999999999934e-04
-1.942790000000000012e-03
-6.389279999999999786e-04
5.371949999999999685e-04
8.185100000000000492e-04
1.487070000000000058e-03
1.869900000000000078e-03
2.029700000000000167e-03
2.174629999999999879e-03
1.989949999999999879e-03
1.790759999999999965e-03
1.600180000000000092e-03
1.272279999999999982e-03
1.022810000000000082e-03
7.149040000000000386e-04
-1.622010000000000010e-04
-1.429589999999999897e-03
-2.585290000000000071e-03
-3.082689999999999909e-03
-2.432929999999999815e-03
-1.670569999999999911e-03
-1.342440000000000083e-03
-3.690580000000000162e-04
6.938520000000000104e-04
1.470289999999999911e-04
-1.134929999999999923e-03
-1.586289999999999966e-03
-1.566539999999999946e-03
-1.531760000000000066e-03
-1.728900000000000011e-03
-1.815570000000000074e-03
1.545259999999999906e-03
4.458410000000000324e-03
1.222839999999999995e-03
-9.270300000000000198e-04
-6.546920000000000127e-04
-1.169370000000000088e-03
7.613069999999999939e-05
1.521049999999999919e-03
2.378100000000000179e-03
4.474230000000000047e-03
4.992980000000000161e-03
1.624379999999999921e-03
-1.416640000000000043e-03
-2.586800000000000210e-03
-3.629519999999999795e-03
-3.427219999999999919e-03
-2.782530000000000073e-03
-2.812359999999999860e-03
-2.456369999999999821e-03
-1.917349999999999957e-03
-1.626199999999999955e-03
-1.162370000000000026e-03
-3.114750000000000222e-04
6.093169999999999533e-04
1.392849999999999948e-03
2.233810000000000136e-03
3.132080000000000194e-03
4.069129999999999796e-03
5.114419999999999730e-03
4.298390000000000023e-03
6.737229999999999868e-04
-2.277570000000000029e-03
-3.564349999999999984e-03
-5.106270000000000427e-03
-5.313769999999999778e-03
-3.472729999999999827e-03
-2.198439999999999856e-03
-1.219220000000000026e-03
6.666340000000000416e-04
2.558930000000000059e-03
3.445940000000000201e-03
3.077939999999999929e-03
2.742259999999999837e-03
2.861180000000000060e-03
3.193699999999999838e-03
4.133539999999999784e-03
5.026219999999999646e-03
5.749469999999999581e-03
7.052690000000000348e-03
8.744570000000000121e-03
8.966389999999999430e-03
6.987550000000000358e-03
5.266810000000000241e-03
4.247339999999999623e-03
2.688030000000000107e-03
1.310780000000000105e-03
2.611760000000000080e-04
-1.013240000000000104e-03
-2.403380000000000100e-03
-3.033860000000000202e-03
-2.079290000000000131e-03
-8.210970000000000161e-04
-1.714669999999999899e-04
7.638410000000000208e-04
2.095479999999999825e-03
2.870119999999999876e-03
2.304500000000000125e-03
1.359839999999999964e-03
9.550350000000000202e-04
1.675149999999999979e-04
-1.105709999999999983e-03
-2.164609999999999972e-03
-3.215289999999999988e-03
-4.423210000000000336e-03
-5.612940000000000290e-03
-7.093659999999999896e-03
-7.083940000000000375e-03
-3.260330000000000086e-03
1.213620000000000107e-03
3.113359999999999912e-03
4.500050000000000230e-03
6.860269999999999910e-03
6.392379999999999590e-03
1.655559999999999931e-03
-2.441060000000000105e-03
-4.977009999999999594e-03
-7.548769999999999786e-03
-9.635919999999999208e-03
-1.210460000000000008e-02
-1.412159999999999978e-02
-1.262019999999999982e-02
-9.309390000000000720e-03
-7.623040000000000198e-03
-5.740010000000000251e-03
-1.886740000000000032e-03
2.661939999999999792e-03
6.515499999999999590e-03
8.728510000000000088e-03
1.007399999999999962e-02
1.232879999999999913e-02
1.277930000000000038e-02
8.936629999999999227e-03
5.040049999999999912e-03
2.641099999999999958e-03
-6.504879999999999560e-04
-4.358710000000000015e-03
-6.885910000000000294e-03
-7.984029999999999599e-03
-9.277769999999999420e-03
-9.452689999999999704e-03
-6.332820000000000289e-03
-3.257620000000000134e-03
-1.156970000000000004e-03
4.333009999999999770e-04
-3.579529999999999930e-04
-1.322830000000000100e-03
-1.254169999999999981e-03
-2.005460000000000142e-03
-2.627179999999999793e-03
-1.648699999999999905e-03
-2.309339999999999950e-04
7.608019999999999844e-04
1.442759999999999963e-03
5.337589999999999696e-04
-1.360169999999999955e-03
-2.446970000000000135e-03
-3.754799999999999978e-03
-5.718280000000000064e-03
-7.455449999999999751e-03
-9.338839999999999295e-03
-9.993059999999999790e-03
-7.759089999999999737e-03
-5.359430000000000097e-03
-4.013939999999999696e-03
-1.967050000000000135e-03
3.560759999999999837e-04
2.326550000000000146e-03
4.615769999999999942e-03
6.468100000000000065e-03
5.567589999999999865e-03
3.130309999999999863e-03
1.912000000000000071e-03
6.179230000000000399e-04
-1.398610000000000001e-03
-2.965730000000000189e-03
-4.516560000000000193e-03
-6.213859999999999870e-03
-5.976020000000000290e-03
-3.527450000000000117e-03
-1.668549999999999981e-03
-3.166509999999999876e-04
1.767810000000000084e-03
3.802530000000000146e-03
5.869219999999999646e-03
7.155159999999999819e-03
5.695160000000000326e-03
3.346539999999999845e-03
1.954379999999999919e-03
8.696599999999999643e-04
1.297519999999999923e-03
2.683490000000000181e-03
3.341810000000000180e-03
3.707119999999999947e-03
3.305639999999999881e-03
2.494590000000000089e-03
2.319379999999999793e-03
2.075749999999999904e-03
1.505150000000000021e-03
1.416649999999999984e-03
1.954599999999999914e-03
2.387530000000000121e-03
2.559060000000000154e-03
3.432530000000000043e-03
5.450059999999999627e-03
6.598159999999999616e-03
5.277050000000000143e-03
3.511680000000000097e-03
2.901470000000000177e-03
2.511180000000000009e-03
1.872009999999999907e-03
1.287930000000000064e-03
9.215420000000000209e-04
6.993210000000000355e-04
4.121400000000000215e-04
3.532209999999999847e-05
5.691079999999999728e-05
9.221709999999999499e-04
1.924499999999999995e-03
2.605679999999999975e-03
3.498359999999999838e-03
4.246299999999999727e-03
3.796379999999999807e-03
2.718640000000000032e-03
2.143470000000000184e-03
1.811469999999999921e-03
1.526369999999999984e-03
1.317009999999999969e-03
1.073729999999999954e-03
8.590470000000000441e-04
5.885410000000000424e-04
2.915689999999999862e-04
1.605200000000000107e-07
-1.854290000000000029e-04
-5.812450000000000228e-05
1.225920000000000080e-04
1.693549999999999938e-04
2.817860000000000156e-04
4.030689999999999859e-04
6.382640000000000405e-04
1.273629999999999988e-03
2.069559999999999803e-03
2.643480000000000135e-03
2.363000000000000083e-03
1.281400000000000030e-03
5.099969999999999894e-04
-8.336009999999999492e-05
-1.005030000000000073e-03
-1.930330000000000067e-03
-2.493609999999999837e-03
-2.534699999999999974e-03
-2.544059999999999898e-03
-2.764669999999999888e-03
-2.889070000000000093e-03
-2.976749999999999795e-03
-2.867939999999999812e-03
-2.352250000000000174e-03
-1.873179999999999897e-03
-1.486380000000000036e-03
-1.039750000000000093e-03
-9.146990000000000459e-04
-1.030969999999999977e-03
-9.498580000000000391e-04
-6.072430000000000406e-04
-1.464009999999999964e-04
2.683450000000000201e-04
7.192260000000000016e-04
1.255559999999999966e-03
1.755980000000000084e-03
2.291669999999999992e-03
2.726679999999999989e-03
2.652949999999999840e-03
2.336969999999999846e-03
2.232459999999999913e-03
2.101469999999999814e-03
1.838639999999999892e-03
1.591839999999999965e-03
1.341439999999999950e-03
1.098129999999999896e-03
8.234139999999999602e-04
5.836809999999999568e-04
9.896259999999999606e-04
2.035680000000000215e-03
2.881470000000000125e-03
3.730049999999999946e-03
4.029879999999999574e-03
2.691859999999999913e-03
1.133450000000000039e-03
4.231780000000000199e-04
8.054800000000000198e-05
-1.823589999999999933e-04
-5.826989999999999991e-04
-9.316220000000000057e-04
-7.197119999999999559e-04
-1.884400000000000118e-05
5.412820000000000261e-04
9.497099999999999856e-04
1.758269999999999928e-03
2.977490000000000171e-03
4.162469999999999712e-03
5.471669999999999659e-03
5.481259999999999952e-03
2.903220000000000193e-03
4.515610000000000088e-04
-1.128260000000000070e-03
-2.998189999999999970e-03
-4.317380000000000002e-03
-5.487490000000000250e-03
-7.035679999999999885e-03
-7.217620000000000112e-03
-5.652530000000000228e-03
-4.464590000000000052e-03
-3.785759999999999993e-03
-2.497269999999999785e-03
-6.870669999999999729e-04
1.189249999999999986e-03
1.805380000000000092e-03
1.125890000000000050e-03
9.083239999999999587e-04
9.568550000000000536e-04
5.178719999999999504e-04
2.601890000000000257e-04
3.544530000000000163e-04
3.431859999999999902e-04
3.040690000000000190e-04
2.304340000000000099e-04
-3.778270000000000131e-04
-1.251429999999999990e-03
-1.882549999999999979e-03
-2.541999999999999989e-03
-3.289890000000000175e-03
-3.958490000000000272e-03
-4.719680000000000403e-03
-5.412919999999999884e-03
-5.009180000000000230e-03
-3.602779999999999871e-03
-2.562590000000000007e-03
-1.824749999999999983e-03
-9.993610000000000427e-04
-2.666529999999999964e-04
4.889770000000000314e-04
1.283379999999999981e-03
1.980360000000000020e-03
2.272010000000000089e-03
2.259769999999999921e-03
2.426039999999999967e-03
2.774280000000000062e-03
2.374279999999999880e-03
9.273669999999999592e-05
-2.516650000000000050e-03
-3.508020000000000149e-03
-4.501259999999999983e-03
-5.967369999999999619e-03
-5.294319999999999929e-03
-3.087920000000000074e-03
-1.853650000000000089e-03
-4.954410000000000021e-04
2.029589999999999953e-03
4.522499999999999611e-03
7.051179999999999774e-03
9.106480000000000130e-03
7.499879999999999568e-03
3.664380000000000068e-03
1.508800000000000028e-03
-8.545410000000000028e-04
-3.499500000000000006e-03
-4.094600000000000323e-03
-4.526060000000000152e-03
-5.714659999999999879e-03
-6.502339999999999683e-03
-7.030490000000000350e-03
-6.916669999999999763e-03
-6.098329999999999897e-03
-5.689190000000000219e-03
-4.813279999999999642e-03
-2.635629999999999917e-03
-5.969970000000000441e-04
1.221440000000000069e-03
2.723080000000000118e-03
2.269929999999999864e-03
1.091399999999999966e-03
7.861339999999999648e-04
1.807939999999999905e-04
-8.072970000000000059e-04
-1.036749999999999911e-03
-7.059479999999999705e-04
-6.111870000000000150e-04
-6.253050000000000448e-04
-3.728040000000000173e-04
1.503060000000000073e-04
7.800360000000000106e-04
1.314389999999999916e-03
1.900130000000000092e-03
2.595469999999999895e-03
2.438889999999999982e-03
1.096680000000000051e-03
-4.516930000000000137e-05
-8.460289999999999868e-04
-2.013280000000000104e-03
-3.199249999999999837e-03
-4.418300000000000005e-03
-4.956620000000000123e-03
-3.660060000000000136e-03
-2.020870000000000132e-03
-1.096909999999999986e-03
2.295359999999999924e-04
1.645699999999999941e-03
2.205190000000000101e-03
2.568410000000000137e-03
2.833050000000000151e-03
2.255769999999999824e-03
1.583589999999999954e-03
1.205270000000000039e-03
6.632800000000000328e-04
6.522210000000000290e-04
1.286510000000000041e-03
1.684610000000000014e-03
2.011830000000000042e-03
2.636939999999999944e-03
3.121019999999999957e-03
2.627070000000000013e-03
1.312470000000000043e-03
2.425449999999999893e-04
-5.350700000000000118e-04
-5.921369999999999585e-04
1.681750000000000085e-04
5.855289999999999974e-04
8.788339999999999954e-04
1.462570000000000059e-03
1.954480000000000193e-03
2.424369999999999910e-03
2.950980000000000183e-03
3.444179999999999811e-03
3.976649999999999976e-03
4.664470000000000421e-03
4.563059999999999859e-03
3.052440000000000014e-03
1.672410000000000042e-03
6.540299999999999976e-04
-1.031299999999999968e-03
-2.839850000000000100e-03
-4.617719999999999637e-03
-5.459799999999999896e-03
-3.741519999999999915e-03
-1.505569999999999912e-03
-2.973520000000000221e-04
1.377189999999999925e-03
3.640950000000000002e-03
4.911760000000000258e-03
3.955740000000000124e-03
2.314389999999999937e-03
1.625630000000000087e-03
9.009859999999999961e-04
-1.379829999999999967e-04
-1.019350000000000030e-03
-1.879470000000000056e-03
-2.732969999999999931e-03
-3.536049999999999784e-03
-4.474689999999999918e-03
-5.275189999999999914e-03
-4.266039999999999589e-03
-1.579520000000000056e-03
4.344290000000000109e-04
1.933279999999999894e-03
3.843290000000000074e-03
5.931099999999999914e-03
6.666870000000000088e-03
4.796759999999999739e-03
2.784210000000000070e-03
1.665009999999999971e-03
1.188599999999999970e-04
-1.051969999999999945e-03
-1.787729999999999961e-03
-2.740569999999999899e-03
-2.769590000000000159e-03
-1.974140000000000096e-03
-1.631749999999999954e-03
-1.337899999999999940e-03
-7.362739999999999780e-04
-2.282150000000000096e-04
1.981850000000000007e-04
3.469670000000000002e-04
1.509989999999999954e-04
4.595359999999999994e-05
9.770339999999999700e-06
-1.015570000000000036e-04
-1.626689999999999972e-04
-1.719939999999999935e-04
3.052989999999999784e-04
1.403310000000000061e-03
2.442660000000000144e-03
2.963560000000000066e-03
2.744509999999999918e-03
2.334979999999999955e-03
2.232749999999999926e-03
2.002489999999999999e-03
1.639700000000000012e-03
1.364650000000000021e-03
1.062760000000000050e-03
7.169239999999999684e-04
3.881350000000000099e-04
7.953380000000000074e-05
-2.202980000000000107e-04
-5.236210000000000473e-04
-8.300570000000000387e-04
-1.185599999999999979e-03
-1.334609999999999963e-03
-7.464569999999999582e-04
1.663249999999999906e-04
7.616030000000000195e-04
1.394209999999999894e-03
2.374339999999999958e-03
3.538079999999999871e-03
4.646189999999999695e-03
5.714000000000000329e-03
7.029409999999999825e-03
7.498450000000000254e-03
5.851300000000000251e-03
3.852889999999999874e-03
2.571369999999999906e-03
7.242169999999999814e-04
-1.412089999999999960e-03
-3.260569999999999961e-03
-5.410530000000000200e-03
-6.336829999999999893e-03
-4.507539999999999984e-03
-2.542539999999999818e-03
-1.549500000000000096e-03
9.178429999999999467e-05
1.964780000000000172e-03
3.539060000000000122e-03
5.487999999999999823e-03
6.080409999999999635e-03
3.178489999999999961e-03
-3.208870000000000060e-04
-2.555449999999999909e-03
-5.376640000000000238e-03
-7.864829999999999738e-03
-9.366779999999999898e-03
-1.104149999999999923e-02
-1.069580000000000010e-02
-7.927840000000000234e-03
-6.015379999999999859e-03
-4.623689999999999745e-03
-2.069940000000000148e-03
1.317889999999999947e-03
2.448819999999999990e-03
2.514479999999999819e-04
-1.011299999999999916e-03
-1.336179999999999963e-03
-2.867329999999999966e-03
-4.481169999999999598e-03
-5.954880000000000069e-03
-7.782889999999999774e-03
-8.474799999999999348e-03
-6.518099999999999762e-03
-4.122920000000000404e-03
-2.730569999999999872e-03
-8.480099999999999531e-04
1.500699999999999994e-03
3.490479999999999798e-03
3.608380000000000008e-03
1.572009999999999987e-03
6.766069999999999409e-05
-9.432620000000000501e-04
-2.643920000000000124e-03
-3.560160000000000147e-03
-3.556689999999999938e-03
-3.944950000000000019e-03
-4.509729999999999989e-03
-4.478329999999999984e-03
-3.766859999999999913e-03
-3.063329999999999959e-03
-2.508450000000000176e-03
-6.602080000000000188e-04
2.338380000000000146e-03
4.993090000000000375e-03
8.189649999999999708e-03
1.053010000000000057e-02
8.556549999999999573e-03
5.212500000000000119e-03
3.997979999999999937e-03
3.249929999999999833e-03
2.079500000000000185e-03
9.042110000000000338e-04
1.820480000000000026e-04
5.500130000000000210e-04
1.201749999999999910e-03
1.432520000000000061e-03
1.810479999999999945e-03
2.387729999999999801e-03
2.792090000000000110e-03
3.033360000000000136e-03
3.247930000000000001e-03
3.508929999999999948e-03
3.751720000000000055e-03
3.983310000000000323e-03
4.339619999999999762e-03
4.016350000000000128e-03
2.427869999999999941e-03
9.366140000000000012e-04
-4.593799999999999961e-05
-1.432930000000000011e-03
-2.580890000000000181e-03
-2.309980000000000106e-03
-1.496179999999999949e-03
-1.224459999999999915e-03
-8.617300000000000047e-04
-3.353280000000000258e-04
-2.318560000000000041e-05
3.315130000000000225e-04
7.320490000000000243e-04
1.083490000000000104e-03
1.493680000000000051e-03
1.680150000000000046e-03
1.260009999999999993e-03
9.229950000000000220e-04
1.267579999999999922e-03
1.740639999999999896e-03
1.213979999999999920e-03
-1.025819999999999987e-03
-3.193430000000000140e-03
-4.224819999999999791e-03
-5.019599999999999930e-03
-4.186210000000000105e-03
-1.431570000000000065e-03
1.187329999999999896e-03
2.957029999999999815e-03
3.178750000000000152e-03
2.189509999999999981e-03
1.715069999999999963e-03
8.863789999999999647e-04
-6.744270000000000126e-04
6.364909999999999340e-05
2.160379999999999939e-03
1.630900000000000015e-03
3.940910000000000051e-04
6.299180000000000361e-04
1.490709999999999963e-04
-8.695999999999999954e-04
-9.582119999999999527e-04
-7.211290000000000408e-04
-5.079530000000000069e-04
9.961180000000000468e-04
3.081889999999999890e-03
3.323879999999999977e-03
2.556119999999999833e-03
1.637849999999999940e-03
6.561180000000000224e-04
-6.144230000000000091e-04
-2.455989999999999909e-03
-2.940959999999999842e-03
-2.249709999999999818e-03
-1.801819999999999984e-03
-9.441560000000000317e-04
3.616599999999999763e-04
1.153369999999999916e-03
1.462619999999999979e-03
2.531380000000000175e-03
3.894320000000000160e-03
4.116329999999999642e-03
3.910900000000000140e-03
3.521460000000000128e-03
2.089800000000000164e-03
2.039510000000000129e-04
-1.743790000000000054e-03
-3.902520000000000034e-03
-5.299039999999999653e-03
-5.261169999999999909e-03
-4.174350000000000283e-03
-2.962989999999999981e-03
-1.886689999999999895e-03
-1.018170000000000099e-03
-4.677230000000000211e-04
4.987600000000000020e-04
7.673600000000000256e-04
-1.025909999999999940e-04
8.388000000000000057e-04
1.046190000000000011e-03
-2.423419999999999914e-03
-4.511779999999999957e-03
-4.500380000000000005e-03
-5.385240000000000339e-03
-5.734219999999999942e-03
-5.050830000000000077e-03
-4.863209999999999755e-03
-4.163410000000000201e-03
-2.145999999999999904e-03
-1.171490000000000075e-03
-1.304999999999999953e-03
1.038519999999999943e-04
2.297369999999999968e-03
3.262269999999999840e-03
3.882590000000000000e-03
4.882540000000000317e-03
5.181739999999999784e-03
3.743989999999999992e-03
1.258000000000000004e-03
-6.024650000000000534e-04
-1.908689999999999996e-03
-3.423199999999999941e-03
-4.120580000000000423e-03
-3.173050000000000176e-03
-2.330210000000000094e-03
-2.546950000000000082e-03
-2.024699999999999937e-03
-1.153209999999999999e-03
-1.840620000000000060e-03
-1.448960000000000005e-03
-4.767580000000000185e-05
-1.307800000000000021e-03
-2.393160000000000079e-03
-1.911520000000000103e-03
-2.320930000000000128e-03
-1.946559999999999957e-03
-1.876269999999999978e-04
3.971290000000000258e-04
9.720189999999999646e-04
1.849350000000000039e-03
6.853189999999999889e-04
-1.020330000000000038e-04
7.131649999999999795e-04
1.181849999999999914e-03
1.742049999999999979e-03
2.450509999999999928e-03
2.567680000000000136e-03
2.131210000000000136e-03
1.156920000000000084e-03
6.464319999999999528e-04
8.059529999999999863e-04
2.997710000000000001e-04
-3.330059999999999759e-05
6.296029999999999552e-04
9.163469999999999732e-04
6.847259999999999762e-04
7.064550000000000387e-04
7.930419999999999874e-04
6.888260000000000216e-04
9.548659999999999613e-04
1.968440000000000120e-03
2.974169999999999939e-03
4.144550000000000317e-03
5.081180000000000245e-03
3.813420000000000091e-03
1.243280000000000036e-03
-1.073430000000000000e-03
-4.191600000000000187e-03
-8.164680000000000548e-03
-9.388000000000000511e-03
-7.205829999999999874e-03
-5.775780000000000323e-03
-4.718380000000000317e-03
-2.387530000000000121e-03
-9.725559999999999631e-04
-4.877080000000000000e-04
5.928799999999999478e-04
1.702560000000000098e-03
2.500520000000000000e-03
3.588739999999999986e-03
4.302539999999999663e-03
3.658279999999999865e-03
2.101190000000000176e-03
-1.514920000000000058e-04
-2.749639999999999810e-03
-4.763009999999999813e-03
-6.511290000000000307e-03
-7.777410000000000226e-03
-7.281250000000000396e-03
-5.247520000000000309e-03
-3.168479999999999994e-03
-1.455970000000000007e-03
5.523109999999999912e-04
2.880259999999999938e-03
5.200299999999999714e-03
7.387750000000000219e-03
8.874740000000000753e-03
9.132400000000000587e-03
7.421030000000000335e-03
3.797220000000000022e-03
9.286420000000000308e-04
-1.482390000000000096e-03
-4.870669999999999687e-03
-6.125570000000000320e-03
-5.442200000000000336e-03
-5.644839999999999927e-03
-5.242850000000000288e-03
-3.395019999999999896e-03
-2.013299999999999985e-03
-7.923560000000000282e-04
1.214019999999999900e-03
2.907990000000000054e-03
3.306350000000000001e-03
2.658320000000000041e-03
2.218550000000000123e-03
1.733729999999999950e-03
7.124880000000000536e-04
-5.967670000000000006e-04
-3.192910000000000192e-03
-6.175690000000000172e-03
-6.839839999999999809e-03
-5.475080000000000224e-03
-5.310829999999999891e-03
-5.037640000000000347e-03
-1.629369999999999994e-03
1.023470000000000065e-03
1.610419999999999994e-03
3.147440000000000047e-03
3.634510000000000084e-03
2.101829999999999844e-03
2.308049999999999859e-03
3.881089999999999800e-03
3.058229999999999889e-03
1.105209999999999916e-03
8.584690000000000506e-04
6.584159999999999926e-04
-1.827639999999999950e-03
-4.084899999999999816e-03
-4.072840000000000314e-03
-3.577819999999999785e-03
-2.349420000000000067e-03
2.475609999999999833e-05
1.932850000000000063e-03
2.717690000000000036e-03
3.425919999999999833e-03
4.649649999999999964e-03
5.092389999999999591e-03
4.907329999999999678e-03
5.248159999999999978e-03
5.187950000000000200e-03
4.269420000000000333e-03
3.343619999999999839e-03
2.166430000000000005e-03
4.504339999999999906e-04
-2.653209999999999962e-05
1.206290000000000053e-03
1.905659999999999993e-03
1.203499999999999926e-03
3.817290000000000174e-05
-6.183669999999999835e-04
-2.948380000000000120e-04
9.904460000000000781e-04
2.276090000000000144e-03
2.715169999999999823e-03
2.843720000000000102e-03
2.598819999999999950e-03
1.975740000000000135e-03
1.498980000000000017e-03
-2.163399999999999988e-05
-2.242039999999999832e-03
-3.352389999999999797e-03
-3.485849999999999973e-03
-3.481399999999999946e-03
-3.657960000000000031e-03
-3.200029999999999975e-03
-1.828849999999999920e-03
-3.095920000000000269e-04
1.295109999999999924e-03
2.465349999999999833e-03
3.520769999999999889e-03
5.042519999999999988e-03
5.596549999999999615e-03
5.559109999999999920e-03
5.414989999999999734e-03
3.886450000000000061e-03
2.198489999999999993e-03
1.268999999999999946e-03
8.822279999999999836e-05
-1.141749999999999970e-03
-1.863709999999999976e-03
-1.682260000000000092e-03
-5.587979999999999987e-04
4.391560000000000082e-04
2.161649999999999878e-04
-1.088760000000000032e-03
-2.749450000000000071e-03
-3.793969999999999808e-03
-3.203399999999999911e-03
-2.369190000000000185e-03
-2.216549999999999857e-03
-1.847949999999999897e-03
-1.213529999999999991e-03
-9.165729999999999537e-04
-1.467769999999999969e-03
-1.801709999999999987e-03
-1.058109999999999910e-03
7.087649999999999810e-05
1.325500000000000072e-03
1.880600000000000067e-03
9.922040000000000026e-04
-5.431909999999999972e-05
-1.141150000000000064e-03
-2.953850000000000052e-03
-3.881480000000000086e-03
-3.123379999999999820e-03
-2.636639999999999991e-03
-2.880580000000000206e-03
-2.194349999999999860e-03
-6.279910000000000526e-04
6.556020000000000294e-04
1.821700000000000099e-03
3.223479999999999922e-03
4.374910000000000083e-03
4.758400000000000303e-03
4.290379999999999888e-03
3.374450000000000192e-03
2.093670000000000166e-03
4.224899999999999749e-04
-1.412449999999999990e-03
-3.166630000000000139e-03
-4.752199999999999827e-03
-6.545979999999999854e-03
-6.233479999999999577e-03
-3.692319999999999804e-03
-2.690670000000000041e-03
-1.700979999999999940e-03
4.903670000000000164e-04
2.135760000000000002e-03
2.542729999999999990e-03
1.243729999999999966e-03
1.843130000000000088e-05
-3.513330000000000055e-04
-1.137529999999999932e-04
1.154920000000000035e-03
1.947029999999999985e-03
2.162499999999999926e-03
2.950079999999999890e-03
3.634500000000000144e-03
3.533450000000000046e-03
2.990519999999999984e-03
2.539549999999999794e-03
2.115590000000000092e-03
1.371079999999999998e-03
8.604929999999999621e-05
-1.352190000000000076e-03
-2.600760000000000138e-03
-3.592970000000000018e-03
-3.152569999999999938e-03
-1.461349999999999932e-03
-1.877059999999999948e-05
1.598000000000000028e-03
3.438370000000000055e-03
4.823009999999999971e-03
6.197109999999999598e-03
7.325530000000000236e-03
7.624330000000000343e-03
6.294160000000000033e-03
2.817089999999999959e-03
-8.657190000000000371e-05
-7.725790000000000175e-04
-1.533340000000000007e-03
-2.604019999999999859e-03
-1.726520000000000051e-03
1.665209999999999867e-04
8.237980000000000433e-04
6.045479999999999994e-04
4.905530000000000177e-04
5.666469999999999840e-04
5.480570000000000146e-04
4.879039999999999961e-04
4.933669999999999809e-04
4.737690000000000239e-04
4.541580000000000248e-04
4.466469999999999945e-04
4.330010000000000239e-04
4.271640000000000051e-04
2.348589999999999955e-04
-2.422539999999999882e-04
-7.211350000000000269e-04
-7.750940000000000434e-04
-1.710869999999999969e-04
3.625270000000000207e-04
-2.527249999999999901e-05
-7.597009999999999961e-04
-1.157770000000000023e-03
-1.688150000000000024e-03
-2.470809999999999933e-03
-3.170099999999999914e-03
-3.433519999999999801e-03
-3.084710000000000056e-03
-2.337109999999999882e-03
-1.062309999999999904e-03
3.355839999999999908e-04
1.532879999999999920e-03
2.517740000000000082e-03
2.728280000000000028e-03
2.079370000000000090e-03
1.098879999999999996e-03
2.515250000000000016e-04
-6.140740000000000434e-04
-8.237080000000000356e-04
-3.467440000000000127e-04
-1.370059999999999984e-03
-3.365959999999999872e-03
-4.392710000000000191e-03
-4.158639999999999906e-03
-2.825499999999999887e-03
-1.701910000000000055e-03
-9.590929999999999464e-04
2.154799999999999901e-04
1.513779999999999943e-03
1.848709999999999937e-03
6.229189999999999901e-04
-6.451579999999999511e-04
-1.353019999999999917e-03
-2.398949999999999954e-03
-3.131409999999999836e-03
-3.233349999999999853e-03
-3.406489999999999865e-03
-3.110170000000000209e-03
-2.307229999999999958e-03
-1.759469999999999958e-03
-9.375219999999999864e-04
2.575589999999999781e-04
1.294130000000000107e-03
1.816880000000000101e-03
1.315409999999999930e-03
5.405139999999999684e-04
1.510480000000000080e-04
-4.032299999999999730e-04
-1.137170000000000064e-03
-1.583999999999999905e-03
-1.433599999999999935e-03
-1.048309999999999997e-03
-9.079049999999999751e-04
-7.323050000000000436e-04
-4.391229999999999765e-04
-1.051069999999999950e-04
3.838609999999999895e-04
8.498009999999999635e-04
1.236279999999999974e-03
1.669979999999999945e-03
2.121810000000000015e-03
2.394380000000000206e-03
2.335079999999999795e-03
2.245389999999999886e-03
2.100509999999999877e-03
1.543920000000000058e-03
9.432000000000000496e-04
5.162499999999999988e-04
8.440950000000000558e-05
-2.819820000000000117e-04
-2.829470000000000270e-04
3.227789999999999804e-04
9.125970000000000176e-04
6.872649999999999463e-04
2.870820000000000069e-05
-3.660900000000000135e-04
-9.425570000000000627e-05
9.672570000000000126e-04
1.711760000000000104e-03
1.196519999999999962e-03
3.673740000000000100e-04
5.844599999999999912e-06
-4.083649999999999975e-04
-6.272670000000000372e-04
-3.459420000000000160e-04
-2.106529999999999904e-04
-1.834670000000000105e-04
-3.429509999999999797e-06
1.430369999999999927e-04
2.359659999999999969e-04
3.699880000000000226e-04
6.099700000000000434e-04
9.035609999999999909e-04
1.134809999999999985e-03
1.391429999999999924e-03
1.540769999999999900e-03
1.194350000000000056e-03
6.474150000000000347e-04
3.252719999999999852e-04
-1.466620000000000029e-05
-4.381879999999999998e-04
-7.969150000000000365e-04
-1.111650000000000051e-03
-1.267670000000000038e-03
-1.213110000000000100e-03
-9.828989999999999689e-04
-6.206630000000000306e-04
-3.162020000000000195e-04
-5.464420000000000106e-05
2.522469999999999856e-04
5.656879999999999548e-04
6.660319999999999956e-04
3.329130000000000023e-04
-4.884070000000000148e-05
-2.211559999999999947e-04
-4.488639999999999904e-04
-7.463230000000000168e-04
-9.514770000000000519e-04
-8.874809999999999687e-04
-6.046340000000000525e-04
-4.210390000000000053e-04
-3.010269999999999895e-04
-1.275329999999999867e-04
2.585359999999999926e-05
1.619799999999999907e-04
1.915920000000000047e-04
6.844200000000000641e-05
-2.503990000000000060e-05
-3.671350000000000009e-05
-2.971390000000000023e-05
-2.111690000000000106e-05
-2.329990000000000031e-05
-1.459910000000000054e-05
-9.681400000000000175e-06
-7.948139999999999426e-05
-1.908350000000000118e-04
-2.625139999999999874e-04
-3.954510000000000056e-04
-5.691129999999999974e-04
-4.151219999999999737e-04
1.374329999999999935e-05
2.710559999999999879e-04
3.508019999999999932e-04
4.142050000000000094e-04
4.308480000000000057e-04
3.774189999999999858e-04
3.225960000000000264e-04
2.709189999999999992e-04
1.905269999999999869e-04
1.206910000000000003e-04
6.787809999999999645e-05
2.229870000000000048e-05
-1.389799999999999975e-05
-4.843860000000000071e-05
-8.355590000000000413e-05
-8.058649999999999830e-05
-1.507270000000000055e-05
4.590120000000000024e-05
9.975399999999999393e-05
2.018400000000000055e-04
2.359619999999999882e-04
1.096069999999999960e-04
1.276110000000000052e-05
5.832450000000000037e-05
9.920349999999999980e-05
8.468200000000000000e-05
5.229880000000000146e-05
-3.243789999999999905e-06
-5.271509999999999949e-05
-7.846970000000000529e-05
-6.341390000000000622e-05
-2.200690000000000101e-05
-3.252970000000000044e-07
8.456989999999999815e-06
-5.790370000000000094e-06
-3.549249999999999942e-05
-2.988329999999999898e-05
-4.048840000000000354e-06
5.423070000000000239e-06
1.206439999999999921e-05
2.398209999999999863e-05
2.980710000000000130e-05
3.153019999999999841e-05
3.379000000000000005e-05
3.630320000000000167e-05
3.158829999999999706e-05
1.078209999999999965e-05
-1.286119999999999978e-05
-2.578670000000000164e-05
-2.035739999999999926e-05
1.139500000000000059e-06
1.640590000000000161e-05
2.050670000000000138e-05
1.186090000000000023e-05
-5.394070000000000178e-06
-1.355239999999999920e-05
-1.587449999999999853e-05
-1.969660000000000044e-05
-2.318959999999999902e-05
-2.590560000000000147e-05
-2.931720000000000113e-05
-3.364170000000000013e-05
-3.619989999999999878e-05
-3.392239999999999898e-05
-2.917500000000000104e-05
-2.716979999999999862e-05
-2.648300000000000038e-05
-2.511300000000000164e-05
-2.532169999999999847e-05
-3.002160000000000069e-05
-3.627669999999999777e-05
-3.847810000000000011e-05
-3.953369999999999725e-05
-4.105119999999999754e-05
-4.052800000000000228e-05
-4.052909999999999792e-05
-4.266089999999999672e-05
-4.483719999999999823e-05
-4.645589999999999681e-05
-4.813099999999999708e-05
-4.958220000000000108e-05
-5.081399999999999833e-05
-5.227740000000000197e-05
-5.382520000000000094e-05
-5.539649999999999723e-05
-5.721280000000000218e-05
-5.914219999999999764e-05
-6.095399999999999950e-05
-6.274590000000000516e-05
-6.459799999999999375e-05
-6.637230000000000148e-05
-6.806650000000000298e-05
-6.983249999999999928e-05
-7.168270000000000403e-05
-7.357350000000000294e-05
-7.550930000000000565e-05
-7.747160000000000548e-05
-7.944399999999999357e-05
-8.143559999999999666e-05
-8.345079999999999729e-05
-8.548820000000000594e-05
