-1.875399999999999940e-03
-1.875680000000000012e-03
-1.874940000000000070e-03
-1.874199999999999911e-03
-1.874479999999999983e-03
-1.873740000000000041e-03
-1.874009999999999955e-03
-1.873270000000000013e-03
-1.872530000000000071e-03
-1.872809999999999926e-03
-1.873080000000000057e-03
-1.871320000000000101e-03
-1.869549999999999988e-03
-1.867790000000000032e-03
-1.867039999999999932e-03
-1.865279999999999976e-03
-1.863510000000000080e-03
-1.861749999999999907e-03
-1.861000000000000024e-03
-1.859229999999999910e-03
-1.859500000000000042e-03
-1.856720000000000072e-03
-1.853929999999999944e-03
-1.851140000000000034e-03
-1.848349999999999906e-03
-1.845559999999999996e-03
-1.842770000000000085e-03
-1.839979999999999958e-03
-1.837190000000000047e-03
-1.835409999999999993e-03
-1.834659999999999893e-03
-1.830849999999999969e-03
-1.828060000000000058e-03
-1.824239999999999976e-03
-1.819410000000000038e-03
-1.815599999999999896e-03
-1.811780000000000031e-03
-1.808989999999999904e-03
-1.804150000000000025e-03
-1.800329999999999942e-03
-1.800600000000000074e-03
-1.795759999999999978e-03
-1.790920000000000099e-03
-1.786089999999999943e-03
-1.781250000000000064e-03
-1.776409999999999968e-03
-1.771570000000000089e-03
-1.766729999999999993e-03
-1.761889999999999897e-03
-1.757050000000000018e-03
-1.757309999999999992e-03
-1.751450000000000099e-03
-1.744569999999999975e-03
-1.738699999999999924e-03
-1.732840000000000031e-03
-1.726979999999999921e-03
-1.721120000000000028e-03
-1.715249999999999978e-03
-1.709390000000000085e-03
-1.703520000000000034e-03
-1.702759999999999994e-03
-1.696889999999999944e-03
-1.687970000000000009e-03
-1.686180000000000014e-03
-1.669090000000000027e-03
-1.679539999999999983e-03
-1.643080000000000105e-03
-1.682080000000000077e-03
-1.608910000000000071e-03
-1.692780000000000066e-03
-1.571679999999999995e-03
-1.720809999999999918e-03
-1.517109999999999900e-03
-1.745779999999999945e-03
-1.458459999999999965e-03
-1.770740000000000031e-03
-1.406949999999999911e-03
-1.783470000000000107e-03
-1.371749999999999923e-03
-1.776819999999999919e-03
-1.362039999999999909e-03
-1.777310000000000044e-03
-2.105899999999999959e-03
-1.214919999999999976e-03
-1.268180000000000045e-03
1.030929999999999970e-04
-2.597359999999999947e-03
-9.048689999999999858e-04
-4.681120000000000420e-03
-6.453229999999999470e-04
-2.950120000000000086e-03
-1.430980000000000099e-03
-1.989009999999999823e-03
-1.381489999999999975e-03
-4.864220000000000262e-04
-1.419700000000000085e-03
-4.654829999999999884e-04
-2.645869999999999819e-03
2.841999999999999908e-03
-3.655859999999999926e-03
6.501620000000000272e-04
1.714510000000000036e-03
-3.941069999999999643e-03
-1.971210000000000150e-03
-2.292660000000000184e-03
-2.213350000000000213e-03
-3.016099999999999857e-03
-2.128160000000000034e-03
-1.154560000000000005e-03
-6.706130000000000251e-03
8.902639999999999859e-05
-3.527410000000000029e-04
-4.906329999999999763e-04
3.038369999999999873e-03
4.136380000000000265e-03
4.177959999999999660e-03
2.241289999999999949e-03
4.488520000000000183e-03
-8.285119999999999985e-04
-3.043559999999999842e-03
-3.333839999999999915e-04
-1.325790000000000085e-03
1.117800000000000038e-04
-2.833389999999999867e-03
-2.647000000000000047e-03
-4.804949999999999673e-03
-7.902050000000000740e-03
1.580070000000000042e-03
-8.134299999999999690e-04
2.593219999999999813e-03
3.195649999999999966e-03
3.552329999999999811e-03
-1.209970000000000099e-03
-3.638250000000000208e-04
-9.768949999999999769e-04
-4.007710000000000265e-03
-3.213569999999999795e-03
-7.511780000000000236e-04
5.873699999999999928e-03
-4.263269999999999994e-04
-4.357549999999999965e-03
-3.211610000000000159e-03
-5.968120000000000369e-03
-8.099540000000000559e-03
-5.725660000000000336e-05
-1.819539999999999916e-03
-2.001269999999999872e-03
-2.793799999999999929e-03
-2.450369999999999892e-03
-1.046560000000000025e-02
-2.956579999999999885e-03
-2.509139999999999981e-03
1.054199999999999929e-02
7.788549999999999987e-03
-2.439419999999999870e-03
4.985940000000000337e-03
1.860300000000000061e-03
1.419569999999999990e-03
-2.811440000000000120e-03
2.033019999999999966e-03
7.347570000000000316e-03
4.136279999999999991e-03
-2.924449999999999879e-03
7.922069999999999806e-03
-7.977340000000000299e-04
-5.447849999999999741e-03
-8.969130000000000505e-03
-1.661319999999999876e-04
1.173570000000000082e-03
9.112950000000000087e-04
1.422649999999999956e-02
-1.371239999999999916e-03
-9.139639999999999223e-03
2.640930000000000100e-03
1.084740000000000010e-02
-3.171859999999999871e-03
1.039320000000000001e-02
2.687669999999999990e-02
6.754470000000000265e-03
-3.429540000000000236e-04
2.194919999999999944e-03
9.932319999999999691e-03
5.713560000000000340e-03
9.121249999999999150e-03
1.129299999999999922e-02
5.002209999999999990e-03
4.649190000000000093e-03
-1.248329999999999926e-02
-8.554489999999999664e-03
2.347559999999999925e-02
1.671270000000000047e-02
1.523180000000000020e-02
1.685299999999999992e-02
-7.549010000000000095e-03
-1.700499999999999928e-02
1.959030000000000146e-02
6.312420000000000010e-03
-2.085130000000000143e-03
1.041839999999999954e-02
7.139849999999999669e-03
1.712059999999999971e-02
1.251339999999999918e-02
1.268239999999999992e-02
3.527240000000000063e-03
6.035549999999999769e-03
-1.514620000000000029e-02
5.733330000000000023e-03
2.950989999999999863e-02
-2.894859999999999968e-03
-1.447999999999999982e-02
-1.496150000000000084e-02
-1.820029999999999912e-02
-2.644289999999999835e-02
-1.059670000000000056e-02
-1.597899999999999971e-03
6.074259999999999729e-03
-6.001410000000000425e-03
3.538869999999999950e-03
-2.959970000000000136e-03
-1.915530000000000010e-02
7.874149999999999899e-03
2.210610000000000006e-02
4.261550000000000060e-02
-2.668009999999999956e-04
3.308140000000000212e-03
-7.006469999999999886e-03
-1.254369999999999964e-02
-1.397149999999999954e-02
-9.468610000000000568e-03
-1.056190000000000080e-02
-2.308630000000000057e-02
1.768110000000000038e-03
-2.101969999999999880e-02
-1.837060000000000082e-02
1.203919999999999990e-02
-5.388969999999999871e-03
-5.926540000000000107e-03
3.592449999999999810e-02
1.448679999999999933e-02
1.463350000000000067e-02
2.860640000000000058e-02
3.334179999999999783e-02
1.269550000000000019e-02
-5.538820000000000071e-04
2.789499999999999966e-02
1.699300000000000116e-02
1.387560000000000009e-02
2.128769999999999968e-02
3.207989999999999974e-03
1.455419999999999978e-02
4.841230000000000186e-03
1.720309999999999895e-02
3.184449999999999911e-04
1.127719999999999938e-02
1.499999999999999944e-02
-2.506679999999999846e-03
6.277509999999999601e-04
9.365540000000000323e-04
-1.228019999999999980e-02
-9.508739999999999901e-03
4.293809999999999988e-02
3.021700000000000080e-02
2.411280000000000021e-02
5.953560000000000102e-03
1.079399999999999978e-02
-1.515389999999999966e-02
1.788270000000000137e-02
3.156509999999999871e-02
-2.911630000000000121e-02
-1.581120000000000095e-02
7.777680000000000357e-03
1.572540000000000092e-03
-3.108810000000000046e-02
-7.643979999999999872e-03
4.695440000000000377e-03
-1.055969999999999999e-02
-2.711999999999999827e-02
-2.148370000000000141e-03
1.406600000000000038e-02
-5.691510000000000536e-04
2.076420000000000002e-02
3.670829999999999926e-02
1.941580000000000042e-02
2.321099999999999899e-02
1.789810000000000012e-02
6.096940000000000345e-04
3.011980000000000039e-03
1.350269999999999943e-02
1.647600000000000106e-02
2.014070000000000096e-02
1.083259999999999952e-02
1.438610000000000062e-02
1.610620000000000107e-02
-4.955150000000000179e-03
-4.390380000000000150e-03
-5.077740000000000031e-02
-1.683629999999999849e-02
1.691099999999999895e-02
1.439419999999999936e-02
-2.696660000000000029e-02
-3.581179999999999780e-02
-8.591680000000000844e-03
2.560739999999999891e-02
8.776839999999999295e-03
1.382530000000000044e-02
3.956790000000000307e-02
4.234639999999999932e-02
8.203870000000000606e-02
3.468299999999999855e-02
-5.606149999999999849e-03
2.243389999999999967e-02
6.101159999999999917e-02
1.348249999999999969e-02
3.187999999999999862e-02
-1.450700000000000080e-02
-6.179749999999999827e-02
-5.147499999999999992e-02
-2.841839999999999991e-02
2.445879999999999929e-02
2.740770000000000012e-03
2.985789999999999972e-02
-4.206180000000000335e-02
-1.797930000000000014e-02
-1.036840000000000027e-03
-5.927090000000000136e-02
3.196899999999999742e-02
-1.110090000000000035e-02
-3.274139999999999689e-02
-8.147029999999999550e-03
-1.055979999999999940e-02
-8.870299999999999366e-03
-4.552819999999999784e-02
-2.720610000000000042e-02
1.809260000000000035e-02
-1.355239999999999917e-02
-2.748180000000000067e-02
4.722679999999999934e-03
3.590650000000000092e-02
1.890460000000000057e-02
3.244219999999999743e-02
7.385170000000000623e-02
1.887669999999999973e-02
-5.103220000000000109e-04
8.794119999999999888e-04
7.937189999999999523e-02
1.385820000000000107e-01
1.527489999999999959e-01
8.137930000000000164e-02
-2.470699999999999980e-02
-7.134890000000000676e-02
-9.426510000000000444e-02
-5.399969999999999770e-02
-4.364769999999999761e-02
-6.991680000000000117e-02
-7.940229999999999511e-02
1.452059999999999983e-02
-1.419169999999999980e-02
-6.846009999999999596e-02
-7.470400000000000651e-02
-2.841509999999999869e-02
-1.806510000000000060e-02
5.139510000000000129e-04
3.975250000000000311e-02
-1.771680000000000130e-02
-1.148539999999999978e-02
-9.910109999999999753e-03
-6.936750000000000208e-03
-1.727149999999999996e-03
6.098220000000000030e-02
1.058329999999999965e-01
1.025400000000000061e-01
6.537170000000000480e-02
-6.953180000000000471e-02
-6.655129999999999380e-02
-2.196109999999999816e-03
-5.559370000000000284e-02
-1.284219999999999980e-02
6.124410000000000270e-02
-1.448110000000000022e-02
2.248959999999999848e-02
8.603919999999999624e-02
6.757610000000000006e-02
9.595969999999999500e-02
5.073110000000000119e-02
-9.434299999999999631e-03
1.337559999999999964e-02
-5.689210000000000100e-02
-1.385639999999999927e-01
-9.455660000000000454e-02
-2.585849999999999954e-02
-2.084360000000000032e-02
2.282970000000000138e-02
4.311779999999999780e-02
-6.663840000000000041e-02
-1.413329999999999864e-01
-2.745679999999999787e-01
-2.291729999999999878e-01
-1.550110000000000099e-01
-1.352540000000000131e-01
-6.257759999999999712e-02
-9.034970000000000501e-02
-5.151290000000000036e-02
2.750680000000000139e-02
9.770289999999999531e-02
4.391180000000000083e-02
9.968970000000000609e-04
6.289559999999999595e-02
4.342809999999999726e-02
9.959899999999999309e-02
1.312329999999999885e-01
1.227990000000000054e-01
1.074200000000000016e-01
5.118240000000000289e-02
3.987160000000000010e-02
2.716789999999999830e-02
5.774699999999999972e-02
-7.274270000000000215e-03
-8.213679999999999592e-02
-1.145810000000000023e-01
-2.100120000000000042e-01
-1.341209999999999902e-01
1.013730000000000048e-01
1.985820000000000085e-01
5.312479999999999980e-02
-1.228910000000000072e-02
-5.886779999999999791e-02
-1.381850000000000023e-01
-6.270630000000000648e-02
-2.498710000000000167e-02
-7.458249999999999602e-03
1.621229999999999893e-02
-1.154140000000000027e-02
-1.099890000000000034e-01
-1.376310000000000033e-01
-8.688350000000000239e-02
1.134469999999999923e-02
8.214140000000000330e-02
2.829929999999999946e-02
-2.442630000000000148e-02
4.684669999999999807e-02
1.298110000000000097e-01
5.161160000000000053e-02
-2.812799999999999849e-03
4.438969999999999722e-02
6.481149999999999411e-02
5.417779999999999818e-02
1.580850000000000033e-01
2.161260000000000125e-01
1.349899999999999989e-01
7.348259999999999514e-02
2.653990000000000168e-02
2.049389999999999892e-02
-1.191510000000000069e-01
-2.352120000000000044e-01
-2.101500000000000035e-01
-2.198900000000000021e-01
-1.707470000000000099e-01
-1.569170000000000009e-01
-7.963169999999999971e-02
3.494430000000000192e-03
1.199920000000000014e-01
1.936759999999999871e-01
1.325179999999999934e-02
-9.125080000000000691e-02
-1.993299999999999933e-02
8.355890000000000539e-02
5.133680000000000188e-02
-4.720170000000000095e-03
4.316459999999999742e-02
5.240109999999999907e-02
1.883800000000000058e-02
-1.957120000000000127e-03
7.593439999999999912e-03
-1.700349999999999995e-03
-4.011929999999999663e-02
-2.883310000000000040e-02
-2.369279999999999997e-02
-5.463620000000000282e-02
-1.058230000000000004e-01
-1.819870000000000099e-01
-1.897780000000000022e-01
-8.517710000000000559e-02
-3.023769999999999843e-03
5.893559999999999945e-03
6.383880000000000110e-02
2.444299999999999945e-02
-9.575000000000000178e-02
-6.367290000000000449e-02
-9.711350000000000537e-02
-1.226310000000000039e-01
-1.168389999999999984e-01
-5.097569999999999879e-02
3.254510000000000042e-02
3.271729999999999777e-02
8.393249999999999322e-02
1.162979999999999986e-01
1.347220000000000084e-01
1.237840000000000051e-01
6.848440000000000083e-02
2.877839999999999999e-03
-8.690209999999999602e-02
-5.750890000000000168e-02
9.128590000000000315e-02
1.431689999999999907e-01
1.095280000000000004e-01
1.053510000000000002e-01
1.222030000000000061e-01
1.069319999999999993e-01
4.603959999999999997e-02
1.515129999999999949e-02
2.700340000000000032e-02
9.099970000000000281e-02
1.341910000000000047e-01
8.763340000000000019e-02
7.384880000000000611e-02
8.477909999999999613e-02
-9.749729999999999855e-03
-1.076440000000000036e-01
-9.724359999999999948e-02
-1.402879999999999960e-01
-2.217810000000000059e-01
-2.578150000000000164e-01
-1.116420000000000051e-01
-3.895089999999999664e-02
-5.518490000000000201e-02
-1.676000000000000059e-02
-4.520199999999999912e-02
3.004789999999999892e-02
1.358449999999999935e-02
-7.665030000000000454e-02
-1.957889999999999978e-02
1.035650000000000043e-01
1.527010000000000034e-01
2.072249999999999925e-01
1.311799999999999911e-01
2.716829999999999939e-03
-3.623740000000000294e-02
-9.470389999999999364e-02
1.801639999999999839e-02
8.162719999999999698e-02
1.225880000000000025e-01
1.446929999999999883e-01
1.160810000000000036e-01
5.125369999999999926e-02
-4.045589999999999950e-03
-7.800769999999999926e-02
-1.614230000000000109e-01
-1.324639999999999984e-01
-5.935019999999999879e-02
2.468450000000000158e-02
6.006759999999999877e-02
-5.631760000000000412e-03
-5.129679999999999657e-02
1.908800000000000080e-02
1.078340000000000028e-02
-3.250669999999999948e-02
-3.295540000000000275e-02
4.909999999999999781e-02
7.756129999999999969e-02
6.191370000000000207e-02
4.771910000000000041e-02
-3.346360000000000307e-02
-4.957519999999999982e-02
4.654520000000000185e-02
1.279800000000000104e-01
3.368039999999999923e-02
-7.330630000000000479e-02
-3.969040000000000068e-02
-6.286589999999999887e-03
5.016790000000000138e-02
6.059239999999999765e-02
2.728519999999999904e-03
1.921420000000000072e-02
4.547280000000000072e-02
5.487349999999999867e-02
4.513210000000000138e-02
-1.188939999999999962e-02
1.004050000000000081e-02
4.963700000000000057e-02
5.179779999999999801e-02
-4.467560000000000281e-02
-7.584630000000000538e-02
-4.917980000000000268e-02
-9.790500000000000591e-02
8.297370000000000093e-03
2.184420000000000112e-02
-5.949650000000000077e-02
-1.319059999999999955e-01
-1.763669999999999960e-01
-9.239070000000000615e-02
-3.010250000000000078e-02
1.090540000000000086e-02
7.645369999999999944e-02
9.045739999999999337e-02
1.019790000000000002e-01
7.816399999999999390e-03
-1.002149999999999985e-01
-1.135229999999999920e-02
4.307899999999999924e-02
5.453039999999999971e-02
1.041340000000000043e-01
1.326610000000000011e-01
8.422739999999999394e-02
3.535230000000000317e-02
2.303919999999999926e-02
-3.413839999999999930e-02
2.884029999999999927e-02
8.107920000000000404e-02
1.276239999999999875e-01
2.129429999999999934e-01
1.091489999999999960e-01
-4.683419999999999944e-02
-1.693240000000000023e-01
-2.334920000000000051e-01
-2.020170000000000021e-01
-8.097550000000000581e-02
8.619770000000000210e-02
1.534909999999999886e-01
1.124489999999999934e-01
-5.271630000000000066e-02
-1.854659999999999920e-01
-1.868309999999999971e-01
-3.244959999999999858e-03
-2.166109999999999911e-02
-5.476720000000000199e-02
4.285220000000000001e-02
8.300849999999999895e-02
3.427729999999999666e-02
-2.601349999999999843e-02
-2.090480000000000116e-02
-6.920469999999999400e-02
-2.414349999999999830e-02
9.504189999999999861e-02
1.199970000000000064e-01
5.810160000000000324e-02
7.033110000000000403e-03
-5.757000000000000312e-02
7.895459999999999978e-02
1.332830000000000126e-01
1.639490000000000045e-02
-9.493569999999999787e-02
-1.232700000000000046e-01
-5.233920000000000239e-02
7.670280000000000153e-02
5.883429999999999910e-02
-6.514079999999999870e-02
-5.746649999999999675e-02
-1.208059999999999967e-01
-1.218980000000000063e-01
-7.724200000000000510e-02
1.186369999999999959e-03
-6.584270000000000400e-02
-9.842670000000000585e-02
2.138170000000000001e-02
9.141269999999999951e-02
1.681509999999999949e-01
1.490509999999999891e-01
-1.054270000000000033e-02
-1.427640000000000020e-01
-1.212160000000000043e-01
-1.914920000000000164e-02
8.971049999999999858e-02
1.494459999999999955e-01
2.096230000000000038e-01
1.788079999999999947e-01
8.491150000000000087e-02
-3.270460000000000034e-02
-1.473089999999999955e-01
-2.264680000000000026e-01
-2.511950000000000016e-01
-4.865110000000000268e-02
1.714859999999999995e-01
-1.096699999999999932e-03
-1.480259999999999909e-01
-5.897279999999999883e-02
2.023669999999999983e-02
3.598099999999999909e-02
9.911880000000000690e-02
-4.209770000000000179e-02
-2.632900000000000240e-01
-2.120960000000000067e-01
-4.285440000000000083e-02
2.526050000000000170e-02
-7.186869999999999717e-03
8.522589999999999333e-02
2.214190000000000047e-01
1.705250000000000099e-01
-3.272889999999999827e-02
2.113560000000000091e-02
1.390200000000000047e-01
1.032399999999999984e-01
2.660420000000000146e-02
-7.525020000000000320e-02
-3.390069999999999889e-02
1.288209999999999911e-01
1.168369999999999964e-01
-3.769109999999999822e-02
-1.008410000000000001e-01
-2.903990000000000044e-02
9.761590000000000544e-02
9.696979999999999142e-03
-5.554139999999999772e-02
2.036810000000000009e-03
-8.115519999999999332e-03
1.348370000000000124e-01
1.132500000000000034e-01
-9.709399999999999975e-02
-9.743870000000000309e-02
-2.920340000000000089e-02
4.627680000000000335e-03
4.834700000000000109e-02
2.608349999999999905e-02
-7.014209999999999889e-02
-8.145890000000000075e-02
-2.908020000000000049e-02
3.028559999999999933e-02
-2.899969999999999978e-02
-6.248209999999999875e-02
1.078950000000000048e-01
6.893779999999999353e-02
-1.035539999999999933e-01
-5.384930000000000272e-02
1.023970000000000019e-01
7.190509999999999957e-02
-2.527090000000000065e-03
-1.748639999999999917e-02
-3.025829999999999839e-02
1.981379999999999947e-02
-5.479479999999999768e-02
1.711249999999999924e-02
1.475549999999999917e-01
1.862060000000000104e-02
-7.513010000000000521e-02
-3.415180000000000299e-02
2.404540000000000149e-02
9.471620000000000039e-03
7.220859999999999779e-02
1.391689999999999872e-01
4.860720000000000318e-02
-4.157140000000000141e-02
-7.429719999999999380e-02
-1.047320000000000056e-01
-7.675569999999999615e-02
-1.027119999999999977e-01
-5.876900000000000179e-02
4.897520000000000345e-02
8.302859999999999407e-02
4.654819999999999791e-02
1.149400000000000074e-03
1.012079999999999924e-02
-4.772259999999999697e-02
7.189110000000000292e-03
3.877069999999999822e-02
-3.771619999999999834e-02
-4.422910000000000036e-02
3.589300000000000129e-02
6.297969999999999957e-02
-1.093149999999999981e-03
-8.461710000000000065e-02
-3.801709999999999812e-02
1.002770000000000050e-01
9.389740000000000586e-02
-1.911059999999999842e-02
-8.756719999999999782e-02
-1.337289999999999868e-01
-1.541740000000000055e-01
-8.577720000000000266e-04
6.891120000000000578e-02
-5.329259999999999727e-03
-8.729810000000000347e-02
-5.869100000000000011e-02
6.133310000000000324e-03
3.137129999999999780e-02
5.540820000000000120e-03
7.390560000000000185e-02
1.067749999999999949e-01
-1.680119999999999877e-02
-3.138210000000000305e-02
-5.174439999999999769e-03
9.462550000000000128e-03
3.697040000000000048e-02
1.233069999999999999e-01
1.690129999999999966e-01
8.581880000000000064e-02
-1.326899999999999955e-02
-1.674629999999999869e-02
-5.653149999999999842e-02
-2.120959999999999859e-02
2.751649999999999929e-02
-6.615460000000000090e-03
-4.771210000000000034e-02
-7.297040000000000470e-02
-3.292930000000000162e-02
7.177160000000000137e-03
1.295490000000000010e-02
-4.254730000000000317e-02
-5.143919999999999743e-02
-9.316720000000000340e-04
-7.009190000000000212e-03
-4.046609999999999790e-02
4.188289999999999895e-03
8.934680000000000399e-02
1.400180000000000036e-01
8.272369999999999723e-02
2.824329999999999896e-02
3.586469999999999936e-02
3.223650000000000126e-02
3.133099999999999774e-02
-1.255249999999999942e-02
9.709950000000000178e-03
3.599720000000000003e-02
-4.421370000000000161e-02
-8.935750000000000637e-02
-5.942279999999999784e-02
-1.611539999999999848e-02
-2.711099999999999968e-02
-2.764230000000000159e-02
-1.120960000000000012e-02
-7.220189999999999941e-02
-9.683519999999999628e-02
-2.351249999999999868e-02
-3.076370000000000146e-03
1.666120000000000101e-02
7.658790000000000042e-02
5.068509999999999682e-02
-1.083240000000000071e-02
-4.890649999999999858e-02
-9.049359999999999349e-02
-9.812010000000000176e-02
-1.758090000000000000e-02
-2.783309999999999951e-02
-5.955440000000000039e-02
-1.739730000000000096e-02
2.891200000000000020e-02
-1.177259999999999938e-02
-8.445389999999999842e-02
-5.775059999999999916e-02
-2.979510000000000144e-02
-2.027090000000000142e-02
-2.033390000000000025e-06
2.455989999999999909e-02
4.400280000000000163e-02
6.909700000000000564e-02
8.800060000000000174e-04
1.975700000000000026e-02
6.388209999999999722e-02
1.618189999999999906e-02
-5.631280000000000313e-02
-6.353040000000000076e-02
-2.430289999999999881e-02
-2.005480000000000110e-02
5.539299999999999780e-02
1.009420000000000039e-01
8.895799999999999541e-02
6.770809999999999329e-02
3.450410000000000282e-02
1.297889999999999981e-02
1.426370000000000068e-02
-2.055550000000000085e-02
-1.019109999999999981e-02
-2.395419999999999841e-02
-4.666939999999999977e-02
-2.641069999999999876e-02
-2.076249999999999971e-02
3.100340000000000040e-02
8.892940000000000567e-02
6.396670000000000134e-02
3.057819999999999983e-02
2.066039999999999890e-02
1.335789999999999894e-03
3.438379999999999909e-02
6.294909999999999395e-02
4.270670000000000022e-02
4.028890000000000249e-02
1.614310000000000050e-02
2.290260000000000126e-03
-2.230319999999999872e-02
-5.612620000000000109e-02
-5.414900000000000269e-02
-5.793519999999999920e-02
-4.094170000000000274e-03
1.266690000000000003e-02
-2.967370000000000077e-02
-2.516349999999999837e-02
-9.218229999999999133e-03
-4.324719999999999953e-02
-5.832880000000000009e-02
-2.236749999999999849e-02
1.377429999999999974e-02
3.391679999999999695e-02
2.464660000000000115e-02
-1.413419999999999954e-02
-6.762550000000000505e-02
-6.356090000000000351e-02
-7.821730000000000349e-02
-3.271349999999999952e-02
4.048890000000000128e-02
5.286420000000000008e-02
5.894579999999999959e-02
1.274959999999999982e-02
-2.825540000000000083e-03
1.155860000000000047e-02
-3.718799999999999970e-03
-2.349920000000000134e-02
1.654500000000000068e-02
4.501140000000000002e-02
3.061300000000000132e-02
-2.209710000000000146e-02
-6.546970000000000567e-02
4.131029999999999945e-03
2.780480000000000104e-02
2.719759999999999886e-03
2.670760000000000148e-02
6.709930000000000234e-03
-4.957840000000000164e-02
-5.075509999999999744e-02
-1.060280000000000033e-03
3.782049999999999995e-02
7.709489999999999399e-02
3.955399999999999888e-02
-6.000769999999999889e-03
-2.980599999999999916e-02
-3.742739999999999956e-02
-3.290330000000000164e-03
1.490550000000000035e-02
-4.693440000000000112e-03
9.777360000000000564e-03
3.592390000000000166e-02
7.866430000000000644e-03
-3.342900000000000038e-02
-3.805750000000000105e-02
-1.861449999999999910e-02
-5.033789999999999792e-02
-3.102850000000000052e-02
1.931590000000000043e-02
2.881859999999999977e-02
1.694609999999999866e-02
1.767209999999999961e-02
1.583050000000000082e-02
-1.917630000000000029e-02
3.974319999999999936e-03
2.297369999999999968e-02
-1.150739999999999923e-03
9.802039999999999711e-03
5.809869999999999965e-03
7.415930000000000265e-03
2.135340000000000155e-02
1.262770000000000038e-02
-1.469149999999999970e-02
-2.495899999999999855e-02
-1.999799999999999842e-02
-4.202800000000000286e-02
-4.837469999999999964e-02
-1.318629999999999976e-02
2.355209999999999942e-03
-7.956929999999999862e-04
1.286649999999999947e-02
-2.265939999999999968e-02
-3.572190000000000087e-02
7.630279999999999702e-03
3.753959999999999936e-02
2.336449999999999985e-02
-2.323340000000000127e-02
-1.330439999999999921e-02
7.541649999999999569e-03
-1.000850000000000014e-04
-2.600999999999999840e-02
-4.818479999999999985e-02
-1.569250000000000159e-02
1.131769999999999998e-02
-5.458610000000000025e-03
-3.821490000000000303e-02
-4.228769999999999751e-02
-1.917199999999999872e-04
-1.237219999999999986e-02
-2.991840000000000124e-02
4.538799999999999953e-03
1.298509999999999942e-02
2.183420000000000152e-02
2.545729999999999868e-02
1.200829999999999953e-02
1.222449999999999926e-02
5.320010000000000017e-03
1.049199999999999959e-02
2.836870000000000017e-02
2.324970000000000162e-02
3.372329999999999772e-02
2.406350000000000156e-02
6.704909999999999690e-03
2.118690000000000156e-02
2.575020000000000087e-02
1.068389999999999965e-02
-1.033650000000000020e-02
-3.060950000000000129e-02
-2.657030000000000156e-02
4.836929999999999702e-03
1.760379999999999931e-02
3.302700000000000080e-02
3.088870000000000157e-02
2.396989999999999885e-02
1.670960000000000154e-02
-2.118000000000000091e-02
-1.827579999999999830e-02
-2.065269999999999953e-02
-1.354430000000000044e-02
3.361249999999999655e-02
2.342970000000000122e-02
2.082940000000000139e-03
-2.288170000000000134e-02
-4.054730000000000140e-02
-4.450880000000000114e-02
-4.304859999999999937e-02
-1.473610000000000024e-02
6.073229999999999774e-03
7.749660000000000229e-03
-3.112329999999999958e-03
-3.516109999999999809e-03
6.587260000000000164e-03
3.323450000000000037e-04
-1.951800000000000063e-03
2.461899999999999852e-02
2.818599999999999925e-02
3.696479999999999818e-03
8.065990000000000312e-03
2.501170000000000129e-02
1.935629999999999989e-02
1.308819999999999949e-02
1.903209999999999971e-02
5.825799999999999902e-03
9.879199999999999440e-03
2.978609999999999938e-02
1.827149999999999955e-02
-1.228490000000000051e-03
2.561819999999999809e-03
1.266809999999999941e-03
-1.756529999999999897e-02
-1.467740000000000017e-02
2.687349999999999808e-03
2.458269999999999900e-02
2.239239999999999980e-02
-2.213329999999999898e-03
-6.000519999999999639e-03
2.587889999999999982e-02
2.843230000000000063e-02
3.393179999999999981e-03
-7.475940000000000363e-03
-1.419070000000000054e-02
-1.079209999999999935e-03
-4.874569999999999945e-03
-1.427840000000000012e-02
6.788999999999999896e-03
1.015409999999999924e-02
8.569480000000000847e-03
3.647339999999999784e-03
-7.859110000000000748e-03
3.725920000000000187e-03
1.165530000000000038e-02
9.834070000000000311e-03
-8.420860000000000498e-03
-4.648900000000000081e-03
1.447589999999999988e-02
1.016699999999999939e-03
-8.647119999999999460e-03
-1.043569999999999914e-02
-9.712659999999999696e-03
-6.290460000000000322e-03
-6.536189999999999882e-03
-2.548759999999999915e-02
-4.509570000000000245e-02
-3.125909999999999800e-02
-2.373149999999999912e-02
-1.456939999999999971e-02
8.171360000000000776e-03
2.620199999999999960e-02
2.253720000000000029e-02
8.840390000000000054e-03
-9.854039999999999674e-03
-1.127339999999999939e-02
-3.631670000000000037e-03
-1.230640000000000032e-02
-2.666949999999999963e-03
9.531939999999999164e-03
-1.497279999999999922e-03
-2.223930000000000004e-02
-3.185620000000000118e-02
-3.848130000000000300e-02
-1.433129999999999994e-02
-8.844170000000000156e-03
-2.245729999999999948e-02
6.132460000000000168e-03
1.015019999999999985e-02
1.585860000000000047e-02
2.338820000000000135e-02
2.246640000000000095e-02
4.433780000000000013e-03
5.154749999999999610e-03
1.635839999999999864e-02
1.453620000000000086e-02
2.568679999999999922e-02
1.387749999999999921e-02
-1.909679999999999971e-03
-1.201200000000000011e-02
-3.187310000000000056e-03
-4.184560000000000363e-03
-6.039390000000000383e-03
3.972210000000000324e-03
4.970549999999999795e-03
-4.910160000000000436e-04
1.204809999999999952e-03
-1.198620000000000067e-02
-2.120539999999999925e-02
-4.735959999999999996e-03
-6.580779999999999833e-04
1.762649999999999981e-02
2.767990000000000034e-02
1.290730000000000002e-02
6.274090000000000396e-03
-1.290670000000000012e-02
-1.467079999999999947e-02
-4.141209999999999878e-04
1.339829999999999971e-03
2.519669999999999896e-03
-1.070810000000000002e-04
-2.518670000000000197e-03
-1.495609999999999995e-02
-1.335609999999999922e-02
-4.893309999999999674e-04
1.661539999999999892e-02
3.359779999999999711e-02
9.160349999999999396e-03
-1.695150000000000129e-02
-8.918119999999999867e-03
-4.655669999999999774e-03
3.931389999999999885e-03
1.199640000000000081e-02
-1.535230000000000058e-03
-1.322109999999999952e-02
-2.580539999999999917e-02
-3.114460000000000145e-02
-1.949330000000000160e-02
-8.481360000000000288e-03
2.933389999999999912e-04
1.135219999999999979e-02
-2.590340000000000004e-03
-1.437010000000000067e-03
-1.694959999999999913e-03
-5.172150000000000358e-03
1.827519999999999839e-02
2.604240000000000027e-02
1.896159999999999859e-02
-9.340610000000000275e-04
-1.585550000000000154e-02
-2.020049999999999971e-02
-1.965189999999999992e-02
-7.642620000000000142e-03
-1.570170000000000073e-03
-8.674499999999999919e-03
-1.587260000000000060e-02
-2.011160000000000031e-02
5.173360000000000111e-03
3.853890000000000007e-03
-8.014550000000000493e-03
-6.742920000000000337e-03
2.387649999999999842e-03
2.875449999999999881e-02
3.254889999999999867e-02
2.184909999999999977e-02
1.408090000000000036e-02
1.845350000000000115e-02
4.524199999999999923e-03
2.579639999999999798e-03
8.405309999999999171e-03
1.079240000000000055e-04
-1.333699999999999990e-02
-2.135799999999999851e-02
-1.480219999999999973e-02
-4.546920000000000302e-03
-1.537699999999999918e-03
-1.289629999999999943e-02
3.840360000000000128e-03
1.669999999999999957e-02
-2.251630000000000124e-04
-1.551770000000000059e-03
-4.076549999999999965e-03
-1.592259999999999856e-02
2.074460000000000193e-03
8.571109999999999840e-03
-3.481890000000000072e-03
9.791789999999999869e-03
2.035920000000000091e-02
2.634589999999999849e-02
2.255369999999999944e-02
2.125730000000000154e-03
-5.703609999999999583e-03
-1.008629999999999943e-02
-3.431059999999999666e-02
-3.346729999999999844e-02
-8.628499999999999668e-04
1.063550000000000086e-02
1.989559999999999940e-02
3.819550000000000028e-02
1.810099999999999903e-02
-2.007609999999999950e-02
-1.712199999999999833e-02
9.916859999999999564e-03
2.758450000000000138e-02
2.406240000000000115e-02
-1.217289999999999995e-03
-2.087639999999999982e-02
-1.303780000000000043e-02
-5.252180000000000390e-03
-5.821139999999999821e-03
-2.164399999999999918e-03
-3.614979999999999734e-04
4.445489999999999858e-03
-3.621450000000000016e-03
-1.323120000000000025e-02
4.304889999999999585e-03
2.347460000000000171e-02
-7.038660000000000402e-04
-3.099350000000000022e-02
-2.405530000000000168e-02
-1.152599999999999979e-02
-2.584050000000000062e-03
8.697709999999999773e-04
-6.545559999999999747e-03
-3.730080000000000201e-03
4.145229999999999748e-03
7.689920000000000262e-04
1.110639999999999978e-03
-6.269129999999999928e-04
-8.373649999999999843e-03
7.232789999999999575e-04
1.314549999999999920e-02
2.226590000000000166e-02
2.278499999999999970e-02
1.564190000000000025e-02
1.914570000000000161e-02
9.127019999999999578e-03
-6.689750000000000384e-03
-4.406560000000000338e-03
1.561880000000000083e-03
2.699439999999999891e-04
4.576249999999999589e-03
5.693900000000000003e-03
2.163689999999999797e-03
1.060189999999999917e-02
1.407809999999999964e-02
1.393939999999999979e-03
1.752920000000000042e-03
5.919530000000000104e-03
4.891699999999999694e-03
3.687460000000000043e-03
2.917620000000000109e-03
1.746589999999999948e-02
2.670669999999999988e-02
2.509559999999999916e-02
1.061259999999999981e-02
-8.618209999999999413e-03
-2.029900000000000107e-02
-1.502910000000000010e-02
-1.346780000000000026e-02
-2.897869999999999960e-02
-3.669279999999999764e-02
-2.432159999999999878e-02
-1.416010000000000012e-02
-1.244179999999999939e-02
-9.316309999999999522e-03
-1.739339999999999983e-02
-1.926049999999999984e-02
-1.247320000000000026e-02
2.263769999999999910e-04
1.051230000000000046e-02
7.340010000000000111e-03
-4.627339999999999752e-03
-1.085569999999999938e-02
-4.752669999999999638e-03
1.291229999999999982e-03
1.138849999999999932e-02
1.214110000000000016e-02
7.254289999999999827e-04
3.288049999999999935e-04
7.278220000000000175e-03
1.097069999999999990e-02
1.628040000000000043e-02
2.125149999999999956e-02
1.804559999999999845e-02
1.237700000000000085e-02
1.366799999999999959e-02
6.719730000000000147e-03
-4.766300000000000224e-03
8.245320000000000427e-03
1.605329999999999951e-02
3.631199999999999792e-03
2.724719999999999920e-03
1.286959999999999970e-03
-5.915240000000000428e-03
-9.009009999999999588e-03
-1.895020000000000038e-02
-2.920029999999999848e-02
-2.108950000000000061e-02
-6.665319999999999535e-04
1.623799999999999896e-03
2.341719999999999826e-03
1.398489999999999976e-02
1.327930000000000083e-02
5.978169999999999665e-03
1.219199999999999928e-03
-6.063559999999999957e-03
-3.793630000000000092e-03
-5.988099999999999673e-04
2.169770000000000119e-03
1.085679999999999978e-02
1.551589999999999914e-02
1.375080000000000052e-02
6.179480000000000216e-03
-2.681810000000000183e-03
-3.078430000000000055e-03
-3.330249999999999877e-03
-1.051610000000000045e-02
-3.722749999999999931e-03
1.512520000000000054e-03
4.927360000000000203e-05
1.498339999999999915e-03
8.671799999999999474e-04
-1.586210000000000007e-03
-4.471389999999999892e-04
4.164059999999999810e-03
3.510469999999999910e-03
2.835470000000000091e-03
1.674060000000000001e-03
3.505149999999999737e-04
6.790069999999999613e-03
7.366260000000000342e-03
-5.720730000000000259e-03
-1.561399999999999941e-02
-1.586879999999999888e-02
-1.162370000000000070e-02
-6.738219999999999626e-03
1.100389999999999919e-03
1.003820000000000059e-02
1.625040000000000165e-02
1.404679999999999991e-02
2.560810000000000169e-03
5.694450000000000206e-03
1.470669999999999963e-02
1.601609999999999839e-02
6.925390000000000018e-03
3.792869999999999835e-03
1.610189999999999885e-02
5.506080000000000002e-03
-1.106530000000000014e-02
-1.390920000000000004e-02
-1.419259999999999966e-02
-1.903010000000000118e-02
-2.445500000000000104e-02
-1.921869999999999828e-02
-1.225500000000000027e-02
-7.566289999999999821e-04
6.361040000000000097e-03
-4.998550000000000042e-03
-1.343970000000000060e-02
-2.792110000000000208e-04
4.200449999999999670e-03
1.016940000000000031e-03
6.070700000000000054e-03
4.735310000000000170e-04
-1.114910000000000033e-02
-1.414299999999999932e-02
-1.243700000000000014e-02
-2.862790000000000040e-03
1.262779999999999979e-02
1.201089999999999970e-02
3.701269999999999994e-03
-6.796660000000000375e-03
-6.444809999999999602e-03
-1.106709999999999985e-02
-1.634820000000000023e-02
-1.994629999999999841e-03
4.772140000000000019e-04
1.050660000000000000e-04
4.564330000000000123e-03
4.025970000000000243e-03
-3.448500000000000176e-03
-9.764570000000000194e-03
-4.436510000000000280e-03
2.368100000000000153e-03
-7.845319999999999377e-03
-2.219780000000000017e-02
-2.568109999999999837e-02
-1.859600000000000142e-02
-7.530039999999999997e-03
3.438080000000000042e-03
1.022029999999999987e-02
1.069140000000000021e-02
1.105040000000000015e-02
7.983139999999999681e-03
4.782299999999999746e-03
6.701450000000000289e-03
4.253159999999999753e-03
5.780750000000000298e-03
1.620939999999999881e-02
1.934200000000000155e-02
4.003529999999999936e-03
-4.078700000000000207e-03
3.431560000000000166e-03
3.602919999999999907e-03
6.371500000000000427e-03
1.075330000000000036e-02
1.092060000000000079e-02
9.517470000000000097e-03
1.120819999999999976e-02
6.745980000000000379e-03
-7.461680000000000049e-03
-5.270259999999999702e-03
3.147700000000000237e-04
-9.047620000000000358e-04
-1.669499999999999977e-03
-4.509359999999999584e-03
-1.034509999999999943e-02
-1.158000000000000002e-02
-2.183249999999999861e-03
-3.523099999999999930e-03
-1.090069999999999928e-02
-7.585559999999999872e-03
-4.884280000000000392e-03
-8.593959999999999447e-03
-6.328099999999999697e-03
-4.382439999999999600e-03
9.128850000000000853e-03
8.596599999999999381e-03
-5.357139999999999819e-03
-1.249819999999999924e-02
-1.230329999999999965e-02
-1.074209999999999922e-02
-1.130699999999999934e-02
-1.074920000000000042e-02
-3.859909999999999817e-03
2.151360000000000165e-03
-4.536909999999999901e-03
-1.152500000000000052e-02
-1.440460000000000004e-02
-3.716909999999999919e-03
5.201569999999999978e-03
6.013310000000000009e-03
4.385889999999999928e-03
4.971259999999999915e-03
5.231330000000000181e-03
1.060739999999999903e-03
-4.516039999999999811e-03
1.318820000000000062e-03
1.272440000000000029e-02
1.223800000000000061e-02
1.241760000000000086e-02
1.643019999999999897e-02
9.476790000000000561e-03
3.897970000000000167e-03
-9.935589999999999786e-04
-3.508129999999999929e-03
6.673779999999999817e-03
1.411160000000000019e-02
1.036630000000000017e-02
1.403010000000000108e-03
-3.730189999999999981e-03
3.671970000000000095e-03
8.770599999999999924e-03
9.106770000000000359e-04
-4.420349999999999974e-03
-1.035909999999999956e-02
-1.275540000000000007e-02
-8.480720000000000619e-03
-1.388110000000000038e-02
-1.046300000000000008e-02
4.295440000000000196e-03
3.965100000000000048e-03
-6.949519999999999829e-04
3.612380000000000105e-03
6.978510000000000268e-03
8.885419999999999777e-03
5.079890000000000100e-03
-4.785819999999999658e-03
-7.342200000000000115e-03
-1.828549999999999967e-03
-1.662290000000000078e-03
-6.214250000000000156e-03
-4.975249999999999638e-03
3.198840000000000103e-03
7.272650000000000295e-03
2.746179999999999975e-03
4.557239999999999729e-03
1.691879999999999990e-03
-3.385229999999999923e-03
-3.674789999999999827e-03
-7.026550000000000330e-03
-2.446960000000000194e-03
9.788659999999999375e-03
1.403989999999999926e-02
7.407719999999999583e-03
5.004289999999999780e-03
3.108689999999999891e-03
-3.578560000000000161e-03
-1.162200000000000039e-02
-8.283439999999999553e-03
2.196229999999999970e-03
9.620820000000000413e-03
1.109740000000000032e-02
9.433290000000000425e-03
6.302809999999999836e-03
-2.178129999999999910e-03
-3.883039999999999929e-03
-1.808900000000000004e-03
2.939970000000000083e-03
4.776520000000000245e-03
-1.741540000000000134e-04
-1.547669999999999905e-03
2.084610000000000195e-03
5.045909999999999805e-03
3.154920000000000077e-04
-6.058710000000000137e-03
-7.204819999999999801e-03
-9.670450000000000573e-03
-8.868910000000000682e-03
6.727689999999999712e-03
1.556770000000000029e-02
1.518629999999999980e-02
1.584920000000000079e-02
1.172750000000000008e-02
2.960069999999999975e-03
-3.997409999999999852e-03
-4.787640000000000125e-03
-4.986439999999999970e-03
-1.304199999999999934e-03
2.387209999999999853e-03
4.606159999999999768e-03
2.383220000000000130e-03
-8.784659999999999691e-03
-1.823939999999999936e-02
-1.212009999999999997e-02
-6.146519999999999935e-03
-5.599909999999999610e-03
-3.819439999999999901e-03
-5.786430000000000393e-03
-3.631720000000000174e-03
-6.877590000000000266e-04
6.154830000000000023e-04
5.061490000000000086e-03
6.795050000000000395e-03
-2.491460000000000029e-03
-1.403970000000000044e-02
-1.223879999999999933e-02
-6.278549999999999930e-03
-3.344789999999999829e-03
-4.793399999999999744e-04
5.836820000000000376e-03
1.341959999999999898e-03
-6.953390000000000265e-03
-4.444840000000000249e-03
3.746579999999999789e-03
1.151789999999999932e-02
1.215420000000000042e-02
9.425509999999999791e-03
1.021180000000000004e-02
8.840280000000000707e-03
8.281520000000000548e-03
9.163620000000000793e-03
4.283300000000000302e-03
1.214000000000000018e-03
2.799810000000000016e-04
-3.139079999999999822e-03
-5.826120000000000387e-04
-1.258640000000000106e-03
-7.895930000000000656e-03
-4.433949999999999871e-03
-8.669419999999999947e-04
-3.359089999999999906e-03
-5.264890000000000368e-03
3.170760000000000115e-04
1.769189999999999912e-03
-2.527849999999999889e-03
-3.305849999999999934e-03
-9.754489999999999342e-03
-2.883600000000000052e-03
1.316580000000000007e-02
6.742599999999999635e-03
-4.785239999999999633e-03
-7.392619999999999920e-03
-1.092180000000000061e-02
-9.121970000000000078e-03
6.806009999999999708e-04
7.710569999999999924e-03
1.316200000000000009e-02
9.501269999999999161e-03
3.380980000000000010e-03
-2.389749999999999947e-04
-5.772929999999999902e-03
-5.211030000000000176e-03
-1.752110000000000082e-03
2.101439999999999992e-03
5.319700000000000123e-03
7.026750000000000010e-03
8.364659999999999457e-03
3.995209999999999907e-03
-2.242350000000000159e-03
-1.314940000000000119e-04
-2.313860000000000103e-04
2.272059999999999792e-03
2.126279999999999924e-03
-1.906659999999999909e-03
2.620920000000000107e-03
1.017969999999999986e-03
-2.821949999999999977e-05
-2.253199999999999908e-03
-3.781710000000000193e-03
-2.082829999999999925e-03
9.049810000000000146e-04
7.668799999999999922e-03
1.089829999999999965e-02
3.259619999999999965e-03
-3.038100000000000175e-03
-2.117260000000000149e-03
-2.642369999999999788e-03
3.867530000000000100e-03
8.305379999999999360e-03
2.491000000000000159e-03
-3.886269999999999829e-03
-2.234289999999999887e-03
-4.010599999999999582e-03
-5.528909999999999728e-03
-2.702000000000000083e-04
-2.409530000000000005e-03
-8.136309999999999897e-04
3.094980000000000214e-03
-1.776170000000000092e-03
-2.502159999999999801e-03
-1.257050000000000008e-03
-4.065309999999999931e-03
-1.291710000000000004e-04
4.011930000000000357e-03
-3.120150000000000272e-05
-2.063460000000000034e-03
3.410709999999999740e-04
7.108960000000000105e-03
9.849999999999999381e-03
7.147790000000000220e-03
4.462909999999999620e-03
-7.977639999999999601e-04
-4.042460000000000324e-03
-6.853780000000000289e-03
-7.102559999999999950e-03
-1.098430000000000066e-03
3.206849999999999805e-03
2.291179999999999866e-03
-1.059569999999999913e-03
9.595040000000000209e-04
1.539760000000000044e-03
3.289629999999999985e-03
3.909649999999999757e-03
-4.386720000000000202e-03
-7.557999999999999614e-03
-5.704120000000000024e-03
-5.149360000000000395e-03
-7.361089999999999821e-03
-6.496329999999999813e-03
-3.922529999999999593e-03
-2.529560000000000142e-03
-5.890509999999999843e-03
-5.135889999999999726e-03
1.360800000000000117e-04
2.666029999999999789e-03
-1.350939999999999910e-04
-6.367560000000000407e-03
-3.132989999999999994e-03
1.317089999999999927e-03
8.930320000000000272e-03
1.343440000000000085e-02
8.245139999999999761e-03
3.554480000000000053e-03
7.031749999999999806e-03
8.313569999999999294e-03
-4.806890000000000322e-05
-2.588149999999999999e-03
-1.785600000000000034e-03
-4.803259999999999951e-04
-1.601010000000000042e-04
-3.436159999999999844e-04
-4.363759999999999840e-04
-3.251780000000000122e-03
-3.464870000000000103e-03
-4.935110000000000256e-06
5.276209999999999928e-03
1.056550000000000024e-02
8.889130000000000295e-03
3.306219999999999905e-03
6.957759999999999466e-04
-2.915009999999999997e-03
-3.202529999999999873e-03
-5.963890000000000337e-03
-9.869370000000000573e-03
-5.431530000000000385e-03
-3.369640000000000135e-03
-8.312170000000000669e-03
-4.648290000000000234e-03
1.096820000000000087e-03
5.623369999999999931e-03
3.754260000000000149e-03
2.213279999999999924e-05
-2.467979999999999827e-03
-6.309219999999999932e-03
-2.221149999999999861e-03
-2.361840000000000033e-03
-4.108579999999999698e-03
-4.027990000000000390e-03
-5.767590000000000390e-03
-1.900800000000000016e-03
1.779390000000000051e-03
-1.831399999999999955e-03
-2.833749999999999897e-03
-1.864989999999999964e-03
-9.428189999999999488e-03
-9.945159999999999764e-03
1.144290000000000064e-03
2.104889999999999886e-03
3.885340000000000148e-03
2.908480000000000180e-03
-2.788640000000000216e-03
-3.849110000000000205e-03
-2.813050000000000099e-03
6.509509999999999819e-04
5.454859999999999744e-03
3.309410000000000043e-03
2.754710000000000058e-03
2.319320000000000149e-03
-1.395470000000000000e-03
4.624779999999999993e-04
-1.312819999999999916e-03
3.310599999999999914e-03
7.866720000000000657e-03
3.315760000000000061e-03
1.677099999999999945e-03
-3.755580000000000116e-04
3.922570000000000223e-03
1.139710000000000029e-02
5.920250000000000165e-03
5.888670000000000362e-03
4.307120000000000219e-03
-1.510339999999999990e-03
-2.377069999999999791e-03
2.956359999999999999e-04
5.292269999999999960e-03
6.388490000000000141e-03
9.732170000000000057e-03
8.518730000000000399e-03
3.162190000000000053e-03
-1.320449999999999922e-03
-1.537629999999999900e-03
-2.239169999999999962e-03
-9.991019999999999762e-03
-1.457770000000000073e-02
-9.528019999999999892e-03
-1.470200000000000066e-03
1.970350000000000053e-03
1.889819999999999955e-03
1.378969999999999979e-03
2.768860000000000158e-03
3.532659999999999967e-03
-1.611790000000000098e-03
-6.936720000000000386e-03
-8.434660000000000074e-03
-5.654829999999999796e-04
1.458679999999999959e-03
-2.421839999999999974e-04
-3.844820000000000095e-03
-7.749289999999999824e-03
-5.161220000000000217e-03
-4.831829999999999632e-03
1.266100000000000038e-03
2.616219999999999830e-03
1.106049999999999915e-03
3.983880000000000082e-04
-4.851089999999999743e-03
-9.234819999999999487e-03
-7.839830000000000756e-03
-6.204180000000000111e-03
-7.688870000000000426e-03
-6.400939999999999928e-03
-2.593300000000000206e-03
-5.321020000000000090e-03
-8.787009999999999613e-03
-9.167339999999999517e-03
-6.568059999999999697e-03
-2.421879999999999953e-03
-1.603019999999999922e-03
1.160430000000000055e-03
-2.243249999999999910e-04
-3.462919999999999974e-03
-6.025969999999999634e-04
1.181930000000000090e-03
1.096289999999999982e-03
-1.279629999999999917e-03
5.874940000000000370e-04
3.686430000000000089e-03
1.317650000000000071e-03
2.087560000000000023e-03
3.468269999999999860e-03
5.455719999999999840e-03
3.504000000000000170e-03
-3.981710000000000284e-03
-5.204330000000000067e-03
-3.440209999999999969e-03
1.577840000000000058e-03
5.060180000000000060e-03
8.091819999999999569e-03
8.611890000000000517e-03
3.838229999999999875e-04
-2.790529999999999834e-03
-1.603569999999999909e-03
-4.446519999999999813e-03
-1.980829999999999830e-03
1.621849999999999984e-03
5.144550000000000338e-04
2.182729999999999913e-03
3.278940000000000153e-03
3.055640000000000092e-03
5.522539999999999611e-04
-2.554799999999999866e-03
-1.109849999999999899e-03
-1.492599999999999906e-04
7.141729999999999780e-03
9.247460000000000749e-03
3.282129999999999857e-03
4.666919999999999749e-03
2.831450000000000113e-03
5.137039999999999836e-03
5.861060000000000401e-03
4.786290000000000336e-03
5.422609999999999583e-03
5.626570000000000009e-03
9.010000000000000647e-03
9.780920000000000239e-03
7.606899999999999773e-03
7.737439999999999943e-03
4.880210000000000277e-03
1.407070000000000065e-03
2.506340000000000130e-03
8.760270000000000556e-03
1.061720000000000025e-02
4.811959999999999675e-03
-1.846340000000000080e-04
-5.135340000000000391e-03
-3.834170000000000026e-03
-4.540820000000000099e-03
-2.014970000000000042e-03
2.433040000000000029e-03
3.752570000000000211e-03
7.107679999999999684e-04
1.023489999999999920e-05
1.633640000000000005e-03
-4.757929999999999625e-03
-4.780350000000000051e-03
1.152360000000000060e-03
4.444019999999999915e-03
-2.887729999999999811e-03
-7.538640000000000098e-03
-5.233050000000000375e-03
-1.442759999999999963e-03
-7.605560000000000142e-04
-2.346200000000000108e-03
2.030970000000000106e-04
4.441050000000000206e-03
2.892109999999999820e-03
-3.905309999999999945e-03
-4.518150000000000291e-03
-1.308069999999999936e-03
5.331309999999999695e-03
2.849330000000000179e-03
1.890799999999999989e-03
5.264339999999999948e-04
-2.314490000000000210e-03
1.684850000000000106e-03
1.674659999999999907e-03
1.856180000000000026e-03
-8.746140000000000121e-04
6.784220000000000311e-04
-2.593840000000000034e-03
-1.948349999999999952e-03
6.653980000000000311e-03
7.613540000000000238e-03
3.926259999999999993e-03
3.045229999999999899e-03
7.364749999999999769e-03
5.436469999999999671e-03
9.497309999999999910e-04
3.602020000000000048e-03
2.754640000000000040e-03
-2.490769999999999790e-03
-5.479549999999999699e-03
-1.023450000000000054e-02
-8.511160000000000253e-03
-1.791220000000000052e-03
8.539230000000000301e-04
-3.903049999999999922e-03
-3.754159999999999876e-03
1.235310000000000097e-03
-1.668830000000000053e-03
-5.347969999999999634e-03
-5.213360000000000216e-03
-3.707240000000000101e-03
5.694580000000000084e-04
5.183680000000000405e-03
1.882860000000000089e-03
-2.386689999999999905e-03
-3.807150000000000031e-03
-5.857799999999999813e-03
-5.762960000000000131e-03
-1.448539999999999897e-03
5.013400000000000321e-03
2.853650000000000110e-03
-2.795580000000000200e-03
-5.116449999999999818e-03
-6.354379999999999751e-03
-5.261250000000000301e-03
-2.880209999999999802e-03
-4.583799999999999854e-04
2.598580000000000114e-05
-2.017520000000000077e-03
-5.094010000000000378e-03
-5.801689999999999972e-03
-4.987959999999999616e-03
1.603489999999999950e-03
5.081740000000000389e-03
-1.327180000000000070e-03
-3.865250000000000196e-03
-6.292169999999999708e-03
-8.222500000000000642e-03
-7.600469999999999796e-03
-1.704470000000000030e-03
5.841419999999999946e-03
9.466509999999999161e-03
8.823070000000000565e-03
4.787030000000000278e-03
2.339970000000000027e-04
-3.859930000000000023e-04
7.173369999999999660e-04
-2.206189999999999801e-03
-2.743579999999999804e-03
-3.992600000000000229e-04
1.240439999999999989e-03
2.937239999999999816e-03
4.015079999999999864e-03
1.748250000000000021e-03
5.143870000000000473e-04
1.656399999999999930e-04
1.464749999999999906e-03
1.656460000000000007e-03
9.630450000000000468e-04
1.157810000000000002e-03
-7.368319999999999818e-04
1.848140000000000069e-03
3.635699999999999956e-03
1.466759999999999895e-03
-9.234620000000000025e-04
-1.970720000000000024e-03
1.164899999999999963e-03
4.055790000000000090e-03
3.251229999999999919e-03
7.967659999999999673e-04
2.012449999999999883e-04
-1.808619999999999933e-03
-3.433040000000000050e-03
1.670629999999999988e-03
4.311689999999999967e-03
-6.493870000000000219e-05
-4.762780000000000312e-03
-5.848779999999999604e-03
-5.775370000000000156e-03
-5.209440000000000077e-03
-1.403869999999999988e-03
5.743709999999999528e-04
-1.141819999999999988e-03
-1.799550000000000021e-03
-1.792420000000000081e-03
-2.555180000000000212e-03
-2.033089999999999984e-03
-6.403019999999999556e-05
1.276889999999999926e-03
3.731330000000000150e-03
5.121190000000000291e-03
1.601119999999999930e-03
-2.754100000000000211e-03
-1.656890000000000055e-03
-1.140930000000000069e-03
-2.899950000000000097e-03
-1.530480000000000078e-03
-2.927509999999999921e-03
-1.723230000000000074e-03
-1.726300000000000057e-05
3.614950000000000021e-03
9.524610000000000411e-04
-2.034300000000000171e-03
-2.273780000000000039e-04
-3.713800000000000174e-03
-2.304570000000000143e-03
-1.266509999999999988e-03
-1.346399999999999984e-04
2.592070000000000138e-03
2.914279999999999995e-03
-2.458329999999999890e-04
-5.956110000000000137e-04
-9.606849999999999678e-04
9.441290000000000402e-04
4.361180000000000091e-03
5.716370000000000132e-03
5.665370000000000301e-03
1.335639999999999918e-03
-2.570209999999999910e-05
1.437569999999999994e-03
2.824370000000000092e-03
3.945019999999999603e-03
5.214550000000000088e-03
3.637029999999999864e-03
1.323280000000000029e-03
2.486760000000000186e-03
2.471440000000000095e-03
1.998269999999999907e-03
3.599209999999999823e-03
1.437389999999999978e-03
3.109709999999999905e-03
7.818739999999999371e-03
7.606619999999999701e-03
5.057309999999999757e-03
2.338719999999999861e-03
1.318989999999999919e-03
1.239429999999999915e-03
3.274759999999999824e-03
1.251619999999999946e-03
-3.819820000000000030e-04
2.087750000000000196e-03
3.429670000000000114e-03
3.752899999999999986e-03
5.530109999999999540e-04
-2.276719999999999872e-03
-4.458939999999999779e-03
-5.194179999999999631e-03
-3.091539999999999826e-03
-3.230250000000000048e-03
-3.123200000000000021e-03
-2.861160000000000179e-03
-6.804420000000000260e-03
-6.707580000000000313e-03
-2.169860000000000018e-03
2.107599999999999947e-06
1.360349999999999971e-03
-1.988429999999999798e-03
-5.564600000000000275e-03
-3.789299999999999786e-03
-2.674769999999999925e-03
-2.760449999999999796e-03
-1.468499999999999970e-03
-3.417399999999999908e-04
4.220009999999999734e-04
-2.908070000000000229e-04
-1.395189999999999928e-03
-7.986799999999999629e-04
-1.437050000000000046e-03
-1.915320000000000087e-03
-2.222290000000000029e-03
-1.655469999999999923e-04
1.258970000000000098e-03
-3.144819999999999885e-04
-9.661090000000000432e-04
3.421569999999999972e-04
-2.799620000000000060e-03
-5.289789999999999943e-03
-2.423400000000000033e-03
-2.684479999999999939e-03
-3.065879999999999994e-03
-5.284810000000000028e-03
-6.663500000000000152e-03
-2.387859999999999896e-03
1.095459999999999923e-03
8.506940000000000378e-04
1.238850000000000006e-06
6.803379999999999497e-04
-9.216680000000000532e-04
-1.809870000000000098e-03
1.435850000000000017e-03
2.588099999999999862e-03
4.353189999999999837e-03
5.787900000000000336e-03
6.700509999999999800e-03
5.454389999999999933e-03
3.135520000000000147e-03
2.822429999999999904e-03
2.143270000000000071e-03
3.226169999999999993e-03
2.637759999999999844e-03
1.149960000000000001e-03
1.880039999999999923e-03
2.120659999999999906e-03
4.707220000000000241e-04
-3.960729999999999871e-04
2.636469999999999916e-04
2.982810000000000127e-04
3.018850000000000006e-03
5.230570000000000358e-03
2.262140000000000158e-03
-1.717849999999999933e-03
-2.951740000000000006e-03
-3.217919999999999982e-03
-5.708109999999999747e-03
-6.281229999999999626e-03
-3.576980000000000003e-03
-1.434589999999999910e-03
-1.142989999999999978e-03
-2.991779999999999873e-03
-3.398679999999999844e-03
-2.544199999999999934e-03
-4.656070000000000000e-03
-3.583369999999999785e-03
-1.809110000000000058e-03
-9.627839999999999489e-04
-1.195319999999999933e-03
-7.721790000000000077e-04
-6.386379999999999661e-04
-3.247110000000000100e-03
-1.617649999999999991e-03
2.575659999999999799e-04
8.142890000000000501e-04
6.082629999999999461e-04
1.141529999999999975e-03
-7.949520000000000284e-04
-1.512880000000000084e-03
-5.798790000000000498e-04
2.613429999999999811e-04
2.421060000000000052e-03
3.121559999999999786e-03
2.047750000000000091e-03
-5.188850000000000303e-05
-2.008120000000000011e-04
3.181780000000000155e-04
1.197130000000000026e-03
2.088309999999999906e-03
1.075690000000000023e-03
-1.222800000000000015e-03
-1.333989999999999959e-03
-8.863849999999999507e-04
-1.939799999999999988e-03
-1.393279999999999996e-03
8.633049999999999752e-04
1.709620000000000020e-03
-5.287030000000000505e-04
-5.980929999999999537e-04
1.106819999999999896e-03
2.146879999999999882e-03
1.160769999999999988e-03
1.439100000000000015e-03
1.875490000000000056e-03
1.888319999999999972e-04
1.734860000000000124e-04
-1.982240000000000130e-03
-1.972100000000000068e-03
-1.816130000000000001e-03
-2.250579999999999855e-03
1.558949999999999973e-04
1.018519999999999972e-03
-7.517560000000000171e-04
-9.047659999999999904e-04
-1.004750000000000001e-03
-3.913269999999999889e-05
1.638249999999999949e-03
-1.605859999999999970e-04
-9.764119999999999614e-04
-3.275929999999999814e-03
-4.822889999999999816e-03
-4.636340000000000079e-03
-2.835569999999999931e-03
2.887829999999999759e-04
1.191180000000000017e-03
1.291049999999999967e-03
6.465369999999999798e-04
-1.293019999999999977e-03
-8.148289999999999873e-04
5.076870000000000471e-04
8.808460000000000161e-04
1.323169999999999869e-04
-9.669939999999999916e-04
-7.845229999999999695e-04
1.253830000000000049e-03
3.805100000000000062e-03
4.847190000000000352e-03
6.763179999999999713e-03
5.804590000000000097e-03
3.960879999999999956e-03
4.050559999999999924e-03
3.643630000000000133e-03
8.495510000000000388e-04
2.509170000000000237e-04
1.301159999999999990e-03
1.407150000000000024e-03
2.008719999999999863e-03
8.428019999999999523e-07
-8.292679999999999756e-04
-3.255900000000000048e-04
-1.444280000000000043e-03
-9.365250000000000094e-04
2.767019999999999810e-03
2.504890000000000068e-03
2.057170000000000092e-03
1.937799999999999939e-03
1.412580000000000086e-03
2.944130000000000098e-03
1.439989999999999933e-03
2.213630000000000014e-04
2.825649999999999863e-03
2.108730000000000066e-03
-5.171079999999999557e-04
-1.308469999999999946e-03
-1.564489999999999978e-03
-7.314459999999999625e-04
4.503379999999999970e-04
1.894190000000000023e-03
1.078350000000000055e-03
9.650929999999999839e-04
-1.987050000000000188e-03
-3.595210000000000159e-03
-1.526280000000000085e-03
8.072599999999999925e-05
1.247209999999999899e-03
3.875220000000000075e-04
-1.709079999999999974e-03
-2.546339999999999801e-03
-3.673200000000000163e-03
-5.789179999999999673e-03
-4.861309999999999763e-03
-4.710459999999999647e-03
-4.159880000000000348e-03
-1.013110000000000009e-03
-5.114829999999999681e-04
-2.865060000000000003e-03
-4.314150000000000103e-03
-3.488250000000000031e-03
-2.924420000000000058e-03
-2.191320000000000073e-03
-1.748830000000000046e-03
-1.613290000000000080e-03
-4.376280000000000187e-04
9.878610000000000342e-04
6.726940000000000480e-04
3.427689999999999703e-05
3.687839999999999955e-03
5.295860000000000324e-03
2.465320000000000011e-03
4.343940000000000290e-06
-7.297000000000000101e-04
6.787240000000000157e-04
1.839700000000000103e-03
2.454539999999999847e-03
1.869910000000000018e-03
2.936649999999999742e-04
-2.055700000000000149e-03
-1.891620000000000107e-03
-6.999480000000000415e-04
1.354860000000000103e-04
2.424850000000000096e-03
1.089450000000000054e-03
2.824030000000000268e-04
-9.100179999999999597e-04
-1.236610000000000075e-04
5.872409999999999566e-04
-5.479260000000000120e-04
2.330649999999999920e-04
5.339119999999999934e-04
1.242009999999999989e-03
6.239940000000000027e-04
3.942509999999999765e-04
4.560429999999999974e-04
4.775879999999999817e-04
-6.646500000000000281e-04
-1.004689999999999923e-03
2.027160000000000019e-04
6.991620000000000256e-04
1.294400000000000021e-03
4.121380000000000009e-03
5.175169999999999770e-03
5.671319999999999660e-03
7.213749999999999676e-03
4.051899999999999773e-03
1.208239999999999965e-03
2.203810000000000057e-03
2.961259999999999847e-03
2.997189999999999837e-03
1.743229999999999910e-03
1.571179999999999929e-03
1.167400000000000078e-03
-5.141850000000000110e-04
1.300429999999999989e-03
2.714559999999999976e-03
3.168830000000000084e-03
2.673299999999999982e-03
1.672730000000000094e-03
2.680070000000000108e-04
-1.213059999999999963e-03
-3.547409999999999973e-04
-3.595949999999999884e-04
-2.352089999999999823e-03
-2.501980000000000003e-03
-2.220150000000000162e-03
-2.016909999999999797e-03
-1.573500000000000029e-03
-1.578350000000000065e-03
3.484369999999999980e-04
1.781379999999999943e-03
7.413040000000000298e-04
1.040439999999999898e-03
1.942280000000000005e-03
3.250569999999999935e-03
2.335729999999999838e-03
-2.874870000000000073e-04
-3.308349999999999833e-03
-4.557949999999999849e-03
-3.211929999999999993e-03
-3.303139999999999982e-03
-2.097669999999999830e-03
-1.485159999999999909e-03
-1.457310000000000072e-03
-1.472479999999999969e-03
-3.298479999999999902e-04
5.653010000000000278e-05
-4.464170000000000052e-04
7.666319999999999472e-04
9.253090000000000273e-04
7.945810000000000416e-04
1.089820000000000025e-03
1.783599999999999986e-03
1.591519999999999914e-03
9.293899999999999904e-04
-1.141789999999999949e-03
-2.102650000000000179e-03
3.232320000000000115e-04
1.360169999999999955e-03
1.643699999999999892e-03
2.269740000000000126e-03
1.759429999999999978e-03
1.274650000000000002e-03
7.370179999999999830e-04
1.233329999999999930e-04
1.088039999999999971e-03
1.710410000000000099e-03
1.289189999999999954e-03
6.397240000000000435e-04
-1.002529999999999958e-03
-1.960200000000000050e-03
-8.660249999999999762e-04
1.257469999999999899e-03
2.720909999999999995e-03
2.555149999999999956e-03
1.417279999999999929e-03
-8.187030000000000522e-04
-1.353089999999999935e-03
-1.365169999999999969e-03
-1.180400000000000069e-03
-6.116609999999999972e-04
4.397700000000000263e-04
7.838689999999999720e-04
-2.915150000000000033e-04
-8.192120000000000435e-04
-1.285590000000000083e-03
-6.937980000000000275e-04
-1.780649999999999941e-03
-1.943709999999999969e-03
-1.201229999999999963e-03
-1.121480000000000003e-03
-1.367979999999999977e-03
-1.375230000000000072e-03
-1.780810000000000075e-03
-2.426690000000000010e-03
-1.614189999999999939e-03
-2.295970000000000042e-03
-2.176169999999999841e-03
-1.039619999999999997e-03
-1.203340000000000009e-03
-1.706400000000000061e-03
-2.117990000000000150e-03
-1.992920000000000021e-03
-2.100830000000000145e-03
-1.810790000000000056e-03
-9.914060000000000147e-04
-1.898400000000000120e-04
-4.506440000000000174e-05
-6.552220000000000093e-04
-1.980800000000000009e-04
-7.040480000000000056e-05
1.150130000000000049e-04
-2.631360000000000231e-04
-5.566160000000000118e-04
-6.295909999999999831e-04
-4.656999999999999898e-04
5.333719999999999477e-04
-3.486660000000000258e-04
1.841760000000000066e-04
9.447960000000000256e-04
3.202729999999999878e-04
-7.809289999999999765e-04
-9.362360000000000126e-04
9.297229999999999668e-07
4.462579999999999954e-04
1.781709999999999989e-04
-4.252589999999999886e-05
5.013450000000000458e-04
6.499659999999999769e-04
1.406400000000000087e-04
-3.439690000000000266e-05
8.218970000000000355e-04
5.617390000000000100e-04
-3.470120000000000040e-04
-3.386609999999999751e-04
-5.623520000000000124e-04
-4.823019999999999911e-04
-6.877129999999999528e-04
-4.264110000000000209e-04
4.434919999999999748e-04
1.028889999999999970e-04
-1.829049999999999979e-04
-1.118730000000000072e-03
-1.339499999999999979e-03
5.517420000000000310e-04
1.127629999999999908e-03
3.839679999999999938e-04
2.503790000000000095e-04
3.613980000000000252e-04
-4.959669999999999899e-05
-5.225969999999999704e-04
-6.291410000000000535e-04
-3.317479999999999957e-05
3.082280000000000176e-04
-1.884660000000000079e-04
-4.821229999999999917e-04
2.113169999999999963e-05
2.515320000000000000e-06
-4.163309999999999955e-05
2.219710000000000064e-04
4.091119999999999956e-04
1.751549999999999993e-04
-5.288509999999999956e-04
-4.069230000000000069e-04
1.118650000000000005e-04
4.746490000000000019e-04
6.730420000000000521e-05
-5.539600000000000291e-05
5.325739999999999598e-04
7.135520000000000014e-04
2.992469999999999896e-04
1.129960000000000003e-04
1.111899999999999976e-04
2.192809999999999898e-04
1.646069999999999912e-04
3.412879999999999755e-05
3.105510000000000020e-05
4.513940000000000357e-06
9.881539999999999584e-05
-5.601700000000000255e-05
-2.812900000000000122e-04
-1.647580000000000106e-04
-5.783360000000000139e-05
-6.619009999999999499e-05
-1.599639999999999884e-04
-7.319710000000000430e-05
1.470940000000000116e-04
1.640719999999999971e-04
8.641799999999999829e-05
8.176760000000000636e-05
8.042879999999999810e-05
3.881940000000000309e-05
4.453580000000000142e-05
1.041160000000000040e-04
4.641279999999999717e-05
4.471490000000000111e-05
2.156589999999999964e-05
-6.247500000000000069e-05
1.896139999999999984e-06
4.192559999999999717e-05
1.191929999999999954e-04
8.707370000000000626e-05
4.804149999999999735e-05
2.372520000000000114e-05
2.455330000000000088e-05
4.404090000000000045e-05
6.072580000000000057e-05
6.806460000000000559e-05
5.869300000000000201e-05
6.544289999999999645e-05
5.424989999999999706e-05
6.480540000000000129e-05
7.372020000000000612e-05
7.165389999999999509e-05
7.641940000000000224e-05
8.229390000000000164e-05
8.606149999999999586e-05
8.595189999999999948e-05
8.670019999999999366e-05
8.758840000000000321e-05
