3.313840000000000188e-03
8.667599999999999480e-04
8.911620000000000305e-04
1.776470000000000046e-03
2.800999999999999779e-04
1.300099999999999997e-03
2.024320000000000026e-03
2.019260000000000152e-03
2.935290000000000121e-03
4.629100000000000250e-04
-3.833210000000000089e-03
-6.309630000000000100e-03
-8.748270000000000698e-03
-9.164240000000000580e-03
-7.124020000000000005e-03
-3.589479999999999928e-03
-1.301349999999999946e-03
-1.281680000000000102e-03
-2.565539999999999835e-03
-4.553180000000000421e-03
-3.037100000000000043e-03
1.746069999999999957e-03
3.148980000000000008e-03
5.667800000000000182e-04
-3.156780000000000089e-03
-4.473109999999999760e-03
-4.525640000000000045e-03
-4.638330000000000404e-03
-4.747930000000000032e-03
-3.580470000000000094e-03
8.499050000000000560e-05
9.373190000000000428e-04
1.222549999999999982e-03
-3.198470000000000132e-03
-4.364650000000000300e-03
-2.910429999999999875e-03
-4.461109999999999902e-03
-3.568860000000000088e-03
-2.177800000000000135e-03
-1.931170000000000065e-03
-1.055170000000000023e-03
-1.726490000000000012e-03
-7.343760000000000392e-03
-1.054259999999999919e-02
-1.146070000000000075e-02
-3.438440000000000073e-03
1.691089999999999911e-03
1.061740000000000036e-03
2.069800000000000004e-04
-2.507210000000000168e-03
-3.352739999999999887e-03
-5.519149999999999577e-03
6.397049999999999612e-04
4.206760000000000360e-03
3.798900000000000020e-03
4.858849999999999628e-03
-3.322390000000000152e-03
-7.486839999999999815e-03
-9.262430000000000316e-03
-3.741940000000000023e-03
6.005459999999999791e-03
5.918040000000000279e-03
1.068259999999999913e-03
-5.560380000000000184e-03
-7.262389999999999644e-03
1.932270000000000038e-03
7.993520000000000486e-03
3.797669999999999952e-03
2.843410000000000208e-03
-1.038239999999999953e-03
-1.290700000000000094e-03
3.163140000000000049e-03
7.402800000000000179e-03
8.846659999999999247e-03
-1.961559999999999901e-05
-1.172959999999999975e-02
-1.775519999999999876e-02
-9.876029999999999184e-03
-1.148240000000000025e-03
7.428610000000000421e-03
1.722440000000000082e-02
2.993060000000000078e-03
-1.311610000000000033e-02
-9.750309999999999880e-03
4.933390000000000171e-03
1.060640000000000020e-02
9.460790000000000172e-03
-1.079829999999999993e-04
-1.122510000000000001e-02
-8.582390000000000504e-03
-1.169959999999999924e-02
-1.200670000000000036e-02
-4.389389999999999958e-03
3.649200000000000013e-03
4.504649999999999909e-04
-6.645660000000000282e-03
-1.098879999999999996e-02
-7.701279999999999584e-03
-2.066730000000000129e-03
-2.333870000000000042e-03
-2.174639999999999820e-03
-7.484629999999999929e-03
-4.652950000000000315e-03
6.346899999999999938e-03
4.388699999999999719e-03
2.042920000000000152e-03
-1.242269999999999963e-03
2.451479999999999914e-04
-6.538590000000000374e-03
-1.713100000000000039e-02
-1.782629999999999978e-02
-1.094000000000000007e-02
7.055230000000000008e-03
1.420680000000000033e-02
6.410350000000000423e-03
-1.694520000000000054e-02
-2.250479999999999842e-02
-2.095390000000000100e-02
-1.419079999999999994e-02
3.852430000000000004e-03
3.401089999999999842e-03
5.252269999999999639e-04
-1.198660000000000003e-02
-2.130369999999999833e-02
-1.983630000000000115e-02
-6.952090000000000179e-03
8.477059999999999804e-03
1.404999999999999999e-02
2.290050000000000072e-03
-2.285229999999999900e-02
-2.069429999999999881e-02
-7.432499999999999871e-03
1.293459999999999922e-02
1.827710000000000098e-02
-6.951319999999999982e-04
-8.519759999999999486e-03
-7.260260000000000151e-03
4.313860000000000199e-04
4.539790000000000145e-03
7.457870000000000124e-03
3.938760000000000351e-03
1.071429999999999952e-03
-5.433050000000000032e-04
-9.873309999999999725e-03
-4.450009999999999903e-03
-5.189549999999999805e-04
-2.545700000000000133e-03
-2.717049999999999934e-03
-9.764200000000000657e-03
-7.959769999999999693e-03
7.837410000000000166e-04
3.401149999999999920e-03
4.259129999999999860e-04
-7.106659999999999887e-03
-1.488300000000000040e-02
-8.626160000000000772e-03
1.958549999999999874e-03
3.248029999999999841e-03
7.951470000000000413e-03
8.320940000000000628e-03
8.040689999999999643e-03
1.277960000000000077e-04
-7.311800000000000244e-03
-1.295619999999999931e-02
-1.124430000000000048e-02
-7.012319999999999838e-04
7.824289999999999370e-03
8.856899999999999148e-03
-2.262750000000000004e-03
-7.031860000000000020e-03
-1.143579999999999944e-02
-9.923700000000000576e-03
-4.271419999999999731e-03
-7.372759999999999904e-03
-4.313280000000000065e-03
6.441099999999999950e-03
3.121529999999999964e-03
-4.140320000000000285e-03
-1.183969999999999988e-02
-1.302030000000000028e-02
-4.550649999999999834e-03
7.025950000000000424e-03
6.578810000000000040e-03
5.860449999999999769e-05
-4.759199999999999889e-03
-4.585119999999999821e-03
-5.758129999999999976e-04
-5.690390000000000031e-03
-3.316110000000000151e-03
-2.088299999999999965e-03
-4.804809999999999637e-03
-7.956839999999999746e-03
-1.481550000000000054e-02
-1.867030000000000078e-02
-1.046769999999999992e-02
3.703039999999999891e-03
7.755360000000000205e-03
2.537919999999999933e-03
-2.129709999999999936e-03
-6.738169999999999923e-03
-4.200490000000000300e-03
1.202380000000000072e-03
1.002410000000000020e-03
1.962199999999999882e-03
3.542159999999999927e-03
3.717600000000000158e-03
2.145799999999999791e-03
3.951230000000000020e-03
-1.231340000000000039e-03
-1.226359999999999950e-02
-2.005120000000000166e-02
-2.245020000000000002e-02
-1.026209999999999969e-02
8.258190000000000322e-03
1.522800000000000022e-02
1.325340000000000025e-02
5.890229999999999771e-03
-6.792259999999999617e-03
-1.164010000000000045e-02
-1.050560000000000035e-02
2.117280000000000030e-04
1.473780000000000055e-02
2.024400000000000158e-02
2.402139999999999831e-02
2.977240000000000095e-02
3.476159999999999667e-02
3.735879999999999757e-02
3.841889999999999888e-02
3.570609999999999756e-02
3.086049999999999904e-02
2.559969999999999954e-02
1.556429999999999966e-02
1.259449999999999979e-02
1.696049999999999988e-02
1.875009999999999871e-02
1.351690000000000010e-02
6.898790000000000130e-04
-1.301429999999999948e-02
-2.075770000000000046e-02
-1.984829999999999928e-02
-1.694690000000000085e-02
-1.098550000000000047e-02
-6.260260000000000130e-03
-1.189249999999999986e-03
8.632930000000000464e-03
1.674250000000000044e-02
1.927480000000000165e-02
1.243739999999999950e-02
-4.024759999999999623e-03
-2.534919999999999882e-02
-3.526499999999999774e-02
-3.127100000000000019e-02
-1.474420000000000071e-02
8.834830000000000114e-03
1.910999999999999852e-02
1.912710000000000105e-02
1.101180000000000041e-02
-5.183019999999999988e-03
-1.737119999999999984e-02
-2.393620000000000123e-02
-2.703610000000000041e-02
-2.233409999999999909e-02
-7.153589999999999602e-03
6.204180000000000111e-03
9.246709999999999999e-03
1.013089999999999997e-02
1.693630000000000135e-02
2.220650000000000054e-02
2.505730000000000110e-02
3.691989999999999855e-02
4.727889999999999870e-02
5.441889999999999922e-02
6.848160000000000358e-02
8.158659999999999524e-02
9.352359999999999840e-02
1.019240000000000007e-01
9.954979999999999385e-02
8.332169999999999854e-02
6.571040000000000214e-02
6.210990000000000261e-02
6.868689999999999518e-02
8.694200000000000539e-02
1.030080000000000023e-01
1.072850000000000054e-01
1.016110000000000069e-01
7.602440000000000586e-02
3.670260000000000189e-02
1.123230000000000062e-02
6.490519999999999623e-03
1.536060000000000030e-02
2.776920000000000083e-02
2.678099999999999925e-02
1.755740000000000078e-02
1.095619999999999927e-02
1.245789999999999918e-02
2.101400000000000143e-02
3.519939999999999874e-02
5.018650000000000194e-02
5.861000000000000237e-02
6.009550000000000308e-02
5.324450000000000016e-02
2.987770000000000009e-02
-1.769580000000000111e-02
-6.971750000000000169e-02
-9.804140000000000077e-02
-9.959450000000000247e-02
-6.195099999999999912e-02
-2.117089999999999944e-02
-8.707130000000000425e-03
-2.052949999999999914e-02
-5.042730000000000129e-02
-6.382649999999999435e-02
-5.691349999999999881e-02
-3.080400000000000152e-02
-9.364149999999999904e-03
1.054660000000000016e-03
9.207039999999999669e-03
9.669650000000000120e-03
1.453459999999999995e-02
2.120500000000000163e-02
3.232759999999999800e-02
5.214379999999999710e-02
7.092360000000000331e-02
7.538770000000000193e-02
5.567590000000000039e-02
9.970299999999999649e-03
-4.173690000000000039e-02
-5.599590000000000123e-02
-3.917940000000000311e-02
-1.606660000000000033e-02
-8.661689999999999667e-03
-3.318179999999999741e-02
-6.847200000000000508e-02
-9.223119999999999929e-02
-9.878699999999999981e-02
-9.429719999999999769e-02
-8.080900000000000583e-02
-6.474620000000000375e-02
-5.568680000000000158e-02
-5.514340000000000214e-02
-6.975399999999999656e-02
-9.712590000000000112e-02
-1.159860000000000058e-01
-1.161090000000000039e-01
-8.529950000000000032e-02
-3.567669999999999869e-02
-5.171689999999999621e-03
-6.569209999999999806e-03
-2.570350000000000065e-02
-4.722250000000000059e-02
-4.778059999999999946e-02
-2.573129999999999862e-02
-7.430350000000000442e-05
1.555819999999999946e-02
1.921070000000000069e-02
1.353850000000000019e-02
-3.964750000000000392e-03
-1.379039999999999953e-02
-1.257759999999999954e-02
-6.283229999999999892e-03
1.623829999999999935e-03
7.396029999999999618e-03
1.229210000000000025e-02
1.774200000000000083e-02
2.483209999999999931e-02
3.262290000000000328e-02
3.793819999999999831e-02
3.542399999999999716e-02
3.244260000000000199e-02
3.509980000000000044e-02
4.570280000000000176e-02
5.930570000000000286e-02
6.521879999999999344e-02
5.800339999999999663e-02
3.721499999999999808e-02
1.654589999999999880e-02
-2.704409999999999974e-03
-1.321740000000000068e-02
-9.260579999999999160e-03
-2.413109999999999995e-03
5.391130000000000054e-03
1.707240000000000146e-02
2.302739999999999995e-02
2.177810000000000162e-02
8.836649999999999713e-03
-1.083280000000000007e-02
-1.853859999999999883e-02
-1.745100000000000123e-02
-7.908580000000000124e-03
8.159790000000000099e-03
2.135789999999999911e-02
2.358280000000000098e-02
2.332609999999999892e-02
1.834579999999999891e-02
9.204930000000000057e-03
1.038239999999999996e-02
1.415570000000000023e-02
1.874920000000000059e-02
1.572930000000000161e-02
9.255809999999999732e-03
4.015460000000000210e-03
9.640350000000000221e-04
6.004279999999999860e-03
7.885599999999999554e-03
8.990710000000000715e-03
6.095390000000000010e-03
6.665009999999999858e-03
1.258349999999999920e-02
2.451800000000000160e-02
4.025299999999999712e-02
4.226599999999999802e-02
3.948600000000000027e-02
2.581539999999999876e-02
4.071599999999999872e-03
-6.475680000000000151e-03
-9.580019999999999855e-03
-2.272179999999999946e-03
1.303759999999999988e-02
1.822079999999999880e-02
1.691060000000000133e-02
5.227120000000000030e-03
-1.292319999999999927e-02
-2.218519999999999867e-02
-2.146450000000000094e-02
-1.052939999999999952e-02
1.181809999999999935e-03
1.933340000000000058e-02
3.287650000000000294e-02
3.952859999999999707e-02
4.260660000000000142e-02
3.521939999999999793e-02
2.096659999999999843e-02
-3.302559999999999957e-03
-2.862850000000000117e-02
-5.006410000000000027e-02
-6.163729999999999903e-02
-6.061149999999999871e-02
-5.908069999999999988e-02
-5.930749999999999911e-02
-5.913329999999999975e-02
-5.887760000000000216e-02
-5.351360000000000144e-02
-4.697869999999999824e-02
-3.849160000000000081e-02
-2.880589999999999887e-02
-2.164670000000000136e-02
-2.020059999999999911e-02
-1.858310000000000170e-02
-1.476539999999999971e-02
-1.297249999999999966e-02
-8.920189999999999717e-03
-6.725329999999999850e-03
-5.211819999999999821e-03
-4.811130000000000267e-03
-3.340440000000000076e-03
-1.380149999999999910e-03
-4.372970000000000329e-03
-1.141930000000000028e-02
-1.809530000000000166e-02
-2.297410000000000077e-02
-2.596379999999999869e-02
-2.578340000000000146e-02
-2.795910000000000062e-02
-3.321430000000000216e-02
-3.760539999999999716e-02
-3.469749999999999918e-02
-2.215670000000000139e-02
-5.131909999999999944e-03
1.423890000000000051e-02
2.259569999999999981e-02
2.517010000000000081e-02
2.184490000000000043e-02
6.805979999999999669e-03
-1.169169999999999932e-02
-3.761910000000000254e-02
-5.091380000000000211e-02
-5.260909999999999892e-02
-4.857899999999999718e-02
-3.131140000000000312e-02
-2.144700000000000079e-02
-1.322369999999999969e-02
-7.687120000000000411e-03
-8.843760000000000857e-03
-1.109480000000000015e-02
-1.415789999999999930e-02
-1.822040000000000118e-02
-2.027670000000000167e-02
-1.517660000000000016e-02
-1.072320000000000044e-02
-1.145550000000000040e-02
-1.685630000000000114e-02
-2.496009999999999895e-02
-3.178070000000000200e-02
-2.631139999999999868e-02
-1.412730000000000062e-02
-2.382930000000000118e-03
7.576480000000000020e-03
9.832860000000000558e-03
1.041949999999999994e-02
7.936989999999999670e-03
4.412020000000000004e-03
2.823169999999999941e-05
-7.498560000000000251e-04
1.463719999999999952e-03
7.907079999999999925e-04
4.874980000000000112e-03
9.088799999999999310e-03
2.387289999999999898e-02
3.667310000000000014e-02
3.402940000000000131e-02
1.912640000000000173e-02
5.669809999999999954e-03
1.334029999999999938e-03
4.147429999999999693e-03
9.959630000000000566e-03
9.980279999999999360e-03
7.955840000000000481e-03
1.781019999999999912e-03
5.340069999999999713e-03
6.114520000000000025e-03
9.311610000000000113e-04
-1.064249999999999918e-02
-2.806070000000000092e-02
-2.499639999999999848e-02
-1.054159999999999993e-02
1.490149999999999982e-02
3.674820000000000170e-02
3.991660000000000347e-02
4.182129999999999875e-02
4.526009999999999756e-02
4.709839999999999860e-02
4.456920000000000326e-02
4.711239999999999872e-02
4.546750000000000097e-02
4.916129999999999806e-02
5.418919999999999987e-02
4.569399999999999851e-02
2.841250000000000026e-02
4.318439999999999779e-03
-1.502319999999999914e-03
-1.399929999999999968e-03
5.754740000000000376e-03
6.806760000000000241e-03
-1.826120000000000087e-03
-1.203510000000000083e-03
-9.093330000000000163e-04
1.674930000000000169e-02
3.441099999999999715e-02
4.813560000000000061e-02
5.475789999999999824e-02
4.223470000000000002e-02
1.801830000000000098e-02
-1.625530000000000030e-02
-3.412620000000000237e-02
-3.650339999999999835e-02
-2.277579999999999882e-02
-1.360959999999999948e-02
-2.401719999999999897e-02
-4.288469999999999782e-02
-6.022829999999999850e-02
-6.779010000000000591e-02
-6.515079999999999483e-02
-5.343259999999999676e-02
-4.204170000000000129e-02
-3.519599999999999812e-02
-2.481500000000000025e-02
-1.463279999999999963e-02
-9.311969999999999276e-03
-4.440949999999999932e-03
-6.512040000000000189e-03
-7.480510000000000111e-03
-9.558729999999999657e-03
-1.050880000000000043e-02
-1.157620000000000003e-02
-2.086790000000000173e-02
-3.293600000000000000e-02
-4.473680000000000018e-02
-4.597149999999999848e-02
-4.361269999999999730e-02
-3.714939999999999909e-02
-2.119700000000000056e-02
-1.034769999999999961e-02
1.377760000000000009e-03
5.082989999999999904e-03
6.671719999999999907e-03
-3.075439999999999814e-04
-3.139489999999999989e-03
1.247020000000000073e-02
2.088069999999999857e-02
3.722170000000000339e-02
5.496829999999999772e-02
5.435380000000000073e-02
4.312320000000000042e-02
2.540850000000000053e-02
1.216440000000000056e-02
9.280500000000000554e-03
8.825200000000000058e-03
2.640860000000000082e-02
3.437339999999999840e-02
2.791439999999999894e-02
2.121670000000000153e-02
-2.478259999999999925e-03
-1.758989999999999859e-02
-1.922230000000000119e-02
-8.368810000000000832e-03
1.381989999999999955e-02
1.868090000000000028e-02
1.270540000000000037e-02
4.445089999999999632e-03
-5.698120000000000095e-03
-5.827999999999999847e-03
-7.552129999999999781e-03
-1.702319999999999875e-02
-2.752740000000000048e-02
-3.251760000000000067e-02
-3.377150000000000291e-02
-3.205410000000000204e-02
-2.958910000000000012e-02
-2.435779999999999890e-02
-1.741289999999999852e-02
-5.143649999999999611e-03
1.779179999999999998e-02
3.241730000000000306e-02
3.122149999999999925e-02
1.270010000000000062e-02
-1.523290000000000061e-02
-3.156439999999999940e-02
-2.301200000000000120e-02
3.480210000000000074e-03
2.545990000000000059e-02
2.532600000000000129e-02
1.650480000000000003e-02
9.336999999999999814e-03
1.120130000000000084e-02
1.468230000000000056e-02
1.917819999999999941e-02
1.923000000000000057e-02
9.086850000000000482e-03
-3.851130000000000243e-04
-8.215899999999999939e-03
-7.283849999999999700e-03
-2.188170000000000132e-03
6.052169999999999946e-03
1.798800000000000052e-02
2.552050000000000152e-02
2.722569999999999851e-02
2.563529999999999975e-02
2.370420000000000166e-02
1.881920000000000120e-02
1.793669999999999987e-02
1.529359999999999921e-02
4.339649999999999584e-03
-4.932360000000000216e-03
-1.845569999999999850e-02
-2.933830000000000118e-02
-3.952930000000000332e-02
-4.547310000000000241e-02
-4.377289999999999653e-02
-3.134030000000000149e-02
-9.926650000000000404e-03
7.369299999999999636e-03
1.685209999999999833e-02
1.892349999999999935e-02
1.624679999999999874e-02
8.062170000000000447e-03
7.707030000000000131e-03
1.788850000000000162e-02
3.617900000000000282e-02
5.892170000000000046e-02
7.263139999999999874e-02
7.498939999999999773e-02
6.461790000000000589e-02
4.349360000000000032e-02
1.629310000000000133e-02
2.558609999999999791e-03
9.158869999999999512e-03
2.661300000000000124e-02
3.567349999999999688e-02
3.042030000000000081e-02
1.080659999999999954e-02
-7.178200000000000032e-03
-1.484060000000000067e-02
-1.799560000000000048e-02
-1.778360000000000010e-02
-2.405159999999999937e-02
-3.065009999999999957e-02
-3.295139999999999875e-02
-3.080650000000000055e-02
-2.725189999999999904e-02
-2.334129999999999885e-02
-1.830060000000000020e-02
-1.493169999999999914e-02
-1.635680000000000120e-02
-1.921490000000000004e-02
-1.575829999999999939e-02
-2.578959999999999933e-03
1.055140000000000071e-02
1.228319999999999933e-02
8.325499999999999567e-03
2.039130000000000109e-03
-1.954280000000000080e-03
-2.144119999999999793e-03
-4.393320000000000038e-03
-4.811629999999999900e-03
-4.860699999999999917e-03
-4.280429999999999999e-03
-1.799889999999999953e-03
-4.761050000000000178e-03
-7.652850000000000104e-03
-8.858599999999999461e-03
-1.576510000000000064e-02
-1.888849999999999904e-02
-1.548989999999999916e-02
-5.866299999999999640e-03
4.949679999999999705e-03
1.468960000000000057e-02
2.061059999999999975e-02
2.420699999999999935e-02
2.396720000000000100e-02
2.591939999999999869e-02
2.793690000000000062e-02
3.009720000000000104e-02
3.097329999999999875e-02
2.945340000000000111e-02
2.232659999999999853e-02
7.503830000000000396e-03
-3.165919999999999802e-04
-1.399910000000000087e-03
4.554769999999999652e-03
1.043089999999999989e-02
1.496779999999999985e-02
1.833270000000000038e-02
2.120899999999999869e-02
1.905060000000000087e-02
1.583959999999999882e-02
1.070379999999999943e-02
1.190220000000000080e-03
-6.280329999999999767e-03
-1.283390000000000052e-02
-1.839500000000000163e-02
-2.139490000000000142e-02
-2.488229999999999956e-02
-2.552499999999999908e-02
-2.128700000000000037e-02
-2.012419999999999834e-02
-2.044150000000000134e-02
-2.176049999999999859e-02
-1.838330000000000172e-02
-9.310459999999999570e-03
-5.320280000000000148e-03
-5.192849999999999723e-03
-9.191309999999999411e-03
-1.204739999999999978e-02
-1.087340000000000008e-02
-1.266759999999999935e-02
-1.665180000000000132e-02
-2.623779999999999862e-02
-3.763029999999999847e-02
-4.240700000000000025e-02
-4.224900000000000183e-02
-3.907990000000000075e-02
-2.836079999999999851e-02
-1.893600000000000144e-02
-1.727650000000000019e-02
-1.672879999999999853e-02
-1.856079999999999883e-02
-1.954310000000000075e-02
-1.885260000000000061e-02
-1.834269999999999998e-02
-1.532359999999999972e-02
-1.188009999999999934e-02
-8.265259999999999968e-03
-1.266560000000000082e-02
-2.044930000000000012e-02
-2.719049999999999939e-02
-2.773010000000000058e-02
-2.305039999999999867e-02
-1.753640000000000060e-02
-1.205589999999999960e-02
-7.094719999999999673e-03
1.454860000000000094e-03
7.771669999999999620e-03
1.190470000000000070e-02
1.279809999999999975e-02
9.235210000000000641e-03
3.876080000000000064e-03
-1.015889999999999979e-03
-6.372980000000000311e-03
-6.905480000000000299e-03
-2.836749999999999862e-03
1.991880000000000126e-03
1.677660000000000089e-03
-1.032169999999999963e-02
-2.143050000000000163e-02
-2.242509999999999989e-02
-1.634089999999999848e-02
-9.844520000000000701e-03
-6.787640000000000166e-03
-8.396229999999999319e-03
-1.163989999999999990e-02
-1.050770000000000003e-02
-7.930249999999999799e-03
-3.247490000000000012e-03
-8.026059999999999792e-04
-2.865100000000000199e-03
-1.284180000000000044e-02
-2.266539999999999874e-02
-2.039909999999999987e-02
-8.616089999999999860e-03
3.779910000000000041e-03
8.980830000000000410e-03
9.257190000000000210e-03
7.783240000000000297e-03
1.354520000000000030e-02
2.291069999999999912e-02
2.576670000000000002e-02
2.492209999999999911e-02
2.249030000000000126e-02
1.851840000000000083e-02
1.465759999999999980e-02
8.045909999999999868e-03
-1.613559999999999994e-03
-9.632860000000000034e-03
-1.505120000000000069e-02
-1.997480000000000089e-02
-2.114780000000000132e-02
-2.038289999999999894e-02
-1.475150000000000072e-02
-2.457560000000000126e-03
9.844590000000000285e-03
1.669990000000000016e-02
1.732310000000000100e-02
1.312370000000000030e-02
9.661720000000000377e-03
1.340299999999999998e-02
2.535019999999999982e-02
4.331949999999999690e-02
5.300939999999999819e-02
5.493610000000000160e-02
5.207289999999999836e-02
3.996439999999999715e-02
1.987130000000000146e-02
5.057779999999999568e-03
5.500380000000000026e-03
2.513429999999999831e-02
5.583620000000000250e-02
7.326489999999999392e-02
7.929909999999999737e-02
8.143690000000000651e-02
8.573210000000000552e-02
8.820749999999999424e-02
8.479549999999999588e-02
6.032869999999999899e-02
2.103210000000000149e-02
-1.025240000000000005e-02
-2.599109999999999962e-02
-2.400530000000000025e-02
-1.739979999999999999e-02
-1.419819999999999936e-02
-1.550690000000000054e-02
-1.240519999999999991e-02
4.236010000000000122e-03
2.419220000000000051e-02
3.380459999999999715e-02
3.475000000000000311e-02
3.024359999999999896e-02
1.893059999999999882e-02
7.367889999999999552e-04
-1.786199999999999941e-02
-3.971659999999999774e-02
-5.486169999999999936e-02
-5.912739999999999663e-02
-6.006600000000000134e-02
-4.863800000000000068e-02
-3.018430000000000071e-02
-1.498939999999999995e-02
-7.585209999999999566e-04
3.143879999999999938e-03
1.195560000000000025e-03
-7.976419999999999908e-04
-1.374070000000000022e-03
-1.227309999999999903e-03
-6.060199999999999962e-03
-1.588600000000000081e-02
-2.889829999999999829e-02
-3.444509999999999933e-02
-2.767040000000000124e-02
-1.801010000000000111e-02
-1.450249999999999977e-02
-2.026769999999999960e-02
-2.459669999999999912e-02
-1.923880000000000035e-02
1.194750000000000065e-03
3.399270000000000069e-02
5.844499999999999695e-02
6.572359999999999314e-02
5.382619999999999766e-02
2.426129999999999953e-02
1.315250000000000013e-03
-7.781259999999999913e-03
-1.085119999999999965e-03
1.478589999999999939e-02
2.091700000000000156e-02
1.587090000000000029e-02
4.882280000000000127e-03
-1.612230000000000087e-03
3.808909999999999987e-03
2.406700000000000159e-02
3.857429999999999887e-02
3.516629999999999756e-02
2.545880000000000018e-02
1.766070000000000140e-02
1.173940000000000053e-02
7.226759999999999608e-03
9.321620000000000513e-04
-7.326960000000000417e-03
-1.077780000000000057e-02
-6.897900000000000212e-03
-3.719759999999999907e-03
-2.466369999999999847e-03
-5.156299999999999946e-03
-1.080530000000000032e-02
-1.512409999999999970e-02
-1.112490000000000007e-02
-1.650310000000000102e-03
2.028309999999999965e-04
-5.007529999999999620e-03
-8.469610000000000680e-03
-9.666930000000000228e-04
7.709220000000000135e-03
9.477690000000000420e-03
-2.242319999999999904e-03
-1.568610000000000143e-02
-1.945830000000000129e-02
-1.837319999999999925e-02
-1.967189999999999911e-02
-2.643169999999999895e-02
-3.256919999999999954e-02
-3.190649999999999736e-02
-2.267359999999999862e-02
-1.347959999999999957e-02
-9.433479999999999296e-03
-1.064750000000000071e-02
-1.195230000000000077e-02
-9.690199999999999508e-03
-6.409100000000000040e-03
-5.930959999999999878e-03
-1.124129999999999921e-02
-2.100399999999999837e-02
-3.054120000000000099e-02
-3.435930000000000234e-02
-3.557029999999999914e-02
-3.745860000000000162e-02
-4.038629999999999998e-02
-4.235509999999999969e-02
-3.867620000000000086e-02
-3.052869999999999889e-02
-2.315439999999999859e-02
-2.147469999999999934e-02
-2.199210000000000054e-02
-1.755850000000000119e-02
-7.947279999999999275e-03
-2.804720000000000130e-03
-5.592650000000000225e-03
-8.979330000000000644e-03
-6.324559999999999904e-03
3.888420000000000071e-03
1.145760000000000008e-02
1.711009999999999961e-02
2.311759999999999857e-02
2.679439999999999947e-02
2.663700000000000095e-02
2.121539999999999884e-02
1.591319999999999887e-02
1.334040000000000052e-02
1.209469999999999990e-02
1.382940000000000037e-02
1.492970000000000061e-02
1.027409999999999955e-02
3.055249999999999806e-03
-2.899829999999999942e-03
-2.873629999999999848e-03
6.961909999999999973e-03
1.646490000000000106e-02
1.754270000000000135e-02
1.062070000000000028e-02
4.598269999999999788e-03
3.630979999999999798e-03
3.557199999999999945e-03
1.929960000000000096e-03
-1.071219999999999898e-03
-2.903489999999999890e-03
-1.663509999999999989e-03
4.472460000000000151e-03
1.454659999999999981e-02
2.468810000000000102e-02
2.826489999999999905e-02
2.526370000000000005e-02
1.448200000000000008e-02
2.855640000000000001e-03
-5.324109999999999954e-03
-8.282480000000000050e-03
-7.986029999999999865e-03
-9.093109999999999735e-03
-1.004509999999999952e-02
-1.201409999999999978e-02
-1.301719999999999960e-02
-1.092249999999999992e-02
-6.323689999999999867e-03
-2.163500000000000058e-03
-1.336670000000000089e-03
-3.112890000000000101e-03
-5.729589999999999683e-03
-6.636770000000000169e-03
-7.601069999999999702e-03
-1.049519999999999967e-02
-1.605569999999999914e-02
-2.461790000000000159e-02
-2.946230000000000029e-02
-2.817959999999999909e-02
-2.449370000000000019e-02
-1.950129999999999919e-02
-1.548390000000000009e-02
-1.214789999999999967e-02
-9.293380000000000390e-03
-6.201169999999999773e-03
-1.480030000000000017e-03
3.180930000000000216e-03
9.216850000000000390e-03
1.502730000000000038e-02
1.818070000000000103e-02
1.891160000000000063e-02
1.734549999999999981e-02
1.324660000000000074e-02
7.188410000000000112e-03
3.659760000000000183e-03
4.975099999999999661e-03
1.100690000000000002e-02
1.881659999999999930e-02
2.312360000000000110e-02
2.233769999999999853e-02
1.934659999999999852e-02
1.454189999999999997e-02
1.070109999999999985e-02
1.044050000000000013e-02
1.226170000000000038e-02
1.457559999999999932e-02
1.577160000000000020e-02
1.416249999999999974e-02
8.386799999999999811e-03
2.535570000000000011e-03
-6.769179999999999859e-04
-4.764899999999999865e-04
1.031580000000000040e-03
2.479460000000000171e-03
2.401420000000000030e-03
1.564489999999999978e-03
8.448649999999999823e-04
-1.040630000000000071e-03
-4.405120000000000216e-03
-9.215970000000000412e-03
-9.991709999999999134e-03
-1.011060000000000084e-02
-9.894879999999999995e-03
-1.096540000000000015e-02
-1.478280000000000045e-02
-1.972830000000000070e-02
-2.421480000000000160e-02
-2.533430000000000057e-02
-2.684550000000000131e-02
-2.810170000000000029e-02
-2.842360000000000025e-02
-2.689110000000000111e-02
-2.248730000000000173e-02
-1.858030000000000098e-02
-1.862369999999999998e-02
-1.985740000000000074e-02
-1.864729999999999860e-02
-1.559810000000000016e-02
-9.765289999999999387e-03
-5.080000000000000314e-03
-3.117099999999999819e-03
-2.194610000000000050e-03
-6.335930000000000034e-04
6.219180000000000368e-03
1.377369999999999983e-02
1.635059999999999986e-02
1.308289999999999974e-02
6.318709999999999952e-03
1.415969999999999902e-03
7.329609999999999641e-04
7.415370000000000121e-03
1.388559999999999968e-02
1.558630000000000085e-02
1.531740000000000011e-02
1.159480000000000059e-02
8.296509999999999996e-03
8.009240000000000803e-03
1.136239999999999993e-02
1.248570000000000062e-02
1.156809999999999956e-02
9.066390000000000560e-03
5.401890000000000337e-03
4.256779999999999939e-03
2.880129999999999843e-03
9.292140000000000382e-04
-2.222239999999999892e-03
-4.214980000000000115e-03
-3.499630000000000102e-03
1.441450000000000099e-04
4.785470000000000002e-03
9.907219999999999568e-03
1.254530000000000055e-02
1.318100000000000001e-02
1.386169999999999937e-02
1.447709999999999969e-02
1.493539999999999972e-02
1.475719999999999983e-02
1.467380000000000073e-02
1.144279999999999950e-02
7.149889999999999891e-03
1.738069999999999980e-03
-1.482800000000000047e-03
-2.669790000000000010e-03
-1.940209999999999938e-03
3.469139999999999789e-04
1.786409999999999994e-03
2.311989999999999879e-03
2.144979999999999890e-03
1.933089999999999939e-03
-3.137069999999999833e-04
-3.090910000000000098e-03
-4.544150000000000272e-03
-3.023070000000000097e-03
4.757820000000000061e-04
4.303069999999999985e-03
7.056299999999999725e-03
9.110820000000000377e-03
1.129390000000000081e-02
1.396440000000000008e-02
1.568140000000000159e-02
1.677089999999999831e-02
1.578890000000000154e-02
1.436519999999999984e-02
1.506919999999999961e-02
1.834469999999999851e-02
2.137019999999999892e-02
2.114600000000000160e-02
1.772100000000000064e-02
1.454899999999999943e-02
1.286729999999999992e-02
1.362529999999999991e-02
1.702009999999999981e-02
2.252219999999999916e-02
2.541809999999999903e-02
2.422590000000000160e-02
1.994819999999999927e-02
1.504929999999999983e-02
1.181710000000000052e-02
9.360129999999999492e-03
7.825189999999999230e-03
9.218679999999999930e-03
1.037959999999999924e-02
8.784480000000000760e-03
5.677709999999999875e-03
-1.817100000000000095e-03
-6.940410000000000156e-03
-1.139770000000000019e-02
-1.266740000000000053e-02
-1.061100000000000064e-02
-1.097910000000000032e-02
-1.298020000000000077e-02
-1.363900000000000008e-02
-1.359400000000000018e-02
-1.210460000000000008e-02
-7.382930000000000222e-03
-1.677960000000000042e-03
3.852589999999999921e-03
8.933319999999999803e-03
1.441079999999999965e-02
1.602359999999999896e-02
1.362260000000000033e-02
9.375380000000000866e-03
2.750569999999999925e-03
-1.639419999999999940e-03
-5.147119999999999820e-03
-7.539950000000000124e-03
-8.759799999999999878e-03
-1.149539999999999937e-02
-1.569059999999999899e-02
-1.901769999999999849e-02
-2.070069999999999896e-02
-2.332400000000000098e-02
-2.371869999999999881e-02
-2.463459999999999955e-02
-2.597790000000000168e-02
-2.626140000000000072e-02
-2.793620000000000131e-02
-2.899799999999999947e-02
-3.004860000000000170e-02
-3.159689999999999721e-02
-3.244140000000000218e-02
-3.189979999999999899e-02
-3.163959999999999689e-02
-2.998419999999999905e-02
-2.695579999999999851e-02
-2.416300000000000045e-02
-2.143139999999999976e-02
-2.045419999999999877e-02
-2.081739999999999979e-02
-2.176290000000000169e-02
-1.995339999999999961e-02
-1.565820000000000059e-02
-1.020429999999999948e-02
-3.991459999999999626e-03
1.605260000000000064e-03
6.475749999999999736e-03
7.994509999999999811e-03
5.761699999999999808e-03
2.096810000000000167e-03
1.057420000000000050e-04
1.452109999999999946e-03
3.639970000000000185e-03
5.652390000000000192e-03
5.008730000000000300e-03
2.588220000000000017e-03
1.188730000000000038e-03
-1.136929999999999972e-03
-2.672079999999999855e-03
-5.239480000000000352e-03
-7.956829999999999806e-03
-7.602949999999999812e-03
-5.107089999999999894e-03
-3.572060000000000166e-03
-3.211059999999999956e-03
-2.977560000000000189e-03
1.249239999999999986e-03
8.384050000000000530e-03
1.368079999999999991e-02
1.663059999999999886e-02
1.688339999999999980e-02
1.745760000000000020e-02
1.746160000000000073e-02
1.779299999999999979e-02
1.969920000000000004e-02
2.164630000000000026e-02
2.032629999999999854e-02
1.646140000000000103e-02
1.101040000000000005e-02
3.745839999999999847e-03
-2.567690000000000076e-04
-2.826280000000000025e-03
-5.971080000000000138e-03
-9.506529999999999148e-03
-1.265340000000000041e-02
-1.264739999999999961e-02
-9.440669999999999965e-03
-4.993619999999999830e-03
-2.311179999999999918e-03
-2.053269999999999835e-03
-1.873920000000000056e-03
3.246320000000000022e-03
1.175189999999999915e-02
1.984949999999999909e-02
2.420680000000000054e-02
2.296830000000000052e-02
2.010910000000000128e-02
1.810969999999999941e-02
1.810849999999999960e-02
1.923139999999999919e-02
1.879360000000000058e-02
1.701139999999999944e-02
1.486720000000000055e-02
1.362159999999999933e-02
1.353159999999999953e-02
1.537660000000000068e-02
1.597820000000000143e-02
1.547609999999999958e-02
1.249549999999999966e-02
7.630859999999999727e-03
1.817650000000000082e-03
-1.306829999999999927e-03
-3.013520000000000001e-03
-4.850779999999999849e-03
-7.633580000000000053e-03
-1.283789999999999931e-02
-1.593889999999999890e-02
-1.584740000000000107e-02
-1.238979999999999942e-02
-8.247829999999999398e-03
-4.505699999999999636e-03
-2.495540000000000085e-03
-2.279559999999999920e-03
-2.485869999999999833e-03
-1.630359999999999969e-03
5.786909999999999927e-04
4.166780000000000136e-03
6.881739999999999906e-03
6.792720000000000355e-03
5.174709999999999900e-03
2.370450000000000074e-03
-9.836009999999999632e-04
-5.078169999999999906e-03
-8.606650000000000411e-03
-8.779330000000000120e-03
-7.544409999999999658e-03
-5.575100000000000368e-03
-3.902599999999999993e-03
-3.003270000000000158e-03
-3.294290000000000065e-03
-1.707479999999999935e-03
-5.030419999999999857e-05
1.315149999999999956e-03
8.548069999999999627e-04
-8.071019999999999714e-04
-1.058350000000000003e-03
-6.925090000000000065e-04
-1.015169999999999918e-03
-2.207890000000000113e-03
-1.159670000000000015e-03
-3.460579999999999993e-04
1.858829999999999901e-03
3.456820000000000205e-03
4.347939999999999791e-03
4.329229999999999884e-03
2.034880000000000196e-03
-2.486070000000000069e-05
1.040670000000000050e-03
3.276139999999999868e-03
5.891050000000000106e-03
6.807650000000000159e-03
5.053890000000000118e-03
3.229749999999999982e-03
3.679190000000000151e-03
6.128839999999999982e-03
5.983610000000000317e-03
5.751680000000000334e-03
3.712299999999999975e-03
1.873859999999999979e-03
5.219579999999999923e-04
1.041749999999999924e-03
2.821249999999999973e-03
3.346130000000000111e-03
2.638859999999999817e-03
2.261050000000000126e-03
8.356859999999999809e-04
1.273839999999999988e-04
1.135740000000000100e-03
1.623890000000000012e-03
2.351740000000000167e-03
3.568169999999999849e-03
6.353349999999999796e-03
7.686049999999999827e-03
8.744369999999999574e-03
9.079510000000000705e-03
1.081310000000000084e-02
9.502929999999999711e-03
8.756859999999999991e-03
8.464680000000000468e-03
5.055389999999999884e-03
2.499830000000000194e-03
6.888639999999999694e-04
-2.127819999999999885e-03
-3.956130000000000410e-03
-5.341760000000000085e-03
-6.489739999999999918e-03
-6.139330000000000134e-03
-6.109210000000000335e-03
-6.457509999999999639e-03
-5.783779999999999651e-03
-3.809550000000000089e-03
-4.940160000000000081e-04
2.327829999999999917e-03
2.078459999999999856e-03
9.916589999999999867e-04
-7.882179999999999807e-05
-4.261250000000000172e-04
-5.021109999999999636e-04
-2.629320000000000095e-03
-5.553149999999999753e-03
-6.701160000000000276e-03
-6.501759999999999658e-03
-4.514299999999999737e-03
-3.638639999999999843e-03
-3.623860000000000015e-03
-3.754949999999999954e-03
-2.961919999999999831e-03
-1.516090000000000102e-03
-3.864139999999999903e-05
1.999799999999999928e-03
3.844440000000000184e-03
5.989979999999999784e-03
5.715060000000000105e-03
3.510290000000000112e-03
1.625799999999999945e-03
-2.316030000000000172e-03
-6.438400000000000373e-03
-1.051900000000000057e-02
-1.516359999999999930e-02
-1.550580000000000014e-02
-1.706500000000000031e-02
-1.714919999999999986e-02
-1.585019999999999832e-02
-1.592939999999999981e-02
-1.600439999999999849e-02
-1.617330000000000156e-02
-1.847189999999999943e-02
-1.831129999999999911e-02
-1.796210000000000168e-02
-1.820340000000000152e-02
-1.803259999999999932e-02
-1.867169999999999941e-02
-1.750739999999999935e-02
-1.539360000000000034e-02
-1.305940000000000052e-02
-1.225620000000000008e-02
-1.016990000000000081e-02
-9.535049999999999776e-03
-5.273080000000000302e-03
-1.638399999999999926e-03
1.735270000000000074e-04
1.551950000000000074e-03
3.283609999999999958e-04
1.699640000000000092e-03
2.664970000000000012e-03
4.287169999999999870e-03
5.304500000000000187e-03
5.387519999999999809e-03
6.278370000000000131e-03
7.977059999999999360e-03
7.139010000000000321e-03
6.273420000000000038e-03
7.094900000000000338e-03
6.294580000000000140e-03
5.317800000000000131e-03
5.619080000000000255e-03
7.486060000000000110e-03
9.492769999999999334e-03
1.296519999999999964e-02
1.630099999999999952e-02
1.737340000000000065e-02
1.786340000000000150e-02
1.627450000000000077e-02
1.433489999999999938e-02
1.454429999999999959e-02
1.379499999999999997e-02
1.091390000000000068e-02
7.048399999999999804e-03
3.988750000000000108e-03
2.800799999999999991e-03
4.188350000000000406e-03
4.199920000000000216e-03
4.782820000000000127e-04
-4.531620000000000092e-03
-8.136980000000000254e-03
-1.083250000000000011e-02
-1.270899999999999981e-02
-1.286879999999999968e-02
-1.425869999999999915e-02
-1.513049999999999985e-02
-1.646330000000000016e-02
-1.631809999999999858e-02
-1.578840000000000104e-02
-1.575539999999999927e-02
-1.471779999999999963e-02
-1.407180000000000063e-02
-1.311469999999999997e-02
-1.355400000000000008e-02
-1.249600000000000016e-02
-1.104830000000000048e-02
-9.397600000000000744e-03
-9.328950000000000783e-03
-1.142269999999999917e-02
-1.352150000000000053e-02
-1.479010000000000047e-02
-1.449199999999999967e-02
-1.071459999999999947e-02
-5.199180000000000294e-03
-1.375920000000000094e-03
1.166209999999999990e-03
2.729150000000000065e-03
3.364900000000000096e-03
3.315209999999999858e-03
3.222679999999999902e-03
3.860469999999999961e-03
4.307519999999999578e-03
4.651549999999999956e-03
4.967010000000000002e-03
2.894649999999999914e-03
2.390030000000000019e-03
2.518830000000000114e-03
3.942010000000000132e-03
5.203010000000000100e-03
4.559660000000000102e-03
4.071360000000000430e-03
4.543890000000000082e-03
4.314659999999999676e-03
4.315949999999999821e-03
4.137720000000000113e-03
3.264870000000000012e-03
4.613569999999999997e-03
4.970839999999999807e-03
5.857479999999999978e-03
5.433419999999999569e-03
5.014460000000000098e-03
7.105720000000000265e-03
8.116800000000000403e-03
9.667459999999999248e-03
8.514090000000000200e-03
4.792369999999999790e-03
9.625179999999999890e-04
-3.907709999999999895e-04
1.387339999999999927e-03
2.508569999999999897e-03
3.419680000000000029e-03
4.670439999999999661e-03
3.535429999999999996e-03
3.906950000000000180e-03
4.333560000000000190e-03
4.407239999999999769e-03
5.270399999999999738e-03
4.797359999999999645e-03
3.651119999999999886e-03
1.678680000000000103e-03
1.136269999999999988e-03
6.061109999999999979e-04
1.904810000000000053e-03
1.312419999999999906e-03
7.139120000000000318e-04
-7.271159999999999820e-04
-1.905999999999999925e-03
-2.143429999999999988e-03
-1.751530000000000057e-03
2.224019999999999892e-04
9.784489999999999420e-04
1.339759999999999953e-03
5.821210000000000056e-04
-6.018739999999999637e-04
6.570299999999999621e-04
2.771710000000000146e-03
3.721550000000000118e-03
4.715259999999999764e-03
4.635919999999999971e-03
6.418079999999999619e-03
9.255930000000000754e-03
1.040360000000000069e-02
1.085470000000000011e-02
1.026329999999999951e-02
1.038700000000000040e-02
1.049530000000000081e-02
9.955929999999999988e-03
9.018770000000000606e-03
7.678700000000000109e-03
7.732969999999999601e-03
7.937180000000000277e-03
7.440659999999999982e-03
7.626510000000000407e-03
7.716480000000000387e-03
9.543509999999999840e-03
1.000679999999999972e-02
8.279130000000000864e-03
7.805030000000000127e-03
6.206899999999999570e-03
6.116329999999999684e-03
4.860920000000000345e-03
4.404159999999999846e-03
3.516969999999999905e-03
1.996350000000000034e-03
1.594680000000000012e-03
-7.062379999999999830e-04
-1.415950000000000021e-03
-1.487150000000000017e-03
-2.914949999999999920e-03
-4.001039999999999978e-03
-4.387420000000000382e-03
-4.484120000000000293e-03
-5.133659999999999959e-03
-5.536349999999999778e-03
-7.057990000000000097e-03
-7.788109999999999998e-03
-7.253429999999999947e-03
-7.551070000000000004e-03
-5.994349999999999852e-03
-4.365209999999999577e-03
-3.489850000000000070e-03
-3.500870000000000110e-03
-3.231389999999999783e-03
-3.599409999999999936e-03
-5.671849999999999982e-03
-7.251630000000000228e-03
-7.747150000000000390e-03
-9.364670000000000286e-03
-1.043340000000000066e-02
-1.078609999999999985e-02
-1.023209999999999918e-02
-7.812450000000000297e-03
-5.570290000000000311e-03
-3.485209999999999871e-03
-2.321189999999999885e-03
-9.195079999999999790e-04
6.321119999999999951e-04
2.569290000000000115e-03
4.048490000000000075e-03
3.669250000000000202e-03
3.203310000000000012e-03
1.638829999999999974e-03
1.153519999999999893e-03
1.618840000000000079e-03
1.636379999999999996e-03
6.053599999999999910e-04
-1.030520000000000047e-03
6.720380000000000190e-05
8.834059999999999916e-04
1.916869999999999989e-03
3.101290000000000036e-03
3.011740000000000163e-03
3.604560000000000142e-03
3.235519999999999976e-03
3.276530000000000154e-03
3.671470000000000029e-03
5.519920000000000208e-03
5.839389999999999858e-03
3.955649999999999791e-03
2.449320000000000056e-03
6.859470000000000107e-04
9.666549999999999665e-04
2.580499999999999895e-03
3.537470000000000024e-03
3.499939999999999996e-03
3.506270000000000133e-03
1.586839999999999952e-03
2.773750000000000065e-04
-5.822719999999999979e-04
-2.133480000000000099e-03
-2.812589999999999795e-03
-3.981290000000000176e-03
-3.480260000000000211e-03
-3.504520000000000118e-03
-3.563460000000000065e-03
-3.117509999999999986e-03
-3.173389999999999891e-03
-3.970809999999999965e-03
-4.072590000000000064e-03
-4.231490000000000078e-03
-5.588890000000000004e-03
-5.591729999999999617e-03
-5.677180000000000420e-03
-5.657579999999999727e-03
-6.288730000000000188e-03
-5.299110000000000105e-03
-5.354979999999999636e-03
-5.949409999999999595e-03
-5.777820000000000351e-03
-6.012189999999999722e-03
-5.099059999999999877e-03
-3.267930000000000054e-03
-2.014119999999999886e-03
-2.945140000000000171e-03
-3.089750000000000048e-03
-2.599909999999999981e-03
-3.570709999999999943e-03
-3.464389999999999917e-03
-2.956190000000000033e-03
-2.870269999999999853e-03
-2.652770000000000041e-03
-2.768810000000000021e-03
-1.810779999999999898e-03
-1.664670000000000039e-03
-2.078550000000000189e-03
-1.192939999999999973e-03
-1.535410000000000073e-03
-2.428669999999999961e-03
-1.974520000000000008e-03
-2.109929999999999879e-03
-1.972989999999999987e-03
2.722870000000000173e-04
1.674860000000000021e-04
1.561069999999999906e-03
2.227390000000000099e-03
2.813130000000000058e-03
1.411920000000000102e-03
7.797849999999999617e-04
2.863909999999999893e-03
2.929460000000000050e-03
3.878330000000000145e-03
3.918389999999999894e-03
5.001900000000000096e-03
5.192920000000000175e-03
4.160960000000000006e-03
2.301779999999999798e-03
2.060320000000000033e-03
2.252360000000000126e-03
2.621889999999999984e-03
3.393300000000000136e-03
5.249990000000000386e-03
5.551180000000000177e-03
6.140010000000000433e-03
5.560940000000000327e-03
3.446779999999999983e-03
2.899339999999999817e-03
3.159739999999999858e-03
1.764680000000000025e-03
-5.775449999999999735e-05
-2.684800000000000112e-05
-1.754589999999999882e-04
-1.312890000000000096e-04
-5.651629999999999962e-05
3.732179999999999764e-04
-5.486460000000000322e-05
5.360340000000000113e-04
1.923559999999999940e-03
3.444700000000000192e-03
5.838959999999999810e-03
6.325830000000000168e-03
6.193559999999999864e-03
5.810369999999999598e-03
5.044690000000000112e-03
6.367969999999999707e-03
4.399710000000000253e-03
2.733370000000000157e-03
2.043169999999999969e-03
1.653879999999999934e-03
3.027150000000000153e-03
3.493640000000000113e-03
3.595989999999999864e-03
3.222009999999999978e-03
3.587529999999999799e-03
3.275769999999999897e-03
3.408730000000000007e-03
3.590659999999999859e-03
3.170790000000000153e-03
3.548560000000000082e-03
3.872270000000000139e-03
3.366730000000000070e-03
3.633330000000000153e-03
1.523330000000000040e-03
1.314169999999999922e-04
3.072439999999999742e-04
-8.878049999999999744e-04
-1.340290000000000058e-03
-2.349700000000000139e-03
-1.699559999999999916e-03
-2.378480000000000091e-03
-2.740170000000000106e-03
-3.988619999999999904e-04
-5.981190000000000242e-05
1.701019999999999919e-04
-9.264199999999999833e-05
-2.584819999999999826e-04
-2.062440000000000020e-03
-2.121179999999999854e-03
-3.877660000000000004e-04
1.322189999999999997e-03
3.182079999999999891e-03
3.509940000000000022e-03
3.781699999999999819e-03
3.585280000000000151e-03
6.080649999999999944e-03
9.272680000000000158e-03
1.231780000000000028e-02
1.070160000000000035e-02
7.982730000000000381e-03
6.288979999999999571e-03
6.477120000000000273e-03
9.170390000000000486e-03
1.034290000000000036e-02
1.055449999999999965e-02
9.886850000000000846e-03
7.350589999999999728e-03
6.240299999999999840e-03
4.504750000000000074e-03
8.771039999999999696e-04
-2.622020000000000080e-03
-5.263320000000000151e-03
-3.456390000000000157e-03
-2.261459999999999859e-03
-4.192829999999999821e-03
-6.998329999999999655e-03
-1.006190000000000036e-02
-1.112010000000000082e-02
-1.100229999999999958e-02
-1.098550000000000047e-02
-1.290460000000000045e-02
-1.385869999999999984e-02
-1.364910000000000082e-02
-1.349659999999999922e-02
-1.089599999999999944e-02
-1.078020000000000020e-02
-1.200269999999999983e-02
-1.305680000000000035e-02
-1.167409999999999975e-02
-8.197370000000000698e-03
-5.039889999999999995e-03
-2.820819999999999925e-03
5.172059999999999809e-04
3.661429999999999806e-03
4.653459999999999888e-03
5.085519999999999624e-03
3.951879999999999629e-03
1.749279999999999976e-03
3.025060000000000205e-04
4.377580000000000056e-04
1.271709999999999898e-03
1.470210000000000006e-03
1.471859999999999965e-03
1.490849999999999944e-03
1.749539999999999949e-03
4.269670000000000068e-05
-1.784500000000000062e-03
-3.462779999999999938e-03
-4.909499999999999802e-03
-3.522669999999999881e-03
-1.987930000000000166e-03
-1.382399999999999992e-03
-1.347059999999999967e-03
-1.778859999999999946e-03
-1.399759999999999893e-03
-2.161020000000000042e-03
-2.135849999999999901e-03
-1.987259999999999808e-03
1.921539999999999902e-04
4.209609999999999914e-03
5.906579999999999817e-03
5.922590000000000146e-03
4.036310000000000418e-03
2.467249999999999825e-03
1.458169999999999952e-03
2.461259999999999945e-04
-8.190390000000000300e-04
2.626169999999999964e-05
2.353629999999999785e-03
4.766679999999999702e-03
5.275389999999999593e-03
4.799809999999999841e-03
2.083300000000000169e-03
-6.454499999999999951e-04
-1.024109999999999951e-03
-1.068209999999999993e-03
-1.049070000000000037e-03
-7.473760000000000082e-04
-1.415699999999999988e-03
-9.966969999999999476e-04
-1.821069999999999937e-03
-3.838840000000000047e-03
-3.912480000000000298e-03
-3.965719999999999835e-03
-4.496309999999999890e-03
-4.786170000000000181e-03
-4.082559999999999835e-03
-3.915450000000000007e-03
-4.072700000000000278e-03
-6.481080000000000174e-03
-7.364560000000000030e-03
-9.330250000000000002e-03
-9.508900000000000685e-03
-8.356439999999999702e-03
-7.126460000000000260e-03
-4.728569999999999648e-03
-3.263970000000000152e-03
-1.082309999999999956e-03
-2.705060000000000017e-04
1.074770000000000066e-03
1.541819999999999953e-03
1.435649999999999904e-03
1.542659999999999951e-03
1.367139999999999979e-03
1.813820000000000059e-03
3.139750000000000180e-03
4.286159999999999796e-03
4.703279999999999787e-03
5.535550000000000193e-03
5.216239999999999592e-03
4.437939999999999593e-03
5.888339999999999720e-03
5.409930000000000294e-03
5.155930000000000409e-03
3.612649999999999802e-03
2.138740000000000085e-03
2.133640000000000016e-03
1.327840000000000053e-03
2.241770000000000134e-03
2.295839999999999947e-03
1.642039999999999993e-03
1.609430000000000019e-03
3.120229999999999770e-04
-1.812599999999999932e-03
-1.760529999999999951e-03
-2.359219999999999980e-03
-2.591720000000000048e-03
-2.483529999999999852e-03
-3.893100000000000033e-03
-4.844679999999999646e-03
-5.065929999999999739e-03
-6.538719999999999602e-03
-7.040460000000000121e-03
-7.573810000000000264e-03
-6.983119999999999779e-03
-4.455439999999999748e-03
-2.935520000000000056e-03
-1.766460000000000079e-03
-3.961359999999999708e-03
-4.984269999999999846e-03
-5.267680000000000279e-03
-4.285259999999999937e-03
-2.190010000000000047e-03
-3.293549999999999798e-04
9.988679999999999781e-04
1.190819999999999986e-03
1.209369999999999976e-03
1.904199999999999990e-03
2.185929999999999991e-03
2.416670000000000103e-03
1.991549999999999918e-03
-3.868559999999999837e-04
2.692440000000000263e-04
-1.212570000000000054e-03
-2.632150000000000201e-03
-4.554589999999999854e-03
-7.759160000000000189e-03
-9.280729999999999189e-03
-8.669460000000000360e-03
-7.274830000000000359e-03
-7.405089999999999589e-03
-7.953540000000000262e-03
-8.656010000000000440e-03
-8.686289999999999289e-03
-7.337520000000000153e-03
-6.422240000000000067e-03
-6.695259999999999753e-03
-6.531699999999999659e-03
-6.751659999999999606e-03
-6.540149999999999783e-03
-5.346380000000000403e-03
-3.860870000000000187e-03
-3.737059999999999948e-03
-3.678519999999999793e-03
-1.987969999999999928e-03
-1.071600000000000026e-03
-1.917780000000000006e-03
-2.300860000000000058e-03
-1.340599999999999951e-03
7.396240000000000323e-04
1.452039999999999928e-03
3.172440000000000004e-04
-3.024430000000000044e-04
-4.437430000000000237e-04
9.102859999999999511e-04
3.001779999999999900e-03
5.191209999999999922e-03
7.313319999999999890e-03
8.376689999999999137e-03
6.445339999999999923e-03
4.758789999999999722e-03
3.213020000000000025e-03
4.444720000000000094e-03
5.289839999999999647e-03
7.071329999999999803e-03
8.637620000000000367e-03
8.131269999999999470e-03
8.715300000000000477e-03
6.210789999999999887e-03
3.495149999999999819e-03
4.918740000000000005e-04
-8.079919999999999984e-04
-9.001700000000000500e-04
-9.056379999999999509e-04
-9.753579999999999542e-04
-2.278249999999999893e-03
-1.004609999999999965e-03
-7.836040000000000279e-04
1.404990000000000058e-03
3.161119999999999902e-03
5.628189999999999929e-03
8.328850000000000489e-03
8.446890000000000301e-03
7.425590000000000142e-03
3.692120000000000124e-03
-8.724120000000000084e-05
-2.997549999999999867e-03
-3.415989999999999825e-03
-4.069709999999999821e-03
-5.953189999999999697e-03
-8.826169999999999502e-03
-9.433679999999999843e-03
-9.168880000000000779e-03
-8.490859999999999380e-03
-5.911959999999999958e-03
-3.768319999999999916e-03
-2.945370000000000106e-03
-2.885710000000000098e-03
-1.331729999999999936e-03
7.807139999999999523e-04
2.446400000000000050e-03
2.883970000000000023e-03
1.843690000000000042e-03
2.582979999999999911e-03
3.146669999999999849e-03
4.338749999999999725e-03
6.262280000000000277e-03
6.070049999999999578e-03
4.774409999999999765e-03
3.271839999999999818e-03
1.507810000000000053e-03
-1.324780000000000011e-03
-2.524069999999999786e-03
-2.904180000000000238e-04
2.073030000000000012e-03
3.412039999999999865e-03
3.321719999999999794e-03
1.932780000000000045e-03
-1.259949999999999916e-03
-1.527659999999999912e-03
6.280209999999999829e-04
6.583490000000000219e-04
7.724869999999999784e-04
-3.799000000000000185e-04
-1.650369999999999962e-03
-1.815839999999999989e-03
-1.605539999999999919e-03
-4.371199999999999890e-04
1.186119999999999926e-03
2.763199999999999944e-03
5.090210000000000394e-03
6.370599999999999700e-03
7.714750000000000253e-03
8.689119999999999830e-03
8.112090000000000620e-03
6.783570000000000051e-03
5.933690000000000145e-03
6.066130000000000307e-03
5.812239999999999768e-03
5.895949999999999629e-03
5.748249999999999887e-03
5.747379999999999850e-03
5.089360000000000238e-03
3.960039999999999741e-03
4.802719999999999906e-03
5.773740000000000296e-03
5.019140000000000060e-03
3.571430000000000004e-03
2.674970000000000039e-03
4.521039999999999608e-03
5.183100000000000381e-03
3.188229999999999797e-03
2.798520000000000087e-03
2.684540000000000017e-03
2.999369999999999901e-03
2.828919999999999959e-03
2.461450000000000009e-03
2.557400000000000038e-03
2.398949999999999954e-03
2.454070000000000036e-03
1.953340000000000024e-03
1.636480000000000053e-03
1.213069999999999904e-03
1.884470000000000069e-04
7.243479999999999841e-04
3.485970000000000236e-04
2.171430000000000062e-06
2.380799999999999974e-04
-7.726849999999999517e-04
-6.857280000000000320e-04
8.765160000000000627e-05
-6.591159999999999554e-04
-1.963159999999999818e-03
-1.951739999999999985e-03
-1.879929999999999926e-03
-1.853190000000000002e-03
-1.782940000000000002e-03
-1.882320000000000043e-03
-2.999330000000000138e-03
-3.579460000000000020e-03
-3.338550000000000025e-03
-3.396150000000000124e-03
-2.133900000000000206e-03
-1.324340000000000022e-03
-1.340019999999999926e-03
-1.237749999999999918e-03
-1.131760000000000101e-03
-1.081200000000000043e-03
-8.515730000000000001e-04
-7.968519999999999391e-05
5.758719999999999508e-04
9.812930000000000524e-04
1.321740000000000068e-03
2.047830000000000050e-03
2.089440000000000134e-03
2.235969999999999885e-03
1.968549999999999901e-03
1.204240000000000085e-03
6.441209999999999948e-04
5.357740000000000375e-04
1.961010000000000118e-04
-1.941969999999999976e-05
9.465090000000000547e-05
2.875399999999999948e-05
-2.459089999999999863e-05
-1.015459999999999930e-03
-9.202429999999999508e-04
-3.684509999999999728e-05
4.090039999999999757e-04
9.189180000000000135e-04
5.710179999999999596e-04
-2.798879999999999874e-05
3.739239999999999964e-06
-9.229039999999999987e-05
-2.488529999999999974e-04
-3.221710000000000025e-04
-2.049270000000000117e-04
-9.240599999999999585e-05
-4.631739999999999805e-05
6.240679999999999752e-04
7.746240000000000157e-04
5.050490000000000361e-04
6.105000000000000400e-04
4.854449999999999846e-04
1.154049999999999998e-03
7.943439999999999963e-04
1.228609999999999880e-04
1.112029999999999990e-04
-7.185190000000000404e-06
-1.416780000000000079e-04
6.400719999999999934e-05
4.071720000000000244e-04
-1.525870000000000080e-04
-4.627559999999999855e-04
-6.157779999999999851e-04
-1.223820000000000029e-03
-1.369589999999999957e-03
-1.538850000000000027e-03
-1.962080000000000161e-03
-1.935370000000000059e-03
-1.988259999999999941e-03
-2.349340000000000109e-03
-2.333700000000000184e-03
-2.218400000000000146e-03
-2.076049999999999857e-03
-1.646909999999999910e-03
-1.533630000000000019e-03
-1.765740000000000018e-03
-1.912260000000000045e-03
-1.664520000000000062e-03
-1.349230000000000091e-03
-1.229000000000000058e-03
-1.157480000000000011e-03
-1.351999999999999903e-03
-1.447640000000000038e-03
-1.383429999999999946e-03
-1.352420000000000011e-03
-1.211260000000000028e-03
-1.110569999999999960e-03
-1.006549999999999936e-03
-8.964360000000000210e-04
-8.725799999999999702e-04
-7.972230000000000072e-04
-7.073990000000000486e-04
-6.439290000000000075e-04
-5.862589999999999989e-04
-5.132519999999999574e-04
-5.169060000000000278e-04
-4.702589999999999982e-04
-3.257110000000000127e-04
-2.526259999999999899e-04
-2.158109999999999976e-04
-2.415800000000000011e-04
-2.313620000000000119e-04
-2.006509999999999869e-04
-2.474210000000000016e-04
-3.121520000000000024e-04
-3.222219999999999924e-04
-3.146359999999999739e-04
-1.947220000000000103e-04
-5.419620000000000129e-05
1.513549999999999934e-05
5.532990000000000027e-05
9.270540000000000182e-05
9.966620000000000470e-05
8.831479999999999680e-05
7.148339999999999393e-05
6.103439999999999961e-05
4.467190000000000169e-05
3.869599999999999678e-05
1.036920000000000060e-05
-1.756499999999999869e-05
-1.483460000000000024e-05
-3.198069999999999689e-05
-2.292470000000000093e-05
9.070679999999999535e-08
-1.598819999999999966e-06
1.851299999999999961e-06
1.586290000000000105e-06
-1.034600000000000055e-05
-2.142939999999999849e-05
-3.015150000000000092e-05
-3.967579999999999713e-05
-4.780029999999999701e-05
-5.564379999999999739e-05
-6.376189999999999679e-05
-6.979759999999999730e-05
-7.278580000000000369e-05
