5.940760000000000225e-04
1.000739999999999963e-03
1.634049999999999956e-03
1.898340000000000097e-03
2.250090000000000163e-03
3.087729999999999902e-03
4.215720000000000058e-03
3.638269999999999872e-03
6.406779999999999940e-04
-1.282429999999999985e-03
2.351929999999999960e-04
3.042990000000000191e-03
3.394250000000000132e-03
1.064929999999999957e-03
-2.835529999999999735e-04
-9.398380000000000232e-04
-1.136880000000000052e-03
2.603920000000000019e-03
7.044990000000000106e-03
1.024820000000000071e-02
1.118199999999999923e-02
-1.431930000000000095e-03
-1.651899999999999896e-02
-8.418099999999999541e-03
8.978579999999999894e-03
1.328949999999999923e-02
8.295230000000000659e-03
-9.194529999999999804e-04
-5.023859999999999784e-03
4.527690000000000013e-03
1.606290000000000148e-02
1.062710000000000043e-02
-1.052550000000000013e-02
-1.501889999999999996e-02
3.384659999999999839e-03
3.929000000000000201e-03
-1.773609999999999900e-03
1.640950000000000047e-02
9.149749999999999897e-03
-3.087979999999999892e-02
-3.652609999999999885e-02
-1.161859999999999976e-02
4.443429999999999841e-04
1.235690000000000052e-02
3.638870000000000299e-02
3.989159999999999928e-02
1.390740000000000032e-02
-1.402740000000000063e-02
-2.855960000000000096e-02
-1.683930000000000149e-02
9.099339999999999165e-03
8.111200000000000701e-03
-8.545429999999999693e-03
-2.277799999999999964e-03
9.879820000000000962e-04
-1.334149999999999919e-02
-2.927760000000000171e-03
8.211450000000000346e-03
-2.414880000000000151e-02
-4.134619999999999962e-02
-2.909870000000000165e-03
3.262980000000000047e-02
2.648419999999999941e-02
5.900910000000000530e-04
-4.380799999999999798e-04
1.035690000000000048e-02
-1.179709999999999960e-02
-1.336679999999999986e-02
2.588379999999999848e-02
2.561180000000000054e-02
-1.125939999999999927e-02
-2.102129999999999971e-02
-1.366460000000000070e-02
-1.908690000000000039e-02
-2.140299999999999842e-02
-8.540930000000000397e-03
1.101760000000000022e-03
7.991609999999999686e-03
2.464890000000000136e-02
1.544479999999999985e-02
-1.622590000000000143e-02
-1.034440000000000012e-02
1.056039999999999930e-02
8.540530000000000170e-04
-1.581760000000000110e-02
-1.463410000000000058e-02
3.218579999999999965e-03
1.865560000000000135e-02
1.249019999999999991e-02
1.283269999999999984e-03
2.390209999999999817e-03
7.429540000000000102e-03
2.910170000000000118e-03
-7.961569999999999411e-03
-1.031780000000000024e-02
-5.845160000000000286e-03
4.715210000000000061e-03
1.696210000000000079e-02
1.332780000000000076e-02
5.980889999999999991e-03
1.275620000000000052e-02
-8.563660000000000065e-04
-4.498950000000000171e-02
-5.635649999999999687e-02
-1.997979999999999895e-02
7.455139999999999857e-03
-4.546760000000000385e-03
-1.664610000000000048e-02
1.269559999999999959e-02
4.211220000000000241e-02
2.309160000000000032e-02
-1.726830000000000032e-02
-2.869330000000000144e-02
-9.025740000000000846e-03
-4.430350000000000027e-05
-1.020850000000000056e-02
-2.394830000000000136e-03
2.384539999999999924e-02
2.279439999999999938e-02
-1.433830000000000000e-02
-2.677529999999999841e-02
1.168139999999999977e-02
3.354100000000000137e-02
5.464929999999999788e-03
-1.543019999999999982e-02
6.175889999999999852e-04
1.063139999999999918e-02
-5.835110000000000123e-03
-1.406639999999999974e-02
-2.163550000000000195e-03
1.491509999999999928e-03
-1.276240000000000013e-02
-2.343719999999999831e-02
-1.808620000000000019e-02
1.787200000000000073e-03
3.106369999999999965e-02
2.999239999999999892e-02
-1.638970000000000010e-02
-3.601479999999999959e-02
-3.070779999999999951e-03
2.361310000000000145e-02
2.408640000000000086e-02
1.723059999999999869e-02
1.405220000000000080e-02
5.262320000000000018e-03
-2.731159999999999838e-02
-3.809930000000000261e-02
1.207319999999999921e-02
4.959759999999999863e-02
1.213119999999999997e-02
-4.202000000000000179e-02
-2.823350000000000165e-02
2.847809999999999925e-02
3.750420000000000142e-02
-5.213940000000000024e-04
4.038830000000000198e-03
4.547799999999999759e-02
2.629930000000000115e-02
-3.539339999999999847e-02
-5.148760000000000142e-02
-2.117870000000000169e-02
2.727010000000000198e-03
-8.349689999999999890e-03
-2.653240000000000112e-02
-1.516559999999999957e-02
4.559439999999999674e-03
1.349780000000000077e-02
9.052199999999999830e-03
-1.274029999999999954e-02
-1.914310000000000013e-03
4.647579999999999767e-02
4.559250000000000108e-02
2.643389999999999802e-03
-1.249029999999999932e-02
-1.726199999999999957e-02
-1.629910000000000039e-02
9.689990000000000755e-03
1.989490000000000008e-02
1.965320000000000001e-03
-1.244220000000000048e-02
-1.581319999999999948e-02
-4.335590000000000277e-03
1.248130000000000073e-02
2.049640000000000142e-02
2.593279999999999891e-02
9.490810000000000565e-03
-2.292659999999999837e-02
-2.248580000000000023e-02
-6.216379999999999649e-03
-4.090739999999999828e-03
6.438460000000000016e-04
-4.302829999999999676e-03
-2.086100000000000107e-02
-2.892020000000000007e-02
-3.145300000000000179e-02
-1.270240000000000084e-02
2.560460000000000166e-02
3.754430000000000267e-02
1.663579999999999920e-02
5.334539999999999595e-03
2.844920000000000088e-02
5.511699999999999933e-02
3.184479999999999950e-02
-1.362720000000000077e-02
-2.229949999999999988e-02
-2.524759999999999852e-02
-4.735530000000000295e-02
-5.409370000000000150e-02
-3.647260000000000085e-02
-1.772620000000000098e-02
-1.608570000000000139e-02
-2.383539999999999964e-02
-2.706449999999999828e-02
-2.989479999999999915e-02
-2.920419999999999960e-02
-2.935950000000000018e-02
-4.769000000000000322e-02
-6.047360000000000235e-02
-3.579689999999999955e-02
7.739450000000000149e-03
4.432760000000000172e-02
5.579669999999999769e-02
2.930889999999999884e-02
-4.395559999999999745e-03
-1.269299999999999942e-02
1.477159999999999931e-02
7.470530000000000226e-02
1.100740000000000052e-01
8.624439999999999884e-02
5.479440000000000005e-02
3.657529999999999809e-02
2.218909999999999980e-02
1.982549999999999937e-02
2.477510000000000129e-02
4.668510000000000021e-02
7.467479999999999951e-02
6.636770000000000169e-02
2.343740000000000059e-02
-1.741830000000000114e-02
-3.455029999999999907e-02
-2.620820000000000094e-02
-4.980860000000000148e-03
3.289779999999999961e-03
-1.928799999999999959e-02
-5.890990000000000115e-02
-8.422749999999999682e-02
-6.555500000000000216e-02
-1.601779999999999871e-02
2.866310000000000038e-02
6.798350000000000226e-02
6.663220000000000254e-02
6.047229999999999793e-03
-4.771539999999999809e-02
-5.474849999999999856e-02
-2.835350000000000023e-02
-1.450970000000000037e-02
-2.938309999999999880e-02
-3.188189999999999774e-02
-3.455249999999999988e-02
-7.444770000000000554e-02
-1.139880000000000060e-01
-1.027420000000000000e-01
-4.902850000000000263e-02
1.188069999999999925e-02
5.265770000000000173e-02
6.452030000000000265e-02
5.206609999999999711e-02
-2.632719999999999852e-03
-7.246750000000000413e-02
-6.674270000000000203e-02
-4.241469999999999789e-03
2.466430000000000011e-02
2.438569999999999974e-02
2.977399999999999838e-02
3.562680000000000013e-02
4.061069999999999958e-02
6.765069999999999417e-02
1.237980000000000053e-01
1.613789999999999947e-01
1.277800000000000047e-01
5.118849999999999789e-02
-5.768790000000000202e-03
-3.614259999999999695e-02
-5.725410000000000221e-02
-6.880730000000000179e-02
-6.636450000000000682e-02
-5.116989999999999733e-02
-2.431940000000000143e-02
-5.242799999999999717e-03
-1.916999999999999954e-02
-3.976869999999999711e-02
-2.601190000000000099e-02
1.783110000000000077e-03
-2.437019999999999811e-03
-3.924949999999999967e-02
-8.790870000000000628e-02
-1.220190000000000025e-01
-9.490800000000000625e-02
-3.018749999999999906e-02
9.649359999999999188e-03
3.163900000000000046e-02
4.412010000000000237e-02
4.517380000000000007e-02
4.612730000000000302e-02
3.751270000000000299e-02
3.309249999999999692e-02
5.345369999999999983e-02
7.225620000000000653e-02
6.314980000000000593e-02
2.857509999999999911e-02
-1.807009999999999866e-02
-5.569219999999999726e-02
-5.656739999999999685e-02
-3.175499999999999851e-02
-2.780929999999999860e-02
-3.566219999999999807e-02
-1.396769999999999956e-02
2.370910000000000031e-02
5.201059999999999711e-02
8.011100000000000165e-02
1.123900000000000038e-01
1.228650000000000020e-01
9.284299999999999498e-02
3.342520000000000213e-02
-3.617279999999999801e-02
-9.190159999999999996e-02
-1.239399999999999946e-01
-1.326289999999999969e-01
-1.054689999999999933e-01
-4.639170000000000099e-02
6.279589999999999825e-03
3.330219999999999708e-02
3.790040000000000076e-02
5.403419999999999924e-03
-3.990289999999999809e-02
-4.263589999999999741e-02
-1.573480000000000018e-02
-3.204300000000000204e-03
5.139419999999999579e-03
2.409549999999999886e-02
4.184460000000000263e-02
5.154890000000000166e-02
5.163639999999999897e-02
5.063970000000000277e-02
5.125890000000000307e-02
5.015839999999999882e-02
5.472640000000000143e-02
5.972519999999999912e-02
5.105230000000000185e-02
2.869769999999999960e-02
6.005629999999999649e-03
-8.637900000000000439e-03
-2.101669999999999927e-03
3.514319999999999944e-02
7.264070000000000249e-02
7.262340000000000462e-02
2.977049999999999835e-02
-2.800089999999999871e-02
-7.445169999999999566e-02
-1.043229999999999991e-01
-1.091440000000000049e-01
-7.106129999999999391e-02
1.142070000000000064e-02
8.761950000000000294e-02
1.111309999999999937e-01
1.010589999999999961e-01
7.866199999999999581e-02
5.285490000000000327e-02
2.765079999999999968e-02
-1.200120000000000006e-02
-4.783840000000000314e-02
-5.086220000000000324e-02
-4.841270000000000295e-02
-4.664990000000000109e-02
-1.199169999999999923e-02
2.283500000000000113e-02
1.259279999999999948e-02
3.264809999999999934e-04
3.355820000000000330e-02
7.164429999999999410e-02
6.310689999999999356e-02
1.030840000000000055e-02
-6.014329999999999676e-02
-1.074559999999999960e-01
-1.195139999999999952e-01
-1.418429999999999969e-01
-1.846949999999999981e-01
-1.922609999999999875e-01
-1.548730000000000107e-01
-1.132810000000000067e-01
-5.822610000000000285e-02
1.648929999999999840e-02
5.701790000000000330e-02
3.923349999999999754e-02
1.044059999999999953e-02
5.130219999999999572e-03
-9.095670000000000144e-03
-3.726039999999999908e-02
-3.333389999999999964e-02
-4.507930000000000270e-03
2.322159999999999849e-02
5.592459999999999792e-02
8.113910000000000566e-02
9.190470000000000583e-02
8.280590000000000173e-02
4.009809999999999763e-02
-1.023690000000000017e-02
-3.579469999999999874e-02
-2.159909999999999955e-02
8.924170000000000366e-03
1.358559999999999976e-02
1.174799999999999976e-02
1.439780000000000053e-02
-7.192070000000000060e-03
-3.360459999999999836e-02
-3.691780000000000062e-02
-2.435669999999999849e-02
-2.238679999999999837e-03
7.313700000000000236e-03
-2.329589999999999873e-03
9.514420000000000569e-08
-4.762449999999999778e-05
-1.244169999999999998e-02
7.743619999999999670e-03
6.015609999999999707e-02
1.036750000000000033e-01
1.202170000000000044e-01
1.019639999999999991e-01
5.611159999999999759e-02
1.077230000000000028e-02
-3.493530000000000246e-02
-9.363900000000000001e-02
-1.302750000000000019e-01
-1.052980000000000027e-01
-4.112110000000000071e-02
1.813640000000000044e-02
6.587550000000000350e-02
9.267980000000000662e-02
8.156750000000000111e-02
4.173969999999999764e-02
-1.496300000000000061e-02
-6.744319999999999482e-02
-8.198419999999999319e-02
-6.855079999999999507e-02
-6.218150000000000066e-02
-6.024960000000000038e-02
-5.522320000000000007e-02
-5.743299999999999794e-02
-6.455199999999999827e-02
-4.807000000000000162e-02
4.844799999999999801e-03
5.859659999999999869e-02
7.126490000000000602e-02
5.633919999999999900e-02
5.738759999999999695e-02
4.610929999999999890e-02
-5.808650000000000271e-03
-4.746179999999999843e-02
-4.635469999999999868e-02
-8.887000000000000802e-03
3.405219999999999775e-02
5.081890000000000018e-02
6.782950000000000090e-02
1.052899999999999947e-01
1.189800000000000024e-01
9.120419999999999916e-02
6.440010000000000179e-02
4.088800000000000073e-02
1.059519999999999993e-03
-2.440859999999999905e-02
-2.031820000000000154e-02
-1.606909999999999936e-02
-2.081540000000000126e-02
-1.859999999999999848e-02
-1.006450000000000053e-02
-6.026140000000000142e-03
-1.000120000000000002e-02
-1.090069999999999928e-02
1.070489999999999983e-02
3.493559999999999721e-02
1.357219999999999954e-02
-3.574639999999999762e-02
-6.244539999999999813e-02
-7.491169999999999773e-02
-7.312309999999999643e-02
-2.676119999999999888e-02
4.440360000000000140e-02
9.808569999999999789e-02
1.236580000000000040e-01
1.026500000000000051e-01
3.113780000000000020e-02
-2.167349999999999832e-02
-1.737489999999999868e-02
-8.035759999999999431e-03
-7.368699999999999729e-03
1.949849999999999847e-02
3.760390000000000260e-02
1.204599999999999942e-02
-1.054749999999999958e-02
-1.385050000000000083e-03
1.400140000000000065e-02
1.890319999999999848e-02
2.237489999999999965e-02
2.726160000000000042e-02
1.178650000000000010e-02
-4.527559999999999918e-02
-1.118679999999999952e-01
-1.345240000000000047e-01
-1.080570000000000003e-01
-5.118570000000000064e-02
-1.078329999999999957e-03
5.973919999999999751e-03
-5.769100000000000096e-03
-6.861810000000000305e-03
-1.595270000000000021e-02
-2.711310000000000109e-02
-6.739310000000000092e-03
2.979319999999999885e-02
2.727699999999999916e-02
-1.782540000000000166e-02
-4.353440000000000087e-02
-3.627810000000000062e-02
-2.370469999999999869e-02
-7.930319999999999384e-03
9.764510000000000550e-03
2.278140000000000026e-02
3.596970000000000028e-02
5.987510000000000054e-02
6.983419999999999905e-02
4.293940000000000257e-02
1.978419999999999832e-02
2.145460000000000075e-02
1.456619999999999963e-02
-1.653479999999999924e-03
-5.473740000000000376e-03
-1.612279999999999963e-02
-4.213370000000000309e-02
-4.057129999999999764e-02
-5.791830000000000415e-03
1.552549999999999937e-02
1.709679999999999880e-02
7.887079999999999438e-03
-1.889029999999999876e-02
-3.334739999999999926e-02
-1.284150000000000048e-02
-8.701720000000000028e-04
-1.965609999999999927e-02
-1.899899999999999853e-02
1.092639999999999931e-02
3.089570000000000163e-02
2.852729999999999849e-02
1.919059999999999993e-03
-2.634629999999999958e-02
-2.830200000000000077e-02
-1.748859999999999998e-02
-4.174309999999999653e-03
1.613380000000000022e-02
3.326699999999999796e-02
2.978940000000000060e-02
5.301229999999999658e-03
-2.357170000000000099e-02
-5.017830000000000207e-02
-5.653939999999999660e-02
-1.597300000000000109e-02
4.322220000000000228e-02
7.888900000000000079e-02
8.038979999999999737e-02
4.292060000000000319e-02
-2.442349999999999816e-03
-1.540230000000000071e-02
-1.993009999999999921e-02
-3.060809999999999920e-02
-9.781990000000000823e-03
2.625140000000000112e-02
2.749630000000000130e-02
6.021529999999999765e-03
-1.161739999999999995e-02
-3.325329999999999953e-02
-4.557420000000000221e-02
-2.799849999999999908e-02
-1.170019999999999914e-02
-1.635500000000000148e-02
-2.111180000000000001e-02
-2.485230000000000078e-02
-2.684730000000000102e-02
-1.326259999999999939e-02
5.816270000000000120e-03
1.663850000000000051e-02
1.223220000000000036e-02
-8.330070000000000183e-03
-1.839939999999999978e-02
-4.572239999999999985e-03
1.560180000000000074e-02
4.328200000000000103e-02
7.187929999999999320e-02
6.335040000000000115e-02
2.372739999999999919e-02
-2.186819999999999910e-03
-2.062430000000000166e-02
-4.430719999999999797e-02
-4.157820000000000266e-02
-1.510180000000000029e-02
7.267940000000000077e-05
-9.727450000000000116e-04
-3.669640000000000055e-03
7.029239999999999967e-03
2.782120000000000079e-02
4.391729999999999939e-02
4.502069999999999683e-02
1.875249999999999834e-02
-2.241989999999999955e-02
-5.463309999999999694e-02
-7.500450000000000172e-02
-7.682219999999999327e-02
-5.946989999999999915e-02
-3.791859999999999675e-02
-6.006250000000000304e-03
3.371090000000000197e-02
5.590239999999999793e-02
6.113289999999999697e-02
5.754569999999999824e-02
4.628039999999999932e-02
3.841939999999999938e-02
3.438349999999999740e-02
2.819920000000000065e-02
1.632509999999999864e-02
-7.972150000000000764e-03
-3.696220000000000061e-02
-4.919250000000000012e-02
-3.738740000000000119e-02
-1.727309999999999957e-02
8.543769999999999143e-03
4.182999999999999913e-02
5.985789999999999861e-02
5.662459999999999716e-02
3.836130000000000095e-02
8.539400000000000809e-03
-1.109300000000000043e-02
-1.810350000000000154e-02
-2.282170000000000032e-02
-1.834140000000000076e-02
-1.236489999999999985e-02
-1.619380000000000125e-02
-1.888930000000000123e-02
-5.407659999999999897e-03
2.190289999999999945e-02
3.894319999999999726e-02
3.371430000000000260e-02
2.657549999999999843e-02
1.886360000000000120e-02
-4.946660000000000293e-03
-2.181599999999999859e-02
-1.207060000000000077e-02
-1.531089999999999925e-03
-1.206939999999999923e-02
-3.458440000000000125e-02
-4.854470000000000313e-02
-4.395229999999999970e-02
-3.973750000000000199e-02
-4.587510000000000199e-02
-3.543009999999999909e-02
-9.596699999999999675e-03
-2.003019999999999887e-03
-2.735340000000000167e-03
1.299769999999999918e-02
2.197889999999999913e-02
2.143449999999999869e-03
-1.887370000000000020e-02
-7.122889999999999777e-03
2.307330000000000145e-02
3.202719999999999873e-02
1.924210000000000156e-02
7.461520000000000132e-03
-3.514020000000000078e-03
-1.227879999999999944e-02
-1.677170000000000050e-02
-2.232450000000000059e-02
-1.200900000000000058e-02
1.656430000000000055e-02
3.729699999999999682e-02
4.116859999999999964e-02
3.777250000000000052e-02
3.673909999999999676e-02
3.590209999999999929e-02
2.502559999999999854e-02
3.643920000000000145e-03
-1.638500000000000026e-02
-2.869029999999999844e-02
-4.137989999999999724e-02
-4.893009999999999721e-02
-3.633530000000000093e-02
-2.206769999999999912e-02
-1.874500000000000124e-02
-4.838560000000000430e-03
2.308939999999999951e-02
3.072920000000000165e-02
1.279729999999999973e-03
-2.266510000000000052e-02
-2.850060000000000093e-02
-3.838620000000000226e-02
-2.902530000000000041e-02
-4.341500000000000090e-04
2.315559999999999841e-02
3.574030000000000262e-02
1.969749999999999973e-02
-5.568240000000000342e-03
-1.050490000000000061e-03
1.333570000000000068e-02
1.330079999999999978e-02
1.304989999999999969e-02
1.660889999999999936e-02
1.214939999999999944e-02
-3.180989999999999859e-03
-1.914839999999999945e-02
-1.862230000000000135e-02
-4.484420000000000246e-03
6.162629999999999671e-03
8.944550000000000764e-03
7.421040000000000275e-03
9.858880000000000421e-03
1.586819999999999897e-02
1.693479999999999985e-02
1.597809999999999855e-02
1.051640000000000040e-02
-6.348880000000000322e-03
-2.133569999999999911e-02
-2.426139999999999894e-02
-1.913089999999999929e-02
-6.402009999999999645e-03
5.640560000000000192e-03
8.001799999999999885e-03
1.081849999999999999e-02
2.493880000000000055e-02
3.032579999999999998e-02
7.159979999999999817e-03
-1.548650000000000027e-02
-1.699020000000000044e-02
-2.194429999999999992e-02
-3.960779999999999856e-02
-5.155130000000000129e-02
-5.184470000000000051e-02
-4.797610000000000069e-02
-3.358749999999999930e-02
-5.205890000000000344e-03
2.248309999999999892e-02
4.510890000000000039e-02
5.607870000000000216e-02
4.526999999999999774e-02
3.111979999999999955e-02
3.196330000000000005e-02
3.107820000000000027e-02
9.647849999999999482e-03
-1.199189999999999978e-02
-1.863559999999999869e-02
-2.815950000000000050e-02
-4.291989999999999694e-02
-4.325489999999999891e-02
-2.295399999999999871e-02
-4.345429999999999952e-03
-7.645179999999999467e-04
2.062889999999999949e-03
9.090000000000000857e-03
1.460619999999999974e-02
1.507889999999999925e-02
7.920840000000000172e-03
4.841929999999999905e-05
5.963929999999999666e-04
6.308919999999999979e-03
4.601090000000000388e-03
-5.671419999999999934e-03
-7.749840000000000027e-03
-3.794859999999999781e-05
3.529679999999999884e-03
9.573240000000000222e-03
2.097850000000000062e-02
1.719860000000000139e-02
-4.752469999999999958e-03
-2.086760000000000004e-02
-1.503720000000000057e-02
5.081149999999999556e-04
2.892299999999999992e-03
-6.280929999999999673e-03
-5.558490000000000132e-03
4.558999999999999685e-03
5.404670000000000307e-03
1.603559999999999968e-03
1.262680000000000052e-02
2.111089999999999842e-02
3.540800000000000197e-03
-1.408219999999999958e-02
-1.796060000000000018e-02
-2.813639999999999891e-02
-3.326470000000000121e-02
-8.794460000000000471e-03
2.929930000000000034e-02
5.692989999999999856e-02
6.111849999999999922e-02
3.835349999999999870e-02
1.757950000000000138e-02
1.519709999999999984e-02
1.464490000000000063e-02
5.710409999999999965e-03
-3.654150000000000106e-03
-5.940390000000000253e-03
-1.390839999999999958e-02
-3.245379999999999793e-02
-3.171790000000000026e-02
1.804250000000000081e-03
3.373339999999999672e-02
4.300679999999999781e-02
3.887560000000000321e-02
2.137839999999999879e-02
-2.944800000000000022e-03
-1.397930000000000006e-02
-1.396410000000000012e-02
-9.272360000000000324e-03
3.121070000000000094e-03
8.997230000000000158e-03
5.517669999999999693e-03
6.640840000000000284e-03
3.597690000000000176e-03
-1.098140000000000054e-02
-1.835859999999999922e-02
-9.503410000000000329e-03
3.552720000000000097e-03
1.320859999999999916e-02
1.413730000000000021e-02
1.069119999999999966e-02
1.470519999999999987e-02
9.704420000000000060e-03
-1.098159999999999935e-02
-2.199279999999999985e-02
-2.172289999999999985e-02
-3.210120000000000334e-02
-5.145679999999999699e-02
-5.050169999999999659e-02
-3.254200000000000148e-02
-3.218300000000000327e-02
-3.438039999999999846e-02
-1.205039999999999931e-02
7.537040000000000059e-03
5.365879999999999955e-03
-1.126470000000000075e-03
1.491560000000000065e-03
6.823560000000000215e-03
-1.759710000000000050e-03
-1.252810000000000035e-02
1.752459999999999955e-03
2.066470000000000112e-02
5.974990000000000336e-03
-2.399940000000000059e-02
-3.207349999999999784e-02
-2.922840000000000160e-02
-3.133999999999999980e-02
-2.085599999999999954e-02
7.542410000000000260e-03
2.822049999999999906e-02
2.051700000000000051e-02
3.596680000000000103e-03
1.381940000000000078e-02
3.710979999999999834e-02
2.994820000000000121e-02
2.395700000000000173e-03
-1.600700000000000039e-02
-2.820579999999999962e-02
-3.027180000000000148e-02
-1.674399999999999847e-02
3.540689999999999983e-03
2.751349999999999976e-02
4.555429999999999896e-02
4.145599999999999979e-02
2.259480000000000169e-02
7.962169999999999317e-03
2.886109999999999891e-03
7.432229999999999739e-03
9.382069999999999299e-03
1.297970000000000070e-03
-1.879779999999999949e-03
4.853910000000000342e-03
1.203830000000000004e-02
8.310309999999999572e-03
-2.252640000000000198e-03
6.602140000000000265e-03
3.063139999999999960e-02
3.335690000000000183e-02
1.514120000000000049e-02
7.404679999999999856e-04
-1.130940000000000070e-02
-2.935190000000000021e-02
-4.798469999999999819e-02
-5.210900000000000254e-02
-3.367629999999999929e-02
-1.457860000000000059e-02
-1.014349999999999974e-02
1.806869999999999917e-03
3.146879999999999816e-02
4.491570000000000285e-02
1.866059999999999941e-02
-6.464479999999999879e-03
4.581540000000000265e-03
1.208790000000000038e-02
-6.027270000000000370e-03
-1.100089999999999922e-02
-1.327370000000000134e-04
-6.732529999999999591e-03
-2.199030000000000082e-02
-1.970879999999999854e-02
-1.186259999999999919e-02
-1.841469999999999912e-02
-2.250790000000000082e-02
-9.472190000000000124e-03
3.700559999999999874e-03
8.230670000000000694e-03
9.141609999999999667e-03
4.551730000000000359e-03
-4.686430000000000110e-03
-8.335489999999999219e-03
-3.762940000000000208e-03
-3.113639999999999984e-03
-3.896859999999999821e-03
9.815940000000000429e-03
2.155899999999999830e-02
7.330330000000000353e-03
-1.097489999999999924e-02
-1.092570000000000000e-02
-1.279549999999999958e-02
-2.517780000000000018e-02
-2.840820000000000151e-02
-1.708629999999999871e-02
-6.156690000000000253e-03
-4.419249999999999567e-03
-5.664319999999999598e-03
1.625599999999999886e-04
1.611759999999999929e-02
2.549409999999999871e-02
1.708799999999999902e-02
1.001909999999999953e-02
1.000219999999999929e-02
-4.705690000000000220e-03
-2.530730000000000132e-02
-2.069609999999999853e-02
2.826829999999999794e-03
1.424440000000000081e-02
1.021619999999999993e-02
1.396419999999999953e-02
2.267059999999999909e-02
2.126810000000000159e-02
2.071239999999999887e-02
1.509910000000000072e-02
-2.469750000000000157e-03
-2.492569999999999942e-03
1.325660000000000033e-02
1.176800000000000068e-02
-3.652729999999999866e-03
-1.015759999999999927e-02
-2.238270000000000103e-03
1.011549999999999949e-02
1.436939999999999919e-02
8.525809999999999986e-03
3.514160000000000113e-03
5.239869999999999771e-03
5.950539999999999823e-03
-1.721089999999999881e-04
-1.117789999999999929e-02
-2.103119999999999989e-02
-1.586210000000000050e-02
2.727830000000000098e-03
1.100759999999999933e-02
4.348699999999999614e-03
-9.648659999999999876e-03
-2.170249999999999957e-02
-1.646169999999999925e-02
-1.035270000000000027e-03
1.037070000000000006e-02
1.743449999999999861e-02
1.783799999999999969e-02
1.610999999999999932e-02
1.640199999999999991e-02
4.372240000000000328e-03
-1.279570000000000013e-02
-5.389829999999999968e-03
1.229180000000000030e-02
6.668819999999999783e-03
-1.214409999999999969e-02
-2.649090000000000125e-02
-2.946719999999999895e-02
-1.429049999999999938e-02
2.967229999999999954e-03
9.741510000000000100e-03
1.109850000000000073e-02
5.667179999999999961e-03
-5.567680000000000198e-03
-1.383140000000000064e-02
-1.440969999999999925e-02
-9.001570000000000404e-03
1.971220000000000090e-03
1.062779999999999975e-02
3.620669999999999878e-03
-9.524120000000000502e-03
-1.129849999999999952e-02
-7.747099999999999820e-03
-1.095989999999999985e-02
-1.361910000000000030e-02
-6.986309999999999916e-03
-8.942359999999999675e-04
-1.168310000000000095e-03
3.765929999999999798e-03
2.005480000000000110e-02
3.074659999999999893e-02
2.310620000000000035e-02
1.123479999999999965e-02
5.436650000000000336e-03
3.005129999999999954e-03
7.077230000000000326e-03
1.532200000000000055e-02
1.611910000000000079e-02
7.753699999999999655e-03
-2.844300000000000127e-03
-6.935909999999999992e-03
-1.369090000000000107e-03
1.832440000000000067e-03
-1.972949999999999791e-03
-3.855069999999999938e-03
-5.878450000000000342e-03
-1.085580000000000052e-02
-1.445880000000000082e-02
-1.260589999999999974e-02
-3.203019999999999999e-03
5.317149999999999654e-03
7.378830000000000285e-03
4.180940000000000177e-03
-7.252920000000000374e-03
-2.373799999999999868e-02
-3.617429999999999951e-02
-3.158090000000000203e-02
-7.335109999999999721e-03
1.809090000000000004e-02
2.348269999999999871e-02
-2.346209999999999886e-04
-2.292419999999999874e-02
-1.640339999999999854e-02
-7.754589999999999574e-03
-1.026859999999999926e-02
-2.766949999999999792e-03
7.567189999999999681e-03
1.854989999999999938e-03
-1.119949999999999939e-02
-1.443930000000000040e-02
-3.067540000000000110e-03
1.036699999999999948e-02
1.642719999999999944e-02
2.461949999999999902e-02
2.716570000000000096e-02
7.576979999999999653e-03
-1.546349999999999981e-02
-1.914420000000000011e-02
-1.207440000000000076e-02
-8.848369999999999500e-03
-8.446350000000000038e-03
-2.574780000000000037e-03
1.035550000000000012e-02
1.962190000000000115e-02
1.974199999999999913e-02
1.753350000000000047e-02
1.039340000000000055e-02
-2.280599999999999815e-03
-8.752470000000000042e-03
-1.168100000000000041e-02
-1.336069999999999966e-02
-5.799219999999999896e-03
6.329559999999999755e-05
-5.855289999999999974e-03
-6.681740000000000249e-03
5.102340000000000347e-03
2.092369999999999994e-02
3.800350000000000256e-02
4.012840000000000157e-02
2.163589999999999958e-02
3.887869999999999868e-03
-9.058490000000000639e-03
-1.977579999999999963e-02
-1.643089999999999828e-02
-3.678680000000000144e-03
-3.759810000000000148e-03
-1.414250000000000056e-02
-1.898069999999999966e-02
-1.683350000000000124e-02
-4.704500000000000348e-03
1.453869999999999989e-02
2.397989999999999844e-02
1.739169999999999952e-02
5.242609999999999978e-03
-1.084030000000000063e-02
-3.099779999999999897e-02
-3.573180000000000106e-02
-2.043499999999999830e-02
-4.027969999999999641e-03
4.534469999999999647e-03
2.859019999999999877e-04
-1.040349999999999955e-02
-6.136479999999999713e-03
9.042520000000000072e-03
1.386130000000000001e-02
1.159959999999999984e-02
1.192439999999999993e-02
4.599549999999999993e-03
-1.136580000000000056e-02
-1.524810000000000054e-02
2.655870000000000171e-04
1.427540000000000059e-02
1.092219999999999996e-02
2.785810000000000109e-03
1.899029999999999902e-03
1.177309999999999988e-03
-1.920559999999999976e-03
-5.912920000000000328e-03
-1.287529999999999925e-02
-1.155559999999999921e-02
3.691890000000000189e-04
7.209169999999999988e-03
9.271249999999999977e-03
1.291460000000000004e-02
1.148689999999999954e-02
5.240340000000000449e-04
-1.317300000000000068e-02
-1.497650000000000023e-02
1.706210000000000051e-04
1.604960000000000067e-02
1.971629999999999910e-02
1.444409999999999965e-02
1.006400000000000003e-02
6.383490000000000344e-03
-3.000640000000000165e-03
-5.240039999999999629e-03
7.337090000000000105e-03
1.614689999999999875e-02
1.755889999999999881e-02
1.947010000000000060e-02
1.398289999999999950e-02
2.146019999999999785e-03
-7.452969999999999734e-03
-8.680129999999999443e-03
1.759700000000000110e-04
8.336400000000000754e-03
9.416819999999999358e-03
2.618930000000000216e-03
-7.178699999999999665e-03
-8.533179999999999585e-03
-3.588870000000000081e-03
-1.867120000000000108e-03
1.023519999999999985e-03
1.133669999999999990e-02
2.040859999999999896e-02
1.799270000000000036e-02
8.331820000000000198e-03
5.373069999999999756e-03
9.078120000000000286e-03
2.729029999999999911e-03
-1.085209999999999994e-02
-1.251350000000000032e-02
-9.040909999999999225e-03
-1.400460000000000073e-02
-1.888549999999999951e-02
-1.555619999999999920e-02
-6.938599999999999629e-03
-3.021149999999999790e-03
-8.865460000000000354e-03
-8.729310000000000541e-03
4.218040000000000157e-03
1.080970000000000021e-02
4.820480000000000251e-03
-1.002459999999999940e-03
-4.846940000000000048e-05
3.044069999999999849e-03
-2.955960000000000206e-04
-6.503189999999999839e-03
-6.449980000000000123e-03
-6.232999999999999825e-03
-8.904119999999999743e-03
-6.090690000000000166e-03
1.695859999999999989e-03
1.075259999999999931e-02
1.817710000000000159e-02
1.779290000000000038e-02
1.210879999999999942e-02
8.823199999999999793e-03
6.279500000000000359e-03
-7.839260000000000022e-04
-1.062779999999999975e-02
-1.269939999999999958e-02
-5.494159999999999669e-03
-4.506139999999999625e-03
-1.085140000000000063e-02
-1.336110000000000075e-02
-1.443469999999999996e-02
-1.553470000000000024e-02
-8.782299999999999829e-03
2.980169999999999868e-03
3.841080000000000189e-03
-3.461070000000000119e-03
3.659499999999999776e-04
1.162280000000000084e-02
1.862710000000000060e-02
2.186379999999999921e-02
1.862329999999999888e-02
8.772510000000000724e-03
-3.805189999999999961e-03
-1.523069999999999979e-02
-1.463579999999999916e-02
-2.782559999999999895e-03
5.889469999999999948e-03
1.231729999999999978e-02
2.134010000000000074e-02
1.847530000000000006e-02
5.166959999999999739e-04
-1.167050000000000032e-02
-1.591539999999999969e-02
-2.375120000000000009e-02
-2.763699999999999837e-02
-1.903600000000000084e-02
-7.118079999999999720e-03
-1.782500000000000013e-03
-4.859900000000000331e-03
-9.702010000000000495e-03
-5.802650000000000342e-03
1.169109999999999898e-03
2.952779999999999901e-03
5.442770000000000420e-03
1.100680000000000061e-02
1.052329999999999932e-02
-4.784379999999999753e-04
-1.161680000000000004e-02
-1.213400000000000069e-02
-4.312479999999999612e-03
1.485379999999999904e-03
3.159089999999999815e-03
6.161840000000000026e-03
9.878960000000000866e-03
9.853809999999999306e-03
4.965370000000000200e-03
-3.148359999999999787e-03
-5.892289999999999681e-03
1.427179999999999898e-03
3.044830000000000106e-03
-3.619840000000000037e-03
5.482829999999999952e-04
1.153530000000000007e-02
1.164570000000000015e-02
6.121829999999999980e-03
7.898159999999999556e-03
1.469430000000000042e-02
1.876099999999999990e-02
1.817459999999999909e-02
1.330079999999999978e-02
6.910389999999999762e-03
2.825659999999999804e-03
-6.890019999999999738e-04
-5.765270000000000290e-03
-1.024270000000000042e-02
-1.222589999999999961e-02
-1.199670000000000077e-02
-9.664199999999999527e-03
-4.627639999999999705e-03
1.859360000000000006e-03
6.600779999999999668e-03
6.832020000000000280e-03
6.013169999999999973e-03
1.197720000000000035e-02
1.875440000000000093e-02
1.378549999999999914e-02
5.157310000000000019e-03
2.042249999999999795e-03
-5.388330000000000203e-03
-1.691089999999999954e-02
-2.023159999999999889e-02
-1.469209999999999960e-02
-1.099860000000000074e-02
-1.309729999999999922e-02
-1.077230000000000028e-02
-2.560230000000000145e-03
2.773359999999999888e-03
5.263770000000000081e-03
9.099080000000000709e-03
1.185970000000000080e-02
5.113160000000000274e-03
-1.004930000000000059e-02
-1.997339999999999879e-02
-1.345509999999999935e-02
4.465769999999999983e-03
1.644390000000000088e-02
1.848539999999999905e-02
1.473409999999999997e-02
7.226259999999999758e-04
-1.984090000000000159e-02
-2.704629999999999881e-02
-1.495639999999999990e-02
-1.321960000000000062e-03
7.339730000000000039e-03
1.041100000000000012e-02
5.162199999999999601e-03
8.776410000000000114e-03
2.493969999999999868e-02
3.221120000000000233e-02
2.163359999999999936e-02
3.098889999999999978e-03
-5.607069999999999589e-03
-5.574139999999999998e-03
-1.360560000000000068e-02
-1.889630000000000129e-02
-5.999729999999999994e-03
7.365029999999999841e-03
4.765469999999999949e-03
-6.191499999999999955e-03
-1.003979999999999977e-02
-3.914530000000000266e-03
-3.081870000000000009e-03
-1.307550000000000032e-02
-2.019340000000000024e-02
-1.693880000000000038e-02
-9.719659999999999758e-03
-8.535130000000000147e-03
-7.249000000000000235e-03
7.513230000000000082e-03
2.123150000000000037e-02
1.522120000000000070e-02
-8.818029999999999326e-05
-5.201660000000000311e-03
4.142599999999999755e-03
1.150239999999999943e-02
3.904710000000000038e-03
-3.091070000000000016e-03
-3.846410000000000193e-04
-4.744240000000000262e-03
-1.567290000000000003e-02
-1.560040000000000038e-02
-8.737359999999999571e-03
-7.082019999999999635e-03
-2.529389999999999850e-03
1.120900000000000021e-02
2.429090000000000069e-02
2.702320000000000069e-02
1.921350000000000141e-02
1.026170000000000034e-02
6.713199999999999897e-03
7.028829999999999800e-03
7.244900000000000298e-03
6.490039999999999872e-03
6.997749999999999630e-03
7.258460000000000432e-03
2.049580000000000065e-03
-6.571869999999999622e-03
-9.200699999999999157e-03
-5.260719999999999980e-03
-7.906299999999999569e-04
-2.721780000000000033e-03
-1.227950000000000048e-02
-1.848400000000000043e-02
-1.771079999999999877e-02
-1.671090000000000075e-02
-1.378150000000000035e-02
-6.494330000000000415e-03
-2.721859999999999991e-03
-5.223039999999999974e-03
-8.785889999999999325e-03
-9.585579999999999795e-03
-5.238819999999999935e-03
8.479759999999999598e-04
3.400709999999999931e-03
4.333840000000000262e-03
4.844020000000000097e-03
-5.654450000000000318e-04
-9.564869999999999622e-03
-1.279899999999999961e-02
-1.204919999999999949e-02
-7.304569999999999813e-03
6.940830000000000263e-03
1.474849999999999946e-02
2.843120000000000196e-03
-4.452330000000000003e-03
7.577389999999999820e-03
1.095520000000000001e-02
-4.279329999999999593e-03
-1.205329999999999943e-02
-9.221260000000000220e-03
-1.074229999999999977e-02
-1.385809999999999993e-02
-1.018319999999999989e-02
-8.356389999999999456e-05
9.290909999999999447e-03
1.183990000000000042e-02
1.032920000000000019e-02
1.137319999999999998e-02
1.158649999999999958e-02
6.555240000000000372e-03
4.709330000000000287e-03
7.778189999999999930e-03
2.739950000000000111e-03
-8.933139999999999137e-03
-1.369889999999999997e-02
-1.276900000000000084e-02
-1.069020000000000040e-02
-5.296709999999999613e-03
2.380320000000000005e-03
1.018969999999999945e-02
1.436439999999999939e-02
1.079450000000000028e-02
5.103650000000000374e-03
5.732570000000000200e-03
1.246240000000000021e-02
1.501429999999999952e-02
9.074250000000000718e-03
6.366959999999999634e-03
9.754030000000000339e-03
1.004359999999999975e-02
1.081060000000000007e-02
1.690200000000000036e-02
2.039049999999999890e-02
1.819170000000000162e-02
1.274740000000000074e-02
1.600850000000000016e-03
-1.043110000000000044e-02
-1.443629999999999913e-02
-1.199710000000000013e-02
-3.533950000000000112e-03
7.229280000000000254e-03
8.601599999999999177e-03
3.320140000000000070e-03
2.428870000000000074e-04
-2.799429999999999887e-03
-1.898790000000000026e-03
7.007949999999999770e-03
1.382129999999999991e-02
1.503460000000000039e-02
1.576709999999999917e-02
1.250279999999999968e-02
1.853080000000000005e-03
-1.215789999999999926e-02
-2.191809999999999939e-02
-2.330880000000000105e-02
-2.651550000000000087e-02
-3.039180000000000006e-02
-2.205450000000000119e-02
-1.114249999999999963e-02
-1.285110000000000072e-02
-1.991779999999999939e-02
-1.556560000000000062e-02
-2.135670000000000103e-03
7.616989999999999698e-03
1.213239999999999978e-02
1.636150000000000104e-02
2.277840000000000073e-02
2.148459999999999953e-02
7.327369999999999717e-03
-7.576089999999999734e-03
-1.469490000000000032e-02
-1.529510000000000071e-02
-1.520119999999999978e-02
-1.600019999999999915e-02
-1.179000000000000013e-02
-1.258439999999999993e-03
9.982259999999999744e-03
1.838779999999999928e-02
1.637950000000000170e-02
3.147229999999999993e-03
-6.585350000000000231e-03
-5.225890000000000396e-03
5.520090000000000066e-04
1.993459999999999850e-03
3.859169999999999875e-03
1.246030000000000054e-02
1.866709999999999897e-02
1.721150000000000110e-02
1.467620000000000036e-02
9.995179999999999343e-03
2.126949999999999956e-04
-1.182470000000000049e-02
-2.423799999999999913e-02
-3.208119999999999722e-02
-3.090479999999999963e-02
-2.515389999999999987e-02
-2.558590000000000170e-02
-2.609569999999999945e-02
-1.741440000000000002e-02
-1.040480000000000051e-02
-3.056940000000000178e-03
1.371029999999999992e-02
2.335900000000000129e-02
1.669800000000000104e-02
9.689589999999999662e-03
5.845590000000000334e-03
5.199539999999999891e-03
1.431070000000000085e-02
2.100600000000000037e-02
1.868130000000000138e-02
1.782479999999999828e-02
1.776089999999999960e-02
1.122519999999999941e-02
-9.379390000000000470e-04
-7.681539999999999722e-03
-3.600149999999999878e-03
-2.907910000000000095e-03
-9.077160000000000784e-03
-9.514230000000000256e-03
-5.956499999999999989e-03
1.107219999999999906e-03
1.575000000000000011e-02
2.932519999999999918e-02
3.344459999999999794e-02
2.648309999999999900e-02
1.521869999999999994e-02
2.430460000000000172e-03
-1.494219999999999923e-02
-2.854690000000000005e-02
-3.165269999999999889e-02
-3.098170000000000091e-02
-3.085359999999999839e-02
-2.534039999999999904e-02
-1.605349999999999833e-02
-1.125239999999999921e-02
-5.921840000000000263e-03
5.059980000000000380e-03
1.532209999999999996e-02
1.912099999999999911e-02
1.645349999999999938e-02
1.279719999999999989e-02
6.961430000000000222e-03
-7.374689999999999718e-03
-2.224720000000000170e-02
-2.438099999999999989e-02
-1.681329999999999977e-02
-9.618220000000000242e-03
-1.782860000000000044e-03
5.873190000000000355e-03
7.134770000000000348e-03
1.000179999999999993e-02
2.014559999999999962e-02
2.700489999999999835e-02
2.946949999999999917e-02
3.233860000000000207e-02
2.802910000000000124e-02
1.536679999999999990e-02
-8.259450000000000212e-04
-2.152209999999999887e-02
-3.492909999999999765e-02
-3.587549999999999767e-02
-3.119600000000000151e-02
-1.917349999999999957e-02
-7.673199999999999812e-03
-1.883899999999999984e-03
1.662529999999999954e-03
1.551049999999999998e-03
3.450830000000000217e-03
6.988480000000000039e-03
2.168520000000000170e-03
-6.727600000000000247e-03
-7.451270000000000289e-03
-1.013860000000000108e-03
2.556329999999999887e-03
3.839110000000000179e-03
6.963890000000000358e-03
6.682770000000000203e-03
2.641989999999999877e-03
-6.833939999999999828e-05
-1.943899999999999871e-04
3.139449999999999793e-03
5.314919999999999888e-03
-6.042410000000000446e-04
-1.088320000000000086e-02
-1.584669999999999829e-02
-1.172680000000000076e-02
-3.131860000000000199e-03
6.640380000000000414e-03
1.517890000000000038e-02
1.439329999999999950e-02
7.399400000000000421e-03
2.987819999999999972e-03
-3.268360000000000102e-03
-8.215200000000000627e-03
-4.348359999999999899e-03
-4.809999999999999823e-04
-7.982020000000000261e-04
2.165649999999999867e-03
8.037189999999999612e-03
8.308070000000000732e-03
2.551320000000000150e-03
1.089689999999999930e-03
6.598940000000000188e-03
1.022220000000000073e-02
6.636419999999999646e-03
3.004009999999999992e-04
-4.406750000000000077e-03
-8.181570000000000856e-03
-8.079390000000000530e-03
-4.164720000000000227e-03
-1.998839999999999992e-03
-2.328989999999999966e-03
-3.411570000000000054e-03
-3.646050000000000072e-03
-4.585529999999999988e-03
-8.688539999999999805e-03
-1.247209999999999985e-02
-9.699309999999999182e-03
-8.687999999999999759e-04
3.997729999999999687e-03
2.386979999999999918e-03
4.710190000000000383e-03
9.968869999999999468e-03
3.503669999999999961e-03
-1.042610000000000064e-02
-1.121029999999999943e-02
-1.401770000000000099e-03
1.193880000000000028e-03
1.625170000000000000e-03
1.126169999999999949e-02
2.283719999999999847e-02
2.725299999999999945e-02
2.388969999999999982e-02
1.876500000000000043e-02
1.487070000000000058e-02
8.839369999999999172e-03
-4.519149999999999990e-04
-1.149810000000000068e-02
-1.998389999999999889e-02
-1.849829999999999877e-02
-8.142480000000000551e-03
1.545860000000000029e-03
1.190090000000000071e-02
1.991160000000000152e-02
1.618230000000000016e-02
8.918010000000000520e-03
1.235889999999999905e-03
-8.502259999999999332e-03
-1.116980000000000056e-02
-1.009089999999999987e-02
-1.017440000000000011e-02
-7.901450000000000834e-03
-8.029919999999999419e-03
-1.170580000000000058e-02
-1.333080000000000029e-02
-1.107179999999999970e-02
-6.506139999999999667e-03
-4.266830000000000102e-03
-2.898700000000000148e-03
3.016669999999999942e-03
1.087750000000000002e-02
1.490099999999999932e-02
1.315880000000000001e-02
9.720090000000000674e-03
8.064119999999999275e-03
6.917679999999999836e-03
5.918940000000000139e-03
2.656389999999999793e-03
-3.885669999999999923e-03
-7.107790000000000115e-03
-6.015219999999999942e-03
-5.142609999999999716e-03
-7.354399999999999653e-04
7.379840000000000358e-03
1.297189999999999975e-02
1.353619999999999997e-02
7.402159999999999643e-03
-1.590339999999999983e-03
-7.017050000000000370e-03
-9.637599999999999639e-03
-9.814969999999999251e-03
-4.625060000000000282e-03
9.178250000000000427e-04
-1.858910000000000076e-03
-1.075519999999999948e-02
-1.512830000000000077e-02
-1.410950000000000051e-02
-1.643309999999999910e-02
-1.917719999999999841e-02
-1.205439999999999984e-02
6.331210000000000527e-04
9.382700000000000762e-03
1.217129999999999948e-02
1.086400000000000039e-02
1.016090000000000049e-02
8.879879999999999718e-03
4.618849999999999865e-03
1.810559999999999904e-03
2.946049999999999971e-03
4.986739999999999923e-03
4.205790000000000049e-03
1.204610000000000056e-03
1.588269999999999916e-03
7.031319999999999758e-03
1.227999999999999925e-02
1.340210000000000012e-02
1.081870000000000054e-02
8.206589999999999718e-03
6.288919999999999927e-03
3.595759999999999929e-03
3.318619999999999990e-03
6.266569999999999953e-03
6.374170000000000183e-03
2.266569999999999870e-03
-1.590859999999999930e-03
-2.386989999999999858e-03
1.699760000000000030e-03
6.384049999999999621e-03
4.758169999999999934e-03
3.717079999999999993e-05
-2.837070000000000130e-03
-6.887240000000000202e-03
-1.204069999999999967e-02
-1.079079999999999970e-02
-2.533640000000000198e-03
1.117909999999999954e-03
-4.604539999999999848e-03
-9.350100000000000078e-03
-5.561370000000000376e-03
-3.890109999999999792e-04
-4.134200000000000093e-04
3.167329999999999777e-04
1.545630000000000094e-03
-3.780770000000000138e-03
-1.248930000000000005e-02
-1.425109999999999918e-02
-6.210979999999999626e-03
1.605309999999999983e-03
1.590749999999999933e-03
-2.326540000000000205e-03
-3.918439999999999597e-03
-4.381379999999999823e-03
-5.630630000000000183e-03
-2.038359999999999912e-03
4.966260000000000119e-03
7.588359999999999723e-03
9.407820000000000765e-03
1.155770000000000061e-02
8.186979999999999952e-03
5.120030000000000241e-03
7.842200000000000559e-03
1.073170000000000027e-02
1.197609999999999994e-02
1.116830000000000080e-02
6.263999999999999603e-03
2.777889999999999873e-03
2.887419999999999917e-03
3.395879999999999992e-03
4.958060000000000245e-03
3.084350000000000026e-03
-4.177860000000000254e-03
-9.204810000000000769e-03
-9.636330000000000243e-03
-6.947349999999999706e-03
-2.792479999999999962e-03
2.837949999999999891e-04
8.031170000000000019e-04
-1.079620000000000102e-03
-1.603870000000000079e-03
7.977890000000000285e-04
2.445179999999999923e-03
2.179239999999999823e-03
2.168170000000000080e-03
9.301010000000000248e-06
-6.164639999999999877e-03
-1.141089999999999986e-02
-9.342690000000000716e-03
-6.766499999999999945e-04
6.893220000000000250e-03
8.744880000000000014e-03
6.185239999999999835e-03
3.491769999999999943e-03
-1.658169999999999881e-04
-7.113000000000000399e-03
-1.249259999999999954e-02
-1.212360000000000000e-02
-9.915550000000000405e-03
-1.060159999999999922e-02
-9.755929999999999463e-03
-5.436800000000000313e-03
-4.865450000000000330e-03
-5.729749999999999600e-03
-2.004639999999999807e-03
-2.086479999999999932e-03
-8.715469999999999468e-03
-1.401600000000000068e-02
-1.665600000000000067e-02
-1.548820000000000058e-02
-1.149020000000000076e-02
-9.201080000000000370e-03
-7.126529999999999844e-03
-4.241729999999999980e-03
-4.566710000000000192e-04
7.133859999999999681e-03
1.469039999999999929e-02
1.276509999999999971e-02
3.168439999999999798e-03
-6.824539999999999600e-03
-1.618220000000000075e-02
-1.971480000000000107e-02
-1.291370000000000018e-02
-1.493399999999999979e-03
8.392159999999999204e-03
1.317409999999999935e-02
1.161779999999999931e-02
1.038889999999999952e-02
1.227800000000000072e-02
1.163050000000000021e-02
7.456479999999999705e-03
3.494520000000000091e-03
8.117190000000000256e-04
-2.299100000000000102e-03
-7.599709999999999972e-03
-1.484530000000000051e-02
-1.636369999999999839e-02
-8.595629999999999937e-03
-9.475329999999999690e-04
1.078160000000000099e-03
-1.593390000000000084e-03
-6.553840000000000013e-03
-1.140850000000000024e-02
-1.178629999999999955e-02
-2.362620000000000171e-03
8.960040000000000712e-03
1.578610000000000083e-02
1.804000000000000048e-02
1.220719999999999965e-02
4.322570000000000405e-03
1.869259999999999975e-03
3.493510000000000018e-03
5.604429999999999655e-03
8.299410000000000120e-03
1.276700000000000057e-02
1.419020000000000004e-02
1.036379999999999940e-02
6.956569999999999594e-03
7.622900000000000162e-03
1.083109999999999976e-02
1.091149999999999932e-02
4.798270000000000313e-03
-2.032250000000000202e-03
-7.169929999999999706e-03
-1.342819999999999951e-02
-2.068969999999999837e-02
-2.385510000000000061e-02
-2.011100000000000040e-02
-1.560880000000000080e-02
-1.089560000000000008e-02
-2.366309999999999941e-03
6.679400000000000268e-03
1.653699999999999962e-02
2.649920000000000053e-02
2.681580000000000075e-02
1.864769999999999969e-02
1.272970000000000004e-02
6.742480000000000348e-03
-1.473780000000000055e-03
-6.798310000000000117e-03
-1.042769999999999982e-02
-1.221180000000000009e-02
-1.051120000000000006e-02
-1.107209999999999965e-02
-1.227950000000000048e-02
-6.998670000000000238e-03
1.750950000000000032e-04
1.829960000000000050e-03
-1.075879999999999979e-03
-3.803050000000000094e-03
-5.341209999999999881e-03
-3.119049999999999948e-03
4.560360000000000281e-03
1.153400000000000085e-02
1.444619999999999932e-02
1.590429999999999969e-02
1.632810000000000164e-02
1.272979999999999945e-02
7.175919999999999695e-03
5.188599999999999809e-03
5.950620000000000215e-03
5.976630000000000137e-03
5.916199999999999931e-03
6.335249999999999736e-03
3.739240000000000012e-03
-2.185240000000000186e-03
-8.157529999999999643e-03
-1.363420000000000083e-02
-1.437410000000000077e-02
-8.555079999999999629e-03
-4.511730000000000254e-03
-4.778860000000000226e-03
-5.076309999999999677e-03
-5.163059999999999698e-03
-6.738649999999999675e-03
-9.217839999999999714e-03
-9.066209999999999894e-03
-5.012319999999999796e-03
-2.174999999999999850e-03
-2.391840000000000112e-03
3.288820000000000133e-04
6.079400000000000429e-03
6.703469999999999568e-03
2.628740000000000070e-03
1.241780000000000054e-03
1.641380000000000009e-03
-1.551919999999999873e-04
-2.813659999999999946e-03
-4.957340000000000184e-03
-7.236570000000000329e-03
-6.864760000000000133e-03
-1.999270000000000040e-03
2.139040000000000039e-03
1.290370000000000102e-03
-1.538609999999999934e-03
-1.928440000000000015e-03
-1.269659999999999929e-03
-1.350929999999999969e-03
6.836560000000000423e-04
3.526880000000000032e-03
1.665170000000000105e-03
-2.467060000000000086e-03
-2.657329999999999848e-03
-1.486869999999999945e-03
-3.760589999999999853e-03
-4.063609999999999618e-03
2.027119999999999877e-03
8.590369999999999950e-03
1.281380000000000019e-02
1.355699999999999961e-02
1.036390000000000054e-02
7.245520000000000085e-03
2.205040000000000125e-03
-6.354399999999999632e-03
-1.003249999999999975e-02
-4.108549999999999876e-03
7.740900000000000374e-05
-3.781329999999999848e-03
-3.652069999999999882e-03
1.074690000000000107e-03
-6.237849999999999645e-04
-4.244450000000000306e-03
-2.104570000000000052e-03
3.473159999999999795e-05
-3.168320000000000077e-03
-6.600179999999999762e-03
-6.625129999999999908e-03
-5.329719999999999597e-03
-2.078079999999999945e-03
3.437669999999999875e-03
7.309829999999999800e-03
6.240189999999999626e-03
2.965250000000000004e-03
3.366849999999999791e-03
5.632820000000000188e-03
4.410410000000000025e-03
1.762569999999999979e-03
1.284580000000000010e-03
1.591640000000000069e-03
-4.818450000000000055e-04
-4.994880000000000153e-03
-8.737480000000000593e-03
-8.584410000000000651e-03
-5.094910000000000237e-03
-1.647830000000000085e-03
-1.120230000000000054e-03
-5.231849999999999695e-03
-1.055520000000000069e-02
-1.341849999999999987e-02
-1.184009999999999924e-02
-5.107440000000000417e-03
2.526529999999999922e-03
6.488940000000000333e-03
4.416340000000000370e-03
8.079229999999999962e-04
-6.941370000000000526e-04
-1.984739999999999907e-05
7.531740000000000310e-03
1.493440000000000045e-02
9.927409999999999360e-03
-3.238620000000000105e-04
-5.613629999999999662e-03
-6.110100000000000253e-03
-5.048529999999999858e-03
-4.182319999999999788e-03
-3.004740000000000102e-03
-4.860119999999999892e-03
-1.023750000000000007e-02
-1.082040000000000085e-02
-4.445659999999999716e-03
1.259310000000000030e-03
5.378649999999999577e-03
9.693729999999999361e-03
8.414879999999999582e-03
2.955479999999999913e-03
-6.222849999999999823e-04
-1.896160000000000033e-03
1.524259999999999938e-03
7.162619999999999751e-03
6.969890000000000287e-03
2.471559999999999816e-03
-1.260559999999999871e-04
-1.612310000000000045e-03
-4.733180000000000026e-03
-7.509710000000000170e-03
-5.397169999999999745e-03
-4.924309999999999885e-04
3.043289999999999927e-04
-9.631569999999999672e-04
-1.479239999999999939e-03
-2.552260000000000206e-03
2.709550000000000240e-04
6.734429999999999583e-03
1.204719999999999923e-02
1.509609999999999945e-02
1.187599999999999940e-02
4.873960000000000098e-03
1.683470000000000062e-03
-4.416599999999999693e-05
-3.840189999999999836e-03
-7.996049999999999339e-03
-9.070740000000000747e-03
-5.497250000000000400e-03
-1.735750000000000097e-03
1.560819999999999872e-04
2.427999999999999928e-04
-3.850929999999999805e-03
-8.302099999999999758e-03
-8.897580000000000419e-03
-8.807479999999999476e-03
-9.765970000000000553e-03
-8.075020000000000461e-03
-3.041610000000000147e-03
1.192679999999999999e-03
3.913609999999999658e-03
7.065789999999999745e-03
1.082510000000000069e-02
1.453089999999999937e-02
1.475210000000000063e-02
1.026449999999999932e-02
5.981270000000000336e-03
3.114309999999999908e-03
-5.285690000000000006e-04
-1.424130000000000014e-03
3.853239999999999964e-03
7.924489999999999312e-03
4.462459999999999691e-03
-7.577359999999999565e-04
-4.317239999999999966e-03
-6.357070000000000255e-03
-3.892469999999999871e-03
-7.461180000000000416e-04
-2.305730000000000193e-03
-5.743660000000000258e-03
-6.106620000000000104e-03
-2.163969999999999869e-03
2.833239999999999890e-03
6.716139999999999784e-03
9.627619999999999928e-03
1.151800000000000046e-02
1.331489999999999931e-02
1.228339999999999987e-02
6.569860000000000283e-03
1.506970000000000054e-03
-1.775880000000000080e-03
-4.153900000000000300e-03
-2.757589999999999868e-03
2.508389999999999882e-04
6.767960000000000165e-04
-1.334209999999999953e-03
-3.570030000000000078e-03
-5.397990000000000080e-03
-7.824410000000000392e-03
-1.082890000000000068e-02
-1.220929999999999932e-02
-9.752860000000000348e-03
-6.220749999999999717e-03
-5.274710000000000162e-03
-3.667450000000000050e-03
1.562079999999999979e-03
6.872210000000000124e-03
1.133769999999999917e-02
1.457430000000000010e-02
1.393020000000000022e-02
1.271830000000000009e-02
1.283330000000000061e-02
9.618790000000000326e-03
2.742899999999999939e-03
-3.541020000000000192e-03
-8.151729999999999393e-03
-1.067949999999999976e-02
-8.828580000000000802e-03
-2.598099999999999889e-03
2.246939999999999788e-03
1.203249999999999893e-03
-1.587110000000000083e-03
-2.554470000000000091e-03
-2.844580000000000199e-03
-3.034779999999999943e-03
-4.101660000000000028e-03
-5.834960000000000147e-03
-7.199800000000000123e-03
-9.326700000000000268e-03
-1.077490000000000045e-02
-7.458000000000000219e-03
-9.808989999999999203e-04
1.617649999999999991e-03
-1.442190000000000095e-03
-4.884590000000000286e-03
-6.055089999999999952e-03
-2.086979999999999998e-03
8.523730000000000195e-03
1.511350000000000020e-02
1.226460000000000050e-02
7.372909999999999880e-03
4.287110000000000226e-03
3.914759999999999768e-03
6.258910000000000341e-03
8.920579999999999135e-03
1.072850000000000019e-02
8.851760000000000184e-03
2.074400000000000115e-03
-4.338599999999999748e-03
-7.965180000000000524e-03
-9.140590000000000520e-03
-5.965350000000000340e-03
1.319779999999999890e-04
2.851709999999999922e-03
-2.177199999999999795e-03
-7.151979999999999622e-03
-3.606499999999999897e-03
4.840099999999999958e-04
-1.726660000000000087e-03
-4.859389999999999890e-03
-5.223470000000000023e-03
-4.297480000000000223e-03
-3.131249999999999919e-03
-1.749300000000000074e-04
5.375770000000000201e-03
8.472409999999999664e-03
5.507849999999999899e-03
2.001479999999999926e-03
2.403080000000000147e-03
2.124060000000000097e-03
-7.803550000000000460e-04
-1.268950000000000026e-03
-1.287070000000000130e-04
-1.458179999999999893e-03
-3.090480000000000050e-03
-9.587439999999999808e-04
3.294679999999999918e-03
4.549649999999999701e-03
2.581069999999999979e-03
3.648330000000000084e-04
-1.710949999999999927e-03
-3.320000000000000034e-03
-2.178390000000000101e-03
1.521189999999999955e-03
4.802289999999999857e-03
4.599909999999999589e-03
-2.910210000000000043e-05
-3.807500000000000120e-03
-1.503849999999999935e-03
2.769129999999999855e-03
3.305489999999999904e-03
2.018100000000000102e-03
2.172040000000000082e-03
2.656369999999999912e-03
1.441879999999999985e-03
-1.559599999999999962e-03
-5.343099999999999933e-03
-7.892539999999999972e-03
-5.306489999999999645e-03
8.331509999999999654e-04
1.772619999999999925e-03
-2.620760000000000190e-03
-4.461589999999999653e-03
-3.198719999999999949e-03
-1.296389999999999912e-03
2.230719999999999838e-03
5.916089999999999717e-03
7.038439999999999974e-03
6.080249999999999717e-03
4.614369999999999583e-03
3.653759999999999820e-03
3.988239999999999667e-03
4.184969999999999662e-03
2.543849999999999844e-03
1.136679999999999939e-03
3.942789999999999836e-04
-2.007239999999999979e-03
-4.388989999999999732e-03
-3.421770000000000193e-03
-1.594009999999999871e-04
1.859439999999999964e-03
4.309539999999999942e-04
-3.216800000000000128e-03
-5.888009999999999945e-03
-5.321590000000000174e-03
-1.599399999999999954e-03
2.267449999999999848e-03
5.675900000000000216e-03
7.421080000000000038e-03
3.843529999999999950e-03
-1.447530000000000041e-03
-2.776380000000000167e-03
-2.199860000000000097e-03
-3.877489999999999930e-03
-6.237499999999999989e-03
-5.242799999999999717e-03
-1.480930000000000094e-03
7.090189999999999687e-04
7.926320000000000371e-04
2.721910000000000128e-03
5.983050000000000174e-03
6.368259999999999720e-03
3.833169999999999893e-03
6.594300000000000205e-04
-1.943779999999999987e-03
-2.656860000000000038e-03
-1.297320000000000027e-03
4.653479999999999769e-04
2.122250000000000004e-03
4.023220000000000095e-03
5.172829999999999789e-03
3.703779999999999833e-03
1.628280000000000070e-04
-2.781360000000000082e-03
-4.566510000000000187e-03
-4.052580000000000071e-03
-4.540869999999999911e-04
2.190790000000000185e-03
-9.598100000000000143e-05
-4.981460000000000055e-03
-7.278630000000000343e-03
-7.369230000000000051e-03
-9.148969999999999325e-03
-1.077939999999999975e-02
-7.197339999999999988e-03
-7.690989999999999762e-04
3.360240000000000015e-03
5.481690000000000000e-03
6.430280000000000024e-03
4.773219999999999894e-03
1.420049999999999958e-03
-4.156179999999999770e-04
-8.729700000000000393e-04
-2.470089999999999873e-03
-4.902379999999999585e-03
-6.522059999999999663e-03
-6.740269999999999595e-03
-3.621130000000000182e-03
2.020559999999999804e-03
5.410279999999999950e-03
6.352380000000000353e-03
7.099710000000000396e-03
5.868449999999999882e-03
8.594120000000000448e-04
-3.404959999999999844e-03
-1.393399999999999934e-03
3.371569999999999949e-03
5.685459999999999819e-03
5.900670000000000220e-03
2.956669999999999784e-03
-1.756820000000000083e-03
-4.276679999999999718e-03
-5.907019999999999806e-03
-6.150799999999999670e-03
-3.516039999999999791e-03
-1.529390000000000046e-03
-1.137079999999999948e-03
-1.699739999999999931e-03
-3.422249999999999945e-03
-2.377530000000000095e-03
1.105309999999999973e-03
2.118699999999999837e-03
1.132900000000000053e-03
3.710909999999999881e-04
1.550230000000000097e-03
2.801160000000000021e-03
6.593709999999999589e-04
-6.742970000000000257e-04
1.304100000000000094e-03
2.660490000000000164e-03
2.910100000000000100e-03
4.350180000000000366e-03
6.008369999999999857e-03
3.827510000000000114e-03
-1.546410000000000015e-03
-4.007189999999999884e-03
-2.517629999999999868e-03
-1.342909999999999894e-03
-2.292639999999999869e-03
-4.183359999999999683e-03
-5.277379999999999918e-03
-5.077589999999999881e-03
-3.965719999999999835e-03
-8.166129999999999960e-04
4.566599999999999653e-03
1.030089999999999999e-02
1.146729999999999972e-02
5.276409999999999607e-03
-1.009219999999999909e-03
-3.691740000000000212e-03
-4.554660000000000306e-03
-2.345360000000000055e-04
6.852969999999999895e-03
7.279560000000000024e-03
8.906069999999999655e-04
-3.132999999999999934e-03
-1.728130000000000031e-03
5.017599999999999665e-04
2.142750000000000123e-03
3.932609999999999578e-03
3.129869999999999874e-03
-1.620059999999999990e-03
-6.709950000000000116e-03
-7.294110000000000350e-03
-2.448029999999999911e-03
2.352470000000000169e-03
3.307050000000000180e-03
2.812779999999999968e-03
2.204929999999999911e-03
7.821430000000000092e-05
-2.352560000000000068e-03
-1.126609999999999895e-03
3.189099999999999834e-03
7.043909999999999581e-03
8.418049999999999838e-03
5.209130000000000184e-03
-7.635979999999999894e-04
-4.949699999999999586e-03
-4.857140000000000242e-03
-1.734469999999999892e-03
5.631149999999999914e-04
8.633109999999999612e-04
-6.775709999999999676e-04
-1.732730000000000034e-03
9.839569999999999306e-04
4.717780000000000411e-03
6.048949999999999987e-03
4.739310000000000050e-03
1.023859999999999918e-03
-3.149379999999999801e-03
-6.603209999999999982e-03
-8.627320000000000821e-03
-6.867090000000000173e-03
-2.588979999999999840e-03
1.381970000000000052e-04
9.422360000000000501e-04
8.451170000000000470e-04
-7.743340000000000032e-04
-2.272609999999999995e-03
-8.534379999999999831e-04
1.908369999999999945e-03
2.994590000000000099e-03
3.253189999999999988e-03
4.041789999999999966e-03
3.849599999999999897e-03
2.636680000000000187e-03
2.954669999999999953e-03
2.737090000000000183e-03
-1.150790000000000059e-03
-4.645400000000000050e-03
-5.081679999999999878e-03
-3.987209999999999713e-03
-1.482889999999999946e-03
5.177689999999999550e-04
5.078980000000000083e-04
-2.566870000000000176e-04
-2.124009999999999961e-03
-5.342200000000000074e-03
-8.170729999999999313e-03
-9.181810000000000319e-03
-8.222830000000000417e-03
-6.028999999999999637e-03
-3.468199999999999842e-03
-1.149669999999999989e-03
7.088899999999999976e-04
1.893960000000000088e-03
2.303959999999999862e-03
3.986499999999999592e-03
7.758199999999999819e-03
8.797150000000000108e-03
3.786509999999999876e-03
-1.999279999999999981e-03
-3.414340000000000083e-03
-4.292920000000000416e-03
-7.371360000000000412e-03
-9.157369999999999746e-03
-6.521029999999999709e-03
-1.822169999999999910e-03
-1.057040000000000030e-04
5.083929999999999959e-04
3.073090000000000110e-03
5.054580000000000357e-03
3.487749999999999965e-03
-1.156050000000000046e-03
-5.845480000000000120e-03
-7.468960000000000182e-03
-4.836299999999999974e-03
-5.924170000000000304e-04
3.551669999999999827e-03
7.588860000000000224e-03
8.678170000000000675e-03
5.863769999999999920e-03
4.312909999999999661e-03
6.547869999999999906e-03
7.675509999999999972e-03
5.789709999999999995e-03
3.439729999999999784e-03
5.676299999999999575e-04
-2.595010000000000025e-03
-3.539609999999999892e-03
-2.383269999999999833e-03
-2.232650000000000086e-03
-4.046100000000000391e-03
-5.647860000000000207e-03
-6.384019999999999799e-03
-7.514550000000000049e-03
-8.605130000000000765e-03
-8.506980000000000791e-03
-6.847350000000000311e-03
-3.877040000000000000e-03
-1.032080000000000107e-03
8.573009999999999832e-04
3.194219999999999785e-03
7.660179999999999940e-03
1.177500000000000074e-02
1.105139999999999942e-02
6.525500000000000050e-03
2.404330000000000096e-03
2.337759999999999925e-04
-1.347630000000000052e-03
-3.594809999999999933e-03
-4.493139999999999634e-03
-2.948820000000000000e-03
-1.883459999999999995e-03
-1.724080000000000014e-03
-3.203249999999999934e-04
6.757729999999999553e-04
-4.064939999999999743e-04
-1.627210000000000028e-03
-2.449090000000000121e-03
-3.661039999999999954e-03
-4.823339999999999746e-03
-4.774529999999999920e-03
-2.877769999999999981e-03
-1.780509999999999905e-03
-2.310330000000000196e-03
2.612660000000000156e-04
5.831440000000000234e-03
9.668529999999999833e-03
1.099939999999999946e-02
8.573990000000000083e-03
2.303550000000000129e-03
-2.951580000000000089e-03
-5.485280000000000364e-03
-6.636679999999999836e-03
-6.204570000000000397e-03
-4.310879999999999573e-03
-1.821970000000000013e-03
6.609349999999999730e-04
3.110420000000000025e-03
4.496860000000000093e-03
3.958680000000000011e-03
4.143889999999999900e-03
6.220400000000000061e-03
5.707040000000000030e-03
5.557949999999999870e-04
-3.948250000000000370e-03
-4.172930000000000042e-03
-2.429129999999999831e-03
-1.129980000000000047e-03
-2.317049999999999915e-04
1.264050000000000069e-03
2.825269999999999952e-03
3.290369999999999927e-03
3.614710000000000145e-03
4.688409999999999626e-03
4.945350000000000266e-03
3.510080000000000058e-03
2.550290000000000196e-03
3.653149999999999974e-03
3.977139999999999669e-03
6.569780000000000108e-04
-3.659749999999999809e-03
-6.017690000000000018e-03
-5.430220000000000359e-03
-2.332320000000000140e-03
-1.202759999999999984e-04
6.150189999999999607e-04
1.602359999999999939e-03
2.373520000000000057e-03
2.805510000000000208e-03
3.118459999999999982e-03
2.649620000000000100e-03
1.131719999999999905e-03
-8.705800000000000300e-04
-2.352009999999999865e-03
-2.283719999999999934e-03
-1.511879999999999951e-03
-1.867629999999999898e-03
-4.205009999999999911e-04
4.914879999999999943e-03
9.969850000000000587e-03
1.311580000000000037e-02
1.372430000000000004e-02
9.236460000000000156e-03
2.347249999999999944e-03
-2.562440000000000030e-03
-6.474399999999999947e-03
-1.136180000000000002e-02
-1.522259999999999933e-02
-1.461070000000000077e-02
-1.037689999999999967e-02
-5.808419999999999903e-03
-1.965489999999999859e-03
2.367709999999999867e-04
4.009989999999999735e-04
-7.693189999999999707e-04
-2.581959999999999898e-03
-3.822879999999999855e-03
-2.863169999999999951e-03
-1.135019999999999985e-04
1.694809999999999936e-03
2.698379999999999789e-03
4.593189999999999600e-03
5.377390000000000121e-03
3.245029999999999876e-03
1.070959999999999924e-03
4.960089999999999465e-04
-8.920850000000000351e-04
-2.025419999999999998e-03
-1.635610000000000015e-04
2.366210000000000101e-03
3.562140000000000098e-03
3.287040000000000187e-03
9.187590000000000036e-04
-1.601280000000000064e-03
-2.661450000000000100e-03
-2.313529999999999840e-03
-2.994679999999999998e-04
1.432869999999999934e-03
1.804510000000000055e-03
2.353469999999999868e-03
2.923170000000000109e-03
2.598720000000000110e-03
1.197970000000000024e-03
1.623709999999999943e-04
1.129580000000000037e-03
2.115169999999999984e-03
1.523000000000000048e-03
9.955429999999999922e-04
5.605529999999999844e-04
-1.324180000000000105e-03
-2.555689999999999785e-03
1.958279999999999960e-04
5.200719999999999822e-03
8.231969999999999912e-03
8.004940000000000319e-03
5.914359999999999583e-03
3.497459999999999979e-03
9.469460000000000507e-04
-1.430400000000000074e-03
-2.987099999999999912e-03
-3.721959999999999852e-03
-3.375050000000000099e-03
-2.395050000000000130e-03
-1.613459999999999938e-03
-1.600070000000000095e-03
-1.627540000000000020e-03
6.955470000000000001e-05
9.503979999999999763e-04
-9.974100000000000067e-04
-2.538509999999999898e-03
-3.225070000000000020e-03
-4.533699999999999883e-03
-5.644299999999999665e-03
-6.515800000000000411e-03
-7.756129999999999969e-03
-8.718709999999999308e-03
-7.226190000000000391e-03
-2.433990000000000025e-03
2.851559999999999945e-03
4.851160000000000194e-03
2.544230000000000189e-03
-6.907280000000000451e-04
-9.106130000000000040e-04
1.192270000000000049e-03
2.250690000000000069e-03
2.459499999999999881e-03
3.529410000000000186e-03
3.736540000000000000e-03
1.878509999999999902e-03
9.873240000000000358e-05
-2.869349999999999895e-04
-1.019939999999999996e-03
-3.465339999999999913e-03
-5.108429999999999742e-03
-4.118329999999999907e-03
-3.148460000000000061e-03
-3.146410000000000092e-03
-3.512120000000000086e-03
-4.063449999999999701e-03
-3.067139999999999884e-03
-1.338980000000000031e-03
-4.709250000000000220e-04
4.741780000000000127e-04
1.627959999999999911e-03
1.963640000000000004e-03
6.741650000000000073e-04
-5.843719999999999947e-04
5.302349999999999810e-05
8.531979999999999989e-04
1.104919999999999904e-03
6.076750000000000120e-04
-2.265000000000000086e-03
-6.252210000000000233e-03
-7.721070000000000016e-03
-5.197679999999999662e-03
-1.638899999999999992e-03
3.834999999999999976e-04
5.856200000000000207e-04
-1.655680000000000086e-03
-4.553279999999999827e-03
-4.569880000000000123e-03
-1.496799999999999953e-03
1.418180000000000005e-03
2.674230000000000097e-03
3.346829999999999857e-03
3.657409999999999828e-03
3.751609999999999841e-03
4.126529999999999782e-03
4.168559999999999974e-03
1.805849999999999903e-03
-2.759360000000000198e-03
-6.850479999999999937e-03
-8.112120000000000442e-03
-4.642819999999999760e-03
4.649850000000000077e-04
3.574620000000000141e-03
4.219739999999999602e-03
1.347139999999999926e-03
-2.181329999999999988e-03
-2.062549999999999800e-03
1.620219999999999907e-03
5.400040000000000048e-03
5.232230000000000041e-03
2.686019999999999901e-03
1.282069999999999954e-03
-4.155340000000000097e-04
-3.058019999999999836e-03
-2.163120000000000147e-03
3.350500000000000179e-03
6.954580000000000137e-03
7.469550000000000148e-03
8.840419999999999875e-03
1.019220000000000022e-02
8.729560000000000791e-03
4.001300000000000169e-03
-6.121050000000000492e-04
-2.370680000000000009e-03
-3.326509999999999970e-03
-4.871419999999999570e-03
-5.491799999999999807e-03
-4.818819999999999701e-03
-2.734530000000000207e-03
5.597690000000000001e-04
2.543010000000000062e-03
3.504059999999999814e-03
5.457299999999999998e-03
5.708379999999999878e-03
3.448179999999999908e-03
1.621009999999999986e-03
3.950639999999999838e-05
-1.754169999999999991e-03
-1.922770000000000078e-03
-1.297460000000000063e-03
-2.944159999999999919e-03
-5.463739999999999916e-03
-4.196450000000000007e-03
2.292860000000000135e-04
2.439179999999999994e-03
1.634199999999999932e-03
9.940389999999999469e-04
7.472470000000000371e-04
-6.909180000000000009e-04
-2.184569999999999828e-03
-9.459870000000000214e-04
1.297980000000000010e-03
7.734439999999999761e-04
1.991270000000000063e-04
2.114110000000000208e-03
3.814999999999999815e-03
5.108950000000000123e-03
7.234380000000000324e-03
9.016720000000000637e-03
8.226960000000000175e-03
4.709269999999999776e-03
1.151969999999999991e-03
-1.426050000000000104e-03
-3.327539999999999925e-03
-4.004540000000000009e-03
-2.962090000000000122e-03
-1.352820000000000021e-03
-1.919860000000000013e-03
-3.062679999999999916e-03
1.533109999999999963e-04
5.234339999999999653e-03
6.681620000000000094e-03
6.886559999999999904e-03
7.552660000000000103e-03
5.123149999999999926e-03
5.423239999999999528e-04
-1.257920000000000045e-03
-1.263420000000000009e-05
5.376600000000000259e-04
-4.960790000000000322e-05
8.344220000000000554e-05
5.610829999999999811e-04
-2.081619999999999901e-04
-1.538929999999999985e-03
-3.210870000000000109e-04
2.247820000000000200e-03
1.251750000000000041e-03
-2.618440000000000090e-03
-4.692280000000000062e-03
-4.138840000000000401e-03
-3.153430000000000035e-03
-2.373459999999999979e-03
-8.158349999999999977e-04
1.969509999999999837e-03
2.656229999999999876e-03
-1.332969999999999945e-03
-4.821910000000000432e-03
-5.264350000000000106e-03
-6.018710000000000032e-03
-5.842149999999999947e-03
-1.871550000000000036e-03
2.884980000000000096e-03
4.216059999999999773e-03
3.055040000000000186e-03
2.335040000000000032e-03
2.403339999999999903e-03
2.663179999999999801e-03
3.543510000000000149e-03
3.451179999999999873e-03
9.303340000000000004e-04
-1.759020000000000028e-03
-3.037000000000000203e-03
-2.537150000000000169e-03
-9.531939999999999814e-04
-5.640250000000000081e-04
-4.270650000000000184e-04
7.653900000000000156e-04
4.608859999999999780e-04
-1.159069999999999892e-03
-1.491909999999999938e-03
-1.626480000000000026e-03
-2.543549999999999891e-03
-3.044400000000000057e-03
-1.432129999999999992e-03
1.705050000000000055e-03
2.183039999999999807e-03
4.585100000000000265e-04
5.198139999999999532e-04
1.397840000000000020e-03
8.526710000000000495e-04
6.926709999999999551e-04
2.856640000000000134e-03
5.033290000000000160e-03
4.430909999999999710e-03
1.564590000000000035e-03
-1.441180000000000022e-03
-3.743639999999999902e-03
-5.948000000000000162e-03
-7.920339999999999672e-03
-7.323569999999999733e-03
-4.189410000000000182e-03
-3.092549999999999900e-03
-4.458679999999999588e-03
-4.554110000000000102e-03
-3.126949999999999869e-03
-2.326200000000000056e-03
-3.224949999999999865e-03
-4.422119999999999870e-03
-3.632610000000000092e-03
-1.716529999999999966e-03
-6.845720000000000451e-04
-1.628710000000000064e-04
1.301559999999999952e-05
-9.161119999999999593e-04
-2.128709999999999804e-03
-2.068879999999999938e-03
-1.893949999999999930e-03
-3.556370000000000104e-03
-5.154210000000000215e-03
-4.920569999999999979e-03
-4.742230000000000056e-03
-5.346150000000000034e-03
-4.098069999999999664e-03
6.794890000000000261e-04
5.817400000000000349e-03
7.639100000000000230e-03
7.108729999999999737e-03
4.826590000000000394e-03
3.138120000000000102e-04
-2.167590000000000055e-03
-2.589660000000000139e-04
1.858569999999999927e-03
2.880339999999999897e-03
3.297299999999999971e-03
1.911989999999999914e-03
5.082520000000000527e-04
-9.339809999999999605e-04
-3.968929999999999854e-03
-4.980029999999999873e-03
-2.615329999999999912e-03
-8.248209999999999960e-04
-1.356750000000000100e-03
-3.202280000000000057e-03
-5.013649999999999704e-03
-6.907589999999999911e-03
-7.799500000000000009e-03
-5.236020000000000084e-03
-1.188000000000000037e-03
1.306499999999999936e-03
2.376420000000000182e-03
2.711100000000000142e-03
1.957910000000000206e-03
2.894039999999999959e-04
-3.289540000000000085e-04
1.706480000000000019e-03
4.794220000000000079e-03
6.937439999999999579e-03
7.559889999999999666e-03
6.075640000000000207e-03
4.265790000000000207e-03
3.440449999999999845e-03
2.465929999999999858e-03
1.829209999999999951e-03
2.319949999999999877e-03
1.767920000000000082e-03
-1.126819999999999948e-03
-4.249519999999999686e-03
-6.561140000000000028e-03
-6.823359999999999669e-03
-4.123719999999999990e-03
-1.332550000000000054e-03
8.349930000000000199e-05
9.922229999999999765e-04
2.004740000000000081e-03
3.674719999999999809e-03
5.403019999999999698e-03
6.053679999999999652e-03
4.206299999999999623e-03
1.358580000000000074e-03
1.017310000000000002e-03
2.064830000000000138e-03
2.454290000000000031e-03
2.708729999999999905e-03
2.223759999999999973e-03
-4.508730000000000181e-04
-3.651880000000000143e-03
-4.988109999999999593e-03
-5.167459999999999588e-03
-3.998830000000000093e-03
-7.846829999999999951e-04
1.012290000000000108e-03
-2.488549999999999747e-04
-1.566839999999999899e-03
-1.934249999999999988e-03
-1.877830000000000037e-03
-1.206660000000000024e-03
2.331760000000000050e-04
2.715529999999999854e-03
5.338449999999999793e-03
6.037469999999999642e-03
4.687179999999999992e-03
3.473620000000000180e-03
3.287770000000000189e-03
2.924280000000000022e-03
1.550619999999999950e-03
-2.341809999999999996e-04
-1.776889999999999937e-03
-3.116840000000000062e-03
-4.063920000000000379e-03
-3.797290000000000040e-03
-2.213740000000000065e-03
-5.615999999999999898e-04
-9.328390000000000314e-05
-1.027600000000000041e-03
-2.100589999999999836e-03
-2.515470000000000119e-03
-2.004169999999999997e-03
-4.304590000000000066e-04
5.703880000000000148e-04
3.289610000000000103e-04
3.020890000000000142e-04
1.224660000000000028e-03
2.176289999999999995e-03
2.097349999999999996e-03
1.168329999999999976e-03
9.780930000000000559e-05
2.190930000000000113e-04
2.079650000000000162e-03
3.403049999999999912e-03
2.696850000000000202e-03
1.189109999999999950e-03
1.635019999999999941e-04
-7.965150000000000268e-04
-1.942120000000000088e-03
-1.594530000000000036e-03
2.223639999999999872e-04
5.264790000000000528e-04
-1.125249999999999948e-03
-1.040120000000000064e-03
9.812189999999999714e-04
6.489090000000000309e-04
-1.359409999999999915e-03
-1.639700000000000012e-03
-1.328329999999999962e-03
-2.025170000000000182e-03
-2.627219999999999989e-03
-1.220350000000000037e-03
1.693630000000000005e-03
3.730600000000000149e-03
4.076220000000000190e-03
2.897830000000000111e-03
1.421989999999999929e-03
1.630619999999999943e-03
3.603380000000000211e-03
4.364269999999999955e-03
2.842649999999999951e-03
1.444329999999999963e-03
3.433570000000000263e-04
-1.029469999999999994e-03
-1.682520000000000066e-03
-1.656890000000000055e-03
-1.417889999999999992e-03
-2.429970000000000047e-04
6.557600000000000234e-04
-3.462599999999999814e-04
-4.767640000000000181e-04
1.249969999999999987e-03
2.533919999999999836e-03
3.233649999999999806e-03
2.858400000000000090e-03
1.246670000000000070e-03
-2.404329999999999933e-04
-1.294690000000000034e-03
-9.163049999999999624e-04
8.065229999999999622e-04
1.799749999999999918e-03
1.360469999999999909e-03
2.721740000000000270e-04
-5.445530000000000292e-04
-1.509949999999999921e-03
-2.087680000000000178e-03
-6.030830000000000262e-04
1.564180000000000084e-03
1.668379999999999906e-03
5.424300000000000226e-05
-1.333750000000000083e-03
-1.629000000000000023e-03
-6.890400000000000301e-04
8.783270000000000357e-04
3.153550000000000190e-03
4.514289999999999796e-03
2.237600000000000179e-03
-1.329480000000000071e-03
-3.913029999999999634e-03
-5.305190000000000426e-03
-3.612699999999999939e-03
7.244880000000000200e-04
4.419760000000000008e-03
4.834040000000000385e-03
3.255539999999999910e-03
2.388850000000000088e-03
1.503310000000000106e-03
-4.298659999999999938e-05
-1.402819999999999935e-03
-1.733539999999999994e-03
-8.111289999999999516e-04
-5.097219999999999963e-04
-1.750819999999999937e-03
-2.334010000000000078e-03
-9.122759999999999507e-04
9.595759999999999620e-04
2.098319999999999873e-03
3.286289999999999871e-03
4.428950000000000074e-03
3.559960000000000034e-03
7.303150000000000440e-04
-1.693840000000000059e-03
-2.666009999999999908e-03
-2.125750000000000035e-03
-8.297619999999999475e-04
7.217909999999999474e-05
2.055589999999999880e-04
-8.786119999999999694e-04
-2.832990000000000074e-03
-3.222590000000000003e-03
-4.011010000000000074e-04
3.521949999999999820e-03
5.173920000000000255e-03
3.203919999999999858e-03
-1.987799999999999908e-04
-2.171709999999999873e-03
-2.851499999999999868e-03
-3.101769999999999788e-03
-3.122409999999999942e-03
-2.705149999999999916e-03
-1.796019999999999952e-03
-1.132069999999999995e-03
-7.955150000000000025e-04
-3.410679999999999810e-04
2.962320000000000057e-04
5.758700000000000277e-04
-1.533349999999999947e-04
-1.191149999999999978e-03
-1.881950000000000072e-03
-1.924640000000000031e-03
-5.032549999999999784e-04
1.582789999999999935e-03
3.151820000000000056e-03
3.626659999999999866e-03
2.400409999999999957e-03
1.757770000000000079e-03
3.402000000000000076e-03
4.412880000000000101e-03
4.005360000000000344e-03
4.083940000000000313e-03
4.175070000000000343e-03
3.343150000000000028e-03
1.420250000000000071e-03
-8.734040000000000423e-04
-2.044770000000000008e-03
-2.470120000000000128e-03
-2.572679999999999932e-03
-2.104809999999999928e-03
-2.732959999999999990e-03
-4.281949999999999645e-03
-4.298989999999999929e-03
-3.036599999999999976e-03
-2.553979999999999966e-03
-2.795290000000000188e-03
-2.081720000000000011e-03
3.283230000000000073e-05
2.744130000000000007e-03
5.031380000000000227e-03
6.152300000000000303e-03
5.537529999999999709e-03
3.295540000000000014e-03
7.021500000000000180e-04
-1.618279999999999936e-03
-3.696039999999999829e-03
-4.245009999999999582e-03
-2.382360000000000033e-03
-5.739169999999999602e-04
-4.262550000000000041e-04
2.885569999999999886e-05
1.867940000000000008e-03
4.127289999999999605e-03
5.112880000000000202e-03
5.102080000000000157e-03
5.016030000000000315e-03
2.962339999999999939e-03
-6.190710000000000093e-04
-3.327150000000000073e-03
-4.483639999999999674e-03
-3.292890000000000140e-03
-8.600489999999999914e-04
8.251590000000000053e-04
1.565039999999999964e-03
9.411120000000000249e-04
-3.533249999999999824e-04
-5.745779999999999594e-04
-1.712539999999999972e-04
-5.154559999999999654e-04
-1.423470000000000030e-03
-1.161759999999999963e-03
-6.709329999999999678e-04
-2.227890000000000165e-03
-4.119199999999999945e-03
-5.061050000000000097e-03
-5.344319999999999626e-03
-3.786550000000000072e-03
-1.650439999999999872e-04
2.730460000000000092e-03
2.847680000000000003e-03
1.891840000000000101e-03
8.188200000000000513e-04
-7.168199999999999572e-04
-1.629100000000000079e-03
-1.047619999999999975e-03
4.241970000000000181e-04
1.364870000000000015e-03
5.672119999999999896e-04
-1.388789999999999990e-03
-2.911139999999999995e-03
-3.506210000000000056e-03
-2.410310000000000143e-03
9.859089999999999824e-05
2.027680000000000021e-03
2.576830000000000006e-03
2.370500000000000211e-03
2.113799999999999880e-03
2.397049999999999962e-03
3.222710000000000158e-03
3.167510000000000117e-03
2.196379999999999947e-03
1.083289999999999991e-03
-6.370629999999999956e-04
-2.600260000000000071e-03
-3.380269999999999889e-03
-2.791549999999999847e-03
-2.759600000000000074e-03
-3.476309999999999817e-03
-2.195690000000000142e-03
8.231570000000000336e-04
2.034900000000000077e-03
1.281699999999999983e-03
6.442730000000000028e-04
-5.546159999999999767e-05
-1.863709999999999976e-03
-2.940749999999999788e-03
-1.015959999999999997e-03
3.304830000000000137e-04
-1.556819999999999992e-03
-2.230020000000000092e-03
-2.587540000000000047e-06
1.463150000000000084e-03
1.176050000000000099e-03
8.450590000000000011e-04
8.629080000000000127e-04
6.689839999999999632e-04
4.056759999999999967e-04
4.894459999999999891e-05
-1.081399999999999939e-03
-1.646469999999999921e-03
-4.061000000000000048e-04
2.422980000000000034e-04
-5.274869999999999863e-04
-7.496160000000000410e-04
-7.956890000000000317e-05
-1.156099999999999993e-04
-2.066000000000000128e-03
-4.006299999999999965e-03
-3.982340000000000012e-03
-3.461329999999999876e-03
-3.428899999999999917e-03
-2.775380000000000034e-03
-1.709199999999999912e-03
-1.378579999999999910e-03
-1.435690000000000100e-03
-1.229300000000000011e-03
-1.049680000000000101e-03
-1.189710000000000073e-03
-1.408259999999999937e-03
-9.505429999999999826e-04
3.281339999999999995e-04
1.609540000000000016e-03
2.491610000000000005e-03
2.394680000000000159e-03
9.159749999999999706e-04
-9.882680000000000457e-04
-2.520230000000000040e-03
-3.434889999999999905e-03
-2.531750000000000146e-03
3.398930000000000338e-05
1.441089999999999906e-03
7.587050000000000348e-04
-5.069999999999999637e-04
-1.762059999999999972e-03
-3.294459999999999923e-03
-5.005909999999999700e-03
-5.277999999999999706e-03
-3.147370000000000029e-03
-1.033260000000000038e-03
-1.697509999999999948e-05
4.891910000000000399e-04
-7.231380000000000143e-04
-3.130710000000000090e-03
-3.333249999999999841e-03
-4.781179999999999783e-04
1.963240000000000211e-03
1.855799999999999898e-03
3.842590000000000220e-04
-1.034069999999999944e-04
2.516710000000000236e-04
-1.059889999999999964e-03
-2.557709999999999931e-03
-1.756210000000000019e-03
-9.716110000000000458e-04
-1.786709999999999948e-03
-1.198040000000000042e-03
1.375169999999999995e-03
2.622880000000000177e-03
2.373689999999999915e-03
2.753540000000000067e-03
3.460969999999999845e-03
3.380900000000000051e-03
2.958220000000000120e-03
2.015550000000000067e-03
8.210190000000000754e-06
-1.837050000000000011e-03
-3.184399999999999991e-03
-4.084139999999999993e-03
-3.588490000000000169e-03
-2.391900000000000189e-03
-1.498509999999999990e-03
-5.514009999999999745e-04
6.583140000000000129e-04
1.707670000000000108e-03
1.833089999999999893e-03
1.013669999999999936e-03
4.497850000000000312e-05
-8.592600000000000368e-04
-1.585669999999999961e-03
-2.151960000000000071e-03
-2.098009999999999979e-03
-5.276550000000000294e-04
1.468789999999999983e-03
2.437959999999999867e-03
2.752140000000000142e-03
3.381009999999999831e-03
5.226549999999999946e-03
6.375519999999999972e-03
4.062350000000000162e-03
1.423170000000000077e-03
9.862919999999999413e-04
1.747209999999999963e-04
-1.436320000000000045e-03
-1.525080000000000055e-03
-1.214710000000000030e-04
1.004499999999999968e-03
1.832950000000000074e-03
2.679669999999999882e-03
3.011620000000000009e-03
2.792109999999999991e-03
2.413960000000000151e-03
1.768889999999999959e-03
8.052139999999999515e-04
8.881199999999999468e-04
2.224509999999999856e-03
2.985429999999999855e-03
3.058099999999999794e-03
2.382120000000000157e-03
-2.493549999999999868e-04
-3.069259999999999870e-03
-2.413880000000000192e-03
-2.196629999999999872e-04
-4.782230000000000053e-04
-8.380479999999999830e-04
4.833640000000000159e-04
1.619680000000000078e-03
2.225720000000000042e-03
2.866159999999999975e-03
3.341370000000000191e-03
3.335069999999999875e-03
2.706420000000000180e-03
8.502139999999999611e-04
-1.763540000000000073e-03
-3.399890000000000030e-03
-3.091790000000000076e-03
-9.700499999999999705e-04
1.480589999999999944e-03
2.322149999999999822e-03
1.379690000000000040e-03
3.153899999999999738e-04
7.555180000000000532e-04
2.054719999999999897e-03
2.712249999999999817e-03
3.040709999999999854e-03
3.147599999999999964e-03
2.231369999999999881e-03
-2.026440000000000066e-04
-2.258329999999999799e-03
-1.204750000000000092e-03
7.266220000000000101e-04
1.208590000000000055e-03
1.404999999999999999e-03
4.583699999999999906e-04
-1.642440000000000002e-03
-1.725799999999999990e-03
-1.754640000000000128e-04
2.132619999999999920e-05
-6.221939999999999589e-04
-9.761909999999999511e-04
-1.981230000000000057e-03
-3.207660000000000199e-03
-3.052340000000000175e-03
-2.356490000000000147e-03
-2.548570000000000002e-03
-2.045260000000000133e-03
-8.685909999999999649e-05
1.501299999999999900e-03
2.274570000000000064e-03
3.394700000000000061e-03
4.940380000000000292e-03
4.566920000000000354e-03
1.475399999999999975e-03
-9.883949999999999854e-04
-7.711140000000000442e-04
1.797439999999999921e-04
3.890259999999999985e-04
1.820210000000000111e-04
-1.037380000000000073e-03
-3.486570000000000034e-03
-5.971879999999999723e-03
-7.703370000000000183e-03
-8.292229999999999393e-03
-7.777219999999999619e-03
-6.892099999999999962e-03
-6.128490000000000326e-03
-5.296780000000000065e-03
-3.726870000000000183e-03
-1.580180000000000039e-03
6.229770000000000359e-04
3.472269999999999957e-03
6.091260000000000251e-03
6.444599999999999981e-03
5.194780000000000404e-03
4.431929999999999724e-03
4.140669999999999941e-03
2.790050000000000082e-03
4.448330000000000014e-04
-7.777580000000000300e-04
-4.655370000000000254e-04
-1.345959999999999995e-03
-3.747379999999999808e-03
-3.754210000000000012e-03
-1.290850000000000070e-03
4.940040000000000224e-05
5.996880000000000223e-04
1.883719999999999969e-03
2.042400000000000205e-03
-2.110590000000000065e-05
-1.906190000000000098e-03
-1.536870000000000076e-03
-7.537719999999999382e-05
7.043839999999999563e-04
1.367369999999999914e-03
2.261050000000000126e-03
2.578909999999999796e-03
2.040909999999999946e-03
2.110379999999999808e-03
4.074920000000000105e-03
5.585040000000000317e-03
4.796410000000000083e-03
2.963760000000000179e-03
1.249679999999999975e-03
-7.221229999999999706e-04
-2.559280000000000149e-03
-2.256709999999999879e-03
-4.703010000000000090e-04
9.319649999999999853e-04
1.752929999999999983e-03
1.620059999999999990e-03
1.173889999999999916e-03
1.445480000000000072e-03
2.083620000000000003e-03
2.520870000000000142e-03
2.792380000000000122e-03
3.014129999999999848e-03
2.865400000000000152e-03
1.992230000000000216e-03
2.319769999999999916e-04
-1.488930000000000071e-03
-1.566440000000000107e-03
-1.758809999999999920e-04
2.401749999999999968e-04
-1.233160000000000072e-03
-1.896190000000000072e-03
-1.056370000000000052e-03
-1.635839999999999950e-03
-2.832630000000000044e-03
-1.144250000000000085e-03
1.471670000000000009e-03
1.594080000000000106e-03
1.898879999999999926e-03
3.805520000000000170e-03
2.826780000000000091e-03
-4.534270000000000076e-04
-5.699639999999999524e-04
1.051429999999999899e-03
-3.813220000000000059e-05
-2.599010000000000122e-03
-3.488030000000000037e-03
-3.024109999999999993e-03
-2.916670000000000113e-03
-2.516000000000000007e-03
-8.731750000000000145e-04
7.950690000000000274e-04
1.182579999999999916e-03
5.780820000000000533e-04
-1.406070000000000041e-04
-8.513010000000000542e-04
-1.575910000000000028e-03
-2.259210000000000211e-03
-2.288220000000000098e-03
-1.046229999999999990e-03
2.688640000000000062e-04
1.086270000000000074e-03
1.948690000000000101e-03
2.527240000000000042e-03
2.323979999999999796e-03
1.307199999999999898e-03
-5.318090000000000103e-06
-7.749169999999999670e-04
-7.384750000000000472e-04
-7.210229999999999981e-04
-8.960069999999999884e-04
-2.833070000000000033e-04
3.772709999999999866e-04
-5.242899999999999557e-04
-1.498989999999999958e-03
-6.407519999999999665e-04
4.933119999999999823e-04
4.099859999999999740e-05
-1.379510000000000024e-03
-2.467220000000000003e-03
-2.791130000000000173e-03
-2.512560000000000054e-03
-1.732250000000000066e-03
-2.875870000000000097e-04
1.464730000000000025e-03
2.652910000000000077e-03
2.857989999999999923e-03
2.318139999999999784e-03
1.584569999999999989e-03
1.029540000000000012e-03
4.002880000000000001e-04
-3.847030000000000333e-05
9.902109999999999558e-04
2.598459999999999919e-03
1.811579999999999918e-03
-5.346790000000000353e-04
-1.183079999999999982e-03
-9.134440000000000181e-04
-1.400020000000000084e-03
-1.480549999999999965e-03
-7.898350000000000162e-04
-8.642520000000000324e-04
-1.964459999999999904e-03
-2.193889999999999989e-03
-1.110660000000000076e-03
-1.034060000000000057e-03
-2.175460000000000154e-03
-2.035889999999999835e-03
-6.183970000000000222e-04
4.003689999999999745e-04
7.755740000000000117e-04
6.823410000000000456e-04
6.756969999999999513e-04
6.942499999999999886e-04
-2.193660000000000000e-04
-6.707250000000000538e-04
4.819509999999999940e-04
1.122799999999999970e-03
9.741809999999999619e-04
1.691730000000000013e-03
1.874540000000000060e-03
1.644240000000000100e-04
-1.231880000000000084e-03
-4.831360000000000038e-04
8.701190000000000356e-04
1.014429999999999976e-03
9.827150000000001075e-04
1.100620000000000070e-03
1.364589999999999889e-04
-8.497949999999999775e-04
-6.486509999999999802e-04
-6.371840000000000305e-05
2.773240000000000167e-04
3.255719999999999925e-04
2.228169999999999912e-04
-2.919439999999999817e-04
-1.744230000000000043e-03
-2.353169999999999915e-03
-8.960780000000000221e-04
-3.552860000000000133e-04
-1.882900000000000068e-03
-2.711129999999999964e-03
-2.177409999999999849e-03
-1.717100000000000050e-03
-1.458069999999999896e-03
-9.275180000000000057e-04
-6.217780000000000225e-04
-8.582320000000000053e-04
-1.068979999999999974e-03
-1.147660000000000000e-03
-1.535939999999999962e-03
-2.063150000000000140e-03
-1.499920000000000073e-03
1.100279999999999975e-04
1.178879999999999989e-03
1.418729999999999991e-03
1.121749999999999917e-03
9.952010000000000283e-04
1.568570000000000034e-03
1.276110000000000005e-03
-2.867309999999999759e-04
-1.609030000000000009e-03
-1.477919999999999972e-03
-3.071279999999999909e-04
1.349389999999999899e-04
-9.575079999999999472e-06
3.413649999999999919e-06
5.157109999999999994e-06
1.229319999999999946e-05
2.010239999999999916e-05
1.981159999999999849e-05
1.961099999999999909e-05
2.496519999999999943e-05
2.559089999999999922e-05
1.980609999999999999e-05
1.895139999999999951e-05
2.278329999999999920e-05
2.403130000000000148e-05
2.452730000000000147e-05
2.763120000000000067e-05
3.137499999999999691e-05
3.637629999999999933e-05
4.471570000000000286e-05
5.213490000000000122e-05
5.750489999999999893e-05
6.174640000000000228e-05
6.208089999999999713e-05
6.050299999999999992e-05
5.995519999999999815e-05
5.927869999999999879e-05
5.792360000000000222e-05
5.715440000000000288e-05
5.873020000000000226e-05
6.264610000000000317e-05
6.696730000000000510e-05
7.075419999999999420e-05
7.380279999999999751e-05
7.678110000000000252e-05
7.807120000000000563e-05
7.551260000000000611e-05
7.233469999999999711e-05
7.159699999999999908e-05
7.244390000000000616e-05
7.259219999999999931e-05
6.986320000000000561e-05
6.904999999999999788e-05
7.606060000000000154e-05
8.310720000000000282e-05
8.500839999999999742e-05
8.802979999999999529e-05
9.239089999999999662e-05
9.315930000000000098e-05
9.125960000000000289e-05
8.999530000000000214e-05
8.919270000000000410e-05
8.850550000000000160e-05
8.889180000000000161e-05
9.025599999999999780e-05
9.186029999999999868e-05
9.390139999999999511e-05
9.643449999999999971e-05
9.685019999999999643e-05
9.496160000000000235e-05
9.431300000000000317e-05
9.488929999999999967e-05
9.668310000000000272e-05
1.016560000000000038e-04
1.065930000000000008e-04
1.054779999999999954e-04
1.020309999999999994e-04
1.026940000000000031e-04
1.033850000000000003e-04
1.014690000000000004e-04
9.986309999999999599e-05
9.915880000000000343e-05
9.846990000000000398e-05
9.791959999999999672e-05
9.808849999999999438e-05
9.912920000000000629e-05
1.017180000000000043e-04
1.051519999999999988e-04
1.069640000000000011e-04
1.059739999999999988e-04
1.027490000000000017e-04
9.936149999999999388e-05
9.811670000000000200e-05
9.905559999999999398e-05
1.000070000000000066e-04
9.900670000000000195e-05
9.708929999999999893e-05
9.596599999999999564e-05
9.517720000000000076e-05
9.469669999999999748e-05
9.525559999999999648e-05
9.732610000000000317e-05
9.868479999999999407e-05
9.667360000000000222e-05
9.397770000000000656e-05
9.276709999999999481e-05
9.184220000000000643e-05
9.199839999999999656e-05
9.306199999999999770e-05
9.207060000000000580e-05
8.964270000000000148e-05
8.854140000000000578e-05
8.807149999999999864e-05
8.729780000000000298e-05
8.704349999999999425e-05
8.679539999999999911e-05
8.538019999999999952e-05
8.358150000000000605e-05
8.242720000000000255e-05
8.073039999999999535e-05
7.805430000000000246e-05
7.578119999999999876e-05
7.413610000000000328e-05
7.224649999999999345e-05
7.013790000000000486e-05
6.933959999999999592e-05
7.007419999999999394e-05
7.014569999999999486e-05
6.856460000000000419e-05
6.661950000000000142e-05
6.508969999999999448e-05
6.376539999999999769e-05
6.292629999999999415e-05
6.258439999999999663e-05
6.210529999999999642e-05
6.112110000000000676e-05
5.952599999999999894e-05
5.743840000000000219e-05
5.523160000000000157e-05
5.311100000000000022e-05
5.099210000000000260e-05
4.864310000000000189e-05
4.615439999999999978e-05
4.375819999999999721e-05
4.125990000000000115e-05
3.896350000000000058e-05
3.749379999999999667e-05
3.650150000000000280e-05
3.529159999999999936e-05
3.390329999999999776e-05
3.279320000000000309e-05
3.188330000000000016e-05
3.057390000000000216e-05
2.885030000000000057e-05
2.743230000000000161e-05
2.630090000000000089e-05
2.457300000000000003e-05
2.238319999999999942e-05
2.051829999999999971e-05
1.884810000000000001e-05
1.708570000000000143e-05
1.555949999999999900e-05
1.438640000000000002e-05
1.312929999999999981e-05
1.151860000000000014e-05
9.800810000000000104e-06
8.233439999999999219e-06
6.724269999999999741e-06
5.227620000000000273e-06
3.831089999999999771e-06
2.550120000000000074e-06
1.225610000000000027e-06
-2.260789999999999957e-07
-1.567640000000000080e-06
-2.691640000000000033e-06
-3.739610000000000013e-06
-4.805540000000000241e-06
-5.859999999999999798e-06
-6.922040000000000221e-06
-8.068149999999999993e-06
-9.217080000000000528e-06
-1.027459999999999985e-05
-1.124479999999999947e-05
-1.212970000000000010e-05
-1.296079999999999964e-05
-1.376090000000000067e-05
-1.450880000000000075e-05
-1.519090000000000053e-05
-1.580969999999999874e-05
-1.636599999999999882e-05
-1.685609999999999943e-05
-1.727969999999999992e-05
-1.763919999999999876e-05
-1.793850000000000113e-05
-1.817320000000000076e-05
-1.832979999999999855e-05
-1.839969999999999936e-05
-1.838559999999999893e-05
-1.828649999999999848e-05
-1.809659999999999882e-05
