-3.922410000000000306e-03
-3.388780000000000091e-03
-1.027380000000000047e-03
-8.508759999999999761e-04
-5.257300000000000341e-03
-2.137210000000000065e-03
2.512809999999999870e-03
1.263100000000000073e-03
-5.476870000000000436e-04
-3.920149999999999850e-03
-6.035020000000000315e-03
-5.922270000000000312e-03
-6.880589999999999797e-03
-1.029719999999999941e-02
-1.617909999999999834e-02
-1.685820000000000027e-02
-1.278510000000000063e-02
-7.701229999999999881e-03
-6.868800000000000426e-03
-1.006950000000000033e-02
-9.386129999999999474e-03
-7.427809999999999968e-03
-5.578679999999999924e-03
-2.438300000000000016e-03
1.569010000000000023e-03
5.634410000000000286e-03
8.850089999999999693e-03
4.056660000000000127e-03
-5.951060000000000204e-03
-4.981610000000000031e-03
2.323009999999999919e-03
4.160360000000000100e-03
-8.241019999999999509e-04
-2.138670000000000068e-03
3.647950000000000064e-03
6.037899999999999691e-03
9.277459999999999526e-03
1.207429999999999962e-02
1.016779999999999941e-02
6.909789999999999856e-03
1.161180000000000025e-02
1.527539999999999974e-02
4.539549999999999835e-03
-3.062889999999999970e-03
-2.771599999999999932e-03
-7.098929999999999824e-03
-1.229440000000000047e-02
-1.375740000000000079e-04
8.650079999999999228e-03
2.142779999999999945e-03
1.590180000000000066e-03
1.376159999999999970e-03
9.213620000000000056e-04
2.264770000000000151e-03
5.318660000000000228e-03
2.883880000000000124e-03
-4.180739999999999630e-03
-4.098280000000000152e-03
-1.445480000000000072e-03
-4.907629999999999632e-03
-1.471519999999999946e-02
-2.365700000000000094e-02
-1.869410000000000169e-02
-4.364579999999999849e-03
3.177769999999999900e-03
4.344040000000000401e-03
2.242189999999999808e-03
1.016449999999999906e-03
8.247489999999999682e-03
1.467979999999999979e-02
1.581010000000000054e-02
1.371920000000000084e-02
8.604950000000000099e-03
6.686319999999999937e-03
6.223160000000000150e-03
6.181220000000000291e-03
1.616540000000000078e-03
-1.538550000000000074e-03
-1.679600000000000060e-03
-8.445580000000000274e-04
-4.798469999999999992e-03
-5.120210000000000039e-03
3.309589999999999841e-03
1.124570000000000083e-02
1.341050000000000055e-02
8.975920000000000079e-03
6.484379999999999658e-03
6.536659999999999693e-03
6.481790000000000294e-03
9.636810000000000861e-03
1.014589999999999936e-02
3.303790000000000025e-03
-4.365579999999999981e-03
-3.292590000000000187e-03
8.606640000000000471e-03
1.347800000000000040e-02
1.071360000000000021e-02
9.517919999999999159e-03
8.776080000000000339e-03
1.766290000000000004e-03
-6.981629999999999954e-03
1.149360000000000095e-03
2.732919999999999794e-03
-1.141600000000000080e-02
-1.895039999999999919e-02
-1.500669999999999955e-02
5.180539999999999971e-04
1.231460000000000020e-02
1.209859999999999929e-02
1.753640000000000060e-02
2.474180000000000129e-02
1.877590000000000162e-02
1.282020000000000035e-02
6.097329999999999981e-04
-1.561549999999999917e-02
-1.366939999999999995e-02
-1.044130000000000058e-02
-1.759070000000000078e-02
-2.498900000000000080e-02
-2.223119999999999957e-02
-1.036179999999999914e-02
-1.006340000000000012e-02
-1.992920000000000108e-02
-2.112620000000000123e-02
-1.288510000000000003e-02
-5.730419999999999958e-03
1.910790000000000101e-03
1.219070000000000049e-02
1.646279999999999966e-02
1.507990000000000025e-02
1.970579999999999901e-02
1.479259999999999950e-02
-4.768839999999999885e-03
-1.200979999999999930e-02
-1.604480000000000142e-02
-2.075629999999999836e-02
-1.957110000000000100e-02
-2.899399999999999894e-02
-3.000190000000000148e-02
-3.214830000000000118e-03
2.786430000000000157e-02
4.284480000000000233e-02
4.915930000000000299e-02
4.428429999999999866e-02
3.115340000000000123e-02
2.682920000000000096e-02
2.938889999999999905e-02
2.856819999999999846e-02
1.603080000000000130e-02
1.261319999999999976e-02
1.976369999999999863e-02
8.583769999999999248e-03
-2.231790000000000163e-02
-4.393049999999999733e-02
-3.519499999999999712e-02
-4.201179999999999672e-03
1.781970000000000082e-02
2.798099999999999893e-02
3.042279999999999984e-02
1.739229999999999943e-02
9.720780000000000046e-03
1.105480000000000004e-02
1.556809999999999965e-02
1.862379999999999938e-02
1.765260000000000093e-02
6.433269999999999614e-03
-1.391200000000000075e-02
-3.099740000000000134e-02
-4.485240000000000060e-02
-4.772930000000000228e-02
-4.399449999999999888e-02
-2.462939999999999921e-02
4.493079999999999991e-03
1.259839999999999918e-02
1.509160000000000015e-02
8.803669999999999551e-03
-5.286329999999999675e-03
-5.595160000000000064e-03
-5.498049999999999986e-03
-1.449630000000000016e-02
-2.458609999999999962e-02
-3.255729999999999735e-02
-2.950639999999999860e-02
-1.888110000000000135e-02
-1.118109999999999937e-02
3.542519999999999957e-03
9.357429999999999914e-03
1.547729999999999939e-02
2.340959999999999916e-02
2.947639999999999982e-02
1.845190000000000025e-02
-5.874339999999999597e-03
-1.010050000000000010e-02
1.616849999999999971e-03
9.748899999999999580e-03
2.512560000000000054e-03
-4.287240000000000321e-03
2.450350000000000011e-03
1.410430000000000017e-02
2.692200000000000149e-02
4.697769999999999724e-02
6.206079999999999930e-02
7.598409999999999886e-02
8.672190000000000454e-02
1.071679999999999994e-01
1.312969999999999970e-01
1.417950000000000044e-01
1.009089999999999987e-01
2.720670000000000033e-02
-3.871990000000000154e-02
-9.477399999999999713e-02
-9.787479999999999791e-02
-7.443929999999999991e-02
-7.924050000000000538e-02
-1.153829999999999995e-01
-1.601960000000000051e-01
-2.128150000000000042e-01
-2.310000000000000109e-01
-2.221950000000000036e-01
-7.522500000000000020e-02
1.333110000000000024e-02
-1.179780000000000065e-03
2.456059999999999841e-02
1.020940000000000042e-01
1.763180000000000025e-01
2.183559999999999945e-01
2.377420000000000089e-01
2.300389999999999935e-01
1.905799999999999994e-01
5.304240000000000343e-02
-1.851229999999999890e-02
-9.457640000000000491e-02
-1.393399999999999916e-01
-8.488179999999999337e-02
-2.089289999999999897e-02
-1.218289999999999998e-02
-2.780909999999999979e-02
1.361320000000000065e-02
6.276199999999999835e-02
8.513990000000000447e-02
1.834420000000000148e-02
-9.305209999999999870e-02
-1.546099999999999974e-01
-2.017919999999999991e-01
-1.900860000000000050e-01
-1.142809999999999937e-01
-3.274810000000000221e-02
2.156160000000000021e-02
6.494709999999999372e-02
9.287140000000000672e-02
1.349009999999999931e-01
1.995609999999999884e-01
2.439409999999999912e-01
2.411260000000000070e-01
2.377289999999999959e-01
2.267280000000000129e-01
2.086709999999999954e-01
1.450460000000000083e-01
6.541149999999999742e-02
1.329690000000000071e-04
-1.477080000000000060e-02
5.521469999999999677e-03
3.986830000000000235e-02
1.304839999999999889e-01
1.427509999999999890e-01
1.218589999999999951e-01
1.150700000000000056e-01
7.534639999999999393e-02
-6.250310000000000241e-03
-1.234940000000000065e-01
-1.901660000000000017e-01
-1.351749999999999896e-01
-7.432049999999999768e-02
-1.237800000000000011e-01
-2.183849999999999958e-01
-2.816839999999999899e-01
-3.247579999999999911e-01
-3.460150000000000170e-01
-3.634350000000000080e-01
-3.854199999999999848e-01
-3.474749999999999783e-01
-2.475009999999999988e-01
-1.212710000000000038e-01
1.413110000000000060e-02
3.965330000000000243e-02
1.156019999999999964e-02
1.071839999999999946e-02
1.026829999999999930e-02
7.470040000000000013e-02
1.141009999999999941e-01
7.069200000000000483e-02
-6.119030000000000302e-02
-1.719960000000000100e-01
-1.750929999999999986e-01
-1.135629999999999973e-01
1.231200000000000003e-02
8.857690000000000008e-02
1.207389999999999991e-01
1.284160000000000024e-01
1.465930000000000011e-01
1.762460000000000138e-01
2.000869999999999871e-01
1.256919999999999982e-01
-4.363090000000000024e-02
-1.181090000000000056e-01
-1.438309999999999866e-01
-2.438270000000000021e-02
1.621559999999999946e-01
2.183120000000000061e-01
2.208569999999999978e-01
1.893410000000000093e-01
1.251120000000000010e-01
5.668259999999999965e-02
1.080919999999999971e-02
-6.716160000000000185e-02
-1.330139999999999934e-01
-1.838029999999999942e-01
-1.617520000000000069e-01
-1.242550000000000078e-02
5.702220000000000205e-02
1.157159999999999994e-01
1.524099999999999899e-01
1.546859999999999902e-01
1.269180000000000030e-01
2.444160000000000083e-02
-5.476770000000000249e-02
-1.006979999999999958e-01
-1.253859999999999975e-01
-8.769309999999999605e-02
2.713209999999999927e-02
8.479029999999999900e-02
8.889750000000000429e-02
5.450370000000000215e-02
1.127880000000000028e-02
-5.138480000000000174e-04
1.928490000000000065e-02
7.043339999999999324e-02
9.404179999999999484e-02
3.257410000000000166e-02
-6.038919999999999705e-02
-1.218520000000000020e-01
-1.734120000000000106e-01
-2.101399999999999935e-01
-2.218749999999999889e-01
-1.929009999999999891e-01
-1.622629999999999906e-01
-1.523740000000000094e-01
-1.418339999999999879e-01
-8.129770000000000052e-02
-7.716690000000000008e-03
4.234620000000000051e-02
6.437339999999999729e-02
2.294320000000000040e-02
-5.226419999999999677e-02
-6.382469999999999810e-02
-2.096510000000000040e-02
2.460249999999999937e-02
7.129109999999999614e-02
1.087650000000000006e-01
9.232269999999999366e-02
2.185909999999999936e-02
-1.035140000000000018e-02
-1.460170000000000044e-02
-1.632139999999999980e-02
3.355410000000000077e-03
3.126770000000000244e-02
3.865140000000000242e-02
4.079750000000000043e-02
7.263769999999999949e-02
1.015199999999999991e-01
1.173399999999999999e-01
1.069279999999999953e-01
2.493590000000000043e-02
-4.506070000000000214e-02
-9.145050000000000401e-02
-1.387140000000000040e-01
-1.610989999999999922e-01
-1.663969999999999894e-01
-1.129460000000000047e-01
-6.590689999999999743e-03
7.922669999999999713e-02
1.628719999999999890e-01
2.210630000000000095e-01
2.375410000000000021e-01
2.305800000000000072e-01
1.748669999999999947e-01
1.068329999999999974e-01
4.285719999999999807e-02
-8.719499999999999820e-03
-2.947900000000000173e-02
-4.023940000000000156e-02
-4.660360000000000197e-02
-4.426929999999999754e-02
-2.164929999999999979e-02
-1.461640000000000053e-04
-1.911660000000000095e-02
-6.098510000000000042e-02
-8.661320000000000130e-02
-7.931459999999999899e-02
-6.599399999999999711e-02
-3.745910000000000212e-02
2.302929999999999908e-03
1.483199999999999970e-02
6.498949999999999866e-03
-1.363959999999999999e-02
-4.643730000000000080e-02
-8.007150000000000378e-02
-9.852909999999999446e-02
-1.131619999999999987e-01
-1.174810000000000021e-01
-1.074790000000000051e-01
-8.268639999999999324e-02
-6.820519999999999361e-02
-7.769909999999999317e-02
-8.379029999999999812e-02
-7.263440000000000174e-02
-4.211789999999999978e-02
-1.151049999999999990e-02
1.495149999999999951e-02
4.477640000000000092e-02
6.365469999999999462e-02
7.491659999999999986e-02
7.196900000000000519e-02
4.752579999999999999e-02
-1.040429999999999957e-03
-5.035429999999999767e-02
-9.391950000000000298e-02
-1.304190000000000071e-01
-1.592820000000000069e-01
-1.725589999999999902e-01
-1.788540000000000130e-01
-1.530420000000000114e-01
-3.420050000000000173e-02
5.556769999999999765e-02
1.188440000000000052e-01
1.971559999999999979e-01
2.360579999999999901e-01
2.343580000000000108e-01
1.653620000000000090e-01
7.485340000000000049e-02
3.721420000000000283e-02
2.628890000000000046e-02
2.916819999999999830e-02
4.101429999999999659e-02
5.103980000000000322e-02
5.459429999999999839e-02
5.372509999999999786e-02
4.993960000000000066e-02
3.763819999999999666e-02
1.592230000000000034e-03
-4.402339999999999726e-02
-6.886069999999999691e-02
-8.991470000000000018e-02
-7.408969999999999445e-02
-1.540320000000000057e-02
3.513639999999999819e-02
7.253039999999999488e-02
9.144090000000000551e-02
8.024810000000000276e-02
4.028009999999999924e-02
-2.264850000000000110e-04
-2.700690000000000035e-02
-3.589049999999999879e-02
-1.878029999999999977e-02
2.024760000000000101e-02
6.616350000000000009e-02
1.019930000000000003e-01
1.308690000000000131e-01
1.476959999999999940e-01
1.503770000000000107e-01
1.119629999999999931e-01
5.201870000000000105e-02
9.841249999999999304e-03
-1.349780000000000077e-02
-2.498660000000000117e-02
-2.597850000000000159e-02
-2.272719999999999949e-02
-1.319990000000000052e-02
-4.061170000000000231e-03
-6.406659999999999786e-03
-1.416219999999999979e-02
-2.824489999999999987e-02
-4.184920000000000306e-02
-5.017900000000000138e-02
-4.682379999999999876e-02
-3.247909999999999686e-02
-1.595560000000000034e-02
-1.750760000000000163e-02
-3.430049999999999766e-02
-5.185630000000000100e-02
-6.264240000000000086e-02
-6.083650000000000169e-02
-4.447330000000000033e-02
-3.340280000000000332e-02
-2.998139999999999833e-02
-2.926089999999999941e-02
-2.145239999999999994e-02
-1.058800000000000019e-02
-1.020109999999999940e-02
-2.639520000000000061e-02
-3.633680000000000243e-02
-2.299999999999999961e-02
2.877729999999999785e-03
2.467950000000000005e-02
4.736669999999999769e-02
5.933879999999999710e-02
7.523370000000000057e-02
9.064719999999999722e-02
1.081239999999999979e-01
1.045829999999999954e-01
1.375849999999999990e-02
-2.023890000000000064e-02
-3.674630000000000257e-02
-4.520489999999999925e-02
-3.239650000000000168e-02
-2.415159999999999876e-02
-1.483160000000000034e-02
-1.435089999999999977e-02
2.875050000000000088e-03
2.650560000000000069e-02
5.112250000000000127e-02
6.597600000000000686e-02
7.712890000000000024e-02
7.738309999999999633e-02
7.189669999999999395e-02
4.840930000000000233e-02
1.677220000000000100e-02
-5.724739999999999863e-03
-2.157229999999999911e-02
-2.740650000000000031e-02
-1.947279999999999844e-02
-5.889290000000000150e-03
1.066650000000000063e-02
2.682959999999999859e-02
3.087710000000000107e-02
2.469910000000000161e-02
5.241710000000000119e-03
-2.462879999999999930e-02
-4.664129999999999665e-02
-5.605779999999999791e-02
-5.787019999999999664e-02
-5.894209999999999727e-02
-5.578410000000000313e-02
-4.133570000000000300e-02
-2.273390000000000133e-02
-1.215820000000000052e-03
1.351310000000000011e-02
2.114989999999999926e-02
2.699560000000000154e-02
2.690290000000000042e-02
1.513929999999999963e-02
7.716990000000000394e-04
-1.527790000000000051e-02
-3.681210000000000038e-02
-5.519439999999999763e-02
-7.111560000000000104e-02
-8.049439999999999373e-02
-7.832269999999999510e-02
-6.827469999999999373e-02
-3.904959999999999681e-02
1.314290000000000076e-02
4.375720000000000304e-02
5.610740000000000172e-02
5.616659999999999708e-02
4.452439999999999870e-02
2.736799999999999997e-02
-8.911280000000000590e-03
-3.736110000000000125e-02
-5.298739999999999700e-02
-5.665429999999999772e-02
-5.036999999999999811e-02
-6.859890000000000432e-03
2.901250000000000009e-02
3.276620000000000227e-02
2.030380000000000032e-02
-1.831129999999999911e-02
-4.366749999999999798e-02
-5.074929999999999719e-02
-4.456709999999999838e-02
-2.824399999999999827e-02
-1.167110000000000022e-02
-2.062640000000000133e-03
8.537209999999999938e-03
1.263049999999999937e-02
9.725529999999999592e-03
3.834010000000000109e-03
9.535340000000000222e-04
5.012120000000000117e-03
1.427579999999999995e-02
2.574670000000000084e-02
3.553660000000000152e-02
4.326619999999999772e-02
4.860690000000000149e-02
4.688819999999999794e-02
4.343749999999999695e-02
4.933420000000000166e-02
5.783379999999999771e-02
6.411189999999999944e-02
7.144880000000000675e-02
7.543999999999999317e-02
6.712189999999999823e-02
4.151679999999999954e-02
1.917680000000000079e-02
6.649140000000000432e-03
8.321929999999999952e-03
1.914410000000000070e-02
2.689199999999999924e-02
3.427779999999999716e-02
4.123219999999999663e-02
4.082829999999999793e-02
3.441450000000000065e-02
3.262029999999999791e-02
3.612710000000000227e-02
4.098940000000000222e-02
3.024059999999999943e-02
3.940929999999999607e-03
-2.094709999999999975e-02
-3.750980000000000286e-02
-5.018340000000000301e-02
-5.406040000000000151e-02
-5.238349999999999951e-02
-4.048729999999999690e-02
-3.237109999999999987e-02
-3.125929999999999681e-02
-2.910609999999999933e-02
-2.654389999999999875e-02
-2.109400000000000164e-02
-1.697830000000000172e-02
-1.015139999999999966e-02
-1.779280000000000054e-03
6.221609999999999814e-03
6.763230000000000283e-03
-8.491880000000000261e-03
-2.899689999999999906e-02
-4.287910000000000332e-02
-5.020979999999999888e-02
-5.527109999999999662e-02
-5.703670000000000267e-02
-5.094930000000000292e-02
-4.153269999999999879e-02
-2.735359999999999875e-02
-1.653340000000000018e-02
-9.380160000000000234e-03
-4.612660000000000197e-03
-2.045289999999999955e-03
-8.651250000000000086e-04
-1.076419999999999981e-02
-2.418939999999999979e-02
-3.855299999999999699e-02
-4.974340000000000012e-02
-4.532780000000000142e-02
-2.366800000000000154e-02
9.925409999999999962e-04
1.300609999999999961e-02
2.246060000000000070e-02
3.081650000000000014e-02
3.813190000000000329e-02
4.315240000000000048e-02
4.320859999999999979e-02
3.487629999999999897e-02
2.286480000000000110e-02
1.605639999999999845e-02
1.191730000000000046e-02
1.341780000000000056e-02
1.640540000000000054e-02
2.163199999999999845e-02
2.461560000000000137e-02
2.702490000000000100e-02
2.876300000000000037e-02
2.561750000000000138e-02
1.986579999999999943e-02
2.070839999999999834e-02
2.612770000000000023e-02
3.307609999999999717e-02
4.029780000000000167e-02
3.750819999999999849e-02
3.347209999999999769e-02
3.440349999999999658e-02
3.695770000000000305e-02
3.688539999999999874e-02
2.771679999999999977e-02
6.723250000000000060e-03
-1.195279999999999954e-02
-2.065940000000000137e-02
-2.753709999999999838e-02
-3.390590000000000270e-02
-4.007669999999999982e-02
-4.860169999999999768e-02
-5.553040000000000059e-02
-5.558540000000000009e-02
-4.725590000000000346e-02
-3.721279999999999727e-02
-3.088460000000000164e-02
-3.172180000000000138e-02
-2.918079999999999979e-02
-2.845850000000000116e-02
-3.430079999999999935e-02
-3.003909999999999914e-02
-1.459000000000000054e-02
5.434869999999999632e-03
2.429179999999999881e-02
3.905549999999999994e-02
4.370079999999999798e-02
3.607339999999999852e-02
1.534929999999999975e-02
-1.228740000000000041e-02
-2.626320000000000043e-02
-2.806729999999999989e-02
-2.389319999999999986e-02
-1.757310000000000122e-02
-7.395279999999999736e-03
1.363329999999999924e-02
2.957819999999999894e-02
3.451730000000000076e-02
3.323029999999999734e-02
2.300610000000000155e-02
5.320609999999999923e-03
-7.312830000000000198e-03
-7.651179999999999613e-03
-6.339169999999999874e-03
-9.397849999999999260e-03
-1.607750000000000151e-02
-2.660869999999999902e-02
-3.392080000000000095e-02
-2.820949999999999847e-02
-2.285620000000000013e-02
-2.020289999999999933e-02
-8.664289999999999839e-03
3.690290000000000150e-03
1.653550000000000159e-02
3.023750000000000049e-02
3.741049999999999931e-02
2.517899999999999999e-02
8.052570000000000214e-03
-3.274159999999999918e-03
-1.080549999999999913e-02
-1.129370000000000027e-02
-1.351480000000000042e-02
-2.069220000000000087e-02
-1.951670000000000141e-02
4.450729999999999856e-04
3.450120000000000270e-02
6.369919999999999749e-02
7.539899999999999380e-02
7.010149999999999715e-02
4.502930000000000127e-02
1.714399999999999952e-02
2.982779999999999980e-03
-5.996839999999999810e-03
-1.611780000000000157e-02
-3.272599999999999815e-02
-4.800519999999999787e-02
-5.043129999999999835e-02
-2.710950000000000165e-02
7.021209999999999951e-03
1.627920000000000061e-02
5.700290000000000218e-03
-1.354050000000000045e-02
-3.077689999999999940e-02
-3.446579999999999783e-02
-3.306880000000000236e-02
-3.387310000000000321e-02
-3.212530000000000246e-02
-2.489299999999999846e-02
-1.801149999999999973e-02
-9.191990000000000577e-03
1.807229999999999948e-03
2.385130000000000063e-03
-4.755309999999999572e-03
-1.370520000000000072e-02
-1.974300000000000013e-02
-1.735460000000000128e-02
-1.041390000000000024e-02
-1.119260000000000047e-02
-1.626340000000000077e-02
-1.483890000000000035e-02
-1.228210000000000066e-02
-1.947250000000000023e-02
-2.625179999999999875e-02
-2.565339999999999981e-02
-1.658590000000000064e-02
-1.320959999999999929e-03
9.355040000000000230e-03
1.710060000000000052e-02
1.802739999999999898e-02
1.359010000000000079e-02
9.066100000000000547e-03
1.022349999999999995e-02
1.664409999999999848e-02
1.562989999999999866e-02
1.102030000000000023e-02
1.238880000000000016e-02
1.657159999999999883e-02
1.545129999999999941e-02
3.509940000000000022e-03
-2.301339999999999983e-02
-4.187550000000000300e-02
-4.018560000000000187e-02
-2.039780000000000065e-02
1.034790000000000015e-02
3.375659999999999772e-02
4.947669999999999846e-02
5.020779999999999688e-02
3.584709999999999980e-02
1.733590000000000131e-02
9.939720000000000846e-03
5.456650000000000389e-03
-4.299810000000000264e-03
-2.294449999999999962e-02
-3.890360000000000346e-02
-4.310100000000000042e-02
-2.113239999999999910e-02
1.546299999999999931e-02
3.195939999999999892e-02
4.384939999999999671e-02
5.179310000000000164e-02
5.843729999999999758e-02
6.263140000000000374e-02
5.944279999999999703e-02
3.246170000000000305e-02
-1.259539999999999965e-03
-1.240310000000000024e-02
-8.088539999999999966e-03
4.832790000000000002e-03
2.036529999999999938e-02
2.879560000000000106e-02
3.647210000000000035e-02
5.136210000000000081e-02
5.325619999999999660e-02
1.854870000000000130e-02
-3.696170000000000011e-02
-6.778099999999999403e-02
-7.959259999999999946e-02
-4.989219999999999766e-02
1.532670000000000039e-02
5.882160000000000166e-02
8.416460000000000607e-02
8.695029999999999426e-02
5.734279999999999933e-02
9.274390000000000411e-03
-1.941910000000000164e-02
-2.814919999999999922e-02
-2.163230000000000014e-02
-3.547569999999999890e-03
1.027660000000000032e-02
2.082969999999999960e-02
1.947729999999999947e-02
1.698880000000000052e-03
-1.849999999999999908e-02
-2.897519999999999957e-02
-3.193300000000000305e-02
-2.686650000000000149e-02
-2.185809999999999836e-02
-2.310130000000000169e-02
-2.906910000000000049e-02
-3.042040000000000022e-02
-2.625550000000000106e-02
-1.767600000000000074e-02
-1.076520000000000081e-02
-5.105010000000000103e-03
6.651780000000000366e-03
2.554350000000000023e-02
3.560100000000000070e-02
2.593370000000000050e-02
1.002300000000000066e-02
-1.273900000000000032e-02
-3.396180000000000032e-02
-4.657279999999999753e-02
-4.425289999999999779e-02
-2.773470000000000102e-02
-1.192640000000000020e-02
-6.346629999999999806e-03
-7.753859999999999572e-03
-1.326150000000000072e-02
-1.573050000000000143e-02
-5.000730000000000106e-03
9.689720000000000624e-03
2.337960000000000038e-02
3.230600000000000138e-02
3.516339999999999744e-02
3.136640000000000261e-02
2.203799999999999856e-02
9.499560000000000642e-03
5.286410000000000067e-03
1.577860000000000026e-02
2.619020000000000029e-02
1.518489999999999944e-02
-7.133190000000000190e-03
-1.635139999999999857e-02
-5.297000000000000276e-04
2.587249999999999966e-02
3.937580000000000247e-02
2.849909999999999943e-02
-4.510299999999999965e-04
-1.743039999999999867e-02
-2.665879999999999986e-02
-3.125229999999999675e-02
-3.089060000000000070e-02
-3.053300000000000111e-02
-3.080880000000000077e-02
-3.149869999999999753e-02
-2.975090000000000026e-02
-2.417290000000000064e-02
-8.616209999999999147e-03
1.154879999999999969e-02
2.068050000000000097e-02
1.399820000000000057e-02
1.836359999999999989e-03
-7.405169999999999982e-03
-1.530740000000000052e-02
-1.919190000000000132e-02
-1.819159999999999874e-02
-1.239110000000000038e-02
-2.405640000000000122e-03
1.294410000000000005e-02
2.883739999999999915e-02
4.043970000000000203e-02
4.885339999999999822e-02
4.561769999999999714e-02
2.728809999999999916e-02
3.547359999999999836e-03
-3.425570000000000177e-03
-3.884780000000000004e-03
-1.807229999999999948e-03
5.056159999999999648e-03
1.662479999999999861e-02
2.762739999999999987e-02
2.894810000000000091e-02
2.039120000000000169e-02
3.518209999999999914e-03
-7.674389999999999684e-03
-1.802039999999999892e-02
-2.736780000000000115e-02
-3.317679999999999935e-02
-3.379089999999999872e-02
-2.647249999999999950e-02
-2.247319999999999873e-02
-2.748449999999999852e-02
-3.289360000000000200e-02
-3.102399999999999949e-02
-2.246010000000000020e-02
-1.160229999999999942e-02
-2.069389999999999945e-03
-1.273810000000000003e-03
-7.092919999999999954e-03
-1.027939999999999930e-02
-2.662030000000000125e-03
2.342860000000000081e-02
4.581350000000000006e-02
5.296680000000000138e-02
5.085039999999999699e-02
4.304739999999999955e-02
2.254549999999999957e-02
-2.521980000000000055e-03
-2.281379999999999866e-02
-3.890620000000000189e-02
-4.858590000000000131e-02
-5.359300000000000175e-02
-5.302579999999999794e-02
-5.247179999999999900e-02
-4.462479999999999919e-02
-3.209700000000000053e-02
-1.327790000000000047e-02
1.474169999999999994e-02
3.391279999999999989e-02
3.767059999999999853e-02
3.070109999999999853e-02
2.738329999999999931e-02
2.425410000000000066e-02
1.412270000000000018e-02
4.085079999999999614e-03
6.070230000000000244e-03
9.136589999999999989e-03
2.082520000000000031e-03
-2.026809999999999983e-03
-4.825420000000000403e-03
-1.122060000000000071e-02
-1.433740000000000014e-02
-6.078910000000000520e-04
1.702719999999999928e-02
2.185919999999999877e-02
2.752459999999999976e-02
5.020870000000000194e-02
6.453290000000000415e-02
7.458839999999999915e-02
5.771489999999999954e-02
-7.362740000000000430e-03
-5.831340000000000134e-02
-8.733710000000000084e-02
-9.412890000000000146e-02
-6.091119999999999868e-02
-1.347980000000000012e-02
-1.375029999999999959e-03
-1.553930000000000068e-02
-3.737000000000000044e-02
-3.402899999999999675e-02
-1.853709999999999950e-03
2.353150000000000033e-02
4.613819999999999727e-02
5.830319999999999947e-02
5.969399999999999706e-02
4.259720000000000173e-02
4.739379999999999635e-03
-2.508080000000000032e-02
-3.941130000000000327e-02
-5.814409999999999717e-02
-4.771510000000000334e-02
1.257149999999999934e-02
6.344660000000000577e-02
8.850249999999999784e-02
9.840110000000000523e-02
5.872059999999999780e-02
-1.368759999999999942e-02
-6.655149999999999955e-02
-9.596670000000000200e-02
-1.031750000000000028e-01
-7.192510000000000570e-02
-2.136079999999999837e-03
4.341570000000000151e-02
5.395599999999999702e-02
3.852710000000000162e-02
2.560549999999999979e-03
-1.742770000000000083e-02
-1.506569999999999958e-02
-2.626170000000000154e-03
-8.522089999999999527e-03
-3.695489999999999886e-02
-5.852519999999999945e-02
-5.957199999999999995e-02
-4.769229999999999997e-02
-3.707749999999999935e-02
-3.849049999999999694e-02
-3.868859999999999660e-02
-3.633170000000000149e-02
-1.951719999999999844e-02
6.738359999999999662e-03
2.018779999999999880e-02
1.842809999999999934e-02
1.834730000000000041e-02
3.225580000000000114e-02
4.659169999999999978e-02
5.410070000000000157e-02
4.359860000000000124e-02
1.576879999999999948e-02
-1.430000000000000021e-02
-3.707470000000000210e-02
-4.915470000000000256e-02
-4.444449999999999790e-02
-3.412740000000000218e-02
-1.867649999999999866e-02
5.920650000000000392e-03
1.832579999999999973e-02
8.783559999999999285e-03
-1.027529999999999936e-02
-2.338230000000000169e-02
-2.363950000000000079e-02
-1.873129999999999934e-02
-1.373540000000000004e-02
-7.111609999999999980e-03
3.485110000000000031e-03
1.501109999999999944e-02
2.061390000000000097e-02
1.701940000000000050e-02
9.810990000000000336e-03
5.786050000000000047e-03
3.511439999999999787e-03
1.899829999999999922e-03
-4.267850000000000007e-04
-7.834010000000000626e-03
-2.444160000000000083e-02
-4.293729999999999769e-02
-4.015259999999999663e-02
3.391200000000000030e-03
4.202480000000000104e-02
4.281229999999999758e-02
3.496410000000000143e-03
-3.142120000000000329e-02
-2.282959999999999851e-02
1.077430000000000054e-02
3.141820000000000029e-02
2.741889999999999952e-02
1.847559999999999827e-02
1.705490000000000131e-02
2.672770000000000007e-02
2.649320000000000147e-02
1.030080000000000058e-02
-9.662489999999999274e-03
-9.123789999999999678e-03
1.427819999999999957e-02
3.770570000000000171e-02
4.059859999999999858e-02
3.004590000000000038e-02
9.106480000000000130e-03
-1.257139999999999994e-02
-2.416549999999999948e-02
-2.982630000000000003e-02
-3.304010000000000280e-02
-2.467590000000000061e-02
-1.415639999999999911e-03
1.572470000000000118e-02
1.860540000000000110e-02
6.399280000000000246e-03
-9.544099999999999806e-03
-6.267599999999999907e-03
1.775349999999999975e-03
-3.345799999999999903e-03
-1.419420000000000057e-02
-2.016810000000000130e-02
-1.616029999999999897e-02
-2.428569999999999958e-04
2.346430000000000043e-02
3.853709999999999775e-02
4.002050000000000052e-02
3.533900000000000236e-02
3.500989999999999658e-02
3.171050000000000257e-02
2.148330000000000031e-02
-1.743790000000000054e-03
-2.889890000000000167e-02
-4.470960000000000212e-02
-4.256209999999999855e-02
-2.112850000000000145e-02
-4.794859999999999747e-03
-9.195780000000000620e-03
-2.418330000000000132e-02
-2.732139999999999916e-02
-1.326950000000000005e-02
-2.544840000000000036e-03
1.459060000000000088e-03
4.665329999999999651e-03
8.011350000000000415e-03
1.317399999999999995e-02
1.490430000000000053e-02
1.028210000000000061e-02
-8.369389999999999501e-05
-6.274649999999999672e-03
-5.889659999999999687e-03
-3.272909999999999969e-03
-3.536629999999999809e-03
-1.432920000000000070e-03
5.971729999999999747e-03
8.074420000000000555e-03
5.368839999999999724e-03
-7.516890000000000464e-04
-7.965659999999999408e-03
-8.699560000000000279e-03
-4.260019999999999779e-03
-1.706449999999999981e-03
-1.974200000000000173e-03
-2.898829999999999810e-03
-6.073839999999999838e-04
3.820959999999999981e-03
7.478190000000000011e-03
9.220890000000000683e-03
6.618390000000000037e-03
3.072389999999999930e-03
1.588849999999999941e-03
2.233020000000000057e-03
5.691380000000000224e-03
1.028300000000000047e-02
1.638819999999999860e-02
2.118180000000000063e-02
2.319070000000000159e-02
2.125640000000000168e-02
1.327550000000000084e-02
6.799059999999999999e-03
5.089119999999999928e-03
6.493239999999999949e-03
7.268020000000000036e-03
5.730469999999999661e-03
1.097220000000000096e-03
-6.065619999999999866e-03
-1.456359999999999946e-02
-1.964669999999999958e-02
-1.859850000000000045e-02
-1.481470000000000009e-02
-1.041890000000000004e-02
-6.295420000000000356e-03
-3.925320000000000371e-03
-3.474849999999999814e-03
-3.605779999999999836e-03
-2.766680000000000094e-03
-1.631779999999999993e-03
7.312010000000000081e-04
3.585829999999999920e-03
5.554080000000000301e-03
7.220410000000000023e-03
9.655830000000000662e-03
1.556330000000000040e-02
1.956439999999999915e-02
1.770669999999999883e-02
1.012569999999999963e-02
5.089660000000000191e-03
6.242959999999999655e-03
9.259800000000000322e-03
6.340239999999999591e-03
-3.414330000000000143e-03
-1.197349999999999977e-02
-1.886490000000000042e-02
-2.403049999999999978e-02
-2.541490000000000068e-02
-1.892390000000000044e-02
-7.519620000000000297e-03
-3.488869999999999819e-03
-8.170969999999999622e-03
-1.261029999999999963e-02
-9.954499999999999807e-03
2.327039999999999838e-03
1.422400000000000053e-02
2.073240000000000152e-02
2.660830000000000140e-02
3.268009999999999665e-02
3.304809999999999692e-02
1.976019999999999860e-02
2.328180000000000006e-03
-6.189090000000000390e-03
-5.263190000000000056e-03
2.064229999999999798e-03
9.542609999999999981e-03
1.199139999999999928e-02
1.550499999999999969e-02
1.957350000000000062e-02
2.043930000000000052e-02
1.658439999999999914e-02
7.047199999999999992e-03
-6.785250000000000265e-04
-3.666350000000000078e-03
-3.222889999999999956e-03
-5.187650000000000247e-03
-7.822549999999999296e-03
-7.533109999999999980e-03
-7.341590000000000268e-03
-1.115969999999999983e-02
-1.941270000000000148e-02
-2.362150000000000014e-02
-1.805350000000000010e-02
-7.315209999999999942e-03
-1.443300000000000008e-03
-2.146309999999999798e-03
-2.940100000000000179e-03
-3.053539999999999987e-03
-2.665149999999999811e-03
-6.117049999999999745e-03
-1.433539999999999988e-02
-1.883280000000000023e-02
-1.473879999999999982e-02
-4.694020000000000137e-03
3.158729999999999784e-03
4.869049999999999767e-03
-5.748229999999999850e-06
-4.704090000000000181e-03
-7.414450000000000381e-03
-5.897930000000000013e-03
5.237729999999999470e-04
5.613349999999999590e-03
5.734519999999999895e-03
1.580859999999999904e-03
-2.696430000000000203e-04
2.855420000000000007e-03
6.932139999999999830e-03
6.114900000000000370e-03
3.671779999999999922e-03
1.649920000000000032e-03
-1.056359999999999895e-03
-5.737360000000000376e-03
-7.202300000000000021e-03
-3.029700000000000188e-03
3.824479999999999894e-03
9.863679999999999670e-03
1.187900000000000067e-02
8.917690000000000686e-03
1.367420000000000050e-03
-3.443120000000000035e-03
-8.350569999999999868e-03
-1.712079999999999852e-02
-2.576140000000000027e-02
-3.245180000000000287e-02
-3.402079999999999688e-02
-2.656990000000000046e-02
-1.375080000000000052e-02
-5.201400000000000121e-03
3.512410000000000206e-04
6.382259999999999843e-03
1.065890000000000067e-02
1.278430000000000018e-02
1.188849999999999976e-02
9.914579999999999227e-03
8.438400000000000414e-03
5.836130000000000137e-03
1.194879999999999944e-03
4.826690000000000234e-04
2.580559999999999972e-03
1.373639999999999974e-03
-1.028709999999999954e-03
-1.689930000000000078e-03
1.212729999999999971e-03
5.264920000000000190e-03
7.607599999999999953e-03
7.497170000000000049e-03
6.039319999999999931e-03
3.735889999999999957e-03
1.419190000000000078e-03
-8.475270000000000459e-04
-1.539369999999999974e-03
1.392680000000000090e-04
2.111660000000000013e-03
4.105469999999999953e-03
4.954840000000000286e-03
3.096110000000000008e-03
-1.058649999999999956e-03
-3.578360000000000048e-03
-7.281260000000000336e-03
-1.067610000000000087e-02
-1.289900000000000074e-02
-1.081960000000000040e-02
-5.641329999999999956e-03
-1.893149999999999911e-03
8.248209999999999960e-04
2.563590000000000139e-03
2.704020000000000121e-03
1.491920000000000095e-03
5.514459999999999675e-03
1.289689999999999934e-02
2.003860000000000016e-02
2.322880000000000084e-02
2.013780000000000084e-02
9.982339999999999269e-03
-2.166229999999999892e-03
-1.068460000000000069e-02
-1.427229999999999992e-02
-1.330469999999999917e-02
-9.947269999999999376e-03
-9.313220000000000526e-03
-1.077320000000000014e-02
-1.324099999999999930e-02
-1.607909999999999895e-02
-1.639360000000000123e-02
-1.253439999999999936e-02
-6.163840000000000291e-03
5.161650000000000293e-05
7.482909999999999735e-03
1.703069999999999931e-02
2.670900000000000010e-02
3.006340000000000054e-02
2.691419999999999924e-02
1.539489999999999956e-02
-7.490199999999999538e-05
-1.220730000000000079e-02
-1.671510000000000010e-02
-1.264370000000000077e-02
-3.832429999999999951e-03
4.562700000000000262e-03
9.170559999999999476e-03
1.133550000000000009e-02
1.218160000000000076e-02
1.093159999999999965e-02
9.269509999999999902e-03
5.471519999999999682e-03
-8.662700000000000391e-04
-6.859310000000000407e-03
-1.098679999999999969e-02
-1.114539999999999975e-02
-1.020959999999999923e-02
-9.995989999999999737e-03
-1.112469999999999952e-02
-1.247979999999999923e-02
-1.142780000000000011e-02
-9.661710000000000437e-03
-9.564390000000000738e-03
-9.725140000000000173e-03
-7.799989999999999701e-03
-2.951539999999999893e-03
4.032789999999999639e-03
1.005630000000000066e-02
1.053300000000000070e-02
8.426039999999999225e-03
4.635059999999999875e-03
1.943639999999999951e-03
2.141860000000000205e-03
3.264200000000000088e-03
3.666410000000000155e-03
1.585929999999999935e-03
-1.968460000000000001e-03
-4.135660000000000204e-03
-2.260600000000000196e-03
4.560429999999999866e-03
1.178429999999999929e-02
1.527200000000000085e-02
1.372589999999999921e-02
9.124969999999999609e-03
2.033150000000000061e-03
-8.394070000000000004e-03
-1.874889999999999890e-02
-2.598150000000000112e-02
-2.740319999999999909e-02
-2.607490000000000155e-02
-1.911219999999999933e-02
-6.956689999999999749e-03
2.795699999999999921e-03
7.856079999999999661e-03
1.086319999999999994e-02
1.349290000000000038e-02
1.428659999999999999e-02
1.295559999999999941e-02
1.023229999999999973e-02
8.363779999999999479e-03
8.551549999999999777e-03
8.469010000000000774e-03
8.875040000000000706e-03
1.244609999999999987e-02
1.538890000000000050e-02
1.502889999999999955e-02
1.445459999999999974e-02
1.625390000000000168e-02
1.791449999999999987e-02
1.593570000000000056e-02
1.058169999999999944e-02
5.308270000000000349e-03
2.023839999999999840e-03
-1.620849999999999906e-05
-2.963050000000000059e-03
-6.914599999999999913e-03
-9.171939999999999954e-03
-9.819730000000000472e-03
-7.932830000000000090e-03
-3.653029999999999819e-03
2.569870000000000140e-03
7.583030000000000152e-03
1.024710000000000031e-02
1.289279999999999940e-02
1.323440000000000033e-02
1.181839999999999974e-02
7.719850000000000323e-03
4.186360000000000081e-03
3.864840000000000029e-03
2.172419999999999993e-03
1.171549999999999935e-03
1.787369999999999931e-03
1.667759999999999902e-03
-1.909710000000000118e-04
-4.330429999999999696e-03
-8.538240000000000759e-03
-9.805410000000000514e-03
-8.796969999999999443e-03
-9.386880000000000224e-03
-1.173530000000000059e-02
-1.503840000000000038e-02
-1.585380000000000122e-02
-1.255350000000000042e-02
-9.809089999999999476e-03
-7.532879999999999611e-03
-4.926210000000000311e-03
-4.243270000000000375e-03
-4.471209999999999768e-03
-6.480080000000000041e-03
-7.982019999999999393e-03
-7.530679999999999666e-03
-8.099359999999999893e-03
-9.044419999999999196e-03
-1.068509999999999946e-02
-8.208139999999999187e-03
-6.566550000000000208e-04
5.605540000000000002e-03
9.286100000000000257e-03
1.011169999999999951e-02
8.936990000000000559e-03
6.891219999999999984e-03
4.411939999999999612e-03
3.952129999999999717e-05
-2.602989999999999905e-03
-2.302820000000000127e-03
2.289499999999999869e-03
9.706170000000000075e-03
1.569589999999999874e-02
1.963530000000000136e-02
1.808620000000000019e-02
1.515790000000000019e-02
1.170030000000000028e-02
1.001140000000000016e-02
7.213640000000000330e-03
2.335110000000000050e-03
-2.830050000000000187e-03
-8.746979999999999686e-03
-1.327260000000000072e-02
-1.530240000000000072e-02
-1.361530000000000032e-02
-1.224030000000000083e-02
-1.006559999999999920e-02
-1.036549999999999971e-02
-1.276350000000000054e-02
-1.288489999999999948e-02
-1.144680000000000003e-02
-8.366490000000000732e-03
-6.952859999999999943e-03
-6.887690000000000132e-03
-7.015320000000000236e-03
-5.673150000000000068e-03
1.865889999999999986e-04
5.047730000000000272e-03
7.282339999999999994e-03
7.913500000000000395e-03
5.783510000000000387e-03
1.357469999999999944e-03
-3.388869999999999990e-03
-5.683139999999999720e-03
-3.478209999999999809e-03
-5.093260000000000495e-04
1.337539999999999910e-03
2.395930000000000108e-03
3.949000000000000253e-03
4.488169999999999660e-03
3.609520000000000176e-03
2.442189999999999899e-03
1.501289999999999960e-03
1.622179999999999976e-03
1.776709999999999921e-03
3.723360000000000211e-03
5.283419999999999610e-03
7.072949999999999723e-03
5.799399999999999694e-03
2.210430000000000207e-03
-7.451369999999999912e-04
-7.967859999999999570e-04
3.656879999999999940e-03
8.332890000000000782e-03
1.067309999999999960e-02
1.012869999999999916e-02
7.347410000000000399e-03
4.482479999999999624e-03
6.189430000000000539e-04
-3.440449999999999845e-03
-7.110230000000000369e-03
-9.393860000000000404e-03
-1.039129999999999915e-02
-1.237100000000000005e-02
-1.289210000000000009e-02
-1.232190000000000021e-02
-6.745469999999999938e-03
-4.709860000000000338e-05
5.271190000000000250e-03
1.019779999999999992e-02
1.251719999999999916e-02
1.180930000000000001e-02
9.562120000000000342e-03
7.396559999999999940e-03
5.332960000000000304e-03
6.732250000000000387e-03
1.099359999999999921e-02
1.450219999999999981e-02
1.367269999999999944e-02
9.159000000000000474e-03
2.514450000000000105e-03
-3.935300000000000083e-03
-8.530720000000000316e-03
-1.124630000000000074e-02
-1.309190000000000006e-02
-1.150100000000000081e-02
-8.963689999999999852e-03
-6.272350000000000321e-03
-8.382500000000000194e-04
2.468099999999999981e-03
6.315910000000000317e-04
-3.900810000000000215e-03
-7.890589999999999410e-03
-1.210269999999999922e-02
-1.334469999999999927e-02
-1.146550000000000000e-02
-7.850239999999999649e-03
-6.482090000000000247e-03
-5.715760000000000285e-03
-4.258920000000000240e-03
-2.054439999999999825e-03
-3.181729999999999910e-04
-1.028910000000000068e-03
-7.472089999999999808e-04
-1.885380000000000085e-03
-4.029289999999999608e-03
-6.334389999999999639e-03
-5.122559999999999961e-03
1.256570000000000039e-03
9.066730000000000275e-03
1.103630000000000062e-02
5.941410000000000267e-03
6.659090000000000105e-04
-6.693579999999999973e-04
1.593910000000000032e-03
7.354730000000000295e-03
1.434359999999999975e-02
1.986160000000000009e-02
2.311519999999999894e-02
2.327299999999999855e-02
1.424169999999999950e-02
1.030309999999999993e-03
-8.958880000000000662e-03
-1.419690000000000014e-02
-1.250410000000000063e-02
-7.472900000000000202e-03
-1.199329999999999971e-03
3.485049999999999953e-03
6.076360000000000268e-03
6.544000000000000337e-03
6.676040000000000273e-03
6.470420000000000164e-03
5.449800000000000304e-03
5.349190000000000195e-03
8.245300000000000545e-03
1.212159999999999974e-02
1.331219999999999973e-02
1.112149999999999944e-02
9.442819999999999339e-03
9.524599999999999386e-03
6.524939999999999907e-03
2.831649999999999792e-03
-1.262529999999999989e-04
-2.011150000000000177e-03
-3.582929999999999796e-03
-5.740219999999999871e-03
-6.323689999999999867e-03
-4.621369999999999645e-03
-1.988830000000000025e-03
9.639670000000000356e-04
8.442509999999999913e-05
-3.641259999999999896e-03
-9.856900000000000037e-03
-1.524949999999999917e-02
-1.899050000000000044e-02
-2.101410000000000083e-02
-2.011999999999999900e-02
-1.630409999999999845e-02
-1.109369999999999974e-02
-5.634809999999999645e-03
-1.412030000000000099e-03
9.368619999999999758e-05
1.296209999999999897e-03
2.307790000000000102e-03
2.819630000000000053e-03
3.465670000000000122e-03
4.853399999999999902e-03
4.955460000000000073e-03
6.311370000000000174e-03
1.015729999999999932e-02
1.307520000000000036e-02
1.411409999999999922e-02
1.418499999999999969e-02
1.286819999999999978e-02
1.242900000000000081e-02
1.245330000000000048e-02
1.060499999999999984e-02
6.049090000000000023e-03
6.326069999999999827e-04
-3.766879999999999794e-03
-6.608160000000000076e-03
-7.280080000000000405e-03
-6.923959999999999837e-03
-7.063459999999999704e-03
-6.073069999999999857e-03
-9.125059999999999942e-04
3.652729999999999866e-03
7.451469999999999969e-03
8.569179999999999159e-03
8.224699999999999719e-03
7.982529999999999834e-03
8.846969999999999140e-03
1.020929999999999928e-02
9.824970000000000578e-03
7.814730000000000634e-03
4.618080000000000102e-03
2.557639999999999914e-03
1.355459999999999955e-03
4.043750000000000035e-04
4.999759999999999578e-04
1.115150000000000082e-03
1.186090000000000104e-03
1.022579999999999930e-03
-1.463729999999999892e-03
-3.440100000000000189e-03
-4.090739999999999828e-03
-5.818870000000000292e-03
-6.174530000000000123e-03
-7.192310000000000370e-03
-8.140430000000000582e-03
-6.232999999999999825e-03
-4.042979999999999838e-03
-2.975129999999999875e-03
-2.429909999999999969e-03
-3.225809999999999962e-03
-5.028190000000000090e-03
-6.317159999999999616e-03
-6.259989999999999999e-03
-5.399880000000000131e-03
-4.364100000000000097e-03
-1.899789999999999942e-03
6.159390000000000264e-04
2.726399999999999917e-03
4.279250000000000068e-03
5.282620000000000024e-03
4.934359999999999614e-03
2.326239999999999818e-03
-1.596240000000000072e-03
-5.628730000000000191e-03
-7.542639999999999761e-03
-8.018229999999999455e-03
-7.500080000000000115e-03
-6.869029999999999928e-03
-5.578610000000000339e-03
-3.841980000000000048e-03
-2.347660000000000111e-03
-1.789409999999999959e-03
-1.326579999999999947e-03
-2.314240000000000123e-04
4.556620000000000158e-04
8.529949999999999468e-04
5.734079999999999689e-04
4.828030000000000190e-04
1.542089999999999867e-04
-1.087630000000000020e-03
-1.608000000000000054e-03
-1.342950000000000090e-03
-7.992509999999999545e-04
-6.006709999999999957e-04
-1.201730000000000029e-03
-1.831979999999999980e-03
-2.606230000000000178e-03
-3.228819999999999867e-03
-3.950529999999999840e-03
-3.202050000000000122e-03
-2.677029999999999948e-03
-2.751690000000000212e-03
-3.657510000000000101e-03
-4.976490000000000080e-03
-5.310160000000000401e-03
-5.729879999999999696e-03
-5.583519999999999803e-03
-5.186810000000000032e-03
-4.971510000000000165e-03
-4.260899999999999757e-03
-3.606310000000000158e-03
-3.334629999999999886e-03
-3.028649999999999919e-03
-2.279199999999999889e-03
-1.185150000000000049e-03
-3.076299999999999803e-04
1.253989999999999966e-04
5.680069999999999981e-05
8.345209999999999336e-05
5.841480000000000186e-05
-1.816549999999999946e-04
-8.838309999999999613e-04
-1.395350000000000062e-03
-1.449030000000000023e-03
-1.177499999999999944e-03
-6.477009999999999842e-04
-5.111329999999999867e-04
-5.321590000000000391e-04
-3.588999999999999959e-04
-3.701740000000000239e-04
-4.609279999999999888e-04
-3.277959999999999902e-04
-4.155350000000000254e-04
-4.249139999999999775e-04
-2.365439999999999904e-04
9.405489999999999966e-05
3.395319999999999740e-04
4.015080000000000190e-04
4.711800000000000255e-04
3.788950000000000239e-04
2.550869999999999787e-04
3.530480000000000120e-04
5.244400000000000407e-04
7.785710000000000373e-04
9.398300000000000057e-04
1.015180000000000075e-03
1.108679999999999909e-03
1.184010000000000097e-03
1.281159999999999938e-03
1.356170000000000075e-03
1.467549999999999974e-03
1.527039999999999908e-03
1.554180000000000058e-03
1.566150000000000094e-03
1.575269999999999926e-03
1.626150000000000035e-03
1.690429999999999927e-03
1.735900000000000073e-03
1.725790000000000050e-03
1.689610000000000027e-03
1.645430000000000026e-03
1.622090000000000077e-03
1.591890000000000102e-03
1.548109999999999894e-03
1.515529999999999959e-03
1.491080000000000096e-03
1.484630000000000021e-03
1.487760000000000081e-03
1.499480000000000084e-03
1.510410000000000008e-03
1.514359999999999968e-03
1.517370000000000090e-03
1.519909999999999968e-03
1.520169999999999941e-03
