-9.841459999999999791e-03
-1.130169999999999959e-02
-8.129000000000000808e-03
-1.194600000000000089e-03
-1.582789999999999935e-03
2.196730000000000037e-03
5.954830000000000366e-03
4.142690000000000088e-03
2.021499999999999860e-03
-1.246190000000000101e-03
6.350760000000000433e-04
2.524489999999999894e-03
4.524069999999999828e-03
2.424709999999999897e-04
-6.477949999999999681e-03
-1.096049999999999976e-02
-1.055320000000000043e-02
5.743360000000000522e-04
1.387850000000000021e-02
1.555980000000000037e-02
8.185519999999999949e-03
2.894059999999999949e-03
1.366400000000000036e-03
-2.533790000000000174e-03
-1.344949999999999965e-02
-5.835980000000000160e-03
4.917129999999999591e-03
4.440030000000000192e-03
2.717499999999999864e-03
-6.707049999999999991e-03
-7.222929999999999802e-03
-9.458529999999999716e-03
-4.778540000000000391e-03
1.965919999999999907e-03
4.552849999999999779e-03
1.061899999999999997e-02
6.912510000000000182e-03
7.908230000000000467e-03
1.074609999999999975e-02
6.326570000000000110e-03
2.334460000000000007e-03
1.284020000000000083e-03
-9.357479999999999618e-03
-1.386979999999999984e-02
-6.647049999999999834e-03
-6.886609999999999607e-03
-1.147650000000000059e-02
-4.578099999999999878e-03
3.630979999999999798e-03
7.979339999999999697e-03
1.961459999999999940e-02
2.557349999999999901e-02
8.048990000000000658e-03
-8.876810000000000603e-03
-6.878559999999999709e-03
-9.189809999999999646e-03
-1.478549999999999916e-03
6.869179999999999904e-03
-4.298889999999999764e-04
1.904929999999999991e-03
2.289499999999999869e-03
-4.851489999999999969e-03
-6.683389999999999991e-03
-5.397159999999999805e-03
-3.883469999999999978e-03
2.585370000000000029e-03
5.979919999999999680e-03
1.932549999999999893e-03
-1.037710000000000065e-03
-3.897820000000000191e-03
-9.229400000000000451e-03
-3.175729999999999872e-03
3.488900000000000074e-03
-5.460640000000000112e-03
-5.283219999999999930e-03
-4.243900000000000103e-03
-7.583460000000000201e-03
2.461420000000000188e-03
1.992879999999999999e-02
1.882609999999999839e-02
1.125660000000000029e-02
1.402779999999999999e-02
8.366719999999999366e-03
9.532450000000000255e-04
1.965979999999999984e-03
2.914449999999999853e-03
-6.919510000000000244e-03
-2.804979999999999887e-03
1.709390000000000085e-03
-2.955230000000000096e-03
6.584689999999999597e-04
3.497979999999999926e-03
3.028600000000000216e-03
-2.537719999999999820e-03
-6.745410000000000295e-03
-3.924290000000000417e-03
-3.252310000000000010e-03
4.302620000000000056e-03
1.079470000000000082e-02
-9.314380000000000359e-04
4.555340000000000062e-04
4.278259999999999875e-03
-3.072099999999999918e-03
1.124640000000000015e-02
2.055770000000000167e-02
8.444979999999999501e-03
4.635010000000000172e-03
-9.584060000000000148e-03
-2.292080000000000159e-02
-2.062510000000000038e-02
-1.267829999999999955e-03
1.661659999999999873e-02
7.432170000000000096e-03
3.366140000000000104e-03
-1.808630000000000090e-03
-4.269189999999999964e-03
2.069290000000000018e-02
2.981450000000000072e-02
1.502619999999999997e-02
1.193830000000000065e-02
-9.198510000000000020e-03
-1.396129999999999940e-02
2.082039999999999932e-02
4.178919999999999857e-02
2.963549999999999865e-02
8.390560000000000032e-03
3.709310000000000168e-04
-8.829860000000000139e-03
-7.571579999999999630e-03
3.095169999999999953e-03
-2.376520000000000021e-03
-2.304209999999999939e-02
-1.864330000000000154e-02
-2.160529999999999916e-03
6.601850000000000253e-03
2.833969999999999892e-02
3.566079999999999944e-02
7.872449999999999587e-03
-1.676100000000000159e-02
-2.326599999999999849e-02
-1.496779999999999985e-02
3.165320000000000113e-03
4.836619999999999808e-03
1.037270000000000032e-02
1.694030000000000015e-03
5.242120000000000286e-03
3.099970000000000156e-02
1.917529999999999929e-02
1.607710000000000042e-02
1.671399999999999969e-02
7.902750000000000052e-03
6.564989999999999715e-03
-5.466450000000000302e-03
-1.121570000000000032e-02
-1.998110000000000164e-02
-9.932639999999999525e-03
9.216369999999999988e-04
-2.038159999999999972e-02
-2.179290000000000047e-02
2.499889999999999838e-03
2.066959999999999978e-02
3.475720000000000198e-02
3.880809999999999815e-02
2.134609999999999980e-02
6.859449999999999575e-03
-1.120230000000000010e-02
-9.940159999999999968e-03
-3.823650000000000161e-04
-8.705549999999999617e-04
7.914070000000000479e-03
-2.167780000000000054e-02
-6.041799999999999948e-02
-2.603650000000000062e-02
-3.924610000000000251e-03
4.576690000000000120e-04
9.514599999999999794e-03
-6.146129999999999649e-03
-2.235360000000000125e-02
-2.613750000000000101e-02
2.482410000000000172e-02
3.936760000000000259e-02
1.246850000000000042e-02
1.172290000000000094e-03
-1.353779999999999914e-02
-2.985650000000000109e-02
-1.096579999999999951e-02
9.623490000000000386e-04
-2.361320000000000086e-02
-2.680760000000000087e-02
-2.645950000000000038e-02
-1.056870000000000032e-02
2.356899999999999967e-02
2.582239999999999883e-02
1.853269999999999917e-02
2.614620000000000138e-02
2.855270000000000030e-02
1.452589999999999958e-02
1.144769999999999989e-02
1.241390000000000028e-02
9.879449999999999690e-03
5.691029999999999483e-04
-2.724199999999999885e-02
-2.195309999999999970e-02
-1.983230000000000062e-02
-1.158029999999999997e-02
9.087569999999999459e-04
3.357960000000000111e-03
-5.532170000000000316e-03
-2.427860000000000087e-02
1.249669999999999948e-02
1.012739999999999994e-02
-1.598549999999999971e-02
1.327240000000000017e-02
1.185779999999999994e-02
-1.205799999999999927e-02
-1.012300000000000049e-03
-6.329419999999999664e-03
-2.451889999999999972e-02
1.527650000000000015e-02
1.018480000000000080e-02
-4.064530000000000226e-03
1.624580000000000121e-02
1.463429999999999939e-02
-1.661079999999999892e-03
-1.256280000000000070e-02
-1.670589999999999922e-02
-6.475999999999999812e-02
-7.580660000000000176e-02
-5.140909999999999924e-02
-2.368949999999999875e-02
1.858239999999999892e-02
3.283289999999999820e-02
3.893560000000000076e-02
3.074910000000000143e-02
1.216479999999999992e-02
1.523099999999999975e-02
-7.544590000000000324e-03
-1.548010000000000011e-02
-4.708259999999999811e-04
-2.523039999999999831e-03
1.011070000000000024e-02
2.296480000000000049e-02
2.508130000000000082e-02
2.263019999999999962e-02
1.984970000000000137e-02
1.572679999999999911e-02
1.080330000000000006e-02
3.955000000000000182e-03
-7.606719999999999975e-03
-6.535739999999999952e-03
-9.963990000000000694e-03
-3.710719999999999991e-02
-4.140449999999999686e-02
-3.200220000000000148e-02
-4.236650000000000138e-02
-4.301220000000000043e-02
-6.491160000000000159e-03
3.500849999999999795e-02
3.191480000000000011e-02
5.963859999999999648e-03
-7.011629999999999599e-03
1.918190000000000173e-02
4.025399999999999812e-02
4.771210000000000034e-02
3.608399999999999802e-02
4.974970000000000434e-03
-2.748050000000000145e-02
-2.970829999999999999e-02
1.144150000000000028e-02
2.740539999999999990e-02
-9.261719999999999328e-03
-2.268399999999999930e-02
4.770169999999999792e-03
-8.960669999999999573e-04
-1.839700000000000103e-03
8.325539999999999980e-04
-2.361209999999999871e-03
6.811499999999999846e-03
1.615660000000000013e-02
2.984180000000000166e-02
1.292079999999999965e-02
-6.421610000000000339e-03
-1.097710000000000005e-02
-2.619060000000000138e-02
-1.434859999999999955e-02
-1.068799999999999958e-02
-2.680820000000000078e-02
-2.043750000000000080e-02
-3.435329999999999894e-03
-9.751370000000000524e-03
-3.487620000000000303e-02
-6.154939999999999717e-02
-6.356109999999999538e-02
-4.994230000000000197e-02
-3.265350000000000197e-02
-1.708650000000000099e-02
-1.731109999999999940e-02
-2.435649999999999968e-02
-2.331429999999999961e-02
1.019610000000000004e-03
2.992620000000000002e-02
4.943750000000000228e-02
5.884980000000000072e-02
3.408089999999999731e-02
-1.406029999999999953e-02
-1.333840000000000026e-02
1.298440000000000011e-02
2.106359999999999830e-02
2.965469999999999912e-02
3.011650000000000091e-02
3.650280000000000104e-03
-2.094630000000000103e-02
-1.273149999999999976e-02
1.080880000000000035e-02
1.013320000000000019e-02
-1.131560000000000031e-02
-6.508710000000000016e-03
2.279969999999999913e-02
4.202430000000000054e-02
4.453619999999999801e-02
2.822610000000000050e-02
-6.004419999999999896e-03
-6.625720000000000220e-02
-1.342119999999999980e-01
-1.408810000000000062e-01
-1.107289999999999941e-01
-1.042860000000000037e-01
-1.037200000000000066e-01
-6.011070000000000302e-02
1.302799999999999965e-02
7.873910000000000631e-02
1.132419999999999954e-01
1.073179999999999967e-01
7.815550000000000275e-02
4.253269999999999967e-02
4.129599999999999937e-02
5.053069999999999784e-02
4.851790000000000269e-02
3.421199999999999936e-02
-1.560120000000000083e-02
-5.678509999999999808e-02
-6.412850000000000494e-02
-5.988059999999999911e-02
-3.433309999999999834e-02
-2.567269999999999969e-02
-3.707259999999999722e-02
-2.995039999999999855e-02
7.527019999999999718e-03
4.766560000000000241e-02
3.957560000000000244e-02
2.403440000000000090e-02
9.809029999999999833e-03
-1.748359999999999845e-02
-1.018490000000000020e-02
-7.907700000000000146e-03
-5.149070000000000036e-02
-8.022260000000000502e-02
-6.505049999999999721e-02
-1.536990000000000058e-02
1.127099999999999977e-02
-4.258540000000000242e-02
-1.103050000000000003e-01
-1.324599999999999944e-01
-1.353800000000000003e-01
-1.108660000000000062e-01
-6.566639999999999977e-02
1.485900000000000068e-02
1.170599999999999974e-01
1.708719999999999961e-01
1.664390000000000036e-01
1.481280000000000097e-01
1.386519999999999975e-01
1.419320000000000026e-01
1.160240000000000021e-01
6.989910000000000567e-02
4.173539999999999889e-02
1.258330000000000039e-02
-8.658799999999999483e-03
-3.745699999999999724e-02
-5.311149999999999899e-02
-4.881579999999999947e-02
-3.399979999999999669e-02
-2.551909999999999942e-02
-6.581329999999999819e-03
3.153240000000000209e-02
2.451120000000000035e-02
1.179629999999999915e-02
6.654969999999999636e-03
-5.834490000000000336e-03
-9.470360000000000583e-03
-3.765659999999999841e-02
-7.075620000000000520e-02
-5.568929999999999714e-02
4.684869999999999833e-03
3.775450000000000073e-03
-1.942500000000000129e-02
-1.176950000000000045e-02
-2.811359999999999901e-02
-4.691279999999999756e-02
-4.073120000000000213e-02
-1.065609999999999995e-02
-1.343929999999999951e-02
-2.779440000000000036e-02
-3.991279999999999828e-03
1.051960000000000048e-02
1.962859999999999952e-02
2.504419999999999910e-02
1.835229999999999848e-02
-2.582790000000000172e-03
-1.487650000000000083e-02
2.895350000000000094e-03
-5.221449999999999876e-03
-1.240030000000000038e-03
-2.466729999999999878e-03
-1.886699999999999836e-02
5.370640000000000309e-03
3.026099999999999970e-02
2.539699999999999944e-02
7.290289999999999618e-03
6.379769999999999885e-03
3.744009999999999699e-02
6.120540000000000008e-02
6.070090000000000208e-02
4.970249999999999668e-02
3.819419999999999760e-02
3.764880000000000310e-02
3.578359999999999874e-02
5.139500000000000318e-02
4.302620000000000056e-02
6.989900000000000280e-03
1.531850000000000052e-02
1.765869999999999940e-02
-2.589029999999999977e-03
-3.078049999999999883e-02
-6.002670000000000228e-02
-6.328530000000000266e-02
-5.288919999999999733e-02
-3.983489999999999948e-02
-1.969979999999999995e-02
-7.452409999999999590e-03
-8.379309999999999189e-03
-1.067610000000000087e-02
1.174790000000000036e-02
2.915850000000000039e-02
1.782150000000000054e-02
1.307870000000000039e-02
2.751510000000000067e-02
2.843230000000000063e-02
-4.397159999999999784e-03
-1.808939999999999854e-02
-1.341140000000000040e-02
-1.604989999999999889e-02
-3.593559999999999810e-02
-4.492770000000000097e-02
-2.423470000000000138e-02
3.066859999999999812e-03
-1.845799999999999871e-02
-2.125049999999999856e-02
2.723849999999999882e-02
3.575570000000000137e-02
2.763370000000000062e-02
1.131590000000000026e-02
-3.559539999999999926e-03
-9.517150000000000262e-03
1.042299999999999997e-02
3.188200000000000062e-02
4.325930000000000053e-02
3.838489999999999958e-02
-1.139889999999999957e-03
-4.712739999999999985e-02
-6.959070000000000533e-02
-6.233729999999999827e-02
-5.086820000000000230e-02
-5.255300000000000249e-02
-5.482340000000000130e-02
-5.041380000000000167e-02
-4.921810000000000074e-02
-2.695950000000000082e-02
-6.870450000000000168e-03
-1.031789999999999964e-02
1.609149999999999947e-03
3.045799999999999896e-02
4.859469999999999762e-02
5.859400000000000025e-02
4.892350000000000171e-02
6.350899999999999601e-03
-3.343809999999999838e-02
-2.923049999999999954e-02
-7.782790000000000367e-03
4.507949999999999826e-04
5.953840000000000174e-03
1.543180000000000072e-02
1.400290000000000042e-02
3.048270000000000059e-03
-1.608269999999999839e-02
-3.006170000000000023e-02
-1.327440000000000044e-02
2.770119999999999874e-02
5.179269999999999707e-02
5.164590000000000153e-02
3.672650000000000220e-02
-2.109820000000000098e-02
-6.232750000000000096e-02
-3.531580000000000136e-02
3.339759999999999951e-02
8.076859999999999595e-02
7.828599999999999448e-02
6.300649999999999307e-02
3.497499999999999915e-02
-1.901860000000000009e-02
-6.652199999999999780e-02
-7.940250000000000086e-02
-5.852910000000000057e-02
-3.350020000000000081e-02
-2.712519999999999862e-02
-1.272269999999999998e-02
3.656990000000000240e-02
3.667000000000000121e-02
3.157209999999999878e-02
4.121120000000000339e-02
3.080420000000000033e-02
3.300840000000000024e-02
2.378359999999999849e-02
2.095829999999999915e-02
2.656729999999999856e-02
5.131259999999999988e-02
7.094250000000000556e-02
7.556119999999999504e-02
7.138020000000000476e-02
6.088240000000000318e-02
3.345469999999999694e-02
-3.814019999999999997e-03
-1.502889999999999955e-02
-1.337750000000000050e-02
-1.214220000000000056e-02
-1.747980000000000020e-02
-4.597960000000000241e-02
-5.919780000000000181e-02
-1.295699999999999977e-02
7.756779999999999958e-05
-2.770310000000000134e-02
-3.617320000000000257e-02
-4.780220000000000302e-02
-6.222500000000000253e-02
-5.098960000000000298e-02
-2.822529999999999831e-02
1.918809999999999960e-03
1.818370000000000056e-02
4.852350000000000066e-03
-1.878509999999999902e-02
-3.406370000000000231e-02
-1.501929999999999932e-02
1.439750000000000058e-02
1.480859999999999989e-02
-4.577569999999999881e-04
-2.393920000000000076e-02
-4.289380000000000276e-02
-3.364040000000000086e-02
-2.524279999999999927e-02
-2.455939999999999859e-02
-1.374129999999999970e-02
-2.162250000000000109e-03
2.683900000000000239e-04
3.766970000000000127e-03
-1.587830000000000144e-02
-4.157109999999999972e-02
-4.500540000000000096e-02
-3.563170000000000226e-02
-1.467680000000000026e-02
1.613329999999999972e-02
5.246359999999999912e-02
7.752799999999999969e-02
9.645819999999999395e-02
9.754849999999999632e-02
8.731790000000000385e-02
7.001559999999999728e-02
4.698599999999999999e-02
3.752749999999999836e-02
3.496409999999999796e-02
7.823939999999999714e-03
-3.955820000000000169e-02
-6.161160000000000247e-02
-7.468500000000000139e-02
-5.954829999999999846e-02
-1.129010000000000083e-02
1.030419999999999947e-02
2.251360000000000167e-02
5.633769999999999750e-02
6.431000000000000605e-02
4.612129999999999702e-02
4.143630000000000230e-02
4.712790000000000035e-02
5.813669999999999949e-02
6.186769999999999770e-02
5.233480000000000076e-02
3.919609999999999761e-02
2.417029999999999873e-02
3.064429999999999932e-03
-1.342089999999999950e-02
-1.998470000000000107e-02
-1.352609999999999923e-02
-5.296859999999999589e-03
-2.149759999999999865e-02
-4.490569999999999978e-02
-4.172540000000000276e-02
-2.306559999999999860e-02
-1.446099999999999990e-02
-8.226870000000000710e-03
-1.167250000000000058e-02
-1.996929999999999886e-02
-2.563350000000000004e-02
-4.305520000000000180e-02
-5.005149999999999877e-02
-2.758709999999999982e-02
-6.216170000000000029e-03
-9.723040000000000502e-03
-1.813920000000000116e-02
8.361330000000000151e-03
4.148879999999999929e-02
3.062049999999999841e-02
-1.342720000000000025e-02
-4.791970000000000257e-02
-5.658570000000000266e-02
-4.973349999999999993e-02
-2.538930000000000006e-02
-4.658930000000000363e-03
4.017060000000000249e-03
3.621169999999999944e-03
-2.804579999999999768e-04
4.981590000000000150e-03
4.431670000000000401e-03
-1.330010000000000046e-02
-1.325439999999999952e-02
1.041360000000000029e-02
2.776870000000000033e-02
4.017479999999999662e-02
3.211060000000000303e-02
2.792879999999999864e-04
-2.508420000000000094e-02
-1.665399999999999867e-02
-9.312219999999999526e-03
-2.400139999999999912e-02
-4.045309999999999878e-02
-6.274739999999999485e-02
-8.080669999999999520e-02
-8.868120000000000169e-02
-7.536120000000000319e-02
-3.403300000000000075e-02
1.882829999999999920e-02
4.548590000000000272e-02
5.000629999999999659e-02
5.446159999999999890e-02
6.797129999999999839e-02
8.236939999999999540e-02
6.966410000000000657e-02
4.262069999999999748e-02
3.391079999999999789e-02
2.955419999999999922e-02
6.254140000000000046e-03
-1.532009999999999969e-02
-1.538349999999999961e-02
6.635089999999999738e-03
3.562739999999999657e-02
4.700839999999999880e-02
4.623100000000000126e-02
3.473129999999999967e-02
1.914549999999999932e-02
1.536210000000000006e-02
2.193480000000000082e-02
3.883910000000000140e-02
4.775469999999999715e-02
4.125920000000000282e-02
1.785820000000000116e-02
-1.367739999999999928e-02
-4.266190000000000260e-02
-4.977859999999999924e-02
-3.464609999999999912e-02
-2.273069999999999952e-02
-1.638749999999999929e-02
-2.188239999999999977e-02
-2.781190000000000051e-02
-1.409000000000000009e-02
-2.520360000000000135e-03
-1.386399999999999959e-02
-2.100110000000000171e-02
-1.610429999999999848e-02
-2.859029999999999905e-02
-5.477699999999999930e-02
-6.173870000000000052e-02
-4.738450000000000301e-02
-3.933790000000000203e-02
-3.635669999999999874e-02
-1.049270000000000064e-02
-2.882730000000000015e-03
-1.988739999999999952e-02
-9.086800000000000779e-03
-5.863819999999999623e-03
-1.552240000000000043e-02
-4.095579999999999707e-03
1.151119999999999921e-02
2.324100000000000124e-02
4.012580000000000313e-02
4.845599999999999907e-02
5.167379999999999890e-02
4.484679999999999916e-02
4.291670000000000207e-02
3.520419999999999799e-02
1.864940000000000001e-02
2.189280000000000045e-02
2.334709999999999910e-02
2.071119999999999906e-02
3.649129999999999735e-02
5.161160000000000053e-02
3.094210000000000016e-02
1.652719999999999884e-02
7.522400000000000267e-03
-1.225159999999999964e-02
-2.062500000000000097e-02
-9.883599999999999330e-03
1.510580000000000082e-03
-1.461450000000000043e-04
-5.635010000000000192e-03
-1.305880000000000062e-02
-1.996960000000000054e-02
-1.761050000000000115e-02
-8.948950000000000654e-03
-1.605149999999999980e-02
-1.505309999999999981e-02
2.020409999999999828e-03
8.006539999999999491e-03
4.712700000000000222e-03
1.823769999999999905e-02
1.677570000000000103e-02
-9.007050000000000820e-03
-2.341280000000000097e-02
-2.242869999999999933e-02
-9.629000000000000406e-03
-1.454869999999999948e-02
-2.553539999999999976e-02
-3.145370000000000110e-02
-2.867650000000000060e-02
-1.878989999999999827e-02
-1.417060000000000021e-02
-2.010719999999999869e-02
-3.401830000000000132e-02
-4.347390000000000282e-02
-5.700349999999999862e-02
-6.617560000000000109e-02
-2.148860000000000006e-02
1.962730000000000030e-02
4.651629999999999654e-02
6.291969999999999508e-02
5.638630000000000031e-02
4.066779999999999701e-02
2.630599999999999952e-02
5.004929999999999796e-02
7.037549999999999362e-02
5.330349999999999672e-02
1.806330000000000088e-02
-6.267059999999999645e-03
-1.997610000000000011e-02
-3.046099999999999849e-02
-3.507169999999999732e-02
-2.976180000000000145e-02
-2.554129999999999942e-02
-2.686459999999999890e-02
-4.096020000000000216e-02
-4.329829999999999790e-02
-1.600439999999999849e-02
4.264669999999999811e-04
-6.741350000000000120e-03
1.420400000000000048e-03
2.267790000000000084e-02
2.649759999999999963e-02
1.199079999999999938e-02
-5.837010000000000115e-03
-1.210519999999999999e-02
4.247159999999999824e-03
3.094030000000000044e-02
3.930299999999999766e-02
3.512579999999999869e-02
2.370660000000000128e-02
-5.054309999999999792e-04
-1.044460000000000006e-02
-8.529329999999999898e-03
-4.587319999999999766e-03
-1.705090000000000034e-03
-1.263159999999999977e-02
-3.205680000000000335e-02
-5.951850000000000196e-02
-6.735960000000000558e-02
-5.547889999999999766e-02
-4.133080000000000087e-02
-1.181429999999999980e-02
9.050509999999999458e-03
-1.163130000000000067e-02
-1.328499999999999993e-02
5.597940000000000034e-03
4.555209999999999641e-03
5.623870000000000431e-03
1.642029999999999879e-02
1.784590000000000135e-02
8.021000000000000352e-03
-4.501840000000000008e-03
-1.471030000000000081e-02
3.890119999999999949e-03
2.535060000000000091e-02
2.296959999999999974e-02
2.943680000000000168e-03
-6.760900000000000243e-03
1.015959999999999953e-02
3.284410000000000107e-02
4.251339999999999980e-02
4.680519999999999819e-02
3.776059999999999833e-02
2.548250000000000168e-02
4.389429999999999721e-02
5.369609999999999661e-02
4.565519999999999995e-02
3.730209999999999776e-02
1.728630000000000097e-02
1.985010000000000160e-03
2.139739999999999785e-03
-5.925709999999999832e-03
-5.496599999999999923e-03
-4.435080000000000099e-03
-1.084509999999999988e-02
-1.609019999999999895e-02
-3.044909999999999978e-02
-4.525060000000000193e-02
-3.052409999999999846e-02
-5.462039999999999604e-03
-4.821790000000000277e-03
-1.389300000000000083e-02
-1.857610000000000164e-02
-3.503860000000000134e-03
7.606690000000000153e-03
6.356879999999999649e-03
-1.469209999999999960e-02
-2.790559999999999916e-02
-2.172570000000000057e-02
-2.824990000000000140e-02
-3.090630000000000113e-02
-2.223359999999999920e-02
-1.738479999999999887e-02
-3.199660000000000004e-02
-4.740300000000000069e-02
-3.472370000000000317e-02
-1.613660000000000094e-02
-2.044629999999999972e-04
1.823989999999999986e-02
1.850889999999999827e-02
8.857290000000000302e-03
1.114180000000000031e-02
1.611090000000000091e-02
2.065260000000000012e-02
2.285649999999999835e-02
2.287559999999999941e-02
3.085579999999999920e-02
4.115230000000000277e-02
5.098079999999999973e-02
4.145360000000000017e-02
1.419079999999999994e-02
1.444530000000000076e-03
1.571909999999999974e-02
3.113909999999999942e-02
5.357309999999999676e-03
-3.292670000000000319e-02
-4.191109999999999974e-02
-2.961640000000000106e-02
-2.224920000000000023e-02
-2.424669999999999950e-02
-1.677450000000000122e-02
-1.006630000000000025e-02
-8.536619999999999972e-03
-1.257609999999999978e-02
-3.197989999999999861e-02
-3.810940000000000161e-02
-1.151429999999999988e-02
2.291860000000000078e-02
5.785330000000000333e-02
7.842530000000000334e-02
7.410120000000000595e-02
4.847440000000000082e-02
2.156450000000000033e-02
2.121529999999999944e-02
2.629870000000000124e-02
1.821379999999999874e-02
3.742759999999999924e-03
4.654319999999999985e-03
1.208159999999999963e-02
1.770149999999999849e-02
2.225749999999999951e-02
2.293250000000000149e-02
2.064020000000000091e-02
8.564089999999999897e-03
4.921349999999999683e-03
-2.198569999999999951e-03
1.482290000000000040e-03
2.573140000000000149e-02
2.323419999999999999e-02
-7.698670000000000339e-03
-4.056030000000000052e-02
-5.627990000000000076e-02
-5.676670000000000327e-02
-3.614669999999999689e-02
-6.639479999999999688e-03
1.773159999999999971e-03
2.562319999999999875e-03
-4.110840000000000154e-03
-2.185300000000000090e-02
-2.773770000000000055e-02
-2.534619999999999929e-02
-3.154200000000000059e-02
-3.185439999999999799e-02
-1.350699999999999991e-02
1.188909999999999972e-04
-2.113929999999999976e-02
-4.516669999999999713e-02
-2.744960000000000108e-02
3.111309999999999944e-03
3.045710000000000084e-03
1.457249999999999995e-03
1.352860000000000000e-02
1.018269999999999939e-02
-1.922969999999999974e-03
-1.870640000000000150e-02
-3.772149999999999809e-02
-3.368979999999999891e-02
-2.256290000000000032e-02
-2.327929999999999930e-02
-1.740749999999999936e-02
-3.999889999999999869e-03
7.384009999999999879e-03
7.118709999999999882e-04
-1.880719999999999961e-02
-2.598929999999999990e-02
-8.172270000000000575e-03
1.521810000000000003e-02
1.842359999999999831e-02
1.841310000000000169e-02
2.026299999999999976e-02
1.102150000000000005e-02
-6.200480000000000401e-03
-3.174670000000000269e-02
-4.723669999999999952e-02
-4.121600000000000263e-02
-2.080809999999999951e-02
1.231089999999999962e-02
2.503719999999999904e-02
5.756800000000000285e-03
-1.220470000000000062e-02
-1.945720000000000088e-02
-2.157099999999999990e-02
-3.236080000000000206e-02
-3.295680000000000137e-02
-4.859210000000000092e-03
1.313120000000000086e-02
2.016079999999999955e-02
2.893350000000000088e-02
4.363949999999999774e-02
7.053460000000000285e-02
9.787740000000000329e-02
1.053899999999999976e-01
8.498799999999999411e-02
6.561079999999999690e-02
5.323889999999999872e-02
3.697059999999999930e-02
1.686199999999999852e-02
-6.120950000000000002e-03
-1.877639999999999865e-02
-1.698969999999999994e-02
-6.377909999999999656e-03
-1.583200000000000102e-03
-2.735989999999999950e-02
-6.230139999999999983e-02
-8.864829999999999932e-02
-9.930450000000000388e-02
-9.760960000000000469e-02
-6.513309999999999933e-02
-3.177230000000000332e-02
-2.960000000000000131e-02
-2.708910000000000137e-02
-3.721689999999999721e-02
-3.549650000000000027e-02
-8.288310000000000122e-03
4.061530000000000001e-02
8.141389999999999738e-02
9.027240000000000264e-02
7.836049999999999960e-02
6.809590000000000087e-02
6.422269999999999368e-02
7.448870000000000491e-02
6.958419999999999883e-02
3.348709999999999881e-02
3.342739999999999861e-03
-9.729879999999999779e-03
4.110199999999999618e-03
-2.862829999999999802e-03
-2.247160000000000130e-02
-4.058710000000000095e-02
-2.424799999999999872e-02
4.015450000000000269e-02
7.676399999999999890e-02
6.582419999999999938e-02
3.430899999999999922e-02
2.416990000000000111e-02
2.259370000000000128e-02
2.318699999999999928e-02
3.583879999999999705e-02
3.263669999999999766e-02
-5.886960000000000109e-03
-4.742369999999999919e-02
-6.729459999999999609e-02
-7.202160000000000506e-02
-6.170660000000000034e-02
-6.258410000000000362e-02
-6.587600000000000400e-02
-4.781719999999999721e-02
-1.356380000000000086e-02
1.146570000000000054e-02
2.837090000000000098e-02
2.888160000000000033e-02
9.961309999999999262e-03
-1.107239999999999960e-02
-3.491620000000000140e-02
-3.454109999999999819e-02
-3.007589999999999916e-02
-2.216610000000000108e-02
-2.115660000000000110e-02
-3.397209999999999813e-02
-4.170809999999999795e-02
-2.944590000000000055e-02
-9.829610000000000777e-03
-2.043379999999999849e-02
-4.211929999999999841e-02
-5.708499999999999686e-02
-6.337260000000000115e-02
-6.740190000000000070e-02
-6.704720000000000124e-02
-5.215750000000000247e-02
-2.913340000000000027e-02
-1.180690000000000038e-02
1.154059999999999982e-02
1.879460000000000158e-02
9.198019999999999460e-04
-8.573620000000000546e-03
-6.584900000000000302e-03
9.454310000000000491e-03
2.821490000000000109e-02
4.060350000000000070e-02
5.136219999999999675e-02
4.190649999999999931e-02
5.557529999999999762e-03
-2.630750000000000102e-02
-3.797440000000000017e-03
3.865369999999999917e-02
5.464800000000000213e-02
5.429380000000000317e-02
4.928939999999999710e-02
5.097209999999999935e-02
5.450209999999999777e-02
4.523610000000000131e-02
2.961449999999999846e-02
2.672050000000000120e-02
4.042899999999999966e-02
4.157629999999999659e-02
2.609140000000000070e-02
7.898389999999999925e-03
-1.124829999999999927e-02
-1.286729999999999992e-02
-3.284679999999999891e-03
8.552289999999999935e-04
-9.981520000000000670e-03
-1.694839999999999888e-02
-2.428239999999999912e-02
-3.956540000000000057e-02
-5.315000000000000280e-02
-5.630609999999999782e-02
-5.676439999999999958e-02
-5.386069999999999747e-02
-3.191360000000000030e-02
-8.258069999999999300e-03
-7.317889999999999638e-03
-1.991510000000000155e-02
-3.116599999999999926e-02
-1.001960000000000003e-02
3.712660000000000265e-02
5.345439999999999914e-02
4.165479999999999877e-02
1.973170000000000132e-02
-1.131630000000000006e-03
-1.133389999999999918e-02
-3.239920000000000300e-02
-2.889069999999999833e-02
5.217870000000000320e-03
1.609390000000000126e-02
1.842939999999999856e-02
1.004780000000000083e-02
-4.180399999999999915e-03
-1.450609999999999920e-02
-1.601390000000000105e-02
-6.919859999999999900e-03
9.104329999999999888e-04
1.008610000000000062e-02
3.316229999999999872e-02
5.592849999999999905e-02
6.193200000000000094e-02
6.534360000000000168e-02
7.430710000000000093e-02
8.344809999999999728e-02
4.707259999999999917e-02
4.226269999999999853e-03
5.632609999999999700e-03
8.133410000000000639e-03
-5.963229999999999920e-03
-2.931639999999999940e-02
-5.380580000000000085e-02
-7.172950000000000159e-02
-8.368000000000000438e-02
-9.001649999999999929e-02
-9.510760000000000047e-02
-9.507309999999999373e-02
-5.591150000000000286e-02
-1.108169999999999988e-02
9.298690000000000080e-03
9.637089999999999199e-03
1.885260000000000061e-02
3.436859999999999915e-02
5.523750000000000188e-02
6.575350000000000639e-02
4.464839999999999781e-02
2.840979999999999894e-02
2.207830000000000036e-03
-1.063519999999999917e-02
-4.996890000000000359e-03
2.262749999999999831e-02
3.664719999999999783e-02
1.394180000000000072e-02
1.356420000000000022e-02
3.073359999999999981e-02
2.641270000000000076e-02
2.450810000000000141e-02
1.632849999999999926e-02
2.724560000000000220e-04
-9.260680000000000300e-03
6.641919999999999942e-03
4.267220000000000041e-02
6.097280000000000061e-02
4.439450000000000340e-02
2.521009999999999918e-02
4.171860000000000152e-02
3.699270000000000336e-02
3.708940000000000153e-02
4.881209999999999716e-02
5.067739999999999745e-02
3.735709999999999725e-02
3.337810000000000082e-03
-3.168209999999999776e-02
-3.150279999999999747e-02
-8.836520000000000485e-03
-5.259589999999999752e-03
2.781880000000000030e-03
1.434949999999999941e-02
1.397699999999999984e-02
-1.102899999999999974e-03
-5.229000000000000141e-03
5.110540000000000221e-03
5.203150000000000136e-03
1.217809999999999943e-03
-5.482769999999999658e-03
-1.960280000000000009e-02
-3.313130000000000241e-02
-5.260639999999999761e-02
-6.924070000000000225e-02
-8.302519999999999345e-02
-8.284890000000000310e-02
-4.355869999999999881e-02
-2.438600000000000143e-02
-2.968410000000000146e-02
-3.386419999999999708e-02
-3.759250000000000091e-02
-2.447239999999999832e-02
-7.952700000000000047e-03
-8.426170000000000188e-03
-2.348969999999999878e-02
-3.447329999999999839e-02
-3.015879999999999950e-02
-8.712519999999999640e-03
7.635849999999999582e-03
8.091610000000000816e-03
4.419420000000000293e-03
8.867460000000000619e-03
1.582669999999999910e-02
2.541250000000000106e-02
3.703830000000000316e-02
3.972069999999999768e-02
3.376370000000000066e-02
2.536899999999999919e-02
1.908970000000000111e-02
1.573470000000000077e-02
1.265619999999999939e-02
1.988679999999999962e-02
3.273349999999999871e-02
4.372279999999999917e-02
5.070249999999999757e-02
4.575730000000000075e-02
3.200660000000000310e-02
7.212230000000000030e-03
-2.241380000000000108e-02
-2.621959999999999916e-02
-1.575259999999999855e-02
-2.352510000000000018e-02
-3.807050000000000017e-02
-5.059419999999999890e-02
-6.620650000000000146e-02
-6.935539999999999761e-02
-5.134749999999999731e-02
-3.465329999999999799e-02
-1.946159999999999904e-02
-2.214019999999999877e-02
-3.770149999999999890e-02
-5.910739999999999744e-02
-5.830380000000000285e-02
-3.296210000000000112e-02
-6.405489999999999795e-03
1.500109999999999985e-02
2.440530000000000130e-02
2.384620000000000142e-02
2.819429999999999853e-02
2.059309999999999960e-02
-1.059150000000000022e-02
-3.561219999999999664e-02
-3.281549999999999745e-02
-5.865229999999999923e-03
6.679599999999999947e-03
9.941409999999999483e-03
-1.255269999999999954e-03
-2.223380000000000148e-02
-1.041820000000000072e-02
-7.304030000000000201e-04
8.249550000000000459e-04
2.415830000000000061e-02
4.572199999999999875e-02
5.100849999999999829e-02
3.572979999999999906e-02
2.533790000000000001e-02
3.839789999999999870e-02
4.734109999999999707e-02
2.469690000000000080e-02
2.972859999999999912e-03
5.178989999999999636e-03
-4.218399999999999754e-03
1.372079999999999914e-03
4.321540000000000104e-02
4.077540000000000331e-02
1.970109999999999917e-02
1.746620000000000117e-02
1.097169999999999916e-02
1.824620000000000061e-02
2.810030000000000167e-02
2.777989999999999973e-02
3.019209999999999949e-02
2.443299999999999986e-02
1.281509999999999941e-02
4.456080000000000284e-03
-2.848260000000000028e-03
-1.295660000000000041e-02
-1.844329999999999928e-02
-1.981219999999999856e-02
-2.995520000000000127e-02
-2.170969999999999844e-02
-1.220639999999999920e-02
-1.959949999999999887e-02
-7.524860000000000403e-03
1.726429999999999935e-03
-2.849020000000000025e-02
-5.317630000000000273e-02
-4.404840000000000144e-02
-2.013159999999999950e-02
4.628809999999999696e-03
2.835700000000000026e-02
2.842619999999999869e-02
-8.968440000000000483e-04
-6.857829999999999655e-03
2.416839999999999961e-02
6.420130000000000281e-02
9.700029999999999764e-02
9.181050000000000322e-02
3.908650000000000319e-02
-4.348199999999999982e-03
-1.301420000000000007e-02
-1.178219999999999962e-02
-7.981729999999999381e-03
6.494170000000000064e-04
-7.453549999999999759e-03
-3.346670000000000200e-02
-5.120659999999999795e-02
-5.680240000000000289e-02
-5.854879999999999807e-02
-3.655150000000000066e-02
-2.028980000000000020e-02
-2.820610000000000131e-02
-1.819379999999999956e-02
-6.119170000000000165e-03
-2.118810000000000051e-03
-7.482049999999999639e-03
-3.331159999999999677e-02
-4.992440000000000072e-02
-5.462260000000000032e-02
-4.041510000000000241e-02
-2.897380000000000094e-02
-3.687990000000000018e-02
-4.814899999999999736e-02
-4.754209999999999686e-02
-1.324370000000000061e-02
2.101799999999999849e-02
4.741150000000000225e-02
5.761850000000000305e-02
4.762759999999999910e-02
4.132799999999999668e-02
4.179809999999999776e-02
4.512730000000000213e-02
4.813830000000000192e-02
3.633890000000000037e-02
3.411009999999999737e-02
3.428960000000000341e-02
1.558679999999999961e-02
9.866579999999999795e-03
1.038670000000000045e-02
-3.264209999999999703e-05
-2.244059999999999978e-03
-4.336179999999999809e-04
-5.376599999999999609e-03
-1.209230000000000027e-02
-2.031049999999999869e-02
-1.328990000000000032e-02
-7.140389999999999932e-03
-1.471390000000000024e-02
-2.120630000000000084e-02
-9.524289999999999493e-03
1.480449999999999908e-03
1.124490000000000038e-02
2.897649999999999879e-02
4.246289999999999787e-02
2.558289999999999870e-02
7.601229999999999619e-03
2.936389999999999834e-02
4.659979999999999678e-02
4.395799999999999708e-02
2.730339999999999850e-02
2.059789999999999885e-02
1.010510000000000054e-02
-1.006439999999999939e-02
-1.994719999999999827e-02
-1.975040000000000129e-02
-2.811960000000000154e-02
-4.440899999999999709e-02
-5.033010000000000261e-02
-4.595740000000000242e-02
-4.239249999999999963e-02
-1.410490000000000008e-02
3.215099999999999902e-02
3.905030000000000306e-02
2.607179999999999914e-02
1.959779999999999855e-02
2.077489999999999892e-02
1.572890000000000052e-02
1.379189999999999930e-02
3.703870000000000079e-02
5.265179999999999860e-02
3.676530000000000076e-02
1.197720000000000035e-02
-4.311169999999999586e-03
-2.764780000000000015e-02
-5.548360000000000097e-02
-4.464409999999999906e-02
2.475849999999999926e-03
2.345720000000000097e-02
1.476380000000000053e-02
-1.714349999999999902e-03
-3.258160000000000223e-02
-6.325400000000000467e-02
-7.374070000000000624e-02
-6.357640000000000513e-02
-3.688600000000000212e-02
-3.088640000000000135e-02
-5.138739999999999974e-02
-4.650870000000000004e-02
-1.406360000000000075e-02
1.974329999999999835e-02
3.599190000000000028e-02
3.403760000000000119e-02
2.685469999999999871e-02
4.235240000000000359e-03
-2.291510000000000075e-02
-5.837260000000000365e-03
2.453310000000000213e-03
-9.084929999999999742e-03
-9.699980000000000407e-03
-6.076940000000000293e-03
-2.046200000000000102e-02
-5.192490000000000300e-02
-6.897929999999999340e-02
-5.591100000000000236e-02
1.280940000000000030e-02
4.097370000000000179e-02
3.225270000000000220e-02
4.583199999999999774e-02
6.454390000000000127e-02
5.796389999999999876e-02
2.537290000000000031e-02
-5.810220000000000488e-04
-5.263819999999999784e-03
9.686339999999999881e-03
3.467739999999999712e-02
5.571589999999999876e-02
4.967959999999999737e-02
2.875839999999999994e-02
3.370030000000000248e-02
5.856789999999999913e-02
4.357500000000000262e-02
-1.661989999999999908e-03
-1.264329999999999968e-02
-5.955109999999999570e-03
-9.932059999999999500e-03
-1.996989999999999876e-02
-3.527489999999999792e-02
-5.830649999999999722e-02
-7.811890000000000500e-02
-8.413379999999999470e-02
-4.771369999999999778e-02
5.864149999999999615e-04
-1.464009999999999964e-02
-6.147849999999999843e-02
-6.783809999999999840e-02
-2.320799999999999946e-02
5.250050000000000029e-03
2.096929999999999975e-02
3.146009999999999779e-02
2.982119999999999834e-05
-4.550089999999999690e-02
-5.679120000000000001e-02
-3.107899999999999899e-02
1.105420000000000014e-02
2.718860000000000027e-02
1.864100000000000132e-02
6.772359999999999838e-03
-1.462529999999999972e-04
1.460499999999999993e-02
4.764290000000000191e-02
6.015729999999999689e-02
4.070599999999999913e-02
1.339959999999999936e-02
2.142949999999999803e-03
2.209309999999999920e-03
6.044569999999999978e-03
1.342330000000000086e-02
-8.342409999999999756e-03
-2.584960000000000035e-02
-1.035010000000000053e-03
2.980680000000000135e-02
3.810659999999999742e-02
1.194160000000000013e-02
-2.381749999999999839e-02
-1.601239999999999955e-02
-2.177010000000000056e-03
-1.282780000000000031e-02
-9.164900000000000130e-03
1.870360000000000078e-02
4.022359999999999824e-02
4.388650000000000190e-02
4.623359999999999970e-02
5.726500000000000340e-02
7.016500000000000514e-02
7.185120000000000395e-02
3.600640000000000090e-02
-8.213589999999999780e-03
-2.075640000000000124e-02
-1.993429999999999855e-02
-1.500730000000000033e-03
7.741569999999999702e-03
-2.070510000000000059e-02
-4.851230000000000125e-02
-4.726369999999999877e-02
-1.733789999999999984e-02
-8.228150000000000047e-03
-1.221009999999999977e-02
-1.620420000000000020e-03
2.432129999999999796e-03
1.191820000000000032e-02
1.974269999999999844e-02
7.427340000000000157e-03
-3.103049999999999992e-03
-3.361020000000000153e-03
-7.217539999999999720e-03
-9.561409999999999354e-03
-1.770599999999999952e-02
-3.457369999999999888e-02
-6.267250000000000598e-02
-8.923219999999999763e-02
-9.516040000000000609e-02
-7.672779999999999878e-02
-5.479869999999999880e-02
-4.814009999999999817e-02
-4.357040000000000218e-02
-4.780530000000000196e-02
-4.366300000000000042e-02
-2.378919999999999993e-02
-6.697889999999999530e-04
2.017400000000000096e-02
3.229069999999999857e-02
3.509170000000000345e-02
3.332009999999999833e-02
4.081520000000000287e-02
3.501760000000000289e-02
1.392509999999999928e-02
6.987199999999999835e-03
2.255969999999999850e-02
2.529440000000000160e-02
6.666240000000000360e-03
-2.808600000000000181e-04
-9.447639999999999554e-04
1.006630000000000025e-02
2.323350000000000068e-02
3.261970000000000147e-02
3.318589999999999735e-02
1.567879999999999968e-02
5.081089999999999912e-03
1.207429999999999962e-02
3.351479999999999737e-02
5.458720000000000239e-02
6.680579999999999852e-02
7.326159999999999617e-02
6.867579999999999518e-02
5.856059999999999738e-02
4.629110000000000169e-02
2.711929999999999896e-02
1.356290000000000013e-03
-1.872940000000000021e-02
-2.983610000000000081e-02
-3.790820000000000300e-02
-4.388530000000000209e-02
-3.886780000000000096e-02
-3.406549999999999856e-02
-5.360750000000000237e-02
-6.032409999999999856e-02
-1.692089999999999914e-02
1.965230000000000102e-02
1.132720000000000081e-02
5.509299999999999961e-03
1.100929999999999964e-02
1.844719999999999997e-03
-1.032579999999999956e-02
3.435600000000000242e-04
-4.831779999999999929e-03
-2.397190000000000085e-02
-2.142590000000000119e-02
-1.213350000000000019e-02
-1.898680000000000159e-02
-4.994250000000000425e-03
2.565479999999999844e-02
1.182180000000000036e-02
-3.610690000000000167e-03
2.926639999999999884e-03
9.336469999999999492e-03
-2.627979999999999813e-03
-1.154879999999999969e-02
-1.175670000000000014e-02
-1.222269999999999954e-02
-1.329349999999999976e-02
-2.004569999999999963e-02
-2.028320000000000123e-03
-6.740559999999999607e-03
-2.475460000000000160e-02
-1.044179999999999935e-02
2.325670000000000168e-03
1.038689999999999926e-02
2.263319999999999915e-02
2.930210000000000106e-02
2.835259999999999864e-02
3.086910000000000001e-02
2.673630000000000104e-02
2.276349999999999901e-02
1.450070000000000005e-02
-8.295149999999999399e-03
-4.160409999999999803e-02
-5.795859999999999901e-02
-4.699960000000000249e-02
-4.080899999999999805e-02
-3.918599999999999861e-02
-3.001710000000000142e-02
-1.006570000000000034e-02
1.673799999999999941e-02
2.543170000000000153e-02
2.571129999999999943e-02
1.597459999999999852e-02
1.067990000000000085e-02
2.170630000000000129e-02
2.452160000000000104e-02
2.282560000000000144e-02
3.102449999999999999e-02
4.066270000000000301e-02
2.235590000000000147e-02
1.698579999999999882e-02
1.528659999999999915e-02
-9.525719999999999674e-03
-3.584360000000000324e-02
-3.550369999999999915e-02
-1.226490000000000045e-02
1.538649999999999914e-02
3.474619999999999792e-02
3.951389999999999764e-02
2.288710000000000050e-02
-9.529370000000000548e-03
-2.964359999999999912e-02
-2.261869999999999853e-02
-1.961049999999999946e-02
-3.335790000000000283e-02
-4.343319999999999820e-02
-4.438879999999999909e-02
-2.893249999999999988e-02
-1.592119999999999994e-02
-1.690530000000000158e-02
-1.544449999999999990e-02
8.741930000000000187e-03
1.222540000000000085e-02
-1.105780000000000001e-03
-9.196229999999999682e-03
-2.275490000000000151e-02
-1.463040000000000000e-02
4.055170000000000302e-03
4.730609999999999676e-03
-5.207050000000000393e-03
-1.076069999999999978e-02
-6.326619999999999813e-03
4.431520000000000424e-03
1.208779999999999924e-02
1.636589999999999920e-02
2.020539999999999836e-02
2.845740000000000075e-02
3.236010000000000275e-02
1.870459999999999831e-02
-2.566310000000000032e-03
-1.642489999999999922e-02
-7.111020000000000015e-03
5.439259999999999581e-03
2.665750000000000064e-02
4.606629999999999753e-02
6.443770000000000053e-02
5.595460000000000017e-02
2.971419999999999964e-02
3.596810000000000285e-02
3.307559999999999667e-02
1.152519999999999933e-02
-1.694990000000000038e-02
-2.553810000000000108e-02
-1.401799999999999921e-02
-5.274359999999999639e-03
-9.286829999999999391e-03
-7.049760000000000401e-03
1.523550000000000034e-03
8.612770000000000495e-03
1.598760000000000112e-02
2.150600000000000081e-02
6.933469999999999737e-03
-2.302979999999999958e-02
-3.683229999999999837e-02
-3.116800000000000126e-02
-2.347089999999999940e-02
-2.116130000000000094e-02
-1.660479999999999942e-02
-1.054579999999999927e-02
3.710980000000000008e-03
1.380310000000000044e-02
1.540159999999999967e-02
1.062109999999999964e-02
9.905039999999999071e-04
-5.233309999999999698e-03
-6.712090000000000417e-03
-7.675770000000000162e-03
-4.953169999999999795e-03
-5.866859999999999783e-03
-1.034239999999999986e-02
-1.781320000000000082e-03
8.278149999999999745e-03
1.301320000000000081e-02
6.523179999999999951e-03
-5.798189999999999941e-03
-1.110200000000000076e-02
2.458140000000000151e-03
8.704840000000000147e-03
7.939530000000000198e-04
4.115299999999999687e-03
1.297629999999999964e-02
2.105289999999999939e-02
3.164170000000000177e-02
4.058629999999999877e-02
3.290599999999999775e-02
8.291540000000000021e-03
-1.364639999999999950e-02
-2.896759999999999960e-02
-3.216809999999999808e-02
-1.927809999999999940e-02
-2.052030000000000173e-02
-3.877909999999999691e-02
-4.738350000000000201e-02
-4.814829999999999804e-02
-4.708219999999999766e-02
-4.739199999999999663e-02
-5.177879999999999983e-02
-2.911309999999999940e-02
-1.396440000000000094e-03
9.662630000000000177e-03
1.273200000000000026e-02
4.469270000000000014e-03
5.884040000000000537e-04
-2.669239999999999807e-03
-4.306100000000000205e-03
6.862120000000000199e-03
1.490709999999999952e-02
1.607630000000000170e-02
1.892430000000000154e-02
2.377570000000000031e-02
2.504179999999999948e-02
1.164740000000000046e-02
-2.171359999999999783e-03
9.796600000000000360e-04
9.955900000000000166e-03
4.132959999999999759e-03
-1.365609999999999958e-03
-3.547150000000000216e-03
3.553310000000000062e-03
1.173800000000000017e-02
1.448920000000000069e-02
3.163570000000000271e-02
4.931959999999999816e-02
5.249109999999999887e-02
5.195779999999999843e-02
5.126139999999999863e-02
5.219599999999999934e-02
5.053370000000000084e-02
3.954139999999999738e-02
3.113269999999999926e-02
2.686830000000000121e-02
2.032120000000000107e-02
1.470130000000000048e-02
8.730430000000000829e-03
-1.021170000000000064e-02
-1.861929999999999835e-02
-9.376890000000000572e-03
-4.730540000000000092e-03
-2.137060000000000001e-02
-4.862879999999999980e-02
-6.087870000000000087e-02
-5.088150000000000311e-02
-3.364430000000000198e-02
-3.303810000000000080e-02
-3.941689999999999777e-02
-4.497059999999999946e-02
-4.211329999999999935e-02
-3.750980000000000286e-02
-3.543589999999999934e-02
-2.464710000000000165e-02
-1.112059999999999958e-02
2.760780000000000005e-03
1.539779999999999968e-02
2.414149999999999976e-02
3.091659999999999894e-02
3.060169999999999904e-02
1.796920000000000114e-02
9.556510000000000699e-03
1.646929999999999922e-02
2.171640000000000029e-02
9.805130000000000443e-03
5.845820000000000486e-04
2.928800000000000067e-03
1.168530000000000089e-03
-4.957340000000000184e-03
-7.863059999999999841e-03
-5.326069999999999589e-03
-1.279630000000000004e-02
-2.899059999999999832e-02
-3.274189999999999739e-02
-1.864009999999999972e-02
-1.070379999999999899e-03
1.001500000000000003e-03
2.394049999999999997e-03
9.819909999999999403e-03
1.185100000000000042e-02
1.334549999999999972e-02
1.768180000000000099e-02
1.750360000000000110e-02
4.873159999999999645e-03
-2.097270000000000037e-03
2.440970000000000206e-03
4.550580000000000250e-03
-2.084789999999999940e-04
-2.014639999999999834e-03
-1.559479999999999916e-04
-2.840329999999999851e-03
-1.123470000000000024e-02
-2.572050000000000031e-02
-3.114760000000000098e-02
-3.727760000000000101e-02
-4.286489999999999745e-02
-3.993010000000000309e-02
-3.512969999999999982e-02
-2.277720000000000092e-02
-1.497399999999999946e-02
-1.006650000000000079e-02
-1.774680000000000051e-03
1.507939999999999931e-03
6.375640000000000127e-03
2.206659999999999872e-02
4.394780000000000214e-02
5.546079999999999760e-02
5.891180000000000028e-02
5.064699999999999758e-02
1.769300000000000039e-02
-2.789310000000000140e-03
1.433060000000000063e-02
2.295799999999999924e-02
1.239930000000000025e-02
-8.666070000000000327e-04
1.235870000000000024e-03
1.765709999999999849e-02
2.186590000000000061e-02
9.527199999999999558e-03
-1.786969999999999878e-02
-4.139679999999999749e-02
-4.779699999999999921e-02
-3.982449999999999879e-02
-2.675090000000000107e-02
-1.544799999999999993e-02
-9.265529999999999253e-03
2.666679999999999832e-03
1.393589999999999933e-02
2.686869999999999883e-02
4.095519999999999716e-02
3.040050000000000044e-02
1.675619999999999887e-02
1.726240000000000066e-02
1.836729999999999960e-02
1.779939999999999994e-02
9.224510000000000001e-03
-2.375690000000000180e-03
-5.897499999999999964e-03
7.082730000000000406e-04
1.491409999999999958e-02
2.600169999999999912e-02
2.463009999999999852e-02
-3.342149999999999895e-03
-3.572380000000000000e-02
-4.666510000000000102e-02
-4.795719999999999844e-02
-4.101080000000000003e-02
-2.798720000000000027e-02
-1.463820000000000052e-02
-7.251070000000000085e-03
-3.568609999999999838e-03
-6.392740000000000054e-03
3.036389999999999922e-03
2.171280000000000085e-02
2.522900000000000142e-02
2.151039999999999897e-02
2.822170000000000147e-03
-1.670649999999999913e-02
-2.179609999999999881e-02
-1.557889999999999969e-02
-7.324810000000000175e-03
-5.981219999999999766e-03
-9.075649999999999343e-03
-1.611039999999999998e-03
1.449809999999999988e-02
2.860079999999999914e-02
1.998619999999999911e-02
-1.148470000000000046e-02
-4.336249999999999827e-02
-5.448130000000000334e-02
-3.588229999999999892e-02
-2.035460000000000047e-02
-5.090080000000000299e-03
1.985019999999999840e-02
3.589710000000000123e-02
3.177959999999999813e-02
1.844640000000000168e-02
1.265810000000000025e-02
1.618450000000000097e-02
1.158859999999999925e-02
2.971919999999999857e-03
9.321629999999999586e-04
7.927560000000000162e-03
2.624390000000000056e-02
3.030889999999999973e-02
1.809670000000000029e-02
1.321420000000000060e-02
9.679099999999999510e-03
5.615649999999999809e-03
7.513090000000000046e-03
-2.887610000000000090e-03
-2.575879999999999836e-02
-1.917450000000000057e-02
1.795479999999999993e-02
3.847129999999999994e-02
4.090730000000000061e-02
3.044229999999999853e-02
3.919500000000000241e-03
-2.490749999999999909e-02
-3.794800000000000256e-02
-2.427050000000000041e-02
-1.017389999999999961e-02
-6.844399999999999616e-03
-6.655460000000000195e-03
-1.558939999999999979e-02
-2.554640000000000036e-02
-2.762490000000000084e-02
-2.370999999999999844e-02
-2.433290000000000106e-02
-2.818319999999999853e-02
-2.184670000000000015e-02
-4.886970000000000029e-03
5.362220000000000007e-03
1.176299999999999915e-02
1.056260000000000011e-02
1.077200000000000032e-02
1.628330000000000055e-02
2.490250000000000102e-02
3.746710000000000318e-02
3.521409999999999818e-02
2.763569999999999915e-02
2.260119999999999837e-02
1.880099999999999827e-02
1.588089999999999988e-02
3.859420000000000125e-03
-1.349159999999999943e-02
-2.254180000000000073e-02
-1.906340000000000118e-02
-8.101229999999999196e-03
-4.876789999999999771e-03
-1.157180000000000014e-02
-1.601479999999999917e-02
-1.337780000000000045e-02
-1.657120000000000121e-02
-2.202089999999999950e-02
-2.743380000000000124e-02
-2.996110000000000093e-02
-2.611449999999999882e-02
-2.810019999999999879e-02
-1.518779999999999956e-02
1.684449999999999836e-02
3.642970000000000236e-02
3.685009999999999675e-02
3.290599999999999775e-02
2.879150000000000112e-02
2.376009999999999928e-02
1.602059999999999942e-02
1.640940000000000107e-02
1.425530000000000026e-02
3.784570000000000121e-04
-1.414510000000000073e-02
-1.739560000000000065e-02
-1.124080000000000044e-02
-1.613960000000000047e-02
-1.762659999999999921e-02
-1.071689999999999969e-02
-1.294849999999999994e-02
-2.565639999999999935e-02
-3.501569999999999683e-02
-3.270320000000000171e-02
-1.945420000000000135e-02
-8.070829999999999324e-03
-3.589769999999999940e-03
2.570209999999999856e-03
2.576530000000000053e-03
-9.315459999999999366e-03
-7.149800000000000426e-03
3.985729999999999829e-03
2.574250000000000149e-03
5.182579999999999999e-03
9.686069999999999749e-03
4.591360000000000059e-03
2.100709999999999990e-03
-4.138440000000000174e-03
-1.183619999999999985e-02
-1.382700000000000075e-02
-2.293339999999999962e-02
-3.145740000000000341e-02
-2.910609999999999933e-02
-1.559499999999999949e-02
-6.469879999999999902e-03
-2.853790000000000146e-03
9.860690000000000080e-03
1.641839999999999966e-02
3.537049999999999916e-03
-8.146870000000000500e-03
2.218550000000000123e-03
1.758200000000000041e-02
2.412649999999999864e-02
2.607690000000000008e-02
2.342609999999999831e-02
2.893019999999999967e-02
2.849990000000000162e-02
1.558990000000000029e-02
1.071040000000000013e-02
1.020670000000000084e-02
5.902479999999999880e-03
3.834090000000000067e-03
7.153330000000000279e-03
-2.629209999999999989e-04
-1.147560000000000073e-02
-1.524539999999999923e-02
-5.693929999999999825e-03
1.784780000000000047e-02
2.888440000000000105e-02
1.824490000000000139e-02
6.219289999999999714e-03
3.864269999999999945e-03
7.743489999999999575e-03
5.628160000000000107e-03
-3.055959999999999926e-03
-1.082110000000000060e-03
8.586619999999999669e-03
1.688649999999999873e-02
3.002319999999999989e-02
3.703279999999999766e-02
2.695840000000000042e-02
2.204729999999999884e-02
2.842859999999999832e-02
3.027689999999999895e-02
2.405409999999999840e-02
1.375930000000000035e-02
1.030990000000000031e-02
5.704690000000000108e-03
-1.077630000000000081e-02
-1.823440000000000130e-02
-1.613409999999999844e-02
-1.483549999999999973e-02
-1.616340000000000138e-02
-2.630309999999999940e-02
-3.252499999999999836e-02
-3.314399999999999985e-02
-3.282870000000000232e-02
-2.274889999999999898e-02
-9.728479999999999420e-03
-4.317259999999999848e-03
-3.148209999999999811e-03
-2.067910000000000061e-03
4.647899999999999948e-03
9.046260000000000412e-03
3.590380000000000004e-04
-7.996680000000000801e-03
-1.007940000000000051e-02
-1.143489999999999958e-02
-1.334210000000000083e-02
-1.814320000000000169e-02
-1.078379999999999964e-02
5.440470000000000202e-03
1.361889999999999976e-02
1.468389999999999973e-02
1.363750000000000032e-02
5.214459999999999755e-03
-1.594129999999999853e-02
-2.360750000000000001e-02
-2.100230000000000152e-02
-2.594099999999999878e-02
-2.709560000000000093e-02
-2.141710000000000141e-02
-1.041940000000000054e-02
3.403740000000000151e-03
1.995540000000000161e-02
2.918650000000000064e-02
2.889890000000000167e-02
2.382249999999999993e-02
1.441409999999999914e-02
8.810290000000000135e-03
7.634310000000000054e-03
6.222720000000000161e-03
3.803359999999999987e-03
2.481520000000000080e-03
-1.071570000000000042e-04
-1.316799999999999915e-03
7.086040000000000047e-03
2.012480000000000172e-02
1.578370000000000120e-02
2.937920000000000115e-03
-2.532270000000000094e-03
-8.378830000000000305e-03
-1.608789999999999873e-02
-2.533519999999999869e-02
-2.858070000000000055e-02
-1.801960000000000020e-02
3.190329999999999794e-04
5.767930000000000106e-03
5.545630000000000177e-03
5.600769999999999707e-03
7.180810000000000144e-03
1.376800000000000072e-02
1.062850000000000079e-02
1.227989999999999984e-02
5.504140000000000248e-03
-1.411450000000000031e-02
-1.446019999999999944e-02
4.318019999999999671e-03
1.577270000000000061e-02
2.273110000000000061e-02
2.882470000000000171e-02
1.798819999999999933e-02
6.707069999999999872e-03
2.060999999999999898e-03
6.403179999999999636e-03
1.306790000000000035e-02
9.204159999999999425e-03
-7.327969999999999623e-03
-2.027380000000000154e-02
-1.655380000000000046e-02
-1.274920000000000046e-02
-8.777290000000000092e-03
-8.087749999999999453e-03
-1.004509999999999952e-02
-6.578109999999999860e-03
5.945450000000000344e-04
4.485860000000000368e-03
8.485289999999999500e-03
1.171160000000000083e-02
2.920190000000000025e-03
-1.214009999999999916e-02
-2.902719999999999953e-02
-4.026559999999999861e-02
-3.495029999999999665e-02
-1.850900000000000115e-02
-8.996449999999999586e-03
-4.881769999999999686e-03
5.284559999999999778e-03
1.428500000000000082e-02
1.794789999999999927e-02
1.966139999999999902e-02
6.615620000000000007e-03
-1.736870000000000080e-02
-3.020739999999999884e-02
-2.266249999999999862e-02
-1.172609999999999972e-02
-1.040109999999999993e-02
-2.652209999999999897e-03
1.104429999999999995e-02
1.226730000000000008e-02
-6.899569999999999835e-03
-2.137649999999999967e-02
-2.485779999999999934e-02
-2.214769999999999933e-02
-1.168450000000000044e-02
4.446740000000000241e-03
1.015869999999999967e-02
2.519870000000000009e-03
-6.440869999999999582e-03
-1.310459999999999924e-02
-7.445659999999999779e-03
3.530510000000000159e-03
3.309110000000000090e-03
6.570600000000000008e-04
3.622139999999999822e-03
2.658189999999999945e-03
8.036589999999999706e-03
1.839259999999999853e-02
1.883719999999999839e-02
1.401260000000000006e-02
1.051799999999999957e-02
1.152569999999999983e-02
1.692139999999999964e-02
1.566980000000000109e-02
1.637860000000000010e-02
2.083080000000000001e-02
2.395699999999999913e-02
2.468630000000000130e-02
1.575810000000000058e-02
1.372209999999999923e-02
1.575800000000000117e-02
1.455940000000000012e-02
9.245069999999999330e-03
-2.452390000000000039e-03
-1.004539999999999947e-02
-1.943599999999999972e-03
7.993129999999999333e-03
6.303910000000000242e-03
-7.733440000000000279e-03
-1.578440000000000051e-02
-7.196110000000000353e-03
2.280589999999999874e-03
1.058229999999999935e-02
6.489899999999999836e-03
3.930259999999999873e-05
-2.115060000000000204e-03
-3.018900000000000142e-03
-4.801989999999999904e-03
-2.811080000000000089e-03
8.410829999999999348e-03
1.307520000000000036e-02
5.427069999999999984e-03
-8.879589999999999705e-03
-1.488650000000000043e-02
-1.462660000000000002e-02
-1.797330000000000108e-02
-2.425559999999999869e-02
-3.016570000000000015e-02
-2.873269999999999991e-02
-2.129500000000000143e-02
-1.600139999999999896e-02
-1.543040000000000037e-02
-1.601189999999999905e-02
-1.447490000000000061e-02
-1.137230000000000012e-02
-9.961760000000000059e-03
-1.348599999999999972e-02
-2.111170000000000060e-02
-2.372000000000000150e-02
-2.098049999999999915e-02
-1.761870000000000103e-02
-1.140820000000000028e-02
-6.749999999999999924e-03
-8.590260000000000604e-03
-1.616290000000000088e-02
-2.146100000000000091e-02
-1.549110000000000070e-02
-2.195640000000000005e-03
9.036409999999999929e-03
1.164429999999999979e-02
5.105939999999999784e-03
3.381930000000000006e-03
6.930310000000000289e-03
8.079630000000000839e-03
1.090280000000000069e-02
1.509779999999999976e-02
1.838609999999999897e-02
1.834610000000000060e-02
1.480030000000000061e-02
1.375870000000000044e-02
1.393490000000000006e-02
1.782900000000000110e-02
2.143660000000000010e-02
2.037349999999999925e-02
2.129230000000000012e-02
1.591359999999999997e-02
6.119280000000000379e-03
3.070250000000000062e-03
6.147340000000000269e-03
1.255170000000000070e-02
1.453630000000000026e-02
1.282759999999999977e-02
1.334040000000000052e-02
1.961620000000000030e-02
2.360210000000000086e-02
2.244080000000000033e-02
2.110760000000000067e-02
1.908210000000000114e-02
1.340170000000000076e-02
4.246520000000000156e-03
3.044849999999999987e-03
1.149969999999999985e-02
1.934960000000000152e-02
1.664399999999999907e-02
1.109410000000000084e-02
5.248019999999999942e-03
2.413479999999999966e-03
1.381829999999999907e-03
2.945999999999999834e-03
4.648430000000000270e-03
-2.900659999999999784e-03
-1.020779999999999951e-02
-1.264030000000000015e-02
-1.066680000000000059e-02
-7.900239999999999346e-03
-5.504890000000000130e-03
-2.811619999999999918e-03
-1.547769999999999962e-03
-1.910629999999999967e-03
-2.067729999999999829e-03
-1.907939999999999896e-04
5.298330000000000400e-03
9.767130000000000603e-03
6.914130000000000102e-03
9.632309999999999831e-03
1.215989999999999953e-02
1.073479999999999920e-02
3.636120000000000064e-03
-1.050139999999999928e-02
-1.821889999999999968e-02
-2.003250000000000169e-02
-1.247359999999999962e-02
-1.439479999999999926e-03
5.942339999999999949e-03
1.081769999999999954e-02
7.336589999999999605e-03
-2.231980000000000162e-03
-1.024169999999999942e-02
-1.238230000000000060e-02
-1.125020000000000013e-02
-1.369279999999999976e-02
-1.894830000000000125e-02
-1.990240000000000065e-02
-2.066520000000000162e-02
-2.640150000000000136e-02
-3.180059999999999831e-02
-2.763629999999999906e-02
-1.561320000000000069e-02
-9.920450000000000795e-03
-1.247879999999999996e-02
-1.481880000000000003e-02
-1.030159999999999930e-02
5.991969999999999892e-04
1.079549999999999954e-02
1.890489999999999879e-02
1.905070000000000027e-02
1.356779999999999965e-02
1.321899999999999985e-02
1.483089999999999929e-02
1.708070000000000074e-02
1.593150000000000122e-02
1.404990000000000058e-02
1.451159999999999950e-02
1.135919999999999985e-02
9.025230000000000405e-03
7.442619999999999618e-03
4.876710000000000138e-04
-5.232259999999999862e-03
-4.630320000000000269e-03
-3.608870000000000133e-03
-6.290790000000000097e-03
-8.724610000000000698e-03
-5.026029999999999907e-03
2.880900000000000041e-03
9.312539999999999360e-03
7.608720000000000240e-03
-2.821050000000000036e-05
-7.677530000000000118e-03
-1.518730000000000080e-02
-1.522629999999999990e-02
-5.451909999999999916e-03
4.526989999999999834e-03
5.968399999999999574e-03
8.585630000000000345e-03
1.158919999999999915e-02
1.001020000000000035e-02
5.196870000000000135e-03
-1.354589999999999917e-03
-4.796349999999999572e-03
-7.458689999999999591e-03
-9.690739999999999771e-03
-7.427119999999999729e-03
-5.306270000000000084e-03
-8.257920000000000191e-03
-9.804709999999999467e-03
-7.744980000000000267e-03
-5.222580000000000104e-03
-3.367989999999999959e-03
-8.527590000000000257e-04
-2.352809999999999993e-04
-1.620099999999999969e-03
-1.708239999999999975e-03
-2.970190000000000156e-03
-3.219560000000000217e-03
-7.365909999999999819e-04
-1.733030000000000041e-04
-1.413940000000000032e-03
-2.271700000000000086e-04
1.315779999999999901e-03
1.799580000000000060e-03
1.890600000000000093e-03
6.826640000000000355e-04
1.828719999999999933e-04
2.102390000000000042e-04
1.284519999999999933e-03
1.457500000000000028e-03
6.474249999999999753e-04
4.655710000000000187e-04
-1.721129999999999969e-04
-9.646470000000000088e-04
-1.419560000000000049e-03
-2.150239999999999931e-04
1.386690000000000101e-03
4.447219999999999993e-03
6.619039999999999646e-03
5.344129999999999887e-03
4.550320000000000059e-03
2.520600000000000011e-03
-5.746720000000000300e-04
-2.415650000000000089e-03
-2.750740000000000216e-03
-2.881330000000000089e-03
-1.926320000000000029e-03
-4.071580000000000208e-04
1.205930000000000023e-03
3.862990000000000174e-03
3.691339999999999986e-03
2.819509999999999898e-03
2.260209999999999910e-03
7.142360000000000375e-04
-8.246419999999999965e-04
-1.311670000000000023e-03
-4.269690000000000112e-05
1.678309999999999915e-03
2.947439999999999956e-03
3.826690000000000213e-03
3.355219999999999904e-03
2.474420000000000178e-03
2.795090000000000074e-03
3.180140000000000137e-03
3.017720000000000211e-03
6.692230000000000401e-04
-1.772289999999999933e-03
-1.792959999999999910e-03
-1.630750000000000038e-03
-3.189979999999999812e-03
-4.610140000000000418e-03
-5.244529999999999852e-03
-5.338859999999999960e-03
-4.914810000000000359e-03
-5.434699999999999774e-03
-6.217509999999999877e-03
-6.416980000000000080e-03
-6.073040000000000035e-03
-5.497339999999999866e-03
-5.208360000000000420e-03
-4.865740000000000343e-03
-4.392929999999999752e-03
-4.032680000000000292e-03
-2.795370000000000146e-03
-1.852240000000000006e-03
-1.402720000000000095e-03
-6.576099999999999871e-04
9.570570000000000086e-05
7.616740000000000533e-04
1.261009999999999909e-03
1.206330000000000032e-03
8.537069999999999902e-04
1.080170000000000088e-03
1.755679999999999914e-03
2.624019999999999912e-03
2.782000000000000185e-03
2.291629999999999796e-03
1.927480000000000079e-03
1.883640000000000011e-03
2.048100000000000181e-03
1.659289999999999897e-03
1.465399999999999949e-03
1.268379999999999942e-03
8.432459999999999695e-04
4.307119999999999786e-04
-2.405659999999999851e-06
-1.084870000000000067e-04
3.253640000000000243e-05
1.487460000000000019e-04
8.795550000000000178e-05
3.522320000000000117e-04
6.088349999999999535e-04
5.559360000000000386e-04
3.342519999999999975e-04
3.418569999999999899e-04
4.093969999999999836e-04
7.058319999999999872e-04
6.255819999999999610e-04
2.428320000000000088e-04
1.755210000000000090e-05
-6.429570000000000174e-05
-1.323420000000000011e-04
-3.532920000000000049e-04
-2.996569999999999941e-04
-1.923059999999999982e-04
-8.939809999999999369e-05
-3.052909999999999879e-05
-9.598430000000000189e-05
-2.187040000000000121e-04
-3.363609999999999734e-04
-2.592800000000000248e-04
-8.666640000000000086e-05
-3.053660000000000169e-05
-2.611550000000000094e-05
1.334750000000000053e-05
1.215039999999999941e-04
1.911829999999999888e-04
2.266649999999999991e-04
2.496290000000000184e-04
3.118120000000000158e-04
3.779200000000000137e-04
3.952000000000000109e-04
3.786449999999999907e-04
3.853610000000000260e-04
3.923120000000000209e-04
3.869440000000000141e-04
3.809659999999999978e-04
3.707520000000000173e-04
3.810719999999999863e-04
3.846319999999999861e-04
3.809570000000000187e-04
3.802119999999999979e-04
3.844720000000000147e-04
3.938239999999999753e-04
3.996560000000000238e-04
4.033239999999999894e-04
4.057409999999999901e-04
4.057949999999999730e-04
