-1.558330000000000037e-05
-2.880769999999999864e-05
-4.006579999999999847e-05
-1.827200000000000124e-04
-3.369630000000000195e-04
-4.976969999999999615e-04
-4.664170000000000035e-04
-4.070219999999999936e-04
-3.357710000000000078e-04
-3.547930000000000029e-04
-2.005289999999999905e-04
3.496829999999999925e-04
1.267880000000000092e-03
2.256049999999999896e-03
3.174259999999999929e-03
3.293369999999999891e-03
2.674419999999999836e-03
1.562879999999999998e-03
1.142750000000000103e-03
1.258269999999999918e-03
1.390750000000000059e-03
3.159200000000000246e-04
-1.794859999999999902e-03
-4.038469999999999734e-03
-5.090360000000000371e-03
-5.047949999999999833e-03
-5.676890000000000408e-03
-3.593820000000000174e-03
-1.285559999999999936e-04
5.009769999999999978e-04
7.865590000000000429e-04
1.831280000000000017e-03
2.199130000000000095e-03
3.672559999999999952e-04
-3.065309999999999910e-03
-3.049159999999999978e-03
1.198999999999999979e-03
4.984849999999999871e-03
5.867230000000000188e-03
5.554909999999999709e-03
3.708390000000000210e-03
7.030600000000000347e-04
2.664520000000000029e-05
2.311629999999999848e-03
7.143759999999999867e-03
1.274589999999999924e-02
1.400339999999999918e-02
7.864239999999999772e-03
-3.352630000000000107e-03
-1.488929999999999941e-02
-1.997919999999999904e-02
-1.594539999999999846e-02
-9.030049999999999535e-03
-2.481039999999999895e-03
1.585700000000000000e-03
3.621529999999999866e-04
-4.851109999999999624e-03
-9.606570000000000040e-03
-9.777730000000000102e-03
-2.105679999999999965e-03
8.125059999999999921e-03
1.269750000000000045e-02
9.404440000000000022e-03
-2.584819999999999826e-03
-1.985340000000000021e-02
-2.882480000000000112e-02
-1.314249999999999967e-02
1.393040000000000077e-02
3.427510000000000279e-02
3.891800000000000120e-02
3.001279999999999920e-02
1.189759999999999950e-02
-9.768139999999998942e-04
-3.757640000000000025e-03
-5.746629999999999967e-03
-9.625919999999999616e-03
-1.184080000000000028e-02
-1.134910000000000085e-02
-8.439679999999999752e-03
-1.883689999999999930e-03
3.477159999999999973e-03
6.539149999999999650e-03
6.766069999999999897e-03
4.326039999999999747e-03
3.439600000000000123e-03
4.327580000000000142e-03
1.416249999999999974e-02
3.076960000000000112e-02
3.578669999999999768e-02
2.023199999999999998e-02
-1.644440000000000138e-02
-5.256009999999999849e-02
-6.598270000000000524e-02
-5.085220000000000018e-02
-3.106329999999999855e-02
-2.116070000000000104e-02
-1.665000000000000160e-02
-8.572269999999999890e-03
3.675429999999999930e-03
1.456930000000000031e-02
2.240560000000000121e-02
3.066649999999999932e-02
3.361909999999999898e-02
2.662820000000000117e-02
1.134529999999999914e-02
-1.047239999999999976e-02
-2.327970000000000039e-02
-2.247110000000000080e-02
-1.025769999999999980e-02
1.081939999999999985e-02
2.387529999999999861e-02
1.758090000000000000e-02
4.864450000000000197e-03
-4.276920000000000027e-03
6.838389999999999747e-03
3.778700000000000114e-02
5.699449999999999655e-02
4.767899999999999916e-02
2.181840000000000168e-02
-1.124630000000000074e-02
-4.473450000000000343e-02
-7.281060000000000310e-02
-8.054569999999999785e-02
-7.315170000000000006e-02
-4.181909999999999794e-02
-4.739840000000000372e-03
1.629859999999999989e-02
1.037159999999999992e-02
1.905999999999999979e-04
8.558259999999999826e-03
4.259670000000000123e-02
7.685309999999999364e-02
7.676339999999999553e-02
4.577330000000000287e-02
3.273959999999999804e-03
-2.461520000000000027e-02
-7.142439999999999900e-03
3.191759999999999736e-02
3.180179999999999813e-02
-4.126659999999999877e-03
-4.606009999999999965e-02
-5.864420000000000049e-02
-2.602180000000000118e-02
9.308300000000000254e-03
8.258750000000000466e-03
-2.541269999999999987e-03
-1.290769999999999895e-03
1.179829999999999941e-02
2.220029999999999920e-02
1.330910000000000079e-02
-1.365199999999999921e-02
-4.195429999999999993e-02
-6.638299999999999756e-02
-7.034219999999999362e-02
-4.831099999999999978e-02
-3.143340000000000023e-02
-3.093330000000000038e-02
-4.377759999999999985e-02
-4.398330000000000295e-02
-2.041240000000000068e-02
5.714980000000000060e-02
1.235679999999999973e-01
1.247219999999999995e-01
1.021449999999999997e-01
6.484990000000000199e-02
3.896480000000000082e-02
2.569509999999999850e-02
3.854709999999999907e-03
-2.397099999999999925e-02
-4.801829999999999987e-02
-5.329980000000000134e-02
-4.260459999999999942e-02
-3.145710000000000173e-02
-3.515610000000000263e-02
-5.178270000000000095e-02
-7.396500000000000297e-02
-7.325160000000000005e-02
-1.533789999999999980e-02
5.174879999999999758e-02
8.404150000000000509e-02
7.256980000000000375e-02
4.546109999999999735e-02
2.478680000000000119e-02
3.150349999999999678e-02
4.702920000000000017e-02
4.834709999999999702e-02
2.065550000000000025e-02
-2.747679999999999914e-02
-6.637250000000000094e-02
-9.003319999999999379e-02
-5.325429999999999747e-02
2.212089999999999890e-02
6.758580000000000143e-02
6.298960000000000670e-02
5.005609999999999921e-02
3.832900000000000196e-02
2.024329999999999880e-02
-1.465799999999999916e-02
-5.434640000000000304e-02
-7.861909999999999732e-02
-9.306589999999999308e-02
-8.211989999999999568e-02
-3.638399999999999967e-02
-1.181010000000000046e-02
-1.478510000000000067e-02
-1.797419999999999921e-02
2.501540000000000014e-03
4.153160000000000185e-02
6.998970000000000191e-02
6.908749999999999614e-02
5.342620000000000008e-02
3.236819999999999975e-02
3.621359999999999857e-02
5.963920000000000332e-02
7.767069999999999530e-02
6.812450000000000450e-02
3.500609999999999833e-02
-2.184120000000000159e-02
-6.395629999999999371e-02
-7.110640000000000016e-02
-5.871429999999999705e-02
-3.494370000000000115e-02
-4.908909999999999836e-03
2.569619999999999890e-02
4.843259999999999926e-02
6.589580000000000437e-02
7.379310000000000036e-02
6.812730000000000175e-02
7.370039999999999925e-02
9.912089999999999790e-02
1.261450000000000071e-01
1.386900000000000077e-01
1.294990000000000030e-01
8.304440000000000432e-02
2.214090000000000155e-03
-8.120470000000000466e-02
-1.581009999999999915e-01
-2.214260000000000117e-01
-2.102590000000000015e-01
-1.718870000000000120e-01
-1.405659999999999965e-01
-1.087790000000000007e-01
-7.462920000000000664e-02
-6.260240000000000249e-02
-7.078589999999999882e-02
-7.121570000000000678e-02
-5.761750000000000205e-02
-2.873150000000000009e-02
2.295729999999999993e-02
9.902859999999999441e-02
1.905489999999999962e-01
2.566359999999999753e-01
2.694520000000000248e-01
2.479889999999999872e-01
2.059340000000000059e-01
1.393949999999999911e-01
6.075570000000000276e-02
-7.754549999999999811e-03
-6.543380000000000030e-02
-1.234360000000000041e-01
-1.802700000000000136e-01
-2.285290000000000099e-01
-2.348099999999999909e-01
-1.776369999999999894e-01
-5.743070000000000119e-02
5.718499999999999972e-02
1.533090000000000008e-01
1.412249999999999894e-01
6.096879999999999661e-02
-5.437179999999999791e-03
-8.346000000000000640e-02
-1.295030000000000070e-01
-1.352679999999999993e-01
-1.382549999999999890e-01
-1.427579999999999960e-01
-1.331569999999999976e-01
-1.277480000000000004e-01
-1.385750000000000037e-01
-1.531029999999999891e-01
-1.469570000000000043e-01
-1.196109999999999951e-01
-9.438240000000000518e-02
-8.377320000000000599e-02
-8.792579999999999840e-02
-1.064080000000000026e-01
-1.020490000000000008e-01
-3.043020000000000100e-02
7.779510000000000591e-02
1.942770000000000052e-01
2.680420000000000025e-01
2.996449999999999947e-01
3.092619999999999814e-01
2.994919999999999805e-01
2.718590000000000173e-01
2.187800000000000022e-01
1.713610000000000133e-01
1.007939999999999947e-01
9.129659999999999512e-03
-1.040770000000000028e-01
-1.952710000000000001e-01
-2.462449999999999917e-01
-2.260060000000000124e-01
-1.348219999999999974e-01
1.517890000000000038e-02
7.642540000000000444e-02
7.610400000000000498e-02
4.482160000000000311e-02
-7.788670000000000142e-03
-6.532419999999999893e-02
-1.261510000000000131e-01
-1.683580000000000076e-01
-1.795059999999999989e-01
-1.466929999999999901e-01
-1.743959999999999955e-02
1.185589999999999977e-01
1.397930000000000006e-01
1.198010000000000047e-01
9.997889999999999555e-02
7.618329999999999547e-02
4.763130000000000142e-02
3.132200000000000262e-02
2.603279999999999830e-02
3.865169999999999804e-03
-1.894320000000000032e-02
-5.529359999999999831e-02
-8.872439999999999494e-02
-7.310579999999999856e-02
-1.504899999999999988e-02
4.150519999999999904e-02
8.873269999999999769e-02
9.236850000000000616e-02
5.821149999999999936e-02
6.797459999999999961e-03
-4.886689999999999784e-02
-9.505969999999999698e-02
-8.332380000000000342e-02
1.266719999999999999e-02
1.131240000000000023e-01
1.305729999999999946e-01
1.150980000000000059e-01
7.497589999999999810e-02
2.674139999999999850e-02
-3.560930000000000345e-02
-9.770840000000000081e-02
-1.392480000000000107e-01
-1.442950000000000066e-01
-1.222489999999999966e-01
-7.986440000000000206e-02
-3.678950000000000276e-02
-5.567759999999999723e-03
6.864809999999999836e-03
2.070229999999999987e-02
3.527380000000000099e-02
7.502259999999999485e-02
1.054630000000000012e-01
1.059120000000000061e-01
6.044320000000000248e-02
-1.500830000000000046e-02
-8.898760000000000003e-02
-1.203690000000000038e-01
-6.464359999999999551e-02
8.225069999999999604e-02
1.783099999999999963e-01
2.217749999999999999e-01
1.953799999999999981e-01
1.257939999999999892e-01
4.180980000000000113e-02
-4.996720000000000328e-02
-1.498670000000000002e-01
-2.246279999999999943e-01
-2.512400000000000189e-01
-1.910709999999999908e-01
-8.275369999999999948e-02
8.437909999999999855e-02
1.574200000000000044e-01
1.362980000000000025e-01
8.084679999999999644e-02
-7.630510000000000070e-03
-8.570049999999999890e-02
-1.446220000000000006e-01
-1.857090000000000130e-01
-2.023679999999999923e-01
-1.970079999999999887e-01
-1.298300000000000010e-01
2.192639999999999867e-02
1.299629999999999952e-01
1.603050000000000030e-01
1.528380000000000016e-01
1.421119999999999883e-01
1.325870000000000104e-01
1.304170000000000051e-01
1.740339999999999943e-01
2.611450000000000160e-01
3.168429999999999858e-01
3.079859999999999820e-01
2.554890000000000216e-01
1.799159999999999926e-01
9.163759999999999961e-02
1.598880000000000093e-02
-5.711499999999999910e-02
-1.387929999999999997e-01
-2.136190000000000033e-01
-2.787470000000000225e-01
-3.376979999999999982e-01
-3.618549999999999822e-01
-3.728670000000000040e-01
-3.589010000000000256e-01
-3.374420000000000197e-01
-3.072110000000000118e-01
-2.345839999999999870e-01
-4.928590000000000054e-02
1.268739999999999868e-01
2.560459999999999958e-01
2.982960000000000056e-01
2.882219999999999782e-01
3.074080000000000146e-01
3.546759999999999913e-01
3.839969999999999772e-01
3.872599999999999931e-01
3.765859999999999763e-01
3.503930000000000100e-01
2.673329999999999873e-01
1.596700000000000064e-01
5.974079999999999668e-02
-3.698590000000000211e-02
-1.364470000000000127e-01
-2.291219999999999923e-01
-3.231589999999999741e-01
-4.183660000000000156e-01
-5.405569999999999542e-01
-6.168930000000000247e-01
-6.060119999999999951e-01
-4.881460000000000243e-01
-3.435059999999999780e-01
-2.640370000000000217e-01
-1.894000000000000128e-01
-1.085170000000000023e-01
-3.349739999999999662e-02
1.477140000000000050e-02
2.434410000000000046e-02
2.242469999999999880e-02
4.842799999999999883e-02
1.112729999999999969e-01
1.631289999999999962e-01
1.968419999999999892e-01
1.930240000000000011e-01
1.600300000000000056e-01
9.720600000000000074e-02
8.230650000000000813e-03
-7.851400000000000046e-02
-1.652420000000000000e-01
-2.081560000000000077e-01
-1.687839999999999896e-01
-5.317999999999999811e-02
8.195299999999999807e-02
1.791840000000000099e-01
2.409759999999999958e-01
2.719230000000000258e-01
2.746190000000000020e-01
2.743209999999999815e-01
2.715409999999999768e-01
2.738249999999999851e-01
2.724050000000000082e-01
2.520990000000000175e-01
2.180650000000000088e-01
1.797590000000000021e-01
1.445289999999999908e-01
1.059670000000000056e-01
6.426900000000000668e-02
2.029999999999999860e-02
-1.485649999999999991e-02
-4.380400000000000266e-02
-3.354469999999999674e-02
3.229740000000000041e-03
1.047909999999999987e-02
-8.832539999999999836e-03
-5.722909999999999803e-02
-1.075310000000000016e-01
-1.574180000000000024e-01
-2.058149999999999979e-01
-2.525749999999999940e-01
-2.601319999999999744e-01
-2.034219999999999917e-01
-1.361380000000000090e-01
-7.178089999999999471e-02
-2.018309999999999896e-02
-1.096250000000000002e-02
-2.043379999999999849e-02
-2.127100000000000171e-02
-2.609119999999999842e-02
-3.547890000000000071e-02
-3.653300000000000297e-02
-1.050650000000000021e-02
2.437920000000000018e-02
5.716759999999999897e-02
8.855739999999999446e-02
1.216280000000000000e-01
1.529240000000000044e-01
1.828680000000000028e-01
2.110360000000000014e-01
2.225109999999999866e-01
2.178950000000000053e-01
1.984519999999999895e-01
1.614170000000000049e-01
1.198889999999999956e-01
8.174339999999999384e-02
-1.454959999999999934e-02
-1.351789999999999936e-01
-2.388079999999999925e-01
-3.575439999999999729e-01
-4.377480000000000260e-01
-4.960370000000000057e-01
-4.908719999999999750e-01
-4.172719999999999763e-01
-3.379380000000000162e-01
-2.707879999999999732e-01
-1.632629999999999915e-01
-6.355829999999999813e-02
2.432740000000000022e-04
6.059679999999999928e-02
1.254629999999999912e-01
1.830779999999999907e-01
2.286279999999999979e-01
2.497749999999999970e-01
2.818479999999999874e-01
3.106550000000000145e-01
3.239670000000000050e-01
2.975760000000000072e-01
2.294090000000000018e-01
1.463139999999999996e-01
6.390129999999999422e-02
-2.937880000000000005e-02
-1.170879999999999976e-01
-1.828349999999999975e-01
-1.496599999999999875e-01
-7.175310000000000021e-02
5.582730000000000331e-02
1.266130000000000033e-01
9.779970000000000330e-02
4.524949999999999806e-02
-1.604279999999999942e-02
-6.080610000000000182e-02
-4.896860000000000102e-02
-9.377770000000000550e-03
2.374269999999999853e-02
2.802889999999999895e-02
-8.060609999999999303e-03
-5.097360000000000085e-02
-9.095580000000000331e-02
-1.221970000000000001e-01
-1.158750000000000058e-01
-8.143169999999999575e-02
-5.029630000000000212e-02
-2.137280000000000083e-02
-1.403380000000000079e-02
-2.922430000000000166e-02
-4.364520000000000205e-02
-4.079990000000000006e-02
-3.421669999999999920e-03
5.534159999999999774e-02
1.111710000000000059e-01
1.656769999999999909e-01
2.186170000000000058e-01
2.595370000000000177e-01
2.469729999999999981e-01
2.107449999999999879e-01
1.724529999999999952e-01
1.345369999999999899e-01
8.050039999999999973e-02
1.818989999999999843e-02
-4.183769999999999850e-02
-7.579969999999999763e-02
-8.766350000000000531e-02
-1.056669999999999970e-01
-1.303179999999999894e-01
-1.503220000000000112e-01
-1.526710000000000012e-01
-1.293340000000000045e-01
-9.619890000000000385e-02
-6.433769999999999767e-02
-4.011920000000000069e-02
-3.679749999999999688e-02
-4.035790000000000211e-02
-3.480529999999999735e-02
-1.936490000000000086e-02
1.044769999999999987e-03
1.853360000000000077e-02
3.749229999999999924e-02
5.231039999999999995e-02
5.746409999999999713e-02
3.544239999999999891e-02
-2.517329999999999915e-03
-3.959850000000000175e-02
-7.540159999999999918e-02
-1.112709999999999949e-01
-1.419159999999999866e-01
-1.485990000000000089e-01
-1.356950000000000101e-01
-9.385400000000000686e-02
-4.020399999999999668e-02
6.929199999999999943e-03
5.767180000000000223e-02
1.027939999999999965e-01
1.531510000000000093e-01
1.894109999999999960e-01
2.402529999999999943e-01
2.588260000000000005e-01
2.429320000000000090e-01
2.048909999999999898e-01
1.535229999999999928e-01
1.046659999999999952e-01
5.485919999999999686e-02
7.244689999999999810e-03
-3.356699999999999962e-02
-5.434270000000000073e-02
-7.510890000000000621e-02
-1.015970000000000067e-01
-1.283700000000000119e-01
-1.497680000000000122e-01
-1.471320000000000128e-01
-1.351229999999999931e-01
-1.302369999999999917e-01
-1.249949999999999950e-01
-1.143549999999999983e-01
-1.042180000000000051e-01
-8.640130000000000032e-02
-6.427410000000000068e-02
-4.338310000000000083e-02
-2.321909999999999946e-02
-2.603709999999999965e-03
1.261600000000000048e-02
3.123060000000000072e-02
6.442119999999999791e-02
9.708830000000000238e-02
1.249719999999999998e-01
1.378399999999999903e-01
1.287059999999999871e-01
1.117589999999999972e-01
9.607569999999999999e-02
7.605979999999999686e-02
6.309389999999999443e-02
6.691919999999999813e-02
7.240850000000000064e-02
7.312390000000000556e-02
6.779010000000000591e-02
5.523220000000000213e-02
2.422490000000000060e-02
-1.153249999999999935e-02
-1.829019999999999951e-02
7.051850000000000132e-03
5.585450000000000137e-02
9.997680000000000455e-02
1.009039999999999937e-01
6.305829999999999769e-02
1.711890000000000037e-04
-6.390289999999999859e-02
-1.178069999999999951e-01
-1.265439999999999898e-01
-1.030829999999999941e-01
-8.136619999999999964e-02
-7.509079999999999921e-02
-9.122909999999999353e-02
-1.127859999999999974e-01
-1.210699999999999971e-01
-8.000029999999999641e-02
-2.301640000000000196e-03
7.453170000000000628e-02
1.264260000000000106e-01
1.483540000000000136e-01
1.420609999999999928e-01
1.255900000000000072e-01
1.001500000000000029e-01
7.342189999999999828e-02
5.114670000000000327e-02
3.699530000000000179e-02
1.873640000000000028e-02
-2.762109999999999913e-02
-8.302429999999999533e-02
-1.306900000000000006e-01
-1.827320000000000055e-01
-2.153309999999999946e-01
-2.114499999999999991e-01
-1.586720000000000075e-01
-8.427859999999999518e-02
-1.241949999999999998e-02
2.563839999999999869e-02
2.684910000000000074e-02
-2.387040000000000104e-04
-3.612449999999999689e-02
-7.326480000000000492e-02
-9.067630000000000134e-02
-7.288429999999999909e-02
-3.489280000000000159e-02
-8.390150000000000732e-03
1.363450000000000079e-02
3.006009999999999932e-02
6.888229999999999353e-02
1.207499999999999962e-01
1.698290000000000077e-01
2.170799999999999952e-01
2.655049999999999910e-01
2.837489999999999735e-01
2.494869999999999866e-01
1.892340000000000133e-01
1.410909999999999942e-01
6.781030000000000391e-02
-1.180900000000000005e-02
-8.832370000000000498e-02
-1.452980000000000105e-01
-1.677810000000000135e-01
-1.587919999999999887e-01
-1.177050000000000041e-01
-5.886330000000000034e-02
-2.282979999999999992e-03
5.163800000000000334e-02
1.066689999999999999e-01
1.465440000000000076e-01
1.587659999999999905e-01
1.436499999999999999e-01
1.030329999999999996e-01
6.027559999999999862e-02
2.068969999999999837e-02
-1.949000000000000038e-02
-5.911099999999999688e-02
-9.381870000000000487e-02
-1.076789999999999969e-01
-9.745900000000000396e-02
-6.551160000000000316e-02
-3.186470000000000274e-02
-1.772939999999999933e-02
-2.892010000000000067e-02
-5.112629999999999952e-02
-6.464060000000000639e-02
-6.453630000000000477e-02
-5.205200000000000105e-02
-3.644630000000000092e-02
-2.586509999999999851e-02
-1.898110000000000075e-02
-9.419679999999999720e-03
1.602989999999999970e-02
4.145999999999999686e-02
3.202420000000000266e-02
1.358000000000000006e-02
1.609810000000000060e-02
3.825819999999999915e-02
5.605099999999999666e-02
6.825929999999999498e-02
7.443539999999999879e-02
6.731510000000000271e-02
5.725199999999999734e-02
4.425869999999999804e-02
2.310699999999999907e-02
-9.534940000000000429e-04
-2.025530000000000039e-02
-5.707389999999999686e-02
-1.136559999999999931e-01
-1.729950000000000099e-01
-2.426000000000000101e-01
-3.056690000000000240e-01
-3.651710000000000234e-01
-4.214689999999999825e-01
-4.780840000000000090e-01
-4.935939999999999772e-01
-4.674809999999999799e-01
-4.310590000000000255e-01
-4.039340000000000153e-01
-3.869909999999999739e-01
-3.742650000000000143e-01
-3.298059999999999881e-01
-2.445469999999999866e-01
-1.457650000000000057e-01
-5.135359999999999925e-02
3.032009999999999914e-02
8.222830000000000417e-02
1.121069999999999983e-01
1.375770000000000048e-01
1.603519999999999945e-01
1.811830000000000107e-01
2.113659999999999983e-01
2.543849999999999723e-01
2.953979999999999939e-01
3.163509999999999933e-01
3.069350000000000134e-01
2.644750000000000156e-01
2.125799999999999912e-01
1.646930000000000061e-01
1.144389999999999991e-01
6.785990000000000077e-02
1.965400000000000133e-02
-7.040720000000000312e-03
-1.491289999999999977e-02
-2.503150000000000167e-02
-3.653309999999999891e-02
-3.706199999999999772e-02
-3.687549999999999856e-02
-3.241549999999999987e-02
-2.142509999999999901e-02
7.786999999999999651e-03
3.367049999999999904e-02
3.247069999999999818e-02
9.768769999999999537e-03
-3.791740000000000041e-03
-9.176480000000000747e-03
-1.994670000000000123e-02
-2.460069999999999965e-02
-6.427539999999999816e-03
2.842619999999999869e-02
6.114390000000000103e-02
9.375029999999999475e-02
1.246990000000000043e-01
1.385859999999999870e-01
1.376259999999999983e-01
1.245450000000000029e-01
8.942100000000000048e-02
5.463119999999999782e-02
2.864739999999999995e-02
1.589350000000000138e-02
2.170149999999999857e-02
4.208880000000000260e-02
8.323969999999999980e-02
1.463720000000000021e-01
1.937039999999999873e-01
2.267639999999999934e-01
2.623889999999999834e-01
2.756890000000000174e-01
2.726520000000000055e-01
2.559199999999999808e-01
2.217649999999999899e-01
1.810060000000000002e-01
1.437579999999999969e-01
1.053680000000000033e-01
6.748659999999999382e-02
1.727779999999999941e-02
-3.754369999999999929e-02
-8.993969999999999743e-02
-1.285499999999999976e-01
-1.577469999999999983e-01
-1.826069999999999915e-01
-1.971829999999999972e-01
-2.035480000000000067e-01
-2.049539999999999973e-01
-1.983330000000000093e-01
-1.863170000000000104e-01
-1.549190000000000011e-01
-9.782939999999999692e-02
-4.111050000000000121e-02
1.371190000000000082e-02
6.895189999999999653e-02
1.121299999999999936e-01
1.411509999999999987e-01
1.606700000000000073e-01
1.538009999999999933e-01
1.232680000000000026e-01
9.061400000000000010e-02
6.002559999999999840e-02
2.712600000000000081e-02
-7.537819999999999764e-03
-4.725929999999999714e-02
-8.466250000000000164e-02
-1.158560000000000006e-01
-1.443190000000000028e-01
-1.623310000000000031e-01
-1.635830000000000062e-01
-1.471619999999999873e-01
-1.022190000000000043e-01
-4.811560000000000142e-02
-2.064719999999999923e-03
3.078720000000000068e-02
5.524249999999999994e-02
7.552830000000000654e-02
8.869150000000000644e-02
9.442830000000000668e-02
8.998430000000000317e-02
6.208659999999999873e-02
1.542250000000000044e-02
-2.231630000000000072e-02
-7.685730000000000339e-02
-1.443679999999999963e-01
-1.884919999999999929e-01
-2.061159999999999937e-01
-2.084030000000000049e-01
-1.966859999999999997e-01
-1.671410000000000118e-01
-1.315769999999999995e-01
-9.824589999999999712e-02
-6.559049999999999603e-02
-4.421479999999999855e-02
-3.131389999999999868e-02
-2.161230000000000095e-02
-1.112409999999999961e-02
1.044029999999999958e-02
3.691849999999999993e-02
4.835369999999999946e-02
4.572899999999999882e-02
3.748440000000000105e-02
2.662039999999999892e-02
1.547349999999999941e-02
1.195739999999999997e-02
1.830620000000000164e-02
3.314389999999999697e-02
4.758670000000000261e-02
5.071939999999999782e-02
4.066039999999999932e-02
2.191519999999999926e-02
4.523229999999999612e-03
-7.357709999999999728e-04
2.423960000000000177e-03
6.901380000000000361e-03
-1.524289999999999977e-03
-2.421109999999999929e-02
-5.020800000000000263e-02
-7.248949999999999838e-02
-8.764360000000000206e-02
-6.647309999999999330e-02
-2.535870000000000138e-02
1.468470000000000018e-02
5.257799999999999974e-02
9.181279999999999997e-02
1.146920000000000023e-01
1.194189999999999974e-01
1.234620000000000023e-01
1.212779999999999969e-01
1.112459999999999977e-01
9.828639999999999599e-02
7.590330000000000688e-02
5.048869999999999747e-02
2.613800000000000151e-02
1.094380000000000006e-02
5.189319999999999870e-03
-1.222369999999999967e-03
-8.631029999999999605e-03
-2.102429999999999924e-02
-3.005089999999999845e-02
-3.213490000000000096e-02
-3.143420000000000242e-02
-2.634210000000000024e-02
-8.752209999999999851e-03
1.368690000000000011e-02
3.479209999999999942e-02
4.600259999999999766e-02
4.816170000000000173e-02
5.094850000000000073e-02
5.917839999999999906e-02
8.047840000000000549e-02
1.005970000000000059e-01
1.043059999999999959e-01
1.054019999999999957e-01
1.007900000000000046e-01
9.259149999999999325e-02
6.748899999999999344e-02
2.373719999999999997e-02
-1.844000000000000153e-02
-5.812350000000000155e-02
-9.927149999999999863e-02
-1.387480000000000102e-01
-1.774419999999999886e-01
-2.019489999999999896e-01
-1.981999999999999873e-01
-1.796010000000000106e-01
-1.567409999999999914e-01
-1.354410000000000058e-01
-1.201969999999999983e-01
-1.078049999999999981e-01
-9.104329999999999368e-02
-7.531809999999999894e-02
-6.308809999999999418e-02
-5.501720000000000221e-02
-5.000969999999999721e-02
-3.827590000000000159e-02
-1.812189999999999981e-02
1.466399999999999995e-02
6.325759999999999716e-02
1.085529999999999967e-01
1.423879999999999868e-01
1.618020000000000014e-01
1.670379999999999920e-01
1.621809999999999918e-01
1.463339999999999919e-01
1.269639999999999935e-01
1.048700000000000049e-01
8.016109999999999902e-02
6.328630000000000366e-02
5.734550000000000064e-02
5.466769999999999963e-02
5.938580000000000247e-02
6.220149999999999985e-02
5.831940000000000041e-02
4.478410000000000030e-02
3.187070000000000181e-02
3.104969999999999952e-02
4.374530000000000085e-02
5.945609999999999784e-02
7.906259999999999677e-02
9.054669999999999386e-02
8.963680000000000259e-02
7.857500000000000595e-02
5.364139999999999880e-02
2.085340000000000110e-02
-4.280489999999999642e-03
-2.735879999999999909e-02
-4.038930000000000298e-02
-5.015290000000000026e-02
-5.733069999999999833e-02
-6.163930000000000103e-02
-6.511219999999999508e-02
-7.091719999999999968e-02
-7.493919999999999748e-02
-7.800930000000000364e-02
-7.299049999999999983e-02
-5.364569999999999755e-02
-3.453299999999999859e-03
4.970419999999999700e-02
9.618799999999999573e-02
1.194360000000000005e-01
1.127419999999999950e-01
8.847689999999999722e-02
5.465149999999999869e-02
4.476959999999999772e-04
-6.324059999999999404e-02
-1.084309999999999996e-01
-1.357960000000000000e-01
-1.416409999999999891e-01
-1.232909999999999978e-01
-1.002009999999999984e-01
-7.863699999999999857e-02
-6.167319999999999747e-02
-6.116950000000000165e-02
-6.420069999999999943e-02
-6.921579999999999400e-02
-7.625819999999999821e-02
-7.993939999999999380e-02
-7.819039999999999324e-02
-6.938539999999999985e-02
-5.249480000000000118e-02
-4.441799999999999915e-02
-4.337570000000000314e-02
-4.551469999999999821e-02
-5.187520000000000325e-02
-5.110010000000000246e-02
-3.890049999999999758e-02
-1.703939999999999969e-02
1.491729999999999966e-02
4.924869999999999942e-02
7.506480000000000097e-02
9.447210000000000329e-02
9.945329999999999449e-02
9.350899999999999490e-02
7.975659999999999694e-02
6.335230000000000028e-02
4.892149999999999971e-02
3.395589999999999720e-02
2.486870000000000053e-02
1.606049999999999839e-02
5.860360000000000222e-03
-6.449700000000000051e-03
-1.490409999999999999e-02
-1.905520000000000130e-02
-1.444890000000000063e-02
-7.315389999999999740e-03
6.501309999999999728e-03
2.483640000000000153e-02
4.341439999999999882e-02
5.456149999999999889e-02
5.586350000000000343e-02
4.552869999999999834e-02
3.394450000000000245e-02
2.538479999999999903e-02
1.864369999999999916e-02
4.386390000000000428e-03
-1.706979999999999956e-02
-4.851830000000000032e-02
-8.715190000000000436e-02
-1.277030000000000109e-01
-1.591980000000000062e-01
-1.691050000000000053e-01
-1.572590000000000099e-01
-1.242230000000000001e-01
-8.465319999999999789e-02
-4.808860000000000218e-02
-1.435460000000000035e-02
6.820190000000000280e-03
2.952120000000000091e-02
5.674370000000000108e-02
9.365819999999999701e-02
1.162440000000000001e-01
1.269639999999999935e-01
1.288479999999999903e-01
1.172190000000000037e-01
9.455800000000000316e-02
6.415519999999999556e-02
3.206330000000000291e-02
8.826630000000000240e-03
1.786260000000000018e-03
4.681030000000000087e-03
5.534129999999999952e-03
7.494279999999999865e-03
7.696520000000000097e-03
7.460630000000000430e-05
-8.674740000000000228e-03
-1.026239999999999965e-02
-5.531109999999999673e-03
9.452010000000000273e-03
3.204429999999999779e-02
5.262549999999999867e-02
6.136350000000000138e-02
5.437279999999999891e-02
3.701030000000000292e-02
1.517909999999999919e-02
-5.864870000000000326e-03
-2.753090000000000051e-02
-4.473010000000000180e-02
-5.306219999999999687e-02
-5.054390000000000271e-02
-4.442360000000000059e-02
-3.872989999999999766e-02
-3.685780000000000306e-02
-3.908470000000000000e-02
-4.316129999999999967e-02
-4.333650000000000002e-02
-4.099540000000000128e-02
-3.457879999999999981e-02
-2.573270000000000071e-02
-1.220820000000000065e-02
3.500919999999999813e-03
1.902639999999999887e-02
3.420369999999999661e-02
4.646109999999999823e-02
4.946779999999999927e-02
4.649280000000000079e-02
3.311580000000000079e-02
1.557760000000000047e-02
4.153229999999999943e-04
-1.287890000000000042e-02
-2.177789999999999934e-02
-2.775520000000000070e-02
-3.122660000000000019e-02
-3.407999999999999918e-02
-3.392830000000000151e-02
-3.273410000000000208e-02
-3.376570000000000266e-02
-3.832870000000000027e-02
-4.229820000000000108e-02
-4.276950000000000196e-02
-3.402320000000000344e-02
-1.533389999999999927e-02
3.143270000000000092e-03
1.623820000000000124e-02
1.691830000000000070e-02
4.769690000000000041e-03
-1.472079999999999916e-02
-3.425940000000000235e-02
-4.832079999999999709e-02
-4.567600000000000132e-02
-2.426040000000000141e-02
3.654719999999999865e-04
2.324539999999999940e-02
4.697500000000000286e-02
6.100209999999999660e-02
6.062109999999999721e-02
5.073450000000000182e-02
2.900580000000000172e-02
5.965540000000000079e-03
-1.605149999999999980e-02
-3.081690000000000124e-02
-2.132900000000000074e-02
-5.368909999999999525e-04
1.892479999999999857e-02
3.810539999999999761e-02
5.277969999999999884e-02
5.568399999999999739e-02
5.100040000000000129e-02
4.194690000000000224e-02
3.268309999999999965e-02
2.578350000000000086e-02
2.226389999999999966e-02
1.920209999999999972e-02
1.479600000000000012e-02
7.756739999999999816e-03
-3.340109999999999867e-03
-1.646749999999999950e-02
-2.950509999999999938e-02
-4.180430000000000257e-02
-4.620269999999999933e-02
-4.396459999999999951e-02
-3.268990000000000090e-02
-1.148889999999999981e-02
1.123810000000000087e-02
3.262890000000000235e-02
5.263879999999999948e-02
5.935150000000000148e-02
5.529540000000000149e-02
3.972830000000000111e-02
1.233429999999999943e-02
-1.511820000000000004e-02
-4.173600000000000226e-02
-5.758259999999999768e-02
-5.739670000000000188e-02
-5.428190000000000098e-02
-4.833969999999999934e-02
-4.362409999999999899e-02
-4.260629999999999973e-02
-4.217880000000000240e-02
-3.877490000000000103e-02
-2.914680000000000049e-02
-9.274950000000000555e-03
1.218660000000000056e-02
3.240839999999999693e-02
4.942839999999999734e-02
5.818500000000000061e-02
5.753710000000000074e-02
5.120269999999999683e-02
4.165169999999999983e-02
3.239870000000000250e-02
2.020759999999999917e-02
3.311179999999999939e-03
-1.257680000000000083e-02
-2.805119999999999836e-02
-3.981839999999999685e-02
-4.529269999999999824e-02
-4.104239999999999972e-02
-3.171949999999999770e-02
-2.370130000000000153e-02
-1.943320000000000117e-02
-1.493700000000000062e-02
-9.294119999999999465e-03
-1.656039999999999953e-04
1.186270000000000033e-02
2.507190000000000113e-02
3.145830000000000154e-02
3.422440000000000204e-02
3.711939999999999684e-02
3.924359999999999654e-02
3.904160000000000269e-02
3.338839999999999864e-02
1.655360000000000165e-02
-6.716419999999999856e-03
-2.820090000000000097e-02
-4.894690000000000152e-02
-5.958669999999999939e-02
-5.886170000000000291e-02
-5.297829999999999900e-02
-3.850590000000000263e-02
-2.084300000000000042e-02
-3.928410000000000235e-03
9.296000000000000443e-03
1.846280000000000143e-02
2.504549999999999832e-02
3.056419999999999970e-02
3.920230000000000242e-02
4.750250000000000306e-02
4.765130000000000060e-02
4.267760000000000303e-02
2.917099999999999901e-02
1.149580000000000046e-02
-1.187480000000000089e-03
-5.771740000000000030e-03
-4.623999999999999638e-03
-2.549109999999999831e-03
-1.388689999999999933e-03
-4.241380000000000323e-03
-8.169010000000000854e-03
-1.154540000000000080e-02
-1.366979999999999931e-02
-9.465789999999999968e-03
-1.334420000000000007e-03
9.202979999999999494e-03
2.039099999999999940e-02
2.730729999999999963e-02
3.280090000000000089e-02
3.703300000000000342e-02
3.492010000000000253e-02
2.558260000000000048e-02
9.719290000000000221e-03
-7.876710000000000308e-03
-2.467810000000000142e-02
-3.879769999999999747e-02
-4.547790000000000166e-02
-4.911580000000000112e-02
-4.851400000000000157e-02
-4.414479999999999793e-02
-2.961499999999999896e-02
-9.222080000000000555e-03
1.101500000000000049e-02
2.892190000000000039e-02
3.898250000000000326e-02
3.807200000000000167e-02
3.270630000000000065e-02
2.054150000000000073e-02
1.229260000000000075e-02
9.362820000000000864e-03
7.910759999999999320e-03
7.849139999999999243e-03
5.210509999999999795e-03
-3.593709999999999960e-03
-1.841809999999999975e-02
-3.216510000000000202e-02
-4.660609999999999753e-02
-5.695179999999999687e-02
-5.700390000000000318e-02
-5.355479999999999963e-02
-4.410830000000000306e-02
-2.713459999999999830e-02
-1.028519999999999955e-02
5.458150000000000154e-03
1.612869999999999929e-02
2.175840000000000066e-02
2.684999999999999887e-02
3.067730000000000110e-02
3.440449999999999758e-02
4.109159999999999896e-02
4.928819999999999729e-02
5.523270000000000263e-02
5.349070000000000213e-02
4.855280000000000012e-02
3.354429999999999912e-02
1.646730000000000069e-02
6.976399999999999789e-03
4.915779999999999803e-03
6.986290000000000035e-03
1.008799999999999975e-02
1.298859999999999945e-02
1.006040000000000059e-02
1.005119999999999972e-03
-8.982310000000000294e-03
-1.481440000000000014e-02
-1.726629999999999832e-02
-2.032230000000000147e-02
-2.020069999999999852e-02
-2.170829999999999982e-02
-2.748019999999999977e-02
-3.184569999999999762e-02
-3.500299999999999939e-02
-3.317330000000000279e-02
-2.616949999999999832e-02
-1.755440000000000125e-02
-5.396449999999999685e-03
1.445949999999999937e-04
4.669509999999999980e-03
1.172250000000000028e-02
2.323069999999999996e-02
3.373009999999999897e-02
3.792330000000000007e-02
3.640990000000000198e-02
3.210709999999999953e-02
2.688360000000000055e-02
2.065639999999999837e-02
1.287029999999999945e-02
1.139789999999999900e-03
-1.082059999999999966e-02
-2.003399999999999972e-02
-2.507579999999999879e-02
-2.529340000000000060e-02
-2.712679999999999952e-02
-3.228940000000000282e-02
-3.923440000000000261e-02
-4.595219999999999860e-02
-4.958599999999999813e-02
-4.917040000000000299e-02
-4.515129999999999838e-02
-3.446969999999999895e-02
-2.367529999999999982e-02
-1.357949999999999956e-02
-6.525940000000000039e-03
-2.426639999999999874e-03
-3.846849999999999939e-05
4.344289999999999784e-03
9.037260000000000085e-03
1.291220000000000041e-02
1.367619999999999947e-02
1.510869999999999921e-02
1.746359999999999926e-02
1.818969999999999962e-02
2.144350000000000075e-02
2.546139999999999862e-02
3.065539999999999932e-02
3.422200000000000242e-02
3.696610000000000174e-02
3.745600000000000318e-02
3.448670000000000208e-02
2.830809999999999924e-02
1.923180000000000028e-02
1.086299999999999939e-02
1.049669999999999943e-03
-1.308199999999999988e-02
-2.655980000000000146e-02
-4.017860000000000181e-02
-5.117830000000000296e-02
-5.454130000000000089e-02
-5.365389999999999743e-02
-4.997259999999999897e-02
-4.490639999999999910e-02
-3.863740000000000230e-02
-3.001639999999999864e-02
-2.272220000000000142e-02
-1.620069999999999844e-02
-9.996659999999999227e-03
-1.302800000000000008e-03
7.496550000000000262e-03
2.106399999999999939e-02
3.243639999999999718e-02
3.958260000000000250e-02
4.314599999999999685e-02
4.438809999999999978e-02
4.397890000000000132e-02
4.280430000000000346e-02
3.859970000000000068e-02
3.164800000000000252e-02
2.529369999999999882e-02
1.899980000000000072e-02
1.419989999999999968e-02
1.176660000000000032e-02
1.176269999999999920e-02
1.391769999999999986e-02
1.543740000000000043e-02
1.477370000000000072e-02
1.041040000000000021e-02
-1.479290000000000075e-03
-1.312939999999999940e-02
-2.107159999999999936e-02
-2.272729999999999889e-02
-1.771750000000000061e-02
-6.320929999999999778e-03
4.016959999999999975e-03
9.495289999999999980e-03
1.139450000000000011e-02
1.395689999999999951e-02
1.672850000000000031e-02
1.858689999999999995e-02
1.887569999999999873e-02
1.613629999999999926e-02
7.953399999999999359e-03
-1.457890000000000097e-03
-9.094500000000000153e-03
-1.233689999999999960e-02
-1.133729999999999981e-02
-5.331970000000000112e-03
8.964710000000000734e-03
2.212400000000000130e-02
2.947599999999999873e-02
3.045170000000000168e-02
2.896839999999999832e-02
2.552959999999999952e-02
2.402740000000000084e-02
2.525420000000000095e-02
2.688580000000000136e-02
2.799460000000000143e-02
2.567660000000000081e-02
1.942670000000000161e-02
7.248550000000000305e-03
-7.855430000000000051e-03
-2.135940000000000061e-02
-3.253890000000000254e-02
-3.352100000000000218e-02
-2.784599999999999922e-02
-1.401009999999999929e-02
-9.542480000000000157e-05
5.587319999999999787e-03
4.541850000000000054e-03
-6.253619999999999665e-04
-6.012349999999999639e-03
-8.739719999999999434e-03
-3.466209999999999951e-03
3.595220000000000100e-03
8.342699999999999769e-03
7.908349999999999755e-03
1.201040000000000007e-04
-9.493289999999999715e-03
-2.069210000000000146e-02
-2.968990000000000171e-02
-3.702020000000000310e-02
-4.216380000000000128e-02
-4.507300000000000195e-02
-4.459919999999999857e-02
-4.281189999999999996e-02
-3.209059999999999691e-02
-1.289210000000000009e-02
5.559030000000000395e-03
2.365240000000000051e-02
3.539930000000000160e-02
4.120259999999999895e-02
4.144330000000000236e-02
3.783240000000000214e-02
3.386139999999999983e-02
2.961750000000000146e-02
2.631019999999999887e-02
2.354710000000000136e-02
2.193020000000000039e-02
1.552459999999999951e-02
8.011179999999999690e-03
-2.166359999999999987e-03
-1.052960000000000007e-02
-1.526240000000000062e-02
-1.749579999999999885e-02
-1.728069999999999953e-02
-1.699989999999999835e-02
-1.692569999999999839e-02
-1.633969999999999867e-02
-1.739749999999999977e-02
-2.033369999999999969e-02
-2.342369999999999869e-02
-2.462910000000000099e-02
-2.347590000000000093e-02
-1.959610000000000171e-02
-1.815150000000000097e-02
-1.817500000000000018e-02
-1.850620000000000043e-02
-2.153079999999999924e-02
-2.172670000000000157e-02
-1.975069999999999951e-02
-1.282230000000000002e-02
-8.347159999999999953e-04
1.298200000000000048e-02
2.672039999999999832e-02
3.431420000000000303e-02
3.542080000000000228e-02
3.459659999999999819e-02
3.383339999999999959e-02
3.295349999999999668e-02
3.189129999999999743e-02
3.088969999999999910e-02
3.005410000000000026e-02
2.770430000000000115e-02
2.227530000000000135e-02
1.755740000000000078e-02
1.247030000000000013e-02
7.229320000000000017e-03
6.319410000000000131e-03
6.092519999999999707e-03
6.444580000000000100e-03
9.419999999999999554e-03
1.128580000000000035e-02
9.675710000000000560e-03
6.270770000000000163e-03
7.978559999999999992e-04
-2.952999999999999896e-03
-6.191340000000000038e-03
-1.049150000000000083e-02
-1.403150000000000057e-02
-1.914259999999999920e-02
-2.616589999999999888e-02
-3.508549999999999863e-02
-4.249270000000000130e-02
-4.685799999999999688e-02
-4.531999999999999917e-02
-3.938119999999999815e-02
-3.094500000000000028e-02
-1.996900000000000064e-02
-1.132829999999999948e-02
-6.414020000000000311e-03
-5.006649999999999642e-03
-5.154149999999999704e-03
-8.443549999999999320e-03
-9.573089999999999378e-03
-1.042520000000000079e-02
-1.377090000000000085e-02
-1.470499999999999932e-02
-1.882549999999999848e-02
-2.276020000000000126e-02
-2.780250000000000082e-02
-3.096389999999999906e-02
-3.067759999999999931e-02
-2.890869999999999898e-02
-2.313979999999999856e-02
-1.145249999999999914e-02
-4.715490000000000133e-03
-5.194279999999999470e-04
6.871089999999999837e-04
8.287779999999999583e-04
5.544810000000000060e-04
2.347999999999999827e-03
2.176630000000000145e-03
5.833210000000000348e-04
-2.430610000000000149e-03
-6.062750000000000430e-03
-1.142969999999999924e-02
-1.380250000000000053e-02
-1.297929999999999917e-02
-1.292869999999999957e-02
-1.262920000000000015e-02
-1.250489999999999935e-02
-1.079820000000000085e-02
-4.378090000000000280e-03
7.328320000000000146e-03
2.263300000000000034e-02
3.673490000000000089e-02
4.374410000000000104e-02
4.332969999999999877e-02
3.644710000000000311e-02
2.362730000000000039e-02
1.123189999999999952e-02
1.511959999999999910e-03
-7.286420000000000050e-03
-1.680399999999999949e-02
-2.603079999999999977e-02
-3.459380000000000094e-02
-3.899180000000000007e-02
-4.018490000000000256e-02
-3.956910000000000288e-02
-3.709130000000000066e-02
-3.486469999999999847e-02
-2.983059999999999878e-02
-2.148649999999999866e-02
-1.220579999999999929e-02
-3.465820000000000099e-03
4.297679999999999903e-03
9.161769999999999636e-03
1.435190000000000077e-02
1.864599999999999938e-02
2.364569999999999866e-02
3.024510000000000046e-02
3.487570000000000253e-02
3.813289999999999735e-02
3.850540000000000213e-02
3.501350000000000295e-02
2.845560000000000103e-02
2.036879999999999941e-02
8.782230000000000245e-03
-4.565839999999999829e-03
-1.342029999999999959e-02
-1.620430000000000134e-02
-1.303520000000000026e-02
-4.254159999999999886e-03
4.318790000000000302e-03
8.392270000000000285e-03
7.362450000000000418e-03
9.556750000000000141e-04
-7.910779999999999201e-03
-1.905290000000000109e-02
-2.454860000000000028e-02
-2.810239999999999960e-02
-2.839950000000000113e-02
-2.516279999999999906e-02
-1.899009999999999934e-02
-1.228770000000000036e-02
-7.340239999999999612e-03
-6.092710000000000313e-03
-2.481039999999999895e-03
2.008750000000000119e-03
8.159039999999999349e-03
1.695589999999999944e-02
3.102890000000000162e-02
4.134419999999999762e-02
4.784619999999999845e-02
4.843120000000000064e-02
4.619029999999999664e-02
3.951120000000000326e-02
2.806490000000000026e-02
1.874009999999999912e-02
1.052050000000000034e-02
3.876249999999999921e-03
-7.797550000000000314e-04
-3.902420000000000194e-03
-1.633719999999999964e-03
2.456929999999999965e-03
1.145769999999999948e-02
1.939360000000000042e-02
2.226310000000000094e-02
2.043729999999999852e-02
1.601570000000000077e-02
9.184680000000000621e-03
1.223359999999999942e-03
-8.636400000000000673e-03
-1.822609999999999855e-02
-2.447469999999999854e-02
-3.139870000000000161e-02
-3.614719999999999739e-02
-3.810329999999999967e-02
-3.804339999999999805e-02
-3.442429999999999796e-02
-3.021039999999999837e-02
-2.163549999999999848e-02
-6.955310000000000138e-03
9.147499999999999382e-03
2.360189999999999858e-02
3.693110000000000143e-02
4.489339999999999997e-02
4.786830000000000251e-02
4.583009999999999862e-02
3.881439999999999890e-02
2.886910000000000170e-02
1.768540000000000043e-02
7.174909999999999621e-03
-9.093330000000000163e-04
-8.433569999999999608e-03
-1.358670000000000017e-02
-1.815299999999999900e-02
-2.204640000000000072e-02
-2.706110000000000113e-02
-3.148619999999999891e-02
-3.279970000000000108e-02
-3.400969999999999688e-02
-3.298039999999999999e-02
-2.860489999999999908e-02
-2.175950000000000106e-02
-1.136159999999999948e-02
1.519979999999999986e-03
1.515060000000000018e-02
2.334790000000000129e-02
2.360200000000000145e-02
1.783879999999999841e-02
1.199440000000000055e-02
6.168479999999999623e-03
2.155049999999999934e-03
-2.493210000000000044e-03
-6.970999999999999766e-03
-1.228869999999999962e-02
-1.554379999999999998e-02
-1.504420000000000063e-02
-1.432190000000000026e-02
-9.987400000000000444e-03
-1.926170000000000052e-03
5.716330000000000369e-03
1.233159999999999985e-02
1.435349999999999994e-02
1.390839999999999958e-02
1.252640000000000003e-02
8.787669999999999162e-03
8.068809999999999177e-03
7.196639999999999808e-03
1.593250000000000048e-03
-3.683849999999999798e-03
-6.471189999999999928e-03
-6.611979999999999941e-03
-6.463609999999999842e-03
-6.506389999999999917e-03
-6.349340000000000192e-03
-6.157489999999999838e-03
-6.142110000000000104e-03
-4.474999999999999811e-03
2.089950000000000141e-03
1.170900000000000066e-02
1.966990000000000058e-02
2.541950000000000112e-02
2.649069999999999897e-02
2.599119999999999903e-02
2.365909999999999888e-02
1.997130000000000086e-02
1.645949999999999844e-02
1.369150000000000054e-02
1.348290000000000079e-02
1.279220000000000010e-02
1.417090000000000016e-02
1.689939999999999845e-02
1.603780000000000136e-02
1.739479999999999846e-02
2.012979999999999978e-02
1.931590000000000043e-02
1.521770000000000067e-02
1.054259999999999919e-02
4.404439999999999918e-03
-3.309330000000000084e-03
-8.607830000000000342e-03
-1.113659999999999997e-02
-1.399019999999999951e-02
-1.810550000000000007e-02
-2.139620000000000064e-02
-2.435949999999999921e-02
-2.269080000000000055e-02
-1.945600000000000107e-02
-1.601580000000000018e-02
-1.011620000000000054e-02
-3.308029999999999998e-03
4.319650000000000399e-03
1.014140000000000007e-02
1.410280000000000040e-02
1.496740000000000050e-02
1.366479999999999952e-02
1.012850000000000035e-02
5.471460000000000039e-03
-2.480739999999999833e-04
-5.851000000000000298e-03
-1.034559999999999994e-02
-1.620860000000000009e-02
-2.026210000000000164e-02
-2.363439999999999985e-02
-2.365019999999999969e-02
-2.095719999999999875e-02
-1.643299999999999969e-02
-9.520999999999999949e-03
-8.267879999999999587e-04
8.022780000000000189e-03
1.489760000000000043e-02
1.542319999999999976e-02
1.408680000000000002e-02
1.057119999999999935e-02
6.181749999999999745e-03
2.763450000000000194e-03
-4.409300000000000220e-04
-3.267570000000000023e-03
-7.121920000000000334e-03
-1.120230000000000010e-02
-1.689890000000000142e-02
-2.322770000000000043e-02
-2.766429999999999931e-02
-2.518199999999999952e-02
-1.649520000000000153e-02
-3.389890000000000004e-03
1.098479999999999943e-02
2.262930000000000150e-02
2.849540000000000059e-02
3.028729999999999964e-02
2.911259999999999890e-02
2.753989999999999910e-02
2.668999999999999845e-02
2.626650000000000165e-02
2.325369999999999868e-02
1.896400000000000169e-02
1.515370000000000085e-02
1.045049999999999972e-02
4.349409999999999735e-03
-3.381340000000000040e-03
-1.178629999999999955e-02
-1.888980000000000173e-02
-2.400530000000000025e-02
-2.496189999999999867e-02
-2.312499999999999972e-02
-1.691830000000000070e-02
-8.323090000000000002e-03
5.770690000000000411e-04
5.373450000000000101e-03
8.455330000000000484e-03
8.124710000000000265e-03
4.458020000000000038e-03
4.443940000000000390e-03
3.356370000000000013e-03
1.520880000000000062e-03
-2.321590000000000112e-04
-1.143829999999999977e-03
-3.683370000000000047e-03
-9.363089999999999261e-03
-1.165249999999999966e-02
-1.450760000000000070e-02
-1.540410000000000043e-02
-1.483409999999999937e-02
-1.407809999999999964e-02
-1.071219999999999985e-02
-7.085560000000000296e-03
-1.369790000000000070e-03
3.984060000000000205e-03
4.993520000000000424e-03
1.530150000000000086e-03
-6.210260000000000433e-03
-1.426610000000000031e-02
-1.892749999999999988e-02
-1.729489999999999847e-02
-9.882139999999999327e-03
1.343929999999999908e-03
9.646989999999999385e-03
1.510069999999999989e-02
1.849349999999999952e-02
1.928420000000000134e-02
1.688510000000000011e-02
1.308849999999999944e-02
9.437050000000000646e-03
6.126119999999999656e-03
1.192139999999999953e-03
-3.521119999999999979e-03
-9.908459999999999143e-03
-1.797599999999999892e-02
-2.562649999999999997e-02
-2.978640000000000107e-02
-2.997939999999999980e-02
-2.760019999999999835e-02
-2.119760000000000047e-02
-1.276279999999999949e-02
-3.668489999999999945e-03
3.334460000000000028e-03
5.790039999999999770e-03
7.236189999999999983e-03
8.009280000000000566e-03
8.252310000000000548e-03
9.650390000000000010e-03
9.571450000000000444e-03
9.005710000000000104e-03
9.982889999999999472e-03
1.319410000000000027e-02
1.229120000000000039e-02
8.358249999999999361e-03
6.027629999999999967e-03
3.230110000000000012e-03
-1.289510000000000059e-04
-2.630060000000000037e-03
-2.748040000000000205e-03
-2.546909999999999886e-03
-5.832770000000000142e-03
-1.319039999999999969e-02
-2.139699999999999935e-02
-2.591200000000000100e-02
-2.628710000000000074e-02
-2.306180000000000035e-02
-1.699780000000000041e-02
-9.296330000000000218e-03
-1.864259999999999962e-03
4.730739999999999772e-04
4.154190000000000286e-05
3.651799999999999968e-04
-2.207890000000000113e-03
-4.750220000000000310e-03
-4.322190000000000060e-03
-3.802010000000000198e-03
-2.595780000000000006e-04
1.610939999999999941e-03
5.322620000000000129e-03
9.659269999999999315e-03
1.307280000000000074e-02
1.457310000000000029e-02
1.225560000000000017e-02
8.201540000000000219e-03
4.355239999999999806e-03
3.300330000000000191e-03
3.256740000000000156e-03
-1.954989999999999929e-04
-2.080760000000000075e-03
-1.198770000000000044e-03
1.551470000000000106e-03
4.855039999999999703e-03
8.106409999999999658e-03
1.165249999999999966e-02
1.196550000000000044e-02
1.130409999999999922e-02
1.096420000000000033e-02
6.758529999999999573e-03
4.986279999999999836e-04
-5.055460000000000335e-03
-1.001989999999999999e-02
-1.305189999999999996e-02
-1.324939999999999972e-02
-1.213129999999999938e-02
-7.859720000000000595e-03
-3.099909999999999992e-03
1.904319999999999928e-03
6.337729999999999753e-03
9.262319999999999234e-03
1.135760000000000068e-02
1.065029999999999970e-02
1.351830000000000045e-02
1.495759999999999972e-02
1.543530000000000076e-02
1.514839999999999937e-02
1.351169999999999975e-02
9.303159999999999555e-03
3.098930000000000174e-03
-3.530380000000000063e-03
-6.784890000000000018e-03
-6.312899999999999762e-03
-5.405199999999999762e-03
7.157930000000000499e-04
6.521550000000000090e-03
1.114449999999999989e-02
1.195680000000000007e-02
1.142729999999999961e-02
7.942340000000000858e-03
6.364879999999999843e-03
3.072469999999999889e-03
2.066129999999999952e-04
-2.942939999999999792e-03
-5.464270000000000238e-03
-8.690089999999999273e-03
-6.159529999999999866e-03
-3.346619999999999803e-03
-1.096970000000000063e-03
1.087120000000000013e-03
5.966429999999999997e-04
7.158759999999999473e-04
5.550859999999999909e-04
5.043219999999999734e-04
2.019369999999999932e-03
5.201429999999999942e-03
4.820070000000000084e-03
4.779280000000000334e-03
2.955689999999999967e-03
-3.215400000000000202e-03
-1.189179999999999925e-02
-1.738140000000000171e-02
-2.235080000000000053e-02
-2.506370000000000126e-02
-2.753660000000000135e-02
-2.555489999999999845e-02
-2.196330000000000157e-02
-1.857819999999999958e-02
-1.559239999999999932e-02
-1.189190000000000039e-02
-5.519330000000000243e-03
2.373650000000000152e-03
1.056550000000000024e-02
1.639140000000000041e-02
1.815560000000000090e-02
1.908769999999999911e-02
1.716540000000000080e-02
1.598219999999999849e-02
1.585450000000000054e-02
1.515580000000000052e-02
1.492689999999999989e-02
1.219240000000000081e-02
6.461230000000000098e-03
-7.194029999999999696e-04
-8.539649999999999325e-03
-1.532129999999999950e-02
-2.034189999999999957e-02
-2.288549999999999959e-02
-2.353059999999999874e-02
-2.115179999999999838e-02
-1.818519999999999859e-02
-1.659300000000000011e-02
-1.244729999999999968e-02
-6.578790000000000159e-03
-7.908159999999999582e-04
3.568449999999999921e-03
6.720140000000000315e-03
1.021910000000000006e-02
1.026780000000000054e-02
7.229550000000000386e-03
4.663099999999999884e-03
1.749499999999999970e-03
1.543660000000000084e-03
1.456360000000000076e-03
4.018950000000000300e-03
9.815159999999999857e-03
1.518650000000000035e-02
1.939619999999999886e-02
1.906050000000000105e-02
1.555199999999999985e-02
9.646250000000000310e-03
2.484609999999999944e-03
-3.952330000000000426e-03
-8.319339999999999721e-03
-1.202040000000000053e-02
-1.570469999999999852e-02
-1.910900000000000098e-02
-2.114709999999999854e-02
-2.360949999999999854e-02
-2.341539999999999941e-02
-2.270420000000000077e-02
-2.220640000000000114e-02
-2.150109999999999869e-02
-1.794240000000000071e-02
-1.354359999999999939e-02
-8.819000000000000450e-03
-3.920100000000000147e-03
7.105739999999999496e-04
3.988000000000000225e-03
6.055210000000000106e-03
8.886420000000000777e-03
8.809960000000000360e-03
8.556229999999999739e-03
8.334190000000000001e-03
7.905529999999999155e-03
4.127419999999999700e-03
2.920069999999999871e-03
1.204060000000000069e-03
-1.667679999999999944e-03
-3.350989999999999872e-03
-6.158600000000000185e-03
-6.507090000000000096e-03
-6.489789999999999622e-03
-9.560859999999999151e-03
-1.281320000000000028e-02
-1.500489999999999984e-02
-1.478040000000000083e-02
-1.307469999999999986e-02
-7.918369999999999229e-03
-3.000220000000000057e-03
-7.413639999999999716e-05
3.645189999999999975e-03
6.110690000000000219e-03
9.228240000000000401e-03
1.274370000000000017e-02
1.470020000000000007e-02
1.470100000000000053e-02
1.397780000000000029e-02
1.426900000000000043e-02
1.098299999999999971e-02
8.316640000000000144e-03
6.458519999999999713e-03
7.112610000000000113e-03
8.114430000000000601e-03
9.181760000000000616e-03
1.214469999999999959e-02
1.220459999999999948e-02
1.163529999999999946e-02
1.153730000000000033e-02
1.118779999999999948e-02
1.100369999999999994e-02
1.047380000000000012e-02
1.056430000000000043e-02
7.420249999999999763e-03
4.980659999999999601e-03
3.478160000000000106e-03
2.335390000000000014e-04
-1.790229999999999968e-04
2.901819999999999834e-03
6.132559999999999574e-03
1.060460000000000048e-02
1.555869999999999996e-02
1.801430000000000045e-02
1.764040000000000052e-02
1.723859999999999976e-02
1.664540000000000117e-02
1.855479999999999977e-02
2.060359999999999969e-02
2.159269999999999939e-02
2.413420000000000148e-02
2.334030000000000132e-02
2.278000000000000164e-02
1.915559999999999832e-02
1.137130000000000085e-02
3.510440000000000088e-03
-1.635479999999999920e-03
-3.349500000000000047e-03
-3.135719999999999827e-03
-3.647399999999999861e-03
-2.370890000000000063e-03
6.789870000000000367e-04
1.321530000000000014e-03
1.721059999999999951e-03
5.434819999999999929e-03
5.385720000000000091e-03
8.014439999999999412e-03
9.676090000000000038e-03
1.171499999999999972e-02
1.348040000000000002e-02
1.521600000000000036e-02
1.712889999999999899e-02
1.917179999999999926e-02
2.138059999999999961e-02
2.028129999999999863e-02
2.216900000000000120e-02
2.327409999999999896e-02
1.914269999999999861e-02
1.613550000000000054e-02
1.244269999999999925e-02
6.527729999999999817e-03
-9.687329999999999964e-05
-4.864020000000000149e-03
-1.040250000000000029e-02
-1.336599999999999941e-02
-1.312890000000000064e-02
-1.610040000000000082e-02
-1.807780000000000151e-02
-1.721560000000000104e-02
-1.714260000000000089e-02
-1.405469999999999983e-02
-1.014870000000000008e-02
-7.292619999999999658e-03
-3.612409999999999927e-03
-1.979429999999999905e-03
-2.437299999999999883e-03
-2.364479999999999967e-03
-2.454169999999999876e-03
-2.507839999999999896e-03
-2.628750000000000010e-03
-3.645470000000000047e-03
-7.257440000000000419e-03
-7.731120000000000179e-03
-7.419910000000000047e-03
-7.492020000000000277e-03
-7.641779999999999927e-03
-7.407210000000000009e-03
-7.587240000000000303e-03
-6.932070000000000246e-03
-4.914019999999999846e-03
-3.370119999999999887e-03
-3.675789999999999960e-03
-3.698480000000000083e-03
-6.562809999999999651e-03
-8.756250000000000144e-03
-8.548919999999999783e-03
-8.848440000000000819e-03
-1.117740000000000053e-02
-1.361829999999999985e-02
-1.698989999999999875e-02
-1.792650000000000146e-02
-1.670949999999999866e-02
-1.232879999999999913e-02
-5.291549999999999900e-03
-2.645390000000000068e-03
-2.837360000000000142e-03
-3.719000000000000083e-03
-6.817300000000000096e-03
-7.114249999999999914e-03
-3.512439999999999920e-03
-6.298719999999999623e-04
3.861859999999999946e-03
5.981949999999999767e-03
5.833739999999999586e-03
5.127630000000000209e-03
5.390100000000000099e-03
2.769039999999999956e-03
-5.845190000000000189e-05
-3.459939999999999891e-03
-5.356299999999999603e-03
-8.260450000000000778e-03
-1.117059999999999928e-02
-1.504540000000000044e-02
-1.837199999999999944e-02
-2.090130000000000113e-02
-2.217660000000000117e-02
-2.447879999999999848e-02
-2.831720000000000070e-02
-2.942499999999999977e-02
-3.133079999999999893e-02
-3.108949999999999908e-02
-2.763979999999999909e-02
-2.297659999999999980e-02
-1.781040000000000054e-02
-1.148429999999999937e-02
-6.460180000000000262e-03
-2.272609999999999995e-03
-3.195060000000000001e-04
2.420789999999999921e-03
4.722310000000000396e-03
7.511999999999999580e-03
1.076790000000000039e-02
1.444810000000000018e-02
1.594119999999999912e-02
1.509989999999999943e-02
1.452990000000000011e-02
1.166449999999999952e-02
6.804519999999999666e-03
1.703070000000000105e-03
-2.796250000000000124e-03
-5.958719999999999815e-03
-9.054289999999999561e-03
-1.039750000000000049e-02
-1.155499999999999930e-02
-1.454160000000000001e-02
-1.624640000000000112e-02
-1.822690000000000074e-02
-1.977869999999999975e-02
-2.119290000000000063e-02
-2.022130000000000108e-02
-1.914480000000000001e-02
-1.748509999999999995e-02
-1.437599999999999989e-02
-9.248849999999999433e-03
-4.310210000000000083e-03
2.725570000000000076e-03
9.223449999999999357e-03
1.443030000000000007e-02
1.762290000000000037e-02
1.961890000000000162e-02
2.019929999999999989e-02
1.751470000000000110e-02
1.446249999999999966e-02
1.161930000000000081e-02
7.304169999999999587e-03
4.048460000000000253e-03
1.517609999999999966e-03
8.151470000000000070e-04
-6.036089999999999598e-04
-2.200730000000000134e-03
-1.662330000000000058e-03
-7.958800000000000032e-04
1.419370000000000093e-03
4.247179999999999706e-03
8.031619999999999732e-03
9.603779999999999262e-03
1.028669999999999932e-02
8.559409999999999935e-03
7.479399999999999764e-03
5.415289999999999687e-03
4.495220000000000292e-03
6.081170000000000325e-03
7.163850000000000252e-03
6.634769999999999904e-03
5.156550000000000196e-03
3.160120000000000203e-03
1.562149999999999997e-03
-3.396429999999999870e-04
-1.265709999999999969e-03
2.055159999999999886e-04
2.100129999999999966e-03
2.065669999999999919e-03
3.145359999999999823e-03
4.946139999999999912e-03
5.737579999999999937e-03
6.269450000000000196e-03
6.735780000000000239e-03
7.984619999999999565e-03
9.046900000000000081e-03
9.997690000000000049e-03
1.125980000000000036e-02
1.173549999999999940e-02
1.264090000000000005e-02
1.274819999999999946e-02
1.197840000000000016e-02
1.116750000000000034e-02
1.021619999999999993e-02
8.021069999999999936e-03
6.969720000000000429e-03
5.285709999999999888e-03
4.296640000000000008e-03
4.062999999999999771e-03
3.677629999999999875e-03
3.368309999999999794e-03
2.639929999999999968e-03
1.191739999999999943e-03
8.576120000000000011e-04
8.325020000000000467e-04
6.101260000000000060e-04
4.619369999999999921e-04
3.656609999999999808e-04
6.847749999999999616e-05
-1.080400000000000024e-03
-2.239880000000000083e-03
-2.942880000000000149e-03
-3.522749999999999840e-03
-3.446410000000000012e-03
-2.776659999999999805e-03
-1.833030000000000033e-03
-1.610160000000000020e-03
-8.820499999999999998e-04
-3.806069999999999831e-04
-4.434470000000000252e-04
2.111050000000000058e-04
6.743149999999999838e-04
1.168049999999999904e-03
1.663830000000000040e-03
1.991699999999999894e-03
2.193810000000000031e-03
1.964679999999999899e-03
1.880289999999999956e-03
1.410999999999999928e-03
7.827970000000000067e-04
2.023530000000000055e-04
-4.752719999999999992e-04
-9.552729999999999728e-04
-1.226120000000000031e-03
-1.644349999999999935e-03
-1.692670000000000069e-03
-1.975199999999999873e-03
-2.152559999999999977e-03
-2.046689999999999881e-03
-1.979269999999999988e-03
-1.926610000000000041e-03
-1.850990000000000057e-03
-1.800799999999999970e-03
-1.566600000000000024e-03
-1.354940000000000007e-03
-1.241149999999999892e-03
-1.065280000000000046e-03
-1.094399999999999930e-03
-1.018639999999999910e-03
-9.130180000000000327e-04
-9.625089999999999557e-04
-1.015049999999999980e-03
-1.052159999999999901e-03
-1.017090000000000008e-03
-9.552599999999999850e-04
-1.004129999999999997e-03
-1.087920000000000033e-03
-1.192120000000000072e-03
-1.213829999999999944e-03
-1.212739999999999912e-03
-1.208319999999999924e-03
-1.224059999999999905e-03
-1.240219999999999994e-03
-1.240709999999999903e-03
-1.208029999999999911e-03
-1.175370000000000017e-03
-1.136669999999999998e-03
-1.127369999999999935e-03
-1.114650000000000016e-03
-1.087779999999999997e-03
-1.038620000000000081e-03
-9.712769999999999911e-04
-9.031580000000000424e-04
-8.420679999999999615e-04
-7.910670000000000071e-04
-7.468120000000000184e-04
-7.021469999999999708e-04
-6.649849999999999902e-04
-6.324149999999999954e-04
-5.976799999999999561e-04
-5.631489999999999847e-04
-5.296879999999999471e-04
-4.982499999999999950e-04
-4.610390000000000018e-04
-4.240380000000000082e-04
-3.874379999999999860e-04
-3.515759999999999827e-04
-3.159330000000000124e-04
-2.817000000000000168e-04
-2.475569999999999746e-04
-2.135720000000000077e-04
-1.802300000000000007e-04
-1.478560000000000020e-04
-1.161370000000000029e-04
-8.563079999999999336e-05
-5.591269999999999747e-05
-2.703030000000000105e-05
1.069370000000000105e-06
2.834180000000000027e-05
5.482489999999999749e-05
8.045770000000000048e-05
1.052689999999999979e-04
1.292479999999999931e-04
1.524060000000000041e-04
