-1.177699999999999964e-06
-4.172349999999999956e-06
-6.451600000000000199e-06
-5.114739999999999754e-06
-3.877460000000000099e-07
1.886630000000000053e-06
8.831870000000000535e-06
1.649070000000000120e-05
3.028930000000000153e-05
3.944489999999999905e-05
2.884649999999999901e-05
1.171679999999999936e-05
5.972219999999999886e-06
-3.754579999999999889e-06
-9.771540000000000637e-06
8.498530000000000437e-06
1.365640000000000023e-05
9.951409999999999984e-06
1.823160000000000007e-05
2.332820000000000138e-05
1.035840000000000030e-04
1.526099999999999907e-04
2.307170000000000138e-05
-2.436130000000000001e-04
-5.228280000000000297e-04
-4.068829999999999734e-04
-7.602619999999999387e-05
3.524830000000000064e-04
5.565929999999999749e-04
2.359919999999999997e-04
-8.636779999999999935e-04
-1.562479999999999989e-03
-7.977890000000000285e-04
8.160949999999999715e-04
1.273290000000000055e-03
2.512789999999999772e-04
-5.112209999999999628e-04
4.644169999999999955e-05
1.302669999999999913e-03
1.978839999999999939e-03
2.783630000000000045e-03
2.913049999999999928e-03
2.104159999999999885e-03
7.872489999999999566e-04
-4.089659999999999736e-04
-8.251709999999999774e-04
-8.273850000000000074e-05
3.099569999999999734e-04
-1.383549999999999993e-04
-1.205630000000000070e-03
-1.161289999999999935e-03
-2.930039999999999750e-04
-2.439320000000000084e-04
-1.082089999999999962e-03
-1.932190000000000079e-03
-1.656259999999999894e-03
-1.795689999999999960e-03
-2.779509999999999793e-03
-3.379710000000000179e-03
-3.110190000000000090e-03
-2.148569999999999820e-03
2.681410000000000133e-05
5.272500000000000277e-03
8.931190000000000309e-03
8.375260000000000690e-03
4.120060000000000042e-03
-4.810939999999999661e-03
-8.454480000000000328e-03
-1.137820000000000107e-03
6.257910000000000209e-03
6.633349999999999663e-03
2.112269999999999859e-03
-2.700950000000000139e-03
-2.432300000000000087e-03
-5.178960000000000031e-04
-1.480170000000000053e-03
-3.279550000000000000e-03
-2.459949999999999810e-03
-4.345069999999999922e-04
9.508159999999999442e-05
9.968670000000000222e-04
5.306879999999999931e-03
8.580380000000000298e-03
5.321529999999999663e-03
-1.053770000000000097e-03
-3.772590000000000145e-03
-2.640940000000000041e-03
-2.654090000000000008e-03
-6.417860000000000058e-03
-8.875330000000000719e-03
-6.420160000000000276e-03
-1.349509999999999946e-03
6.281950000000000121e-04
6.042299999999999798e-04
1.035810000000000073e-03
3.235839999999999810e-03
5.840040000000000335e-03
6.082480000000000352e-03
2.158049999999999899e-03
-3.833420000000000143e-03
-7.272419999999999926e-03
-7.416569999999999933e-03
-1.150039999999999960e-03
7.896570000000000325e-03
1.206289999999999966e-02
1.102309999999999922e-02
3.483070000000000003e-03
-6.642180000000000133e-03
-8.796409999999999299e-03
-4.398710000000000120e-03
-3.790790000000000045e-03
-7.663480000000000292e-03
-1.185459999999999986e-02
-1.290859999999999924e-02
-8.562270000000000297e-03
-1.842539999999999933e-03
5.172040000000000144e-03
1.313830000000000033e-02
1.702719999999999928e-02
1.592460000000000056e-02
9.709199999999999428e-03
2.607889999999999861e-03
1.953199999999999988e-03
5.102859999999999861e-03
5.540980000000000037e-03
1.507630000000000038e-03
-2.361189999999999936e-04
-7.750069999999999475e-05
2.187979999999999960e-03
6.986430000000000071e-03
6.661170000000000112e-03
-6.104560000000000194e-03
-2.307359999999999967e-02
-3.474290000000000017e-02
-2.395119999999999888e-02
5.359609999999999461e-04
1.661920000000000064e-02
1.921969999999999928e-02
1.339970000000000050e-02
3.177730000000000138e-03
-7.790909999999999849e-03
-1.567479999999999915e-02
-1.918500000000000066e-02
-1.840970000000000106e-02
-1.641360000000000041e-02
-7.850879999999999317e-03
5.323079999999999999e-03
1.517310000000000013e-02
1.319239999999999996e-02
4.912820000000000034e-04
-2.055850000000000039e-02
-2.860880000000000020e-02
-1.335159999999999993e-02
4.067710000000000423e-03
7.575690000000000375e-03
7.256470000000000108e-03
7.801660000000000192e-03
9.661370000000000721e-03
1.284749999999999955e-02
1.449819999999999928e-02
1.423460000000000003e-02
1.144359999999999995e-02
1.756329999999999957e-03
-1.483420000000000051e-02
-2.052450000000000108e-02
-4.052970000000000357e-03
1.268069999999999961e-02
1.608230000000000076e-02
1.255790000000000031e-02
3.346529999999999904e-03
-1.055990000000000054e-02
-1.917579999999999979e-02
-1.702659999999999937e-02
-1.017410000000000016e-02
-1.799349999999999908e-03
2.959170000000000116e-03
4.258379999999999978e-03
6.105659999999999733e-03
7.076210000000000312e-03
7.809639999999999638e-03
1.118790000000000062e-02
1.307310000000000069e-02
1.166389999999999962e-02
7.539009999999999635e-03
4.061649999999999983e-03
1.708270000000000014e-03
1.413479999999999945e-03
3.663889999999999942e-03
4.912470000000000378e-03
3.168100000000000083e-03
-8.675889999999999904e-04
-7.207579999999999890e-03
-5.916109999999999598e-03
2.848960000000000208e-03
7.470840000000000293e-03
4.873360000000000192e-03
-1.813299999999999895e-03
-3.737270000000000002e-03
3.174140000000000072e-06
3.392099999999999890e-03
5.410619999999999666e-03
5.417739999999999882e-03
7.510239999999999624e-03
6.123370000000000375e-03
-3.736049999999999983e-04
-1.276900000000000084e-02
-1.902579999999999896e-02
-1.790390000000000037e-02
-1.255659999999999936e-02
-7.437169999999999892e-03
-6.720819999999999746e-03
-7.101729999999999675e-03
-2.471749999999999772e-04
1.287360000000000067e-02
1.504439999999999944e-02
5.654229999999999673e-03
-5.521390000000000152e-03
-1.243870000000000045e-02
-1.648720000000000047e-02
-1.397529999999999953e-02
4.662480000000000097e-03
1.977809999999999985e-02
2.380550000000000027e-02
2.141739999999999963e-02
1.113970000000000064e-02
6.777840000000000253e-03
5.976579999999999566e-03
-2.284850000000000162e-03
-2.624129999999999865e-02
-3.743760000000000143e-02
-3.418920000000000292e-02
-1.977960000000000135e-02
9.341949999999999907e-03
3.115599999999999967e-02
3.789870000000000044e-02
2.559070000000000095e-02
-2.414089999999999812e-03
-2.614740000000000120e-02
-3.375229999999999897e-02
-2.977859999999999882e-02
-2.252329999999999957e-02
-4.109139999999999841e-03
1.881299999999999986e-02
3.367969999999999992e-02
3.524449999999999805e-02
2.786610000000000129e-02
1.979540000000000119e-02
2.975680000000000078e-03
-2.420920000000000016e-02
-4.015710000000000113e-02
-3.585399999999999698e-02
-9.828210000000000418e-03
1.276290000000000063e-02
1.726710000000000050e-02
4.518199999999999994e-03
-8.815389999999999338e-03
-2.715679999999999830e-03
1.113850000000000083e-02
1.623549999999999993e-02
1.061510000000000058e-02
3.400320000000000079e-03
-3.761200000000000133e-03
-7.791519999999999696e-03
1.524240000000000057e-03
1.601980000000000071e-02
2.120839999999999878e-02
1.764030000000000112e-02
1.142800000000000066e-02
3.847650000000000202e-03
3.453929999999999913e-04
2.925740000000000025e-03
6.372550000000000263e-03
8.001710000000000420e-03
2.921490000000000111e-03
-1.142759999999999956e-02
-2.140999999999999848e-02
-2.220499999999999904e-02
-1.372759999999999952e-02
-7.807699999999999666e-04
1.064559999999999985e-02
1.072210000000000003e-02
3.746820000000000098e-03
-1.871410000000000001e-03
1.416869999999999978e-03
9.696259999999999948e-03
1.179720000000000074e-02
6.970989999999999825e-03
-4.047499999999999991e-04
-2.700460000000000013e-03
5.531510000000000170e-05
4.758870000000000114e-03
5.909110000000000404e-03
5.293370000000000367e-03
4.796670000000000274e-03
-4.010919999999999742e-04
-1.592970000000000150e-02
-2.728900000000000076e-02
-2.482919999999999919e-02
-1.103729999999999989e-02
6.481950000000000212e-03
1.147169999999999961e-02
1.064599999999999921e-02
1.959400000000000031e-03
-1.069190000000000071e-02
-1.178109999999999921e-02
-3.092859999999999793e-03
1.526149999999999989e-03
-2.639799999999999872e-03
-8.481930000000000372e-03
-8.286770000000000594e-03
-3.272870000000000206e-03
2.650070000000000030e-03
8.752009999999999304e-03
1.293369999999999936e-02
1.208459999999999916e-02
7.373929999999999894e-03
-8.387540000000000620e-03
-1.775629999999999917e-02
-1.159169999999999992e-02
-3.111319999999999884e-03
-3.442989999999999939e-03
-1.131700000000000067e-02
-1.412290000000000073e-02
-1.075380000000000086e-02
-7.887699999999999226e-03
-7.848590000000000774e-03
-7.905670000000000058e-03
-8.944370000000000098e-03
-6.831480000000000018e-03
-1.326609999999999985e-03
1.071169999999999935e-02
2.674609999999999835e-02
3.369409999999999766e-02
3.448989999999999695e-02
2.750810000000000061e-02
1.278239999999999932e-02
-1.239679999999999949e-02
-2.613800000000000151e-02
-2.078040000000000095e-02
-8.734280000000000516e-03
-6.315679999999999732e-03
-9.967739999999999240e-03
-9.339490000000000638e-03
7.836839999999999432e-03
2.653449999999999906e-02
3.377650000000000097e-02
3.451760000000000245e-02
2.157649999999999846e-02
1.430260000000000038e-03
-1.903240000000000140e-02
-2.010539999999999897e-02
-7.354190000000000033e-03
8.372279999999999306e-03
1.608269999999999839e-02
9.991879999999999859e-03
-4.933370000000000290e-03
-1.586020000000000138e-02
-1.100549999999999966e-02
1.460869999999999964e-03
3.762109999999999933e-03
-3.126830000000000147e-03
-2.484340000000000159e-02
-4.302059999999999912e-02
-4.832680000000000309e-02
-2.139550000000000132e-02
2.095680000000000112e-02
4.785999999999999976e-02
3.326520000000000171e-02
-1.021240000000000082e-03
-2.202950000000000047e-02
-2.101089999999999902e-02
-8.886869999999999839e-03
3.005840000000000074e-03
6.292510000000000291e-03
2.807469999999999736e-04
-5.846940000000000123e-03
-5.347700000000000370e-03
-2.058410000000000101e-03
5.317610000000000392e-03
1.086819999999999974e-02
6.515960000000000328e-03
-1.212360000000000000e-02
-2.487129999999999896e-02
-2.022430000000000061e-02
-3.308170000000000034e-03
5.288320000000000000e-03
5.206979999999999942e-03
1.613599999999999974e-03
-7.533169999999999840e-04
4.256150000000000211e-03
1.474010000000000077e-02
1.724730000000000013e-02
1.144309999999999945e-02
-2.815039999999999990e-03
-1.208030000000000041e-02
-9.357670000000000224e-03
4.922229999999999661e-03
1.718019999999999964e-02
2.123670000000000072e-02
1.864139999999999894e-02
1.312969999999999936e-02
-4.723279999999999840e-03
-2.537479999999999944e-02
-3.423969999999999791e-02
-3.056009999999999976e-02
-1.733979999999999896e-02
-1.001249999999999970e-03
8.578350000000000211e-03
1.437010000000000023e-02
2.004589999999999844e-02
2.206460000000000019e-02
1.999590000000000048e-02
1.310039999999999989e-02
-4.827399999999999920e-03
-2.372209999999999944e-02
-2.876570000000000168e-02
-1.678680000000000103e-02
2.811230000000000066e-03
1.118070000000000001e-02
1.126659999999999988e-02
1.367409999999999980e-02
1.644220000000000056e-02
1.546400000000000031e-02
4.861980000000000121e-03
-1.274980000000000037e-02
-3.168979999999999714e-02
-3.927590000000000248e-02
-3.543980000000000047e-02
4.326749999999999867e-04
3.370929999999999760e-02
3.585409999999999986e-02
2.679950000000000040e-02
1.182270000000000022e-02
7.094030000000000301e-03
1.513240000000000071e-02
2.461570000000000077e-02
2.288489999999999969e-02
1.131410000000000055e-02
7.367989999999999609e-03
1.817219999999999946e-02
3.792369999999999769e-02
5.799819999999999975e-02
6.420470000000000343e-02
6.050289999999999835e-02
5.703649999999999692e-02
6.559959999999999403e-02
7.576479999999999326e-02
7.087029999999999719e-02
5.195369999999999849e-02
1.952419999999999850e-02
-1.931189999999999990e-02
-5.624210000000000320e-02
-9.236439999999999928e-02
-1.236280000000000018e-01
-1.432209999999999872e-01
-1.552080000000000126e-01
-1.615669999999999884e-01
-1.597389999999999921e-01
-1.483049999999999924e-01
-1.295989999999999920e-01
-1.023960000000000009e-01
-6.595950000000000424e-02
-2.790480000000000044e-02
8.613749999999999879e-03
3.908500000000000169e-02
6.801799999999999513e-02
8.080320000000000558e-02
7.847400000000000209e-02
7.537779999999999481e-02
7.016630000000000089e-02
5.662550000000000222e-02
4.242710000000000231e-02
3.021439999999999890e-02
1.948019999999999960e-02
2.149320000000000050e-02
3.587180000000000230e-02
5.190220000000000250e-02
4.315560000000000229e-02
6.086860000000000361e-03
-3.125660000000000244e-02
-5.124229999999999757e-02
-5.839169999999999777e-02
-6.183639999999999970e-02
-5.654669999999999835e-02
-1.625630000000000130e-02
3.306449999999999667e-02
5.332230000000000303e-02
4.330169999999999852e-02
2.245420000000000055e-02
8.066020000000000134e-03
1.004009999999999972e-02
2.009649999999999978e-02
2.124660000000000090e-02
1.005370000000000048e-02
-1.036940000000000084e-02
-2.464349999999999874e-02
-3.685700000000000087e-02
-5.273699999999999916e-02
-7.504410000000000247e-02
-7.934159999999999824e-02
-5.758979999999999655e-02
5.801960000000000103e-03
7.446310000000000429e-02
1.283549999999999969e-01
1.356090000000000073e-01
1.076209999999999944e-01
6.576840000000000463e-02
3.936350000000000265e-02
2.912369999999999889e-02
1.981319999999999956e-02
1.112699999999999974e-02
-7.416629999999999577e-03
-1.221539999999999952e-02
-4.694519999999999769e-03
1.733210000000000002e-03
4.041770000000000085e-03
-7.366349999999999808e-03
-2.543089999999999934e-02
-4.339139999999999664e-02
-5.868679999999999730e-02
-6.526990000000000569e-02
-6.046880000000000310e-02
-4.574349999999999944e-02
-2.539109999999999978e-02
2.798599999999999938e-04
2.432250000000000037e-02
4.751989999999999686e-02
6.888479999999999603e-02
8.420460000000000444e-02
9.811979999999999313e-02
1.080760000000000054e-01
1.114460000000000034e-01
1.041419999999999985e-01
9.011020000000000141e-02
8.055759999999999310e-02
7.207099999999999618e-02
4.152240000000000097e-02
-1.610409999999999967e-02
-7.060909999999999409e-02
-1.246550000000000019e-01
-1.579579999999999873e-01
-1.614170000000000049e-01
-1.596019999999999939e-01
-1.572620000000000129e-01
-1.581029999999999935e-01
-1.590000000000000024e-01
-1.513680000000000025e-01
-1.083019999999999955e-01
-4.660659999999999803e-02
1.168740000000000057e-02
6.672269999999999590e-02
1.091389999999999999e-01
1.284150000000000014e-01
1.224670000000000064e-01
9.235459999999999503e-02
4.969010000000000093e-02
2.790950000000000028e-02
2.014449999999999921e-02
2.139630000000000004e-02
3.177499999999999769e-02
4.427480000000000304e-02
4.046639999999999959e-02
2.520729999999999846e-02
1.569450000000000012e-02
1.170080000000000078e-02
1.446169999999999921e-02
9.933650000000000466e-03
-9.515559999999999297e-03
-3.089839999999999948e-02
-4.106420000000000209e-02
-3.861629999999999924e-02
-2.642620000000000038e-02
-7.637559999999999835e-03
-2.096069999999999791e-03
-1.424090000000000078e-02
-4.204159999999999842e-02
-6.538539999999999630e-02
-8.853149999999999908e-02
-1.017929999999999946e-01
-1.092280000000000056e-01
-1.172470000000000040e-01
-1.181350000000000039e-01
-9.920080000000000564e-02
-5.296639999999999682e-02
1.166359999999999966e-02
6.213400000000000173e-02
1.093810000000000060e-01
1.287429999999999963e-01
1.140420000000000045e-01
9.348239999999999328e-02
7.487399999999999611e-02
5.506570000000000215e-02
4.389930000000000221e-02
3.764780000000000210e-02
2.872390000000000013e-02
6.861950000000000341e-03
-1.525669999999999978e-02
-1.719920000000000129e-02
2.838080000000000203e-03
1.522459999999999959e-02
1.751799999999999885e-02
1.174290000000000056e-02
-2.406170000000000010e-03
-2.582989999999999939e-02
-4.112450000000000133e-02
-4.115100000000000008e-02
-2.866840000000000013e-02
-1.375159999999999924e-02
-7.189870000000000115e-03
-3.468230000000000098e-03
-5.610009999999999910e-04
5.380150000000000210e-03
1.467309999999999968e-02
3.027900000000000036e-02
5.518449999999999744e-02
8.114040000000000141e-02
1.096260000000000012e-01
1.379360000000000031e-01
1.399729999999999863e-01
1.257979999999999932e-01
9.041989999999999750e-02
5.171160000000000340e-02
2.741429999999999909e-02
1.064350000000000018e-02
-6.164130000000000087e-04
-1.368119999999999926e-02
-4.220999999999999752e-02
-9.043210000000000137e-02
-1.118419999999999970e-01
-1.032460000000000044e-01
-7.692519999999999913e-02
-4.784660000000000302e-02
-3.863409999999999761e-02
-3.745810000000000112e-02
-3.388580000000000064e-02
-2.578029999999999905e-02
-1.435939999999999959e-02
1.283599999999999975e-03
2.234579999999999900e-02
3.658050000000000190e-02
3.845540000000000069e-02
1.967599999999999905e-02
5.086809999999999769e-03
8.418919999999999876e-03
2.179270000000000165e-02
3.600110000000000116e-02
5.159219999999999778e-02
5.761759999999999798e-02
5.498610000000000303e-02
4.677599999999999814e-02
2.746720000000000064e-02
-9.387569999999999595e-03
-4.925120000000000192e-02
-9.128550000000000553e-02
-1.200019999999999976e-01
-1.280380000000000129e-01
-1.258759999999999879e-01
-1.150010000000000060e-01
-8.708000000000000462e-02
-5.670170000000000071e-02
-3.895320000000000032e-02
-2.617279999999999954e-02
-1.883920000000000039e-02
-1.317519999999999976e-02
-1.558149999999999900e-03
1.388469999999999982e-02
3.045869999999999828e-02
4.186610000000000331e-02
5.261679999999999829e-02
5.139719999999999706e-02
2.286059999999999828e-02
-8.916479999999999198e-03
-4.060280000000000139e-02
-7.261199999999999599e-02
-8.502160000000000273e-02
-7.764020000000000643e-02
-5.160490000000000216e-02
8.399599999999999471e-04
3.836380000000000345e-02
5.212259999999999810e-02
5.337299999999999683e-02
4.901099999999999901e-02
4.281410000000000077e-02
5.226390000000000202e-02
4.607710000000000278e-02
8.295089999999999755e-03
-4.049169999999999853e-02
-7.024959999999999538e-02
-7.799720000000000264e-02
-7.485630000000000062e-02
-5.471279999999999893e-02
-1.696589999999999904e-02
1.101659999999999966e-02
2.338449999999999904e-02
2.986859999999999862e-02
3.384619999999999990e-02
3.743459999999999843e-02
4.178609999999999963e-02
5.533640000000000086e-02
7.967970000000000608e-02
8.663930000000000242e-02
6.827629999999999810e-02
4.166580000000000283e-02
8.817959999999999687e-03
-1.464090000000000009e-02
-1.860469999999999832e-02
-4.397599999999999773e-03
1.216180000000000039e-02
2.608009999999999842e-02
3.205460000000000254e-02
3.423579999999999679e-02
3.548599999999999671e-02
3.626120000000000038e-02
3.562470000000000220e-02
3.095809999999999881e-02
2.422370000000000079e-02
2.260289999999999869e-02
2.318479999999999847e-02
2.125760000000000149e-02
-2.235580000000000032e-03
-3.533479999999999954e-02
-6.852629999999999832e-02
-8.471700000000000064e-02
-8.403869999999999396e-02
-6.955899999999999583e-02
-2.743050000000000002e-02
1.374320000000000055e-02
3.291630000000000250e-02
1.980159999999999906e-02
-1.367660000000000056e-02
-3.249749999999999861e-02
-2.758170000000000066e-02
-7.132490000000000011e-03
1.477730000000000016e-02
2.415629999999999861e-02
2.649260000000000156e-02
1.854690000000000158e-02
5.162840000000000137e-03
-4.544539999999999691e-03
-1.264780000000000071e-02
-1.869579999999999853e-02
-1.859749999999999945e-02
-1.063330000000000004e-02
4.393669999999999694e-03
1.192209999999999971e-02
1.100800000000000042e-02
3.131430000000000151e-03
-1.366209999999999994e-02
-3.105269999999999905e-02
-2.685140000000000096e-02
5.455160000000000130e-04
2.951849999999999960e-02
5.432490000000000235e-02
6.581359999999999988e-02
5.900740000000000152e-02
4.922599999999999892e-02
3.617080000000000295e-02
2.044609999999999830e-02
-1.501680000000000029e-03
-2.707860000000000128e-02
-4.029970000000000080e-02
-4.129150000000000181e-02
-4.035659999999999942e-02
-4.002689999999999720e-02
-3.942260000000000209e-02
-3.384920000000000290e-02
-1.712599999999999886e-02
8.885070000000000121e-03
2.759899999999999853e-02
3.300150000000000305e-02
2.368090000000000125e-02
1.810940000000000032e-03
-1.555989999999999977e-02
-1.610110000000000013e-02
-8.836739999999999179e-03
-8.127719999999999737e-03
-1.923669999999999894e-02
-3.514860000000000206e-02
-4.721539999999999765e-02
-4.767249999999999960e-02
-4.058849999999999958e-02
-2.466459999999999833e-02
-9.269670000000000687e-03
1.664019999999999996e-03
7.213510000000000234e-03
1.376899999999999999e-02
2.210389999999999924e-02
3.265950000000000103e-02
5.254349999999999993e-02
7.099949999999999317e-02
6.963289999999999758e-02
5.918430000000000218e-02
4.505669999999999814e-02
4.002349999999999658e-02
4.319970000000000060e-02
4.902299999999999713e-02
4.417039999999999855e-02
1.990679999999999880e-02
-1.001050000000000030e-02
-3.740009999999999862e-02
-6.216429999999999872e-02
-7.007199999999999540e-02
-5.759879999999999861e-02
-1.904700000000000143e-02
2.921959999999999835e-02
6.547909999999999842e-02
7.479270000000000362e-02
6.637659999999999394e-02
5.226100000000000190e-02
2.707609999999999878e-02
-6.798059999999999867e-03
-3.864839999999999942e-02
-6.289039999999999908e-02
-7.229939999999999978e-02
-7.020909999999999651e-02
-6.262280000000000624e-02
-5.325740000000000335e-02
-3.997699999999999865e-02
-2.266800000000000065e-02
-1.119750000000000086e-02
-1.377210000000000066e-02
-2.876899999999999943e-02
-3.962890000000000162e-02
-3.948639999999999789e-02
-3.234650000000000025e-02
-1.687879999999999936e-02
-3.041439999999999855e-03
3.276380000000000178e-03
7.629450000000000294e-03
1.190510000000000006e-02
1.372839999999999998e-02
1.354020000000000050e-02
2.064009999999999803e-03
-2.691270000000000120e-02
-4.971269999999999856e-02
-5.921860000000000318e-02
-5.454930000000000195e-02
-3.254499999999999754e-02
-6.310650000000000114e-03
4.082999999999999824e-03
-1.717259999999999967e-03
-1.276970000000000015e-02
-1.747340000000000004e-02
-1.573329999999999868e-02
-1.411259999999999945e-02
-9.914479999999999821e-03
-4.787660000000000006e-03
4.902549999999999877e-04
1.894740000000000009e-03
-3.362819999999999872e-03
-1.051990000000000043e-02
-1.063739999999999998e-02
-3.337750000000000005e-03
1.282499999999999959e-02
3.901580000000000326e-02
5.803769999999999762e-02
7.187880000000000658e-02
9.093740000000000157e-02
9.722799999999999498e-02
7.391929999999999334e-02
3.496710000000000096e-02
6.661399999999999613e-03
-1.450820000000000061e-02
-1.608650000000000010e-02
6.274740000000000439e-04
1.709909999999999902e-02
3.351339999999999875e-02
5.033010000000000261e-02
6.465840000000000476e-02
6.545779999999999654e-02
5.714600000000000235e-02
4.272990000000000121e-02
2.503649999999999973e-02
8.645319999999999741e-03
-9.490739999999999246e-03
-1.645519999999999969e-02
-2.141940000000000163e-03
1.881259999999999877e-02
3.035749999999999907e-02
3.035010000000000138e-02
1.766739999999999977e-02
4.220970000000000104e-03
-6.560510000000000300e-03
-1.697769999999999835e-02
-2.880879999999999899e-02
-3.882080000000000253e-02
-5.535380000000000161e-02
-7.397760000000000447e-02
-7.682479999999999865e-02
-6.554119999999999391e-02
-3.401629999999999932e-02
2.823620000000000210e-03
2.398099999999999885e-02
2.206620000000000109e-02
2.041499999999999912e-02
2.847610000000000072e-02
3.234419999999999656e-02
3.016150000000000081e-02
2.297269999999999868e-02
1.166529999999999997e-02
4.428490000000000204e-03
1.704299999999999912e-02
2.973469999999999933e-02
2.585060000000000136e-02
1.365180000000000039e-02
-1.582549999999999929e-02
-6.038919999999999705e-02
-8.692500000000000226e-02
-8.205969999999999931e-02
-6.807080000000000075e-02
-5.945460000000000328e-02
-6.209710000000000230e-02
-7.233439999999999315e-02
-8.151590000000000225e-02
-8.274860000000000548e-02
-7.137350000000000638e-02
-3.363050000000000067e-02
1.226909999999999980e-02
3.250039999999999873e-02
3.626240000000000019e-02
3.314369999999999816e-02
2.502029999999999879e-02
1.249570000000000021e-02
-1.040259999999999969e-02
-3.636190000000000255e-02
-4.406700000000000200e-02
-3.545809999999999934e-02
-7.336299999999999592e-03
3.366569999999999979e-02
7.130409999999999526e-02
9.958069999999999422e-02
1.082300000000000068e-01
1.110140000000000016e-01
1.104929999999999940e-01
9.822319999999999662e-02
6.424430000000000418e-02
1.809799999999999950e-02
-2.574310000000000140e-02
-6.776119999999999366e-02
-9.211500000000000243e-02
-8.660470000000000668e-02
-5.301539999999999725e-02
-1.937039999999999899e-03
2.773209999999999911e-02
3.389930000000000027e-02
2.825120000000000062e-02
1.314940000000000032e-02
1.920389999999999901e-03
-5.356699999999999721e-05
4.366130000000000184e-03
6.106870000000000354e-03
4.216799999999999715e-03
-2.297079999999999955e-03
-4.495370000000000268e-03
1.206880000000000019e-03
4.658110000000000028e-03
-2.779569999999999871e-03
-1.850040000000000018e-02
-4.605950000000000322e-02
-7.023200000000000276e-02
-7.894080000000000541e-02
-7.638509999999999744e-02
-7.059970000000000134e-02
-5.973699999999999843e-02
-4.248690000000000105e-02
-8.703590000000000632e-03
3.294169999999999737e-02
7.062939999999999496e-02
1.012929999999999942e-01
1.174329999999999957e-01
1.143630000000000063e-01
9.076049999999999396e-02
4.865479999999999805e-02
2.769769999999999958e-03
-3.977200000000000180e-02
-7.104050000000000642e-02
-7.766159999999999730e-02
-6.870610000000000606e-02
-3.182419999999999694e-02
1.221189999999999949e-02
4.932040000000000035e-02
8.289390000000000647e-02
9.013730000000000353e-02
7.088239999999999819e-02
3.845049999999999857e-02
-6.620629999999999744e-03
-3.157970000000000221e-02
-2.307949999999999932e-02
-1.261320000000000019e-03
1.897920000000000162e-02
2.882099999999999940e-02
3.223850000000000326e-02
2.059990000000000085e-02
-3.858589999999999850e-03
-3.180750000000000244e-02
-5.631099999999999994e-02
-8.082789999999999420e-02
-9.847269999999999635e-02
-1.050910000000000039e-01
-1.042420000000000013e-01
-9.987429999999999919e-02
-8.597259999999999625e-02
-3.149679999999999841e-02
5.530770000000000131e-02
8.970319999999999683e-02
9.995809999999999418e-02
1.037359999999999949e-01
9.371659999999999713e-02
7.318700000000000205e-02
4.255679999999999880e-02
2.527969999999999870e-02
1.788220000000000087e-02
9.664290000000000727e-03
-1.849400000000000013e-04
-1.517849999999999928e-02
-3.235810000000000075e-02
-4.709420000000000273e-02
-5.502959999999999796e-02
-4.762310000000000154e-02
-1.458830000000000023e-02
2.397190000000000085e-02
4.409740000000000187e-02
4.695219999999999949e-02
3.222620000000000345e-02
2.656170000000000059e-02
3.450690000000000007e-02
4.016440000000000288e-02
3.870040000000000285e-02
3.123220000000000163e-02
2.184869999999999868e-02
1.517370000000000003e-02
1.994829999999999867e-02
2.863239999999999882e-02
1.458229999999999943e-02
-1.514109999999999935e-02
-4.043589999999999685e-02
-6.534009999999999818e-02
-8.606279999999999486e-02
-1.002389999999999948e-01
-9.858930000000000471e-02
-7.715320000000000511e-02
-1.576939999999999939e-02
3.784150000000000014e-02
6.974279999999999369e-02
9.290450000000000097e-02
9.329859999999999542e-02
6.773079999999999379e-02
3.305999999999999911e-02
-8.373039999999999780e-04
-3.376740000000000297e-02
-5.415880000000000000e-02
-5.173300000000000121e-02
-2.642879999999999882e-02
4.463129999999999940e-04
2.142890000000000073e-02
2.231069999999999928e-02
5.640939999999999670e-03
-1.906789999999999874e-02
-4.296090000000000325e-02
-5.957769999999999733e-02
-6.874059999999999893e-02
-6.250959999999999850e-02
-4.454960000000000170e-02
-2.587139999999999926e-02
-1.024040000000000020e-02
-1.509560000000000068e-03
7.267120000000000177e-03
1.283160000000000030e-02
1.612430000000000113e-02
2.509749999999999828e-02
4.288720000000000032e-02
6.957399999999999696e-02
1.177340000000000053e-01
1.430490000000000095e-01
1.372049999999999936e-01
1.232229999999999992e-01
8.900800000000000378e-02
4.179410000000000069e-02
-1.170299999999999986e-02
-6.335449999999999415e-02
-1.149629999999999957e-01
-1.526550000000000129e-01
-1.632500000000000062e-01
-1.491949999999999943e-01
-1.105099999999999971e-01
-4.997650000000000009e-02
-2.555809999999999940e-03
3.625260000000000288e-02
5.356280000000000069e-02
4.784399999999999764e-02
2.935839999999999977e-02
6.249249999999999597e-03
-3.801580000000000237e-02
-6.959579999999999933e-02
-6.945189999999999697e-02
-4.335800000000000071e-02
-6.331400000000000049e-03
1.898369999999999919e-02
2.725980000000000070e-02
1.119769999999999967e-02
-1.353449999999999966e-02
-3.787850000000000245e-02
-4.768180000000000335e-02
-4.409749999999999781e-02
-1.939609999999999945e-02
1.830800000000000136e-02
4.424519999999999842e-02
5.230710000000000220e-02
4.414180000000000187e-02
2.648139999999999869e-02
7.013229999999999638e-03
-3.533189999999999855e-03
1.092040000000000068e-03
9.103870000000000018e-03
1.191099999999999971e-02
1.179939999999999982e-02
1.835960000000000023e-02
3.043819999999999859e-02
3.868579999999999935e-02
3.804659999999999986e-02
3.025100000000000011e-02
2.109269999999999895e-02
1.300519999999999975e-02
-5.646460000000000281e-04
-2.778759999999999911e-02
-6.001050000000000134e-02
-7.725619999999999710e-02
-7.794189999999999452e-02
-6.881829999999999892e-02
-4.716030000000000222e-02
-1.606940000000000104e-02
1.838959999999999900e-02
5.229190000000000227e-02
7.942920000000000536e-02
8.939669999999999561e-02
8.157140000000000224e-02
5.413169999999999787e-02
2.447890000000000135e-02
1.966649999999999909e-03
-1.301470000000000057e-02
-2.478920000000000082e-02
-3.172490000000000032e-02
-4.013060000000000238e-02
-4.875630000000000241e-02
-5.623299999999999826e-02
-5.544009999999999910e-02
-5.041190000000000254e-02
-4.975569999999999993e-02
-5.927759999999999974e-02
-6.904549999999999577e-02
-8.271720000000000461e-02
-8.006349999999999578e-02
-5.737790000000000251e-02
-6.875250000000000285e-03
3.633759999999999768e-02
5.963940000000000213e-02
6.198909999999999837e-02
4.474260000000000043e-02
2.587129999999999985e-02
1.580990000000000173e-02
2.596510000000000137e-02
3.810419999999999779e-02
4.779599999999999821e-02
5.117420000000000302e-02
4.774819999999999759e-02
3.460989999999999900e-02
1.705889999999999837e-02
7.793729999999999799e-04
-1.029290000000000066e-02
-6.415289999999999708e-03
1.387769999999999976e-02
4.154519999999999741e-02
7.474970000000000225e-02
8.642829999999999957e-02
7.801310000000000189e-02
6.362589999999999912e-02
4.768549999999999872e-02
2.747499999999999942e-02
5.694079999999999801e-03
-1.374859999999999971e-02
-3.272080000000000127e-02
-4.756540000000000074e-02
-5.437829999999999747e-02
-5.634379999999999944e-02
-5.600659999999999666e-02
-4.986750000000000210e-02
-3.731570000000000026e-02
-1.710959999999999911e-02
5.724199999999999601e-03
1.891050000000000023e-02
2.333560000000000148e-02
2.078249999999999889e-02
1.345720000000000076e-02
2.507720000000000175e-03
-7.563710000000000398e-03
-1.280519999999999922e-02
-5.278200000000000253e-03
3.552780000000000174e-03
5.893970000000000112e-03
6.565969999999999966e-03
1.180699999999999979e-02
2.264209999999999834e-02
3.474540000000000267e-02
4.660860000000000003e-02
5.430429999999999979e-02
5.224569999999999909e-02
3.033639999999999948e-02
5.008529999999999753e-03
-9.848269999999999247e-03
-2.219840000000000008e-02
-3.551150000000000140e-02
-4.520849999999999869e-02
-5.286330000000000195e-02
-5.818340000000000317e-02
-5.782910000000000134e-02
-5.345350000000000101e-02
-4.324789999999999884e-02
-2.833290000000000114e-02
-3.536019999999999962e-03
1.280910000000000035e-02
2.070390000000000078e-02
2.531020000000000145e-02
3.180659999999999737e-02
3.838740000000000208e-02
3.798689999999999706e-02
3.393729999999999664e-02
2.873370000000000091e-02
2.244480000000000086e-02
1.462719999999999992e-02
5.538140000000000424e-03
-6.152389999999999769e-03
-1.955969999999999931e-02
-3.036070000000000088e-02
-3.802620000000000305e-02
-3.965479999999999700e-02
-3.246099999999999680e-02
-2.451679999999999832e-02
-1.539869999999999954e-02
-8.420350000000000057e-03
-3.983740000000000371e-03
-9.111520000000000339e-04
1.873880000000000077e-03
7.304119999999999883e-03
1.490310000000000072e-02
2.238959999999999909e-02
2.231189999999999909e-02
1.727839999999999931e-02
1.289949999999999951e-02
1.381989999999999955e-02
1.937739999999999949e-02
2.897620000000000057e-02
3.555130000000000096e-02
3.212299999999999878e-02
2.268420000000000158e-02
8.295479999999999174e-03
-5.143420000000000110e-03
-1.209059999999999996e-02
-1.522979999999999993e-02
-1.816629999999999981e-02
-2.224690000000000001e-02
-2.851949999999999971e-02
-2.890049999999999911e-02
-2.168809999999999835e-02
-1.022439999999999981e-02
2.207549999999999964e-03
1.520020000000000052e-02
2.303030000000000008e-02
2.256879999999999997e-02
1.699770000000000100e-02
4.159419999999999611e-03
-6.841240000000000168e-03
-1.346830000000000076e-02
-1.049570000000000017e-02
-2.374010000000000183e-03
3.743080000000000192e-03
8.454990000000000769e-03
1.000569999999999932e-02
7.626339999999999682e-03
3.323420000000000107e-03
-1.180250000000000092e-03
-4.920680000000000193e-03
-7.829730000000000023e-03
-7.990330000000000349e-03
-8.388549999999999826e-03
-9.505299999999999513e-03
-5.884999999999999606e-03
2.240719999999999865e-03
1.107990000000000017e-02
1.676379999999999884e-02
1.500049999999999994e-02
7.863129999999999425e-03
2.112810000000000122e-03
-6.200669999999999706e-04
2.386820000000000001e-03
5.577470000000000171e-03
3.258050000000000182e-03
-8.152360000000000856e-03
-1.967669999999999836e-02
-2.477209999999999829e-02
-2.678120000000000153e-02
-2.924020000000000091e-02
-2.978580000000000116e-02
-2.729190000000000088e-02
-2.028109999999999982e-02
-4.659779999999999651e-03
1.131410000000000055e-02
2.105819999999999914e-02
2.752910000000000079e-02
2.209380000000000024e-02
6.467979999999999910e-03
-1.537499999999999978e-02
-3.517170000000000019e-02
-4.371889999999999804e-02
-4.831040000000000334e-02
-5.055570000000000203e-02
-4.673240000000000033e-02
-3.594610000000000166e-02
-1.976189999999999891e-02
-5.065590000000000023e-03
3.595800000000000125e-03
7.365580000000000044e-03
8.201579999999999981e-03
1.181560000000000075e-02
1.988940000000000152e-02
2.467219999999999830e-02
2.226840000000000069e-02
-5.477499999999999730e-03
-2.834769999999999998e-02
-2.841549999999999979e-02
-1.950009999999999938e-02
-5.909260000000000380e-03
6.174950000000000230e-03
1.506030000000000042e-02
1.885370000000000101e-02
1.663939999999999864e-02
1.257439999999999947e-02
6.693420000000000272e-03
-2.294479999999999784e-03
-6.961959999999999676e-03
-1.298719999999999953e-03
1.261190000000000054e-02
2.988390000000000143e-02
4.085819999999999730e-02
3.196460000000000273e-02
1.229970000000000022e-02
-2.191670000000000163e-03
-7.855829999999999411e-03
-4.477059999999999720e-03
1.753259999999999975e-03
7.095210000000000232e-03
3.759810000000000148e-03
-4.987369999999999651e-03
-6.165999999999999606e-03
1.566539999999999946e-03
8.994679999999999689e-03
1.203240000000000039e-02
1.472719999999999932e-02
1.575189999999999924e-02
1.409990000000000028e-02
1.256640000000000014e-02
1.136189999999999943e-02
1.267629999999999972e-02
1.765620000000000037e-02
2.430620000000000003e-02
3.138189999999999730e-02
4.018900000000000250e-02
4.402360000000000301e-02
3.687610000000000193e-02
1.685510000000000133e-02
-1.033919999999999978e-02
-2.387950000000000142e-02
-1.875459999999999974e-02
-5.517229999999999704e-03
6.748760000000000349e-03
1.318489999999999940e-02
1.722179999999999891e-02
2.243039999999999964e-02
2.445320000000000132e-02
1.940980000000000136e-02
1.110230000000000071e-02
2.838890000000000163e-03
-5.982249999999999721e-03
-1.305620000000000044e-02
-1.926759999999999931e-02
-2.499770000000000117e-02
-3.061809999999999879e-02
-3.488839999999999997e-02
-3.472440000000000249e-02
-3.079720000000000027e-02
-2.581090000000000120e-02
-1.986999999999999877e-02
-1.349309999999999919e-02
-5.364540000000000107e-03
1.795600000000000061e-03
7.758880000000000117e-03
1.509989999999999943e-02
2.227760000000000157e-02
2.525809999999999861e-02
2.283740000000000075e-02
1.742519999999999833e-02
9.459060000000000037e-03
-2.233989999999999934e-03
-1.844629999999999881e-02
-3.209490000000000259e-02
-3.610370000000000246e-02
-3.085419999999999829e-02
-1.792670000000000027e-02
1.141689999999999892e-03
1.750149999999999970e-02
2.656470000000000012e-02
3.200030000000000235e-02
3.296129999999999893e-02
3.069739999999999969e-02
2.230999999999999997e-02
1.023710000000000071e-02
3.685449999999999837e-03
-1.994090000000000012e-03
-8.355770000000000211e-03
-1.163149999999999948e-02
-1.383120000000000009e-02
-1.395839999999999928e-02
-1.152710000000000019e-02
-6.626779999999999650e-03
-5.639119999999999636e-04
4.373219999999999712e-03
5.250249999999999709e-03
3.362309999999999865e-03
9.578339999999999641e-04
1.191919999999999959e-03
6.026680000000000405e-03
1.164680000000000056e-02
1.077119999999999987e-02
2.358289999999999866e-03
-1.611359999999999876e-02
-3.177590000000000275e-02
-4.257230000000000042e-02
-4.676749999999999657e-02
-4.732070000000000026e-02
-4.350790000000000213e-02
-3.870540000000000092e-02
-3.279309999999999864e-02
-2.715669999999999890e-02
-2.055270000000000014e-02
-1.537909999999999971e-02
-9.770440000000000028e-03
-3.446999999999999977e-03
2.909049999999999830e-03
7.993280000000000177e-03
7.639059999999999601e-03
5.421900000000000330e-03
9.842889999999999973e-03
1.850780000000000133e-02
2.371440000000000006e-02
2.926859999999999878e-02
3.027590000000000142e-02
2.209190000000000112e-02
1.118719999999999958e-02
1.431049999999999900e-03
-8.664750000000000577e-03
-1.836600000000000038e-02
-2.776570000000000080e-02
-2.967859999999999943e-02
-2.204280000000000128e-02
-2.147730000000000038e-03
1.889470000000000038e-02
3.019600000000000062e-02
3.308660000000000073e-02
3.072659999999999975e-02
2.295420000000000099e-02
1.225470000000000032e-02
3.578210000000000071e-03
-4.375460000000000287e-03
-1.218319999999999993e-02
-1.830709999999999976e-02
-2.168130000000000057e-02
-2.142960000000000004e-02
-1.541799999999999941e-02
-3.023329999999999854e-03
7.014880000000000247e-03
1.376469999999999951e-02
1.433519999999999933e-02
1.001540000000000069e-02
5.031640000000000418e-03
1.389229999999999979e-03
3.116110000000000060e-03
9.029529999999999588e-04
-9.502429999999999211e-03
-1.789970000000000103e-02
-1.764500000000000096e-02
-9.297390000000000862e-03
2.683500000000000121e-03
1.386390000000000018e-02
2.343740000000000059e-02
2.637580000000000133e-02
2.389849999999999960e-02
1.867889999999999828e-02
1.265709999999999925e-02
1.194140000000000002e-03
-6.440050000000000115e-03
-1.059329999999999994e-02
-1.208039999999999982e-02
-9.700949999999999851e-03
-9.419369999999999826e-03
-1.300480000000000039e-02
-1.410439999999999958e-02
-9.214389999999999387e-03
-3.547170000000000097e-03
-8.279840000000000333e-05
2.584289999999999938e-03
1.255980000000000074e-03
-8.543679999999999894e-04
1.251830000000000000e-03
3.006490000000000117e-03
-7.208559999999999707e-04
-6.689950000000000063e-03
-1.849330000000000071e-02
-3.373299999999999910e-02
-4.403519999999999657e-02
-4.582449999999999718e-02
-4.372100000000000292e-02
-3.476259999999999767e-02
-1.705689999999999984e-02
1.509160000000000059e-03
9.979560000000000167e-03
1.193870000000000001e-02
8.580680000000000252e-03
6.558829999999999869e-03
9.817330000000000848e-03
1.471100000000000012e-02
1.869010000000000116e-02
2.107880000000000170e-02
2.174939999999999860e-02
1.954099999999999934e-02
1.649400000000000172e-02
1.315440000000000012e-02
1.151529999999999915e-02
1.286499999999999970e-02
1.635589999999999961e-02
1.801720000000000058e-02
1.654419999999999849e-02
1.201610000000000004e-02
5.446890000000000238e-03
-7.780239999999999899e-04
-6.174520000000000182e-03
-1.300560000000000084e-02
-1.859049999999999939e-02
-2.281189999999999954e-02
-2.219650000000000095e-02
-1.655910000000000021e-02
-7.261130000000000188e-03
-9.982890000000000773e-04
6.013329999999999891e-03
1.308529999999999936e-02
1.817360000000000156e-02
2.221180000000000029e-02
2.401460000000000053e-02
2.351879999999999943e-02
1.920569999999999916e-02
1.270660000000000019e-02
5.775699999999999931e-03
-1.408750000000000063e-03
-8.674599999999999325e-03
-1.336170000000000066e-02
-2.160110000000000155e-02
-2.410690000000000055e-02
-1.600729999999999861e-02
4.567250000000000129e-03
2.133960000000000024e-02
2.351129999999999887e-02
2.228619999999999907e-02
2.122009999999999869e-02
2.227279999999999885e-02
2.175250000000000100e-02
1.589350000000000138e-02
7.900050000000000475e-03
6.945030000000000149e-05
-1.158439999999999991e-02
-2.059060000000000057e-02
-2.336859999999999979e-02
-2.202880000000000116e-02
-2.002059999999999951e-02
-1.987540000000000140e-02
-1.846880000000000049e-02
-1.452260000000000009e-02
1.216129999999999945e-03
2.121129999999999891e-02
3.583510000000000167e-02
4.455449999999999688e-02
4.949010000000000215e-02
3.882019999999999915e-02
2.290870000000000059e-02
1.095690000000000032e-02
-1.648730000000000052e-04
-9.688709999999999684e-03
-1.514560000000000038e-02
-1.532320000000000036e-02
-9.356539999999999996e-03
3.524740000000000165e-03
1.710779999999999940e-02
2.674759999999999985e-02
3.146390000000000298e-02
3.171519999999999895e-02
2.898790000000000047e-02
2.369560000000000069e-02
1.475109999999999963e-02
5.727770000000000084e-03
-1.559030000000000095e-03
-8.399300000000000169e-03
-9.584719999999999698e-03
-6.189430000000000105e-03
-5.003399999999999861e-03
-6.751100000000000330e-03
-1.220139999999999940e-02
-1.850190000000000168e-02
-1.862269999999999898e-02
-1.873949999999999921e-02
-2.098910000000000012e-02
-2.323439999999999880e-02
-2.636700000000000155e-02
-2.526400000000000173e-02
-2.032629999999999854e-02
-9.516719999999999346e-03
2.527419999999999840e-03
9.664860000000000811e-03
1.110870000000000087e-02
9.491239999999999746e-03
1.036310000000000009e-02
1.319359999999999977e-02
1.581290000000000126e-02
1.786559999999999884e-02
1.646560000000000037e-02
1.244430000000000015e-02
6.808230000000000184e-03
1.532539999999999987e-03
-5.061659999999999944e-03
-1.138690000000000015e-02
-1.323389999999999983e-02
-1.147600000000000009e-02
-1.076479999999999972e-02
-1.533080000000000033e-02
-1.747850000000000098e-02
-1.696980000000000016e-02
-1.808680000000000010e-02
-2.239029999999999840e-02
-2.953760000000000066e-02
-3.714719999999999828e-02
-4.071170000000000344e-02
-4.115610000000000102e-02
-3.626170000000000088e-02
-2.573730000000000115e-02
-1.639600000000000085e-02
-5.906999999999999924e-03
4.393329999999999978e-03
1.215409999999999928e-02
1.679040000000000046e-02
2.016659999999999980e-02
2.174740000000000006e-02
2.311919999999999947e-02
2.053850000000000120e-02
1.359710000000000085e-02
-1.347459999999999977e-03
-1.216859999999999990e-02
-1.396129999999999940e-02
-9.897939999999999169e-03
-3.436330000000000027e-03
7.427790000000000087e-03
1.142660000000000030e-02
1.216670000000000078e-02
1.467500000000000054e-02
1.370820000000000025e-02
1.161099999999999979e-02
1.226789999999999999e-02
1.390729999999999918e-02
1.603950000000000167e-02
1.592599999999999918e-02
1.376140000000000002e-02
1.002940000000000081e-02
5.400489999999999978e-03
2.281810000000000001e-03
-1.407529999999999936e-03
-4.985690000000000087e-03
-7.154250000000000019e-03
-6.603140000000000398e-03
-3.528470000000000131e-03
-7.091740000000000240e-04
3.710090000000000089e-03
4.345970000000000215e-03
-1.383740000000000057e-03
-1.016659999999999960e-02
-2.058079999999999979e-02
-2.830260000000000067e-02
-3.233799999999999869e-02
-3.210210000000000147e-02
-2.802659999999999874e-02
-1.841200000000000128e-02
-2.547380000000000130e-03
1.142130000000000055e-02
1.761329999999999840e-02
1.764759999999999940e-02
1.547600000000000017e-02
1.283270000000000070e-02
1.128630000000000085e-02
8.661290000000000308e-03
1.016039999999999955e-03
-9.675140000000000476e-03
-1.789179999999999937e-02
-1.950460000000000041e-02
-1.651510000000000131e-02
-9.883990000000000484e-03
-1.653809999999999916e-03
5.869929999999999766e-03
1.308070000000000066e-02
1.716020000000000045e-02
1.752750000000000141e-02
1.699240000000000125e-02
1.330010000000000046e-02
6.685789999999999615e-03
-1.476330000000000090e-03
-8.457749999999999990e-03
-1.264960000000000043e-02
-1.204960000000000059e-02
-8.147500000000000228e-03
3.424680000000000150e-04
9.671890000000000695e-03
1.553269999999999998e-02
1.962739999999999971e-02
2.323690000000000130e-02
2.383199999999999902e-02
1.857369999999999854e-02
9.456360000000000460e-03
-9.751160000000000470e-04
-1.293730000000000054e-02
-2.337470000000000173e-02
-2.993080000000000046e-02
-3.085560000000000039e-02
-2.815420000000000075e-02
-2.075770000000000046e-02
-1.172869999999999989e-02
-1.887629999999999950e-03
4.086349999999999878e-03
9.389470000000000455e-03
8.856030000000000846e-03
7.197430000000000321e-03
3.545420000000000082e-03
2.432210000000000188e-03
5.982099999999999744e-03
9.726020000000000151e-03
1.178940000000000023e-02
9.831519999999999843e-03
3.662610000000000171e-03
-3.262160000000000060e-03
-7.779079999999999849e-03
-9.388199999999999323e-03
-9.115780000000000410e-03
-6.117090000000000374e-03
8.438570000000000489e-04
8.079599999999999282e-03
1.036259999999999959e-02
8.880819999999999340e-03
6.243199999999999965e-03
8.689470000000000137e-04
-4.318400000000000125e-04
-1.349139999999999975e-03
-3.264910000000000208e-03
-7.918200000000000238e-03
-1.024569999999999995e-02
-8.508589999999999903e-03
-4.517880000000000160e-03
-2.892789999999999793e-04
2.976900000000000206e-03
3.081899999999999831e-03
7.540560000000000188e-04
-1.775710000000000005e-03
-1.329769999999999975e-04
1.151399999999999906e-03
-2.028079999999999868e-04
-4.955049999999999906e-03
-1.284719999999999959e-02
-1.764009999999999884e-02
-1.639749999999999888e-02
-5.376800000000000156e-03
9.108619999999999564e-03
1.955770000000000078e-02
2.249709999999999904e-02
2.057269999999999932e-02
1.838599999999999957e-02
1.862240000000000076e-02
2.073859999999999940e-02
2.308019999999999863e-02
2.424480000000000038e-02
2.297659999999999980e-02
1.772220000000000045e-02
8.896499999999999894e-03
-3.250799999999999870e-03
-1.260059999999999999e-02
-1.799119999999999886e-02
-1.917999999999999913e-02
-1.578850000000000045e-02
-1.104229999999999969e-02
-8.471779999999999936e-03
-7.385629999999999799e-03
-8.757890000000000813e-03
-1.045519999999999956e-02
-1.128020000000000064e-02
-1.150920000000000068e-02
-1.135219999999999979e-02
-1.039990000000000012e-02
-6.518259999999999679e-03
3.947830000000000263e-03
1.316559999999999953e-02
1.779860000000000123e-02
1.932729999999999865e-02
1.937849999999999989e-02
1.747960000000000139e-02
1.378769999999999996e-02
1.195960000000000079e-02
1.153900000000000065e-02
9.602879999999999402e-03
7.178819999999999819e-03
1.584569999999999989e-03
-3.779400000000000034e-03
-7.579299999999999753e-03
-1.115009999999999959e-02
-1.073340000000000058e-02
-8.262149999999999356e-03
-3.289100000000000096e-03
2.705480000000000124e-03
7.863329999999999972e-03
9.865399999999999864e-03
1.033740000000000006e-02
9.958589999999999803e-03
8.449450000000000710e-03
6.719219999999999707e-03
5.411449999999999941e-03
4.896939999999999800e-03
5.026019999999999967e-03
6.998350000000000404e-03
6.772669999999999732e-03
4.631820000000000034e-03
1.569560000000000009e-03
-2.519130000000000067e-03
-7.656859999999999708e-03
-1.044899999999999995e-02
-1.181950000000000014e-02
-1.254300000000000033e-02
-1.199590000000000031e-02
-9.598449999999999691e-03
-6.669979999999999833e-03
-4.350910000000000367e-03
-3.186420000000000138e-03
-2.762870000000000169e-03
-2.562490000000000167e-03
-4.171089999999999694e-03
-5.056979999999999982e-03
-4.194230000000000180e-03
-1.170489999999999942e-03
-6.673939999999999734e-04
-2.307239999999999899e-03
-9.341520000000000726e-03
-1.590559999999999891e-02
-1.668089999999999851e-02
-1.445339999999999993e-02
-1.033869999999999928e-02
-6.918050000000000241e-03
-2.055879999999999947e-03
2.383709999999999822e-03
4.254270000000000100e-03
8.947179999999999673e-04
-3.423509999999999835e-03
-1.132649999999999976e-02
-1.705720000000000153e-02
-1.831690000000000054e-02
-1.597509999999999902e-02
-1.283089999999999925e-02
-8.565079999999999222e-03
-4.310200000000000142e-03
1.238519999999999899e-03
2.363559999999999793e-03
2.205149999999999905e-03
4.747999999999999942e-04
-7.093719999999999973e-04
-1.591020000000000064e-03
-1.605819999999999990e-03
-1.199420000000000087e-03
-1.487999999999999956e-03
-1.514249999999999971e-03
-7.764179999999999649e-04
2.464039999999999807e-04
3.025939999999999967e-04
-2.930110000000000093e-03
-6.757769999999999749e-03
-9.368730000000000460e-03
-9.088139999999999760e-03
-8.130500000000000574e-03
-5.063630000000000388e-03
-5.304650000000000381e-04
5.164300000000000140e-03
6.433569999999999567e-03
3.875420000000000080e-03
8.711259999999999533e-04
2.575589999999999781e-04
1.348580000000000048e-03
5.071830000000000262e-03
7.745939999999999770e-03
1.036809999999999989e-02
9.952660000000000326e-03
8.724789999999999629e-03
2.561869999999999946e-03
-6.391769999999999743e-03
-1.321830000000000054e-02
-1.376179999999999938e-02
-8.207380000000000231e-03
6.009930000000000133e-03
1.947749999999999829e-02
2.463740000000000027e-02
2.682429999999999884e-02
2.617219999999999963e-02
2.094050000000000078e-02
9.245609999999999593e-03
-5.261349999999999708e-03
-1.539090000000000076e-02
-2.122920000000000015e-02
-2.485980000000000134e-02
-2.194230000000000139e-02
-1.536799999999999972e-02
-2.075249999999999838e-03
9.907950000000000437e-03
1.495160000000000065e-02
1.537290000000000011e-02
1.517800000000000052e-02
1.544700000000000066e-02
1.610100000000000073e-02
1.395719999999999947e-02
9.966090000000000365e-03
7.847440000000000665e-03
7.731049999999999728e-03
1.071970000000000041e-02
1.338340000000000016e-02
1.611649999999999888e-02
1.862650000000000070e-02
1.909459999999999977e-02
1.860619999999999982e-02
1.924110000000000056e-02
1.644340000000000038e-02
9.264220000000000094e-03
1.618239999999999956e-03
-5.259869999999999823e-03
-7.277600000000000388e-03
-5.242649999999999741e-03
-5.479849999999999652e-03
-9.990000000000000616e-03
-1.414230000000000001e-02
-1.248890000000000070e-02
-5.506160000000000394e-03
3.861990000000000041e-03
7.800220000000000070e-03
7.110469999999999811e-03
3.473260000000000149e-03
-2.608169999999999933e-03
-3.779659999999999791e-03
-4.993489999999999734e-03
-4.901420000000000082e-03
-1.189350000000000043e-03
2.327180000000000036e-04
2.009739999999999877e-03
2.365869999999999952e-03
2.154619999999999886e-03
-2.400509999999999797e-03
-9.340249999999999594e-03
-1.358939999999999974e-02
-1.622600000000000084e-02
-1.713920000000000027e-02
-1.215049999999999984e-02
-7.117550000000000265e-03
-5.331510000000000242e-03
-5.439499999999999891e-03
-4.154620000000000361e-03
-2.798290000000000152e-03
4.459649999999999899e-05
6.229060000000000022e-04
-1.283850000000000009e-03
-5.980909999999999872e-03
-1.095190000000000052e-02
-1.353900000000000069e-02
-1.199010000000000006e-02
-6.617610000000000332e-03
-1.645320000000000029e-03
7.592960000000000161e-04
2.761260000000000190e-03
5.428810000000000059e-03
9.387410000000000546e-03
1.459359999999999997e-02
1.724989999999999857e-02
1.742859999999999895e-02
1.469230000000000015e-02
1.092309999999999982e-02
5.930150000000000352e-03
-1.319730000000000078e-03
-9.934810000000000516e-03
-1.827619999999999939e-02
-2.390729999999999938e-02
-2.593159999999999910e-02
-2.213880000000000015e-02
-1.387490000000000077e-02
-6.890280000000000363e-03
-3.388210000000000006e-03
-2.821199999999999836e-03
-1.603370000000000012e-03
1.231719999999999950e-03
1.539589999999999969e-03
1.078849999999999905e-03
2.836539999999999808e-03
5.088020000000000390e-03
5.114930000000000171e-03
6.797860000000000187e-03
6.156459999999999884e-03
3.874980000000000091e-03
1.874220000000000009e-03
3.189439999999999983e-03
7.192610000000000323e-03
1.164429999999999979e-02
1.319810000000000080e-02
1.584740000000000107e-02
1.466040000000000051e-02
1.120600000000000068e-02
7.458199999999999899e-03
2.193329999999999846e-03
-4.520240000000000022e-03
-1.172119999999999933e-02
-1.776770000000000085e-02
-2.075139999999999971e-02
-2.031569999999999904e-02
-1.615420000000000050e-02
-1.040139999999999988e-02
-5.172630000000000110e-03
-9.442370000000000060e-04
2.708060000000000123e-06
1.062629999999999955e-03
-2.341599999999999942e-04
-2.571120000000000089e-03
-6.923930000000000015e-03
-9.091349999999999779e-03
-1.133149999999999956e-02
-1.201260000000000001e-02
-1.149350000000000024e-02
-9.346459999999999144e-03
-6.549700000000000313e-03
-4.516749999999999932e-03
-2.386590000000000066e-03
-6.637210000000000375e-04
1.371929999999999938e-03
4.825030000000000117e-03
1.030340000000000075e-02
1.327530000000000029e-02
1.720220000000000082e-02
1.761450000000000168e-02
1.626750000000000071e-02
1.524329999999999956e-02
1.248860000000000074e-02
7.929189999999999156e-03
1.115440000000000095e-03
-4.156280000000000044e-03
-3.699389999999999883e-03
-1.447420000000000043e-03
6.208949999999999973e-04
3.590560000000000019e-03
6.640150000000000045e-03
8.110149999999999998e-03
8.546329999999999552e-03
9.009110000000000729e-03
7.383070000000000258e-03
5.367049999999999946e-03
4.151690000000000415e-03
3.342599999999999825e-03
2.349910000000000193e-03
3.112779999999999887e-03
1.757370000000000069e-03
-2.128740000000000059e-03
-5.950859999999999657e-03
-8.611340000000000314e-03
-9.418170000000000014e-03
-7.396619999999999584e-03
-3.367179999999999999e-03
2.412629999999999972e-04
-1.303739999999999989e-05
-2.080160000000000169e-03
-2.548620000000000139e-03
1.617120000000000102e-03
6.718019999999999894e-03
1.005290000000000003e-02
1.134130000000000034e-02
9.405220000000000594e-03
6.315740000000000243e-03
4.228540000000000250e-03
4.579399999999999964e-03
7.803730000000000042e-03
9.287200000000000663e-03
7.075139999999999728e-03
4.768159999999999586e-03
6.880129999999999926e-03
1.208320000000000054e-02
1.691869999999999832e-02
1.531199999999999922e-02
9.656390000000000806e-03
3.528519999999999834e-03
-2.185059999999999954e-03
-8.203709999999999475e-03
-1.443189999999999924e-02
-2.033309999999999979e-02
-2.204290000000000069e-02
-2.160050000000000164e-02
-1.491559999999999934e-02
-3.177580000000000161e-03
1.024929999999999938e-02
2.117979999999999863e-02
2.694809999999999914e-02
2.753649999999999848e-02
2.276589999999999864e-02
1.485339999999999924e-02
3.619209999999999875e-03
-6.782279999999999906e-03
-1.103550000000000017e-02
-8.556740000000000179e-03
-6.120679999999999871e-03
-4.609399999999999609e-03
-4.719309999999999998e-03
-2.640800000000000005e-03
-4.830899999999999843e-04
1.818380000000000083e-03
3.296219999999999879e-03
2.458960000000000052e-03
-1.291969999999999924e-03
-6.861390000000000197e-03
-1.213859999999999939e-02
-1.523970000000000012e-02
-1.668499999999999844e-02
-1.569970000000000046e-02
-1.273409999999999993e-02
-8.027700000000000460e-03
2.020409999999999828e-03
1.342619999999999925e-02
1.940400000000000111e-02
2.035469999999999988e-02
1.806769999999999904e-02
1.334770000000000054e-02
6.792190000000000033e-03
5.850760000000000205e-04
-1.844120000000000091e-03
-4.031889999999999780e-03
-7.432479999999999989e-03
-1.075420000000000022e-02
-1.427510000000000064e-02
-1.547199999999999964e-02
-1.373319999999999923e-02
-1.188029999999999989e-02
-1.179260000000000030e-02
-1.249420000000000044e-02
-1.209780000000000057e-02
-1.103589999999999953e-02
-7.521240000000000217e-03
-5.875810000000000408e-03
-4.993270000000000174e-03
-5.025469999999999764e-03
-6.770609999999999823e-03
-6.712890000000000003e-03
-5.721650000000000000e-03
-7.294939999999999758e-03
-8.937060000000000143e-03
-8.664140000000000730e-03
-8.224179999999999338e-03
-6.086089999999999729e-03
-1.496600000000000057e-03
1.956040000000000036e-03
2.387590000000000198e-03
-1.584249999999999938e-03
-5.411929999999999692e-03
-7.041709999999999636e-03
-8.119140000000000384e-03
-8.657250000000000015e-03
-8.698839999999999351e-03
-9.465940000000000812e-03
-9.048789999999999265e-03
-8.912240000000000092e-03
-8.515429999999999180e-03
-6.113399999999999737e-03
-4.125310000000000088e-03
-3.907029999999999705e-03
-4.170550000000000299e-03
-5.619240000000000172e-03
-6.374010000000000266e-03
-6.290229999999999953e-03
-2.753429999999999853e-03
8.431390000000000195e-04
5.277450000000000370e-03
7.209789999999999775e-03
7.106630000000000065e-03
7.790580000000000074e-03
7.666240000000000381e-03
7.614300000000000061e-03
8.918900000000000439e-03
1.042459999999999914e-02
1.047690000000000080e-02
8.767519999999999133e-03
6.436670000000000239e-03
5.283669999999999860e-03
5.362030000000000268e-03
6.627560000000000222e-03
7.788490000000000343e-03
8.975880000000000317e-03
9.996019999999999558e-03
1.065310000000000042e-02
1.000479999999999946e-02
9.593300000000000785e-03
6.701819999999999826e-03
4.414030000000000210e-03
4.108289999999999685e-03
2.582319999999999928e-03
-1.667110000000000076e-03
-3.151090000000000054e-03
-7.135050000000000203e-04
3.498230000000000176e-03
5.290279999999999636e-03
3.946569999999999939e-03
8.065099999999999743e-04
-2.336949999999999965e-03
-1.089420000000000015e-03
4.222110000000000272e-03
9.636179999999999399e-03
1.024549999999999940e-02
8.929450000000000234e-03
7.242450000000000103e-03
6.397009999999999849e-03
6.308750000000000122e-03
4.810369999999999577e-03
4.309939999999999952e-03
1.250009999999999967e-03
-5.724820000000000256e-03
-1.110079999999999921e-02
-1.140090000000000027e-02
-8.738829999999999515e-03
-4.356780000000000201e-03
-4.343910000000000089e-04
7.983050000000000215e-04
-1.353620000000000040e-03
-2.541050000000000210e-04
1.151600000000000019e-03
4.481159999999999657e-03
6.280520000000000373e-03
5.612640000000000337e-03
4.369060000000000131e-03
-1.336409999999999898e-03
-4.315959999999999762e-03
-4.501490000000000352e-03
-5.861660000000000308e-03
-8.331889999999999782e-03
-8.282539999999999694e-03
-5.881459999999999813e-03
-1.444200000000000030e-04
5.472939999999999923e-03
5.444739999999999996e-03
1.430480000000000033e-03
-2.548570000000000002e-03
-6.247280000000000021e-03
-7.476860000000000103e-03
-6.420460000000000229e-03
-2.797519999999999955e-03
2.853829999999999908e-03
7.131479999999999937e-03
7.856180000000000802e-03
7.256140000000000333e-03
6.793450000000000356e-03
4.165330000000000074e-03
2.134640000000000148e-03
-1.645280000000000050e-03
-4.832200000000000037e-03
-7.444039999999999858e-03
-8.462910000000000571e-03
-8.456770000000000606e-03
-5.351350000000000377e-03
-1.961339999999999785e-03
-5.454670000000000005e-04
-4.584619999999999754e-04
-1.057290000000000009e-03
-1.041919999999999999e-03
-2.250550000000000033e-03
-2.856480000000000217e-03
-1.548410000000000064e-03
-3.395229999999999949e-04
1.252960000000000011e-03
8.031950000000000374e-04
4.076710000000000208e-04
1.045570000000000006e-03
2.676710000000000114e-03
4.088160000000000405e-03
5.381499999999999999e-03
8.738050000000000678e-03
9.778059999999999877e-03
8.561700000000000213e-03
5.068669999999999946e-03
-8.790539999999999899e-04
-3.894400000000000119e-03
-4.206190000000000276e-03
1.150430000000000029e-04
3.900919999999999995e-03
8.232110000000000816e-03
1.223600000000000035e-02
1.374590000000000013e-02
1.280869999999999925e-02
1.249439999999999926e-02
1.220760000000000074e-02
1.162969999999999976e-02
1.281659999999999917e-02
1.081849999999999999e-02
7.897909999999999306e-03
2.981880000000000121e-03
-2.811639999999999799e-03
-5.583460000000000159e-03
-5.976229999999999910e-03
-4.967560000000000205e-03
-3.688929999999999987e-03
-4.123100000000000202e-03
-5.454689999999999886e-03
-6.860989999999999971e-03
-8.073870000000000352e-03
-8.071830000000000324e-03
-3.908560000000000159e-03
3.916020000000000091e-04
1.304330000000000029e-03
-4.616870000000000132e-04
-4.454729999999999628e-03
-7.146839999999999790e-03
-7.442179999999999629e-03
-5.795350000000000328e-03
-2.187609999999999989e-03
1.949559999999999921e-03
7.428340000000000290e-03
1.199109999999999933e-02
1.327219999999999962e-02
9.264899999999999525e-03
2.030590000000000086e-03
-5.722149999999999632e-03
-1.323509999999999964e-02
-1.788930000000000034e-02
-1.942970000000000114e-02
-1.735329999999999859e-02
-1.423840000000000001e-02
-1.158299999999999955e-02
-1.045590000000000061e-02
-1.063290000000000068e-02
-8.616479999999999279e-03
-5.858450000000000289e-03
-2.541049999999999993e-03
1.768419999999999985e-04
2.303320000000000194e-03
4.000899999999999943e-03
5.957389999999999908e-03
5.948949999999999724e-03
3.936649999999999872e-03
1.689329999999999955e-03
-2.774930000000000105e-03
-6.801230000000000123e-03
-8.741429999999999687e-03
-9.926000000000000795e-03
-9.953190000000000648e-03
-8.366069999999999757e-03
-6.819509999999999982e-03
-4.833630000000000218e-03
-3.119180000000000043e-03
-2.062950000000000027e-03
-4.379100000000000137e-04
1.956170000000000131e-03
3.410600000000000177e-03
4.174670000000000117e-03
4.493409999999999765e-03
3.771290000000000059e-03
3.527639999999999856e-03
1.779680000000000064e-03
-3.637989999999999800e-03
-8.610349999999999254e-03
-1.157620000000000003e-02
-1.104600000000000026e-02
-8.267429999999999224e-03
-6.071649999999999617e-03
-2.436489999999999923e-03
4.347309999999999955e-04
3.662719999999999951e-03
8.121349999999999403e-03
1.006729999999999951e-02
9.154620000000000465e-03
6.719860000000000243e-03
2.517140000000000176e-03
-5.274779999999999530e-04
-1.613929999999999965e-03
-1.928889999999999945e-03
-1.686409999999999949e-03
1.049779999999999941e-03
5.077960000000000286e-03
8.094519999999999146e-03
9.351170000000000662e-03
8.773879999999999527e-03
4.185399999999999711e-03
-7.863209999999999818e-04
-3.946800000000000308e-03
-3.358270000000000005e-03
-2.871750000000000171e-03
-3.931050000000000169e-03
-3.975720000000000295e-03
-4.707280000000000318e-03
-4.305100000000000073e-03
-3.467669999999999954e-03
-3.693650000000000145e-03
-1.368029999999999897e-03
9.105870000000000283e-04
1.239429999999999915e-03
3.389309999999999979e-03
5.105010000000000103e-03
5.430650000000000407e-03
3.288220000000000118e-03
2.870179999999999954e-03
2.025020000000000205e-03
1.673170000000000083e-03
2.318639999999999850e-03
2.869630000000000184e-03
4.560330000000000026e-04
-2.040629999999999875e-03
-2.796949999999999870e-03
-1.232469999999999941e-04
2.127280000000000056e-03
3.478450000000000118e-03
4.125799999999999780e-03
2.448150000000000066e-03
5.835179999999999924e-04
-8.109960000000000259e-04
-3.294009999999999994e-03
-5.162110000000000136e-03
-7.090400000000000175e-03
-7.885899999999999507e-03
-7.176550000000000290e-03
-4.002450000000000278e-03
4.869569999999999932e-04
6.592129999999999865e-03
1.143349999999999922e-02
1.199760000000000063e-02
1.202250000000000020e-02
9.650199999999999403e-03
7.729680000000000058e-03
7.192679999999999907e-03
6.738159999999999983e-03
4.471189999999999887e-03
3.132840000000000017e-03
-1.475980000000000055e-04
-2.426989999999999963e-03
-2.354320000000000024e-03
-2.244589999999999867e-03
-2.249709999999999818e-03
-3.263820000000000176e-03
-6.071130000000000103e-03
-6.388940000000000070e-03
-6.209740000000000051e-03
-6.067369999999999881e-03
-2.018419999999999936e-03
3.500730000000000074e-03
6.421829999999999899e-03
9.034969999999999807e-03
8.984070000000000250e-03
9.591850000000000723e-03
1.165610000000000084e-02
1.563890000000000072e-02
1.343160000000000014e-02
4.938210000000000169e-03
-3.632129999999999799e-04
-4.808269999999999905e-03
-9.567549999999999319e-03
-1.131710000000000008e-02
-1.230879999999999995e-02
-1.019029999999999936e-02
-5.469319999999999737e-03
-2.844440000000000163e-03
-2.589319999999999990e-03
-4.695310000000000282e-03
-5.986660000000000419e-03
-5.793409999999999706e-03
-3.691659999999999820e-03
-1.958769999999999869e-03
-1.184370000000000046e-04
5.758879999999999858e-04
1.538570000000000009e-04
-1.066609999999999954e-03
-3.419890000000000083e-03
-4.866380000000000011e-03
-5.226169999999999601e-03
-1.880930000000000058e-03
2.836580000000000004e-03
6.083759999999999689e-03
6.187429999999999840e-03
5.498740000000000225e-03
3.697869999999999803e-03
2.830679999999999915e-03
3.477769999999999820e-03
3.655550000000000032e-03
4.683660000000000080e-03
5.729569999999999802e-03
5.747389999999999791e-03
7.222179999999999919e-03
8.153989999999999849e-03
8.912460000000000521e-03
8.946839999999999307e-03
6.548560000000000145e-03
4.162370000000000306e-03
7.466639999999999649e-04
-4.032939999999999615e-03
-4.460070000000000007e-03
-6.245249999999999933e-03
-8.762189999999999562e-03
-5.606479999999999624e-03
-1.156970000000000004e-03
3.667919999999999861e-03
6.934400000000000286e-03
7.565589999999999642e-03
6.448330000000000381e-03
4.396480000000000353e-03
2.579989999999999888e-03
2.859439999999999985e-03
-5.202899999999999669e-04
-5.805239999999999706e-03
-8.691459999999999811e-03
-8.813949999999999216e-03
-6.677620000000000430e-03
-2.901420000000000041e-03
1.145329999999999959e-03
5.444230000000000423e-03
8.750159999999999882e-03
1.120669999999999999e-02
1.317079999999999987e-02
1.445770000000000041e-02
1.274959999999999982e-02
9.017239999999999284e-03
4.800190000000000186e-03
2.475199999999999883e-03
1.997070000000000095e-03
2.101089999999999902e-03
-1.571010000000000071e-03
-5.142560000000000013e-03
-1.019049999999999991e-02
-1.328760000000000011e-02
-1.624389999999999862e-02
-1.575460000000000055e-02
-9.955669999999999797e-03
-4.428099999999999918e-03
2.334080000000000096e-03
6.369529999999999983e-03
8.192359999999999226e-03
7.414060000000000095e-03
4.367280000000000294e-03
1.595960000000000000e-03
1.714049999999999920e-06
1.472309999999999895e-03
4.402599999999999569e-03
3.819540000000000175e-03
8.997220000000000434e-04
-2.133889999999999832e-03
-2.895519999999999951e-03
-3.005630000000000020e-03
-4.712270000000000174e-03
-6.485089999999999778e-03
-8.681730000000000350e-03
-6.420880000000000337e-03
-4.185640000000000020e-03
-1.888340000000000071e-03
1.258219999999999998e-03
2.392930000000000144e-03
4.971240000000000468e-04
-1.603540000000000087e-03
-2.296410000000000031e-03
-2.691849999999999972e-03
-1.988329999999999959e-03
-7.641130000000000480e-05
9.022429999999999469e-04
-3.302250000000000172e-04
-2.245130000000000129e-03
-5.148869999999999836e-03
-6.029500000000000137e-03
-5.137110000000000287e-03
-3.627249999999999832e-03
-1.068209999999999993e-03
6.639979999999999537e-04
4.437970000000000066e-04
-3.501200000000000292e-05
3.022030000000000202e-04
1.290469999999999996e-04
1.207340000000000106e-03
2.039210000000000068e-03
2.225850000000000137e-03
1.258540000000000049e-03
-1.077470000000000077e-03
-1.965479999999999918e-03
-1.589200000000000031e-03
-1.361409999999999964e-03
-1.317210000000000082e-03
-2.130379999999999861e-03
-1.013130000000000107e-03
1.951789999999999905e-03
6.068460000000000347e-03
6.837460000000000065e-03
6.122469999999999649e-03
5.382429999999999680e-03
9.053740000000000225e-04
-4.393990000000000395e-03
-5.741079999999999968e-03
-7.079819999999999690e-03
-8.316419999999999715e-03
-7.978900000000000575e-03
-7.459409999999999652e-03
-7.114289999999999677e-03
-6.589949999999999801e-03
-4.335259999999999635e-03
-5.856579999999999685e-04
3.336459999999999860e-03
5.663089999999999964e-03
6.591020000000000385e-03
6.149850000000000108e-03
5.329269999999999667e-03
3.813169999999999841e-03
2.431019999999999882e-03
1.352899999999999979e-03
1.857410000000000094e-03
2.240259999999999994e-03
3.624039999999999814e-03
3.293900000000000213e-03
8.957789999999999763e-04
-7.740860000000000015e-04
-1.429060000000000009e-03
7.132049999999999588e-04
2.759440000000000157e-03
3.043319999999999966e-03
2.488660000000000178e-03
1.754289999999999929e-03
1.704849999999999942e-03
1.632659999999999971e-03
1.434519999999999892e-03
8.867060000000000176e-04
7.644740000000000129e-04
-3.735420000000000228e-05
-4.144490000000000023e-04
-6.138709999999999913e-04
-1.201000000000000028e-03
-2.443499999999999926e-03
-3.698020000000000213e-03
-5.564890000000000288e-03
-5.678540000000000150e-03
-4.760819999999999809e-03
-3.884690000000000105e-03
-2.965810000000000148e-03
-3.798039999999999923e-03
-5.778679999999999581e-03
-8.021800000000000805e-03
-8.865170000000000342e-03
-8.329259999999999789e-03
-8.443380000000000329e-03
-7.478239999999999714e-03
-6.646120000000000153e-03
-4.280589999999999916e-03
-1.258989999999999979e-03
-4.473559999999999906e-04
-1.972939999999999850e-03
-4.067199999999999982e-03
-5.352130000000000082e-03
-5.127890000000000399e-03
-2.023940000000000114e-03
2.187020000000000023e-03
5.203389999999999578e-03
6.781230000000000070e-03
7.865719999999999656e-03
8.951290000000000635e-03
8.435979999999999174e-03
8.023840000000000833e-03
6.926279999999999937e-03
4.650279999999999692e-03
2.436059999999999875e-03
1.114839999999999972e-03
-1.055170000000000023e-03
-3.294420000000000161e-03
-5.542270000000000182e-03
-6.641610000000000048e-03
-7.839709999999999734e-03
-8.071719999999999243e-03
-5.823870000000000088e-03
-1.579370000000000079e-03
2.811619999999999918e-03
3.955000000000000182e-03
3.592450000000000070e-03
1.135490000000000067e-03
-6.146349999999999860e-04
-5.195939999999999587e-04
-5.204069999999999660e-04
-5.788100000000000233e-04
-5.609220000000000482e-04
-1.275899999999999897e-04
9.757630000000000426e-04
2.057240000000000110e-03
5.544519999999999831e-04
-2.397990000000000017e-03
-4.690490000000000284e-03
-5.707969999999999711e-03
-5.191630000000000029e-03
-4.548449999999999889e-03
-4.136070000000000371e-03
-3.989920000000000098e-03
-3.501670000000000130e-03
-3.438089999999999983e-03
-3.203370000000000089e-03
-2.650570000000000096e-03
-5.466810000000000332e-04
8.665739999999999468e-04
2.275549999999999882e-03
3.278210000000000152e-03
4.118649999999999742e-03
3.764110000000000199e-03
5.663660000000000048e-03
8.775200000000000361e-03
9.744259999999999380e-03
1.094250000000000084e-02
1.179589999999999979e-02
8.485509999999999928e-03
5.560319999999999672e-03
2.043989999999999869e-03
5.336810000000000425e-04
-1.875740000000000090e-03
-6.492780000000000079e-03
-8.433279999999999596e-03
-7.941119999999999429e-03
-7.056439999999999761e-03
-3.263840000000000057e-03
1.339659999999999896e-03
3.157300000000000037e-03
5.896069999999999783e-03
5.969460000000000217e-03
4.664309999999999637e-03
3.715040000000000182e-03
3.395759999999999838e-03
2.864240000000000102e-03
3.883629999999999895e-03
5.296699999999999672e-03
5.382129999999999727e-03
5.105710000000000283e-03
4.798980000000000433e-03
4.194240000000000121e-03
2.765360000000000127e-03
6.128729999999999985e-04
-7.306790000000000290e-04
-4.683539999999999817e-04
-8.761090000000000240e-04
9.035760000000000102e-04
3.320510000000000041e-03
4.640550000000000230e-03
5.509169999999999866e-03
5.338889999999999782e-03
4.125460000000000065e-03
4.112619999999999991e-03
2.927519999999999862e-03
1.171949999999999945e-03
5.392010000000000032e-04
1.227999999999999925e-03
7.255150000000000357e-04
2.523739999999999794e-04
2.750949999999999945e-04
4.450480000000000256e-04
8.434570000000000392e-04
3.377930000000000234e-04
-3.698339999999999831e-04
-9.588049999999999655e-04
-2.485919999999999970e-03
-2.526249999999999850e-03
-3.138660000000000148e-03
-4.049050000000000218e-03
-4.468190000000000356e-03
-9.693180000000000459e-04
4.269679999999999656e-03
8.485589999999999453e-03
1.100049999999999986e-02
9.817029999999999160e-03
6.683709999999999825e-03
2.858890000000000216e-03
-5.422450000000000100e-04
-4.661600000000000119e-03
-6.661560000000000398e-03
-5.982750000000000221e-03
-5.362709999999999699e-03
-4.566330000000000389e-03
-5.854459999999999699e-03
-7.009900000000000332e-03
-8.262159999999999296e-03
-9.333179999999999948e-03
-8.906290000000000734e-03
-8.414790000000000117e-03
-7.798379999999999722e-03
-7.042869999999999686e-03
-6.338919999999999624e-03
-5.056830000000000006e-03
-3.368279999999999972e-03
-1.520660000000000067e-03
2.567199999999999951e-04
6.860769999999999976e-04
-5.132030000000000532e-04
-2.329390000000000193e-03
-2.929129999999999841e-03
-2.252779999999999800e-03
-5.440230000000000326e-04
8.043959999999999739e-04
4.853689999999999806e-04
-1.180829999999999901e-03
-2.028719999999999916e-03
-2.284299999999999959e-03
-2.482190000000000004e-03
-1.945319999999999949e-03
-6.409119999999999921e-04
4.936139999999999669e-04
-2.113089999999999923e-04
-1.497129999999999945e-03
-1.455010000000000071e-03
-1.221019999999999961e-03
-1.054699999999999995e-03
-7.116930000000000044e-04
5.895499999999999916e-04
1.953560000000000019e-03
2.896829999999999978e-03
3.486239999999999825e-03
3.543859999999999805e-03
3.311549999999999910e-03
2.593349999999999909e-03
2.029219999999999982e-03
2.424069999999999957e-03
1.459749999999999893e-03
4.703900000000000008e-04
-1.750160000000000062e-04
-1.085180000000000042e-03
-7.364500000000000386e-04
-3.942959999999999803e-04
-1.075730000000000002e-03
-2.630420000000000067e-03
-3.905710000000000171e-03
-4.440460000000000240e-03
-4.430029999999999732e-03
-3.273750000000000184e-03
-2.543479999999999873e-03
-1.997370000000000048e-03
-8.842540000000000079e-04
8.930519999999999734e-04
2.517829999999999981e-03
3.068369999999999952e-03
2.910110000000000040e-03
2.498660000000000204e-03
1.741780000000000064e-03
1.263580000000000042e-03
1.249279999999999965e-03
1.736010000000000070e-03
1.944800000000000001e-03
2.192309999999999832e-03
2.397840000000000041e-03
2.197709999999999855e-03
1.790289999999999937e-03
2.349420000000000067e-03
3.191750000000000143e-03
3.482910000000000086e-03
2.945000000000000135e-03
2.051059999999999949e-03
1.627790000000000053e-03
8.495630000000000109e-04
3.707350000000000207e-04
-4.291739999999999943e-04
-6.512790000000000506e-04
-9.147400000000000409e-04
-4.332820000000000031e-04
6.845570000000000257e-04
1.671200000000000073e-03
3.411579999999999994e-03
4.699980000000000303e-03
4.570109999999999624e-03
3.859589999999999983e-03
2.826250000000000203e-03
1.512579999999999914e-03
1.269659999999999929e-03
1.861079999999999983e-03
2.428650000000000080e-03
2.242899999999999928e-03
1.874989999999999990e-03
1.823009999999999908e-03
1.603810000000000001e-03
1.767759999999999948e-03
1.644550000000000048e-03
1.433980000000000064e-03
9.236749999999999952e-04
5.739230000000000275e-05
-6.465639999999999712e-04
-1.120029999999999941e-03
-1.364580000000000003e-03
-1.404979999999999901e-03
-1.349610000000000002e-03
-1.231539999999999935e-03
-8.230209999999999523e-04
-4.183859999999999749e-04
-3.076500000000000241e-04
-3.960410000000000254e-04
-5.277590000000000406e-04
-6.399930000000000506e-04
-4.833840000000000055e-04
-3.637019999999999815e-04
-1.107420000000000046e-04
1.612419999999999988e-04
3.257059999999999881e-04
3.265450000000000253e-04
2.104259999999999941e-04
1.079009999999999957e-04
-5.605469999999999713e-05
-1.216089999999999939e-04
-6.663170000000000106e-05
-6.034459999999999819e-05
1.780159999999999910e-05
1.245210000000000060e-05
6.815490000000000369e-07
-4.787070000000000230e-05
-1.345359999999999872e-04
-1.464930000000000084e-04
-2.079510000000000017e-04
-4.332440000000000011e-04
-6.043729999999999545e-04
-7.640229999999999591e-04
-8.966300000000000398e-04
-1.142229999999999938e-03
-1.330989999999999994e-03
-1.357029999999999955e-03
-1.298249999999999925e-03
-1.058190000000000085e-03
-8.854120000000000263e-04
-7.401719999999999871e-04
-5.754240000000000526e-04
-5.263849999999999823e-04
-4.938269999999999596e-04
-4.602450000000000226e-04
-4.366850000000000245e-04
-3.372650000000000040e-04
-2.809439999999999854e-04
-3.328259999999999877e-04
-3.806899999999999889e-04
-3.745229999999999783e-04
-3.449820000000000252e-04
-3.156909999999999968e-04
-2.797550000000000210e-04
-2.990630000000000198e-04
-3.215289999999999771e-04
-3.088620000000000254e-04
-2.915710000000000177e-04
-2.444729999999999885e-04
-2.262850000000000061e-04
-2.311629999999999957e-04
-2.266900000000000132e-04
-2.509219999999999940e-04
-2.568539999999999907e-04
-2.491899999999999909e-04
-2.463710000000000032e-04
-2.364649999999999933e-04
-2.054430000000000047e-04
-1.842240000000000034e-04
-1.662059999999999872e-04
-1.528400000000000071e-04
-1.493199999999999866e-04
-1.564620000000000073e-04
-1.600460000000000055e-04
-1.579469999999999973e-04
-1.540679999999999892e-04
-1.447750000000000089e-04
-1.298749999999999991e-04
-1.194149999999999942e-04
-1.117899999999999986e-04
-1.066120000000000018e-04
-9.909239999999999336e-05
-9.131210000000000281e-05
-8.197939999999999644e-05
-7.066959999999999843e-05
-6.072409999999999684e-05
-5.203419999999999725e-05
-4.323709999999999977e-05
-3.454470000000000148e-05
-2.662889999999999843e-05
-1.878409999999999859e-05
-1.102130000000000068e-05
-3.323030000000000183e-06
4.340490000000000349e-06
1.185260000000000066e-05
1.919249999999999963e-05
2.631450000000000022e-05
3.322699999999999883e-05
3.990890000000000003e-05
4.639600000000000099e-05
5.267129999999999832e-05
5.874290000000000300e-05
6.459310000000000333e-05
7.021429999999999620e-05
7.559459999999999617e-05
