-4.963080000000000261e-06
-7.535809999999999768e-06
-2.518309999999999738e-07
-1.707519999999999874e-05
-2.707739999999999930e-05
-2.825029999999999954e-05
-4.757810000000000277e-06
2.566120000000000090e-05
5.232340000000000119e-05
2.530309999999999835e-05
-1.185560000000000047e-05
-6.906640000000000674e-05
-7.565579999999999484e-05
-2.351830000000000148e-05
-1.501480000000000064e-05
-8.301929999999999642e-06
8.128779999999999784e-05
1.356820000000000064e-04
7.403360000000000214e-05
6.790260000000000273e-05
1.846580000000000064e-04
5.363690000000000141e-05
-3.025990000000000212e-04
-4.017550000000000049e-04
-1.451240000000000017e-04
-6.878109999999999780e-05
-1.832229999999999905e-04
-2.210369999999999913e-04
8.162260000000000012e-05
1.616049999999999952e-04
-3.045619999999999751e-04
-6.478099999999999657e-04
3.474310000000000283e-05
5.913840000000000286e-04
7.808300000000000440e-05
-3.499159999999999749e-04
1.335049999999999898e-04
3.849589999999999848e-04
3.704390000000000222e-04
3.775340000000000076e-04
3.900040000000000017e-04
3.811829999999999993e-04
1.054070000000000023e-04
-4.137069999999999745e-04
-2.201779999999999916e-04
4.311899999999999831e-05
-4.348630000000000139e-04
-1.185450000000000002e-03
-1.080089999999999913e-03
-6.262340000000000354e-04
-1.748320000000000093e-04
-2.949979999999999833e-05
-6.287419999999999511e-04
-1.354839999999999951e-03
-7.789059999999999994e-04
-3.495209999999999897e-04
-6.570140000000000355e-04
5.273669999999999942e-05
4.729290000000000251e-04
-9.774840000000000351e-04
-1.542439999999999957e-03
3.445349999999999802e-04
2.476159999999999820e-03
2.446509999999999831e-03
2.167979999999999907e-03
2.641389999999999971e-03
2.763719999999999892e-03
-3.336300000000000160e-04
-2.191080000000000198e-03
4.840760000000000050e-04
7.352829999999999869e-04
-4.982720000000000378e-03
-6.355509999999999979e-03
8.412940000000000262e-04
9.771049999999999874e-03
7.836720000000000144e-03
1.955099999999999980e-03
3.596569999999999889e-03
5.312820000000000216e-03
6.753209999999999942e-04
-2.390849999999999920e-03
-8.051849999999999828e-05
8.036360000000000421e-04
-7.614190000000000498e-04
-8.206640000000000289e-04
-5.143059999999999646e-04
-1.804629999999999993e-03
-4.675679999999999767e-03
-5.956600000000000263e-03
-2.403909999999999988e-03
2.016650000000000040e-03
3.933439999999999853e-03
6.201729999999999916e-03
5.947260000000000220e-03
3.739759999999999959e-03
3.634150000000000054e-03
2.155010000000000172e-03
-1.506540000000000006e-03
-7.183700000000000328e-03
-9.655510000000000828e-03
-3.086230000000000136e-03
2.855260000000000090e-03
1.553530000000000015e-03
1.516879999999999964e-03
2.099300000000000124e-03
3.245999999999999754e-04
-4.915639999999999983e-04
1.070760000000000028e-03
1.979079999999999815e-03
1.531409999999999976e-03
-1.133529999999999998e-03
-4.675839999999999684e-03
-7.184580000000000306e-03
-5.486440000000000414e-03
3.344880000000000271e-04
5.351820000000000188e-03
2.754009999999999878e-03
-3.291580000000000113e-03
-4.356529999999999951e-03
2.667789999999999745e-04
2.078190000000000159e-03
-9.846239999999999160e-04
-3.870610000000000023e-03
-9.142819999999999420e-03
-8.411079999999999599e-03
3.429839999999999972e-03
9.928620000000000848e-03
5.830069999999999697e-03
-1.668069999999999904e-04
-7.417489999999999891e-04
3.724990000000000072e-03
7.872189999999999396e-03
1.905479999999999978e-03
-7.549100000000000428e-03
-9.119979999999999754e-03
-1.940370000000000072e-03
3.970419999999999679e-03
7.047130000000000408e-04
-3.038599999999999808e-03
-2.435699999999999844e-03
2.085179999999999846e-03
2.880230000000000117e-03
-1.733860000000000045e-03
-2.752520000000000053e-03
-1.861980000000000059e-03
-6.315150000000000277e-03
-1.432950000000000022e-02
-1.541419999999999943e-02
-7.742689999999999989e-03
-5.200060000000000489e-04
2.910260000000000017e-03
2.812639999999999932e-03
2.152540000000000096e-03
2.125160000000000070e-03
-1.649910000000000092e-03
-1.567629999999999978e-03
9.396140000000000742e-03
1.118710000000000017e-02
-2.543319999999999956e-03
-4.365250000000000206e-03
1.215469999999999962e-03
2.247009999999999806e-03
5.157789999999999554e-04
-2.354830000000000031e-03
-5.709360000000000129e-03
-7.201380000000000281e-03
-7.132040000000000081e-03
-5.836240000000000351e-03
-2.471940000000000161e-03
3.715379999999999789e-04
9.866810000000000489e-05
-5.853409999999999646e-04
5.679130000000000116e-03
1.338280000000000025e-02
8.810929999999999804e-03
-1.588240000000000094e-03
-3.376609999999999941e-03
-4.024739999999999958e-04
-1.596259999999999953e-03
-6.506190000000000237e-03
-8.859270000000000686e-03
-7.737149999999999930e-03
-6.435599999999999654e-03
-3.704589999999999793e-03
8.857770000000000270e-04
1.707890000000000102e-03
-3.249380000000000063e-03
-5.104929999999999711e-03
4.158909999999999929e-04
5.675600000000000263e-03
8.767449999999999549e-03
8.644729999999999775e-03
7.758870000000000176e-03
6.661799999999999840e-03
7.332929999999999657e-03
6.622770000000000046e-03
-1.144150000000000028e-03
-5.730670000000000208e-03
-6.063550000000000016e-03
-5.984439999999999725e-03
-5.114959999999999993e-03
-6.279530000000000506e-05
1.904979999999999911e-03
-2.504639999999999818e-03
-7.068950000000000060e-03
-2.545330000000000162e-03
6.973189999999999771e-03
1.349080000000000071e-02
1.270029999999999944e-02
7.735350000000000212e-03
3.199959999999999957e-03
8.184919999999999555e-05
-4.473760000000000236e-03
-6.314840000000000383e-03
-5.599960000000000181e-03
-7.786249999999999769e-03
-1.227999999999999925e-02
-7.680140000000000230e-03
4.713099999999999581e-03
4.738039999999999786e-03
1.954089999999999907e-03
1.017189999999999934e-02
2.468400000000000108e-02
2.597069999999999934e-02
8.705759999999999887e-03
-4.010429999999999724e-03
-4.817339999999999817e-03
-5.029709999999999737e-03
-2.921669999999999909e-03
1.843369999999999991e-03
3.977020000000000381e-03
2.566590000000000104e-03
-3.662210000000000161e-04
3.381770000000000088e-03
1.674739999999999909e-02
1.846269999999999856e-02
2.734980000000000137e-03
-7.050110000000000057e-03
-3.263040000000000038e-03
2.063970000000000041e-03
6.686230000000000526e-05
-2.368639999999999982e-03
-4.311280000000000234e-04
-7.220020000000000170e-04
-4.618370000000000114e-03
-7.267990000000000214e-03
-6.365319999999999832e-03
-6.209310000000000003e-03
-4.966489999999999620e-03
-4.990190000000000251e-03
-6.315959999999999804e-03
2.963009999999999863e-03
1.871810000000000140e-02
1.994639999999999955e-02
1.202109999999999984e-02
3.720989999999999975e-03
3.910420000000000416e-06
-1.271039999999999974e-03
-3.527090000000000086e-03
-6.753720000000000383e-03
-7.505880000000000364e-03
-5.729569999999999802e-03
-3.026609999999999891e-03
3.498690000000000046e-03
1.157240000000000005e-02
9.823240000000000444e-03
1.786279999999999899e-03
-6.008790000000000181e-04
1.173309999999999978e-02
1.902219999999999953e-02
5.390970000000000137e-03
-1.154269999999999949e-02
-1.079839999999999967e-02
3.807370000000000025e-03
1.126890000000000010e-02
3.174059999999999816e-03
-1.044729999999999964e-02
-1.501830000000000005e-02
-1.355020000000000009e-02
-8.690559999999999952e-03
9.020229999999999524e-04
8.269050000000000011e-03
1.523419999999999982e-02
2.168339999999999851e-02
9.332089999999999483e-03
-6.808709999999999936e-03
1.610320000000000154e-02
1.786319999999999922e-02
-4.755259999999999869e-03
-1.680890000000000162e-02
-2.000940000000000010e-02
2.485980000000000047e-03
1.276719999999999938e-02
-1.180389999999999912e-03
-1.945370000000000085e-02
-1.943800000000000042e-02
-8.478519999999999807e-03
-1.281159999999999938e-03
3.547859999999999903e-03
4.787269999999999720e-03
-1.690969999999999973e-03
-1.127859999999999974e-02
-1.961020000000000124e-02
-1.489219999999999954e-02
-2.939839999999999988e-03
-1.672099999999999975e-02
-3.428359999999999741e-02
-2.918429999999999983e-02
-1.677999999999999978e-02
-1.208779999999999924e-02
-1.752870000000000122e-02
-2.980589999999999976e-02
-3.133740000000000137e-02
-3.007100000000000051e-02
-4.333830000000000321e-02
-6.339770000000000127e-02
-7.165729999999999322e-02
-7.465610000000000301e-02
-7.917309999999999626e-02
-7.898800000000000265e-02
-7.169540000000000635e-02
-7.202440000000000231e-02
-7.654400000000000093e-02
-6.697290000000000187e-02
-4.787140000000000145e-02
-1.671479999999999841e-02
3.933879999999999842e-03
1.509070000000000029e-02
3.620330000000000076e-02
6.238490000000000008e-02
8.085280000000000244e-02
9.549509999999999943e-02
1.041009999999999991e-01
1.102670000000000039e-01
1.091769999999999963e-01
1.117429999999999951e-01
1.197259999999999991e-01
1.116140000000000049e-01
1.072250000000000009e-01
1.129320000000000046e-01
1.031060000000000032e-01
8.760569999999999469e-02
7.103370000000000517e-02
3.754649999999999654e-02
1.164279999999999959e-03
-2.367479999999999932e-02
-2.565809999999999966e-02
-1.364510000000000028e-02
-3.268469999999999882e-03
-1.009739999999999943e-02
-5.994219999999999757e-03
1.360959999999999948e-02
3.763529999999999653e-02
5.041410000000000335e-02
4.457499999999999657e-02
2.648539999999999922e-02
1.423250000000000036e-02
1.074289999999999967e-02
1.987380000000000049e-02
2.724069999999999964e-02
1.918239999999999876e-02
8.925910000000000441e-03
2.388560000000000075e-03
-9.349990000000000731e-03
-2.396010000000000154e-02
-4.404980000000000007e-02
-7.219830000000000692e-02
-8.653600000000000181e-02
-9.449749999999999817e-02
-9.399910000000000210e-02
-8.657149999999999568e-02
-7.719370000000000398e-02
-6.859379999999999644e-02
-6.276080000000000547e-02
-6.171349999999999753e-02
-5.150679999999999842e-02
-4.045499999999999791e-02
-3.286750000000000088e-02
-3.726460000000000189e-02
-3.548840000000000328e-02
-2.372869999999999840e-02
-5.156390000000000279e-03
1.684770000000000018e-02
3.338700000000000001e-02
4.422879999999999867e-02
5.134530000000000344e-02
5.496510000000000284e-02
6.515390000000000070e-02
8.210069999999999868e-02
7.475260000000000238e-02
4.342089999999999839e-02
3.009140000000000079e-02
5.159489999999999910e-02
5.224759999999999821e-02
1.979140000000000066e-02
1.041229999999999933e-02
6.970279999999999705e-03
-8.299130000000000049e-03
-2.063769999999999841e-02
-3.187310000000000143e-02
-4.286589999999999845e-02
-3.346879999999999994e-02
-2.557099999999999998e-02
-2.736900000000000097e-02
-2.727299999999999863e-02
-2.318330000000000043e-02
-1.788239999999999968e-02
-6.988519999999999802e-03
5.691419999999999986e-03
1.764419999999999877e-02
2.209900000000000059e-02
1.865429999999999866e-02
1.383099999999999954e-02
8.248190000000000729e-03
2.663309999999999896e-03
-3.657000000000000094e-03
-1.597370000000000040e-02
-3.351549999999999668e-02
-4.069409999999999694e-02
-3.244709999999999955e-02
-1.148159999999999979e-02
3.092430000000000179e-03
3.395969999999999892e-03
2.017570000000000214e-03
1.044149999999999939e-02
2.252260000000000026e-02
2.481629999999999947e-02
2.224999999999999895e-02
1.283590000000000078e-02
-3.101430000000000072e-03
-1.101719999999999956e-02
-1.448630000000000057e-02
-2.385970000000000105e-02
-3.738620000000000138e-02
-4.733450000000000157e-02
-5.757149999999999768e-02
-6.465650000000000563e-02
-6.214979999999999810e-02
-5.607820000000000166e-02
-5.230350000000000277e-02
-5.494559999999999722e-02
-5.503829999999999834e-02
-4.917699999999999849e-02
-2.550830000000000111e-02
7.292889999999999789e-03
3.018269999999999981e-02
4.596399999999999791e-02
5.885789999999999772e-02
7.428510000000000668e-02
9.902299999999999991e-02
1.104649999999999938e-01
1.053520000000000012e-01
9.348660000000000303e-02
8.039019999999999500e-02
7.018130000000000202e-02
5.759639999999999899e-02
2.975710000000000161e-02
-4.537509999999999807e-03
-3.409920000000000312e-02
-5.954899999999999777e-02
-6.992099999999999704e-02
-7.121410000000000240e-02
-7.290259999999999796e-02
-7.409649999999999570e-02
-6.457680000000000364e-02
-4.169169999999999821e-02
-1.451239999999999995e-02
-8.041839999999999969e-04
1.912709999999999974e-03
4.995040000000000070e-04
1.489809999999999919e-02
4.089829999999999854e-02
6.016130000000000089e-02
6.126530000000000170e-02
5.145330000000000042e-02
3.788919999999999788e-02
2.310339999999999963e-02
2.784290000000000029e-03
-1.561869999999999925e-02
-2.644140000000000032e-02
-3.256900000000000073e-02
-3.268680000000000196e-02
-2.910220000000000168e-02
-2.585290000000000157e-02
-2.050319999999999920e-02
-1.411530000000000076e-02
-1.598209999999999908e-02
-1.902409999999999865e-02
-1.488339999999999975e-02
2.835170000000000138e-03
2.569180000000000075e-02
3.550009999999999971e-02
3.235760000000000025e-02
2.508219999999999894e-02
2.186209999999999889e-02
2.230400000000000091e-02
2.445459999999999995e-02
2.322269999999999890e-02
1.933409999999999990e-02
1.605540000000000092e-02
1.265409999999999972e-02
1.313540000000000020e-02
1.013329999999999960e-02
-1.585620000000000085e-02
-4.028319999999999818e-02
-4.808219999999999855e-02
-5.030670000000000280e-02
-4.450350000000000139e-02
-2.972290000000000001e-02
-2.397869999999999863e-02
-2.501429999999999973e-02
-2.371059999999999834e-02
-2.285809999999999925e-02
-2.319680000000000006e-02
-2.677519999999999900e-02
-4.135169999999999818e-02
-6.015650000000000164e-02
-7.436710000000000542e-02
-6.554210000000000591e-02
-4.225160000000000027e-02
-2.926720000000000016e-02
-1.733919999999999906e-02
6.523700000000000332e-03
3.289040000000000019e-02
5.691679999999999656e-02
6.911860000000000226e-02
6.738199999999999745e-02
5.997009999999999841e-02
5.722649999999999959e-02
5.890139999999999959e-02
5.722979999999999734e-02
5.557440000000000296e-02
5.933250000000000329e-02
7.128320000000000489e-02
7.836170000000000635e-02
8.077449999999999908e-02
8.352479999999999627e-02
8.048829999999999874e-02
6.354769999999999863e-02
3.735839999999999994e-02
1.975860000000000116e-02
5.172330000000000157e-03
-1.186809999999999948e-02
-2.418299999999999964e-02
-2.736179999999999862e-02
-1.191940000000000013e-02
5.347290000000000203e-03
4.636949999999999926e-03
-1.156669999999999920e-02
-2.518509999999999846e-02
-2.688190000000000024e-02
-2.838519999999999932e-02
-4.081989999999999924e-02
-5.585899999999999893e-02
-5.344840000000000008e-02
-4.362449999999999661e-02
-4.376889999999999947e-02
-5.014190000000000313e-02
-5.043650000000000216e-02
-3.577929999999999999e-02
-2.472970000000000029e-02
-3.712239999999999984e-02
-5.472309999999999675e-02
-5.573870000000000213e-02
-5.334060000000000190e-02
-5.661240000000000022e-02
-5.776649999999999840e-02
-4.938159999999999772e-02
-4.161109999999999809e-02
-4.541089999999999710e-02
-5.214060000000000222e-02
-4.769029999999999797e-02
-3.755540000000000267e-02
-3.255159999999999998e-02
-3.496139999999999665e-02
-3.705569999999999697e-02
-3.315610000000000085e-02
-2.374450000000000172e-02
-1.352599999999999983e-02
1.490819999999999906e-03
1.645349999999999938e-02
2.872800000000000006e-02
3.536990000000000273e-02
4.630360000000000031e-02
6.090770000000000212e-02
7.119770000000000265e-02
6.965059999999999307e-02
5.966939999999999744e-02
5.500870000000000065e-02
5.663870000000000016e-02
5.733549999999999758e-02
4.819339999999999735e-02
2.840710000000000110e-02
1.510790000000000050e-02
1.432369999999999997e-02
1.280010000000000002e-02
7.512399999999999807e-03
1.103419999999999922e-02
2.238220000000000140e-02
2.759549999999999850e-02
2.486410000000000009e-02
1.684300000000000033e-02
1.427450000000000073e-02
1.791409999999999877e-02
1.984690000000000065e-02
1.769470000000000071e-02
9.574690000000000284e-03
3.271079999999999995e-04
-1.366660000000000010e-03
1.738339999999999894e-03
5.107500000000000061e-03
-1.127699999999999926e-03
-1.201780000000000036e-02
-1.431679999999999932e-02
-1.281539999999999936e-02
-8.147820000000000062e-03
2.599989999999999940e-03
6.781549999999999905e-03
5.409950000000000175e-03
1.449339999999999917e-03
-4.120610000000000245e-03
-5.627039999999999820e-03
-2.711789999999999947e-03
-2.025639999999999938e-04
-3.620270000000000085e-04
1.754619999999999921e-03
4.788129999999999817e-03
4.218859999999999624e-03
4.370770000000000167e-04
-1.053980000000000021e-02
-2.618550000000000044e-02
-3.588750000000000273e-02
-3.954970000000000013e-02
-4.994110000000000216e-02
-6.059420000000000084e-02
-6.872040000000000093e-02
-7.346890000000000365e-02
-7.097209999999999630e-02
-5.773289999999999672e-02
-3.521930000000000199e-02
-1.159570000000000045e-02
1.973120000000000082e-03
6.722439999999999666e-03
1.146190000000000056e-02
2.268469999999999862e-02
3.329880000000000340e-02
4.145639999999999742e-02
4.806150000000000005e-02
5.755129999999999968e-02
6.922019999999999562e-02
7.373219999999999774e-02
7.401879999999999571e-02
7.437749999999999917e-02
6.658559999999999479e-02
5.341640000000000277e-02
3.629679999999999712e-02
1.509199999999999951e-02
-6.854100000000000123e-03
-1.533879999999999966e-02
-1.509659999999999995e-02
-1.132320000000000028e-02
-9.877560000000000506e-03
-1.850320000000000090e-02
-2.961010000000000031e-02
-2.832360000000000086e-02
-1.543600000000000007e-02
-5.356030000000000339e-03
-3.703549999999999898e-03
-7.616079999999999899e-03
-1.388370000000000055e-02
-1.389660000000000027e-02
-6.973359999999999628e-03
-1.645849999999999917e-03
-3.538850000000000069e-03
-7.895269999999999372e-03
-6.963539999999999834e-03
1.706389999999999903e-03
1.426039999999999947e-02
2.639230000000000048e-02
3.250259999999999955e-02
3.158989999999999715e-02
2.966179999999999858e-02
2.470450000000000076e-02
1.526689999999999992e-02
1.092710000000000035e-02
8.650990000000000762e-03
2.356350000000000111e-03
-4.540849999999999921e-03
-5.585530000000000009e-03
-7.591210000000000145e-03
-1.590379999999999919e-02
-2.971450000000000133e-02
-3.992729999999999890e-02
-3.661930000000000046e-02
-2.358270000000000158e-02
-1.570310000000000109e-02
-1.204200000000000062e-02
-5.625989999999999984e-03
8.168480000000000532e-03
2.229079999999999950e-02
2.819989999999999997e-02
2.543360000000000065e-02
1.422539999999999916e-02
9.874459999999999835e-03
1.420450000000000011e-02
1.714840000000000114e-02
1.684460000000000124e-02
2.208339999999999956e-02
2.849530000000000118e-02
2.929309999999999900e-02
2.524859999999999952e-02
2.186429999999999971e-02
1.876250000000000140e-02
1.016549999999999919e-02
4.386770000000000014e-04
-4.910209999999999922e-03
-4.690999999999999857e-03
-1.844670000000000077e-03
-1.425190000000000007e-03
-1.890959999999999907e-03
-3.129949999999999833e-03
-4.074160000000000281e-03
-4.644879999999999669e-03
-8.519890000000000449e-03
-1.682760000000000158e-02
-2.609260000000000052e-02
-3.371960000000000235e-02
-3.735399999999999832e-02
-3.362819999999999698e-02
-3.148329999999999879e-02
-3.958409999999999707e-02
-5.549439999999999928e-02
-6.935900000000000398e-02
-7.267510000000000636e-02
-6.254909999999999637e-02
-4.612859999999999877e-02
-3.773959999999999815e-02
-3.541869999999999741e-02
-2.352009999999999865e-02
-3.149470000000000134e-03
3.456519999999999818e-03
1.793710000000000009e-03
-1.297779999999999897e-03
1.662999999999999982e-03
1.432450000000000043e-02
2.772310000000000052e-02
3.653320000000000178e-02
4.101960000000000328e-02
4.044699999999999684e-02
3.722509999999999708e-02
3.607359999999999733e-02
3.829350000000000115e-02
5.106809999999999822e-02
6.992020000000000179e-02
6.805410000000000625e-02
4.394599999999999895e-02
2.523440000000000058e-02
1.593980000000000050e-02
-2.554789999999999926e-03
-2.418939999999999979e-02
-4.169330000000000258e-02
-5.244159999999999794e-02
-5.514539999999999720e-02
-5.855330000000000257e-02
-6.134619999999999657e-02
-6.396169999999999634e-02
-6.356820000000000526e-02
-5.823570000000000135e-02
-4.173990000000000339e-02
-1.862170000000000145e-02
1.785069999999999929e-03
1.104229999999999969e-02
1.554720000000000060e-02
3.080650000000000055e-02
5.195720000000000199e-02
6.079570000000000113e-02
5.778330000000000272e-02
5.439490000000000297e-02
5.383509999999999684e-02
5.150380000000000236e-02
4.562959999999999933e-02
4.086420000000000330e-02
3.596509999999999985e-02
2.769409999999999927e-02
1.833670000000000092e-02
1.372800000000000062e-02
1.275689999999999984e-02
1.466240000000000078e-02
2.450880000000000072e-02
3.332569999999999977e-02
2.600140000000000090e-02
1.088779999999999956e-02
5.935919999999999912e-03
4.304310000000000427e-03
-3.168320000000000077e-03
-1.985759999999999956e-02
-3.551270000000000121e-02
-4.323500000000000260e-02
-4.581360000000000293e-02
-4.399030000000000301e-02
-4.090710000000000179e-02
-3.937249999999999778e-02
-3.720690000000000108e-02
-3.876160000000000022e-02
-4.492680000000000284e-02
-5.097129999999999717e-02
-5.851250000000000201e-02
-6.279129999999999434e-02
-6.281989999999999796e-02
-5.786589999999999789e-02
-4.546900000000000247e-02
-3.748309999999999836e-02
-2.964960000000000165e-02
-1.462929999999999960e-02
5.080669999999999804e-03
2.061910000000000132e-02
3.006409999999999985e-02
3.567660000000000275e-02
3.552580000000000321e-02
2.912059999999999996e-02
2.327900000000000108e-02
1.983499999999999847e-02
1.452460000000000036e-02
1.228890000000000017e-02
1.604260000000000061e-02
1.842550000000000091e-02
1.737030000000000171e-02
1.395640000000000075e-02
1.040920000000000040e-02
4.698189999999999658e-03
1.057310000000000107e-03
7.766900000000000193e-03
2.450410000000000088e-02
4.127129999999999688e-02
6.532079999999999831e-02
8.635859999999999370e-02
9.314020000000000632e-02
8.961270000000000346e-02
7.322499999999999842e-02
4.503780000000000283e-02
2.114970000000000044e-02
7.098270000000000274e-03
-2.590869999999999892e-03
-6.989109999999999767e-03
-4.067969999999999746e-03
3.854799999999999807e-03
4.907270000000000035e-03
-6.407560000000000295e-04
-6.550489999999999959e-03
-8.823259999999999437e-03
-1.121750000000000004e-02
-8.462630000000000499e-03
-2.195569999999999987e-03
4.108510000000000113e-03
3.273229999999999803e-03
-3.032519999999999920e-03
-1.335549999999999932e-02
-2.075180000000000080e-02
-2.644430000000000044e-02
-3.338789999999999814e-02
-3.874779999999999891e-02
-4.003469999999999945e-02
-3.749340000000000311e-02
-2.931129999999999847e-02
-2.047600000000000114e-02
-1.681140000000000065e-02
-1.516550000000000016e-02
-1.764639999999999959e-02
-2.461330000000000115e-02
-2.961799999999999849e-02
-3.116160000000000110e-02
-3.154629999999999934e-02
-3.054720000000000005e-02
-3.227700000000000014e-02
-3.695140000000000230e-02
-3.900599999999999901e-02
-3.623610000000000025e-02
-3.149330000000000185e-02
-2.792930000000000065e-02
-2.446080000000000129e-02
-2.058870000000000144e-02
-1.185300000000000069e-02
-7.492240000000000488e-04
7.568769999999999838e-03
1.385929999999999974e-02
2.075340000000000171e-02
2.462380000000000124e-02
2.563719999999999888e-02
2.468640000000000070e-02
2.091820000000000138e-02
1.672790000000000041e-02
1.342020000000000018e-02
5.635890000000000170e-03
-1.066079999999999979e-02
-3.484670000000000128e-02
-4.844040000000000151e-02
-4.687329999999999969e-02
-4.462460000000000038e-02
-4.485190000000000010e-02
-4.594929999999999848e-02
-4.603050000000000197e-02
-4.294860000000000344e-02
-3.969120000000000287e-02
-4.091159999999999936e-02
-4.236209999999999976e-02
-3.547009999999999746e-02
-1.530830000000000038e-02
6.013819999999999583e-03
2.013509999999999953e-02
3.472410000000000080e-02
4.582220000000000043e-02
4.852189999999999975e-02
4.712960000000000066e-02
4.879780000000000229e-02
5.552239999999999953e-02
5.839439999999999908e-02
5.629800000000000082e-02
5.524779999999999969e-02
5.459069999999999895e-02
4.877089999999999897e-02
3.912229999999999874e-02
2.995499999999999899e-02
2.235020000000000062e-02
2.074969999999999939e-02
2.598839999999999831e-02
3.463949999999999668e-02
3.501139999999999808e-02
2.684900000000000134e-02
2.033120000000000066e-02
1.325040000000000072e-02
3.109649999999999827e-03
-7.797639999999999780e-03
-1.604650000000000173e-02
-2.392560000000000173e-02
-3.570740000000000025e-02
-4.417379999999999918e-02
-4.994400000000000228e-02
-5.456629999999999814e-02
-5.465609999999999913e-02
-5.133979999999999794e-02
-4.884460000000000190e-02
-4.495849999999999846e-02
-3.807560000000000111e-02
-2.730250000000000038e-02
-1.621130000000000140e-02
-7.171689999999999662e-03
-2.331230000000000108e-03
3.697639999999999868e-03
1.539330000000000039e-02
2.781820000000000126e-02
3.519939999999999874e-02
3.650989999999999791e-02
3.780150000000000177e-02
3.985210000000000141e-02
4.170800000000000202e-02
3.997850000000000015e-02
3.231660000000000088e-02
2.309819999999999929e-02
2.048250000000000071e-02
1.870490000000000000e-02
8.391779999999999726e-03
-7.044120000000000069e-03
-1.722260000000000110e-02
-2.205760000000000012e-02
-2.564500000000000113e-02
-2.650699999999999931e-02
-2.701910000000000076e-02
-3.222309999999999758e-02
-4.348769999999999719e-02
-5.703710000000000030e-02
-5.961770000000000264e-02
-5.940999999999999753e-02
-6.002110000000000084e-02
-5.642139999999999656e-02
-4.373330000000000273e-02
-2.601140000000000049e-02
-2.252559999999999805e-03
2.380789999999999990e-02
4.344590000000000257e-02
6.123739999999999739e-02
6.934049999999999936e-02
6.468019999999999325e-02
5.176159999999999789e-02
3.815099999999999741e-02
2.728869999999999907e-02
2.088689999999999991e-02
1.733219999999999900e-02
1.977239999999999900e-02
2.464679999999999996e-02
2.641299999999999898e-02
2.382269999999999874e-02
1.650110000000000118e-02
5.363660000000000129e-03
-3.278849999999999820e-03
-7.464619999999999936e-03
-7.033779999999999893e-03
-2.750620000000000061e-03
1.270190000000000034e-03
9.368949999999999154e-03
1.812460000000000113e-02
2.173330000000000053e-02
2.344150000000000053e-02
2.439799999999999955e-02
2.898900000000000088e-02
4.076620000000000243e-02
5.657800000000000329e-02
6.813270000000000437e-02
6.894089999999999940e-02
6.066440000000000027e-02
3.879939999999999778e-02
1.319419999999999968e-02
-3.564560000000000037e-03
-1.587070000000000147e-02
-2.908020000000000049e-02
-4.398080000000000045e-02
-5.631230000000000263e-02
-5.820659999999999723e-02
-4.892500000000000321e-02
-3.643690000000000123e-02
-3.025610000000000105e-02
-2.830500000000000030e-02
-2.746240000000000139e-02
-2.637700000000000114e-02
-1.966230000000000061e-02
-1.008790000000000034e-02
-4.696729999999999655e-03
-1.907080000000000016e-03
3.722029999999999870e-03
1.374530000000000023e-02
2.552590000000000067e-02
2.807120000000000101e-02
2.298390000000000155e-02
1.883050000000000002e-02
1.470849999999999935e-02
3.523629999999999818e-03
-1.196640000000000030e-02
-2.187990000000000074e-02
-2.182260000000000102e-02
-1.558380000000000008e-02
-1.162089999999999998e-02
-1.213299999999999969e-02
-1.095239999999999929e-02
-6.830440000000000123e-03
1.903720000000000022e-03
9.450059999999999710e-03
8.433200000000000071e-03
-2.501890000000000103e-03
-1.362320000000000024e-02
-1.463929999999999919e-02
-1.082909999999999949e-02
-1.016230000000000085e-02
-1.046300000000000008e-02
-9.659289999999999196e-03
-5.641389999999999599e-03
-2.058260000000000124e-03
-4.008949999999999840e-03
-8.161989999999999176e-03
-8.944149999999999670e-03
-7.908079999999999624e-03
-1.036839999999999984e-02
-2.151710000000000081e-02
-3.265080000000000066e-02
-3.171270000000000339e-02
-2.356470000000000092e-02
-1.456980000000000081e-02
-4.987850000000000270e-03
1.634169999999999975e-05
3.416740000000000142e-03
5.989890000000000318e-03
4.339070000000000427e-03
3.567099999999999915e-04
-3.041069999999999884e-03
-7.689760000000000345e-03
-1.432699999999999946e-02
-2.032250000000000029e-02
-2.127609999999999918e-02
-1.431140000000000016e-02
-3.746510000000000205e-03
4.232679999999999949e-03
8.848460000000000700e-03
1.196900000000000047e-02
1.822419999999999943e-02
2.560370000000000007e-02
3.191019999999999968e-02
3.676429999999999976e-02
4.322079999999999672e-02
4.362669999999999743e-02
3.900760000000000338e-02
3.341689999999999938e-02
3.233280000000000182e-02
3.520779999999999743e-02
3.846220000000000194e-02
3.934470000000000328e-02
3.745239999999999680e-02
3.507319999999999882e-02
3.207320000000000310e-02
2.901010000000000047e-02
2.530479999999999882e-02
1.963260000000000005e-02
7.974510000000000626e-03
-5.130530000000000333e-03
-8.361890000000000295e-03
-2.010880000000000046e-03
4.232829999999999926e-03
3.780749999999999823e-03
-4.565719999999999675e-03
-6.947219999999999611e-03
-6.068379999999999955e-03
-5.645739999999999786e-03
-9.065679999999999572e-03
-2.276409999999999892e-02
-3.368299999999999766e-02
-3.482699999999999685e-02
-3.244079999999999880e-02
-2.884230000000000127e-02
-2.095510000000000081e-02
-1.029700000000000060e-02
-3.669529999999999841e-03
-3.412380000000000014e-03
-3.632719999999999873e-03
2.373599999999999907e-04
5.635600000000000158e-03
6.251020000000000361e-03
6.312950000000000332e-03
1.033579999999999915e-02
1.512570000000000060e-02
1.749080000000000079e-02
1.808070000000000163e-02
1.724099999999999938e-02
1.102150000000000005e-02
2.282929999999999855e-03
-4.224480000000000075e-03
-6.340140000000000185e-03
-6.410179999999999698e-03
-5.502660000000000363e-03
-7.838549999999999685e-03
-1.120780000000000040e-02
-1.328009999999999954e-02
-1.184510000000000077e-02
-7.761249999999999920e-03
-4.097380000000000293e-03
-5.424209999999999622e-03
-1.200599999999999931e-02
-2.094729999999999856e-02
-2.950559999999999988e-02
-3.181429999999999675e-02
-2.577770000000000061e-02
-1.759700000000000153e-02
-1.303739999999999934e-02
-1.141379999999999999e-02
-1.224090000000000074e-02
-1.489019999999999927e-02
-1.764100000000000043e-02
-1.916129999999999917e-02
-1.858349999999999932e-02
-1.582779999999999951e-02
-1.406430000000000007e-02
-1.310990000000000072e-02
-9.803390000000000368e-03
-2.384410000000000002e-03
8.481980000000000075e-03
1.630699999999999858e-02
1.641110000000000138e-02
1.464179999999999995e-02
1.477410000000000008e-02
1.713970000000000077e-02
1.932800000000000143e-02
2.002150000000000110e-02
2.193430000000000032e-02
2.710510000000000003e-02
3.357650000000000218e-02
3.743860000000000243e-02
3.401710000000000150e-02
2.613160000000000135e-02
1.719839999999999910e-02
8.780299999999999563e-03
6.141409999999999925e-03
8.192960000000000867e-03
9.623859999999999706e-03
7.903699999999999615e-03
4.436930000000000388e-03
-4.350109999999999914e-03
-1.796530000000000002e-02
-2.720819999999999836e-02
-2.988390000000000143e-02
-2.705010000000000053e-02
-2.337030000000000010e-02
-1.968829999999999886e-02
-1.610759999999999970e-02
-1.226329999999999955e-02
-9.478310000000000207e-03
-1.058060000000000077e-02
-1.244780000000000018e-02
-1.212240000000000019e-02
-1.089940000000000006e-02
-8.066270000000000384e-03
-3.749010000000000103e-03
-9.967859999999999394e-04
2.826740000000000112e-04
-3.354880000000000188e-03
-1.114479999999999985e-02
-1.621300000000000172e-02
-1.856170000000000042e-02
-1.812379999999999894e-02
-1.928109999999999893e-02
-2.105109999999999967e-02
-2.244650000000000117e-02
-2.041360000000000050e-02
-1.462100000000000032e-02
-2.405220000000000014e-03
7.862130000000000160e-03
1.515170000000000058e-02
1.917090000000000113e-02
2.063119999999999885e-02
2.352310000000000165e-02
3.135600000000000193e-02
4.190479999999999899e-02
4.535349999999999798e-02
4.117189999999999739e-02
3.555819999999999814e-02
3.389339999999999714e-02
3.514269999999999894e-02
3.325460000000000221e-02
2.682079999999999881e-02
1.633880000000000055e-02
5.741070000000000027e-03
-3.483159999999999902e-03
-1.091139999999999992e-02
-1.378210000000000025e-02
-1.180660000000000043e-02
-1.043580000000000028e-02
-1.103460000000000031e-02
-1.241349999999999919e-02
-1.337909999999999967e-02
-1.227810000000000012e-02
-1.144730000000000053e-02
-1.243969999999999972e-02
-1.248349999999999980e-02
-8.539679999999999147e-03
1.109650000000000003e-03
7.782289999999999867e-03
1.266789999999999930e-02
1.546780000000000030e-02
1.544569999999999971e-02
1.286099999999999917e-02
9.280740000000000864e-03
5.498639999999999951e-03
9.080489999999999656e-04
-6.057299999999999837e-03
-1.310889999999999972e-02
-1.676860000000000156e-02
-1.899589999999999959e-02
-2.208109999999999934e-02
-2.479709999999999900e-02
-2.834839999999999929e-02
-2.873080000000000078e-02
-2.864080000000000098e-02
-2.843450000000000144e-02
-2.748789999999999914e-02
-2.482470000000000163e-02
-2.337960000000000038e-02
-2.183970000000000009e-02
-1.941760000000000014e-02
-1.752249999999999988e-02
-1.736530000000000018e-02
-2.040089999999999959e-02
-2.443239999999999995e-02
-2.839260000000000048e-02
-3.241449999999999887e-02
-3.342719999999999719e-02
-3.371160000000000129e-02
-3.547879999999999784e-02
-3.692079999999999668e-02
-3.660900000000000265e-02
-3.549650000000000027e-02
-3.433400000000000341e-02
-3.239750000000000268e-02
-3.226790000000000214e-02
-2.928400000000000100e-02
-2.580460000000000045e-02
-2.071929999999999952e-02
-1.468520000000000068e-02
-9.420259999999999745e-03
-2.236450000000000070e-03
5.371550000000000109e-03
9.358139999999999167e-03
1.001999999999999939e-02
7.440340000000000148e-03
2.678359999999999855e-03
-1.667859999999999959e-03
-4.518490000000000006e-03
-5.581169999999999881e-03
-4.543799999999999749e-03
-1.933899999999999899e-03
1.967759999999999822e-03
5.949880000000000273e-03
9.963150000000000478e-03
1.553730000000000042e-02
2.277169999999999889e-02
2.841300000000000076e-02
3.044519999999999865e-02
3.124930000000000069e-02
3.101059999999999928e-02
3.057939999999999964e-02
3.020029999999999937e-02
2.961580000000000115e-02
3.165099999999999858e-02
3.578540000000000193e-02
3.827549999999999703e-02
3.934449999999999753e-02
3.564169999999999838e-02
2.993890000000000093e-02
2.630299999999999999e-02
2.185890000000000055e-02
1.587759999999999866e-02
1.072700000000000042e-02
7.207449999999999794e-03
5.996200000000000141e-03
5.654939999999999793e-03
6.341020000000000163e-03
7.902249999999999552e-03
1.089810000000000084e-02
1.164940000000000073e-02
9.767879999999999618e-03
7.544939999999999980e-03
5.929369999999999780e-03
5.209629999999999816e-03
6.353010000000000081e-03
6.870280000000000310e-03
6.586139999999999876e-03
6.616109999999999700e-03
6.223249999999999615e-03
4.769510000000000242e-03
3.262319999999999977e-03
8.272289999999999635e-04
-1.425770000000000032e-03
-1.641929999999999995e-03
-1.252660000000000058e-03
9.579679999999999394e-06
-9.745259999999999730e-04
-4.821029999999999587e-03
-7.835889999999999869e-03
-9.132339999999999208e-03
-5.754219999999999995e-03
2.518210000000000001e-04
5.972589999999999844e-03
1.015800000000000036e-02
1.348060000000000057e-02
1.356309999999999981e-02
1.288919999999999996e-02
1.332500000000000004e-02
1.222810000000000043e-02
1.134300000000000065e-02
1.188879999999999972e-02
1.415289999999999951e-02
1.763419999999999918e-02
1.796899999999999886e-02
1.660069999999999948e-02
1.542409999999999962e-02
1.443859999999999935e-02
1.264120000000000001e-02
7.529069999999999686e-03
-2.286269999999999915e-04
-7.463469999999999827e-03
-1.248789999999999970e-02
-1.598400000000000168e-02
-1.758749999999999897e-02
-2.052280000000000076e-02
-2.542379999999999987e-02
-2.830809999999999924e-02
-2.498689999999999939e-02
-1.679100000000000037e-02
-9.178459999999999397e-03
-6.187129999999999887e-03
-6.371159999999999844e-03
-4.265190000000000300e-03
1.678360000000000051e-03
6.494899999999999632e-03
8.627199999999999799e-03
1.063290000000000068e-02
1.242159999999999966e-02
1.447430000000000071e-02
1.354170000000000026e-02
1.025079999999999915e-02
9.787540000000000823e-03
1.277769999999999948e-02
1.454629999999999986e-02
1.737460000000000046e-02
2.114610000000000101e-02
2.648249999999999910e-02
3.070470000000000144e-02
3.094819999999999863e-02
2.973440000000000111e-02
2.898440000000000044e-02
2.690460000000000074e-02
2.319639999999999896e-02
1.908910000000000121e-02
1.157809999999999916e-02
4.146030000000000201e-03
-4.397289999999999771e-04
-4.276440000000000276e-03
-8.201289999999999969e-03
-1.215590000000000073e-02
-1.537870000000000036e-02
-1.330459999999999976e-02
-8.072340000000000765e-03
-3.776729999999999844e-03
-2.440490000000000020e-03
-4.057429999999999891e-03
-4.130680000000000289e-03
-3.042009999999999940e-03
-3.909010000000000089e-03
-4.619810000000000236e-03
-4.553340000000000339e-03
-3.997439999999999674e-03
-3.308199999999999856e-03
-1.600300000000000030e-03
-1.554519999999999990e-03
-1.382339999999999914e-03
3.429160000000000216e-04
2.414209999999999967e-03
4.794490000000000210e-03
5.263379999999999795e-03
4.503519999999999572e-03
4.303509999999999974e-03
3.765650000000000160e-03
1.934289999999999968e-03
2.477609999999999882e-03
5.344319999999999626e-03
6.108579999999999739e-03
6.323149999999999604e-03
5.331800000000000254e-03
6.505109999999999712e-03
7.533129999999999861e-03
7.279080000000000272e-03
5.749429999999999819e-03
3.998090000000000151e-03
2.261260000000000180e-03
3.367919999999999942e-03
5.131430000000000193e-03
5.752489999999999860e-03
5.839959999999999943e-03
2.597149999999999893e-03
-3.535690000000000187e-03
-8.216879999999999323e-03
-1.034230000000000045e-02
-1.085279999999999925e-02
-1.262609999999999948e-02
-1.425219999999999959e-02
-1.578310000000000130e-02
-1.598760000000000112e-02
-1.561060000000000052e-02
-1.576889999999999889e-02
-1.750000000000000167e-02
-2.021759999999999877e-02
-2.034390000000000157e-02
-1.627639999999999990e-02
-1.306569999999999954e-02
-1.030449999999999942e-02
-9.359620000000000786e-03
-9.385020000000000862e-03
-8.439089999999999786e-03
-6.711950000000000381e-03
-6.503049999999999803e-03
-6.209219999999999670e-03
-4.316119999999999679e-03
-1.511320000000000024e-03
1.547900000000000057e-03
2.769549999999999963e-03
3.155639999999999921e-03
1.778639999999999952e-03
1.038820000000000059e-04
-2.485699999999999867e-04
-6.810060000000000321e-05
-2.153730000000000130e-04
2.819300000000000061e-04
1.278690000000000078e-03
4.658690000000000053e-03
1.091259999999999973e-02
1.547089999999999924e-02
1.653800000000000062e-02
1.455359999999999987e-02
9.883789999999999937e-03
5.105029999999999984e-03
2.002789999999999952e-03
1.801179999999999990e-04
-1.329890000000000022e-03
-2.212309999999999884e-03
-2.086610000000000027e-03
-2.182770000000000109e-03
-1.908600000000000097e-03
-1.926540000000000023e-03
-4.300649999999999612e-03
-7.311139999999999826e-03
-8.192490000000000189e-03
-8.230180000000000134e-03
-6.229730000000000163e-03
-3.900069999999999839e-03
2.966110000000000101e-03
1.027119999999999943e-02
1.585670000000000135e-02
1.992680000000000146e-02
2.333030000000000173e-02
2.693049999999999958e-02
2.959279999999999897e-02
2.991730000000000084e-02
2.781509999999999885e-02
2.431619999999999962e-02
1.914949999999999986e-02
1.542070000000000073e-02
1.492839999999999966e-02
1.465960000000000006e-02
1.343330000000000045e-02
1.252009999999999929e-02
1.225629999999999949e-02
1.213179999999999988e-02
9.703299999999999773e-03
4.206299999999999623e-03
-8.707059999999999540e-04
-5.315190000000000019e-03
-9.063039999999999638e-03
-1.156719999999999970e-02
-1.332919999999999938e-02
-1.441049999999999970e-02
-1.559579999999999994e-02
-1.682590000000000127e-02
-1.782100000000000004e-02
-1.921000000000000138e-02
-2.175360000000000141e-02
-2.414250000000000076e-02
-2.705880000000000091e-02
-3.051009999999999833e-02
-3.262430000000000191e-02
-3.084309999999999830e-02
-2.650550000000000128e-02
-2.267720000000000152e-02
-2.072670000000000068e-02
-2.044529999999999959e-02
-1.922750000000000153e-02
-1.784149999999999972e-02
-1.853789999999999952e-02
-2.064960000000000059e-02
-2.264330000000000162e-02
-2.278569999999999901e-02
-1.910339999999999955e-02
-1.339979999999999991e-02
-8.162569999999999201e-03
-4.371660000000000303e-03
-1.077650000000000092e-03
2.379920000000000212e-03
4.583150000000000245e-03
5.337749999999999613e-03
3.507450000000000064e-03
3.147679999999999922e-03
3.564200000000000007e-03
4.921990000000000219e-03
5.176029999999999867e-03
4.938979999999999933e-03
4.820790000000000144e-03
5.932879999999999751e-03
7.725919999999999836e-03
7.523890000000000092e-03
5.866770000000000318e-03
1.618920000000000038e-03
-4.245750000000000392e-03
-1.175050000000000053e-02
-1.651450000000000140e-02
-1.746819999999999970e-02
-1.834500000000000020e-02
-1.786919999999999828e-02
-1.700360000000000066e-02
-1.670229999999999979e-02
-1.785460000000000172e-02
-1.804959999999999898e-02
-1.590209999999999887e-02
-1.355390000000000067e-02
-1.300690000000000006e-02
-1.213380000000000014e-02
-1.025410000000000037e-02
-5.990360000000000129e-03
-2.548429999999999966e-03
-1.779080000000000049e-04
5.996890000000000380e-04
2.436189999999999970e-03
2.848980000000000089e-03
2.642579999999999842e-03
-4.909359999999999766e-04
-5.086499999999999876e-03
-6.606899999999999752e-03
-5.492590000000000319e-03
-4.528279999999999979e-03
-3.186029999999999852e-03
-2.700940000000000198e-03
-2.775230000000000058e-03
-2.546520000000000034e-03
-2.446990000000000016e-03
-2.515879999999999853e-03
-1.310189999999999922e-03
1.251469999999999970e-03
2.780279999999999991e-03
4.174830000000000034e-03
5.577930000000000041e-03
7.605530000000000103e-03
7.861419999999999172e-03
7.625869999999999871e-03
7.084219999999999580e-03
4.895659999999999595e-03
2.653319999999999811e-03
1.053150000000000093e-03
-1.061120000000000032e-04
-3.959229999999999699e-05
1.228060000000000002e-03
4.356289999999999642e-03
9.376260000000000844e-03
1.540300000000000002e-02
2.062369999999999828e-02
2.314700000000000091e-02
2.272760000000000058e-02
2.260529999999999831e-02
2.136290000000000064e-02
1.880149999999999877e-02
1.564120000000000094e-02
1.229670000000000069e-02
1.008189999999999954e-02
7.477949999999999701e-03
2.685069999999999905e-03
-1.676100000000000029e-03
-9.014950000000000740e-03
-1.639650000000000135e-02
-2.178930000000000103e-02
-2.385680000000000092e-02
-2.349659999999999943e-02
-2.177480000000000041e-02
-1.995890000000000164e-02
-1.911480000000000123e-02
-1.818770000000000109e-02
-1.652939999999999965e-02
-1.499419999999999920e-02
-1.177629999999999996e-02
-7.400030000000000149e-03
-2.639770000000000050e-03
8.233129999999999962e-04
1.610220000000000097e-03
2.953869999999999933e-03
5.063759999999999616e-03
6.608690000000000397e-03
6.204979999999999697e-03
6.447579999999999631e-03
6.031550000000000106e-03
4.753349999999999936e-03
1.030700000000000062e-03
-4.877839999999999607e-03
-1.047260000000000031e-02
-1.332640000000000040e-02
-1.427810000000000017e-02
-1.663689999999999961e-02
-1.772239999999999926e-02
-1.702060000000000031e-02
-1.287499999999999929e-02
-8.402839999999999962e-03
-7.572169999999999596e-03
-7.460180000000000283e-03
-6.955290000000000257e-03
-5.257620000000000175e-03
-2.335779999999999974e-03
-3.242219999999999868e-04
5.804209999999999779e-05
1.301510000000000080e-03
4.068139999999999604e-03
5.288099999999999572e-03
5.188629999999999631e-03
4.887579999999999876e-03
2.633540000000000186e-03
-1.449320000000000035e-03
-4.004879999999999725e-03
-6.045479999999999778e-03
-7.308720000000000321e-03
-8.108040000000000386e-03
-9.329399999999999846e-03
-8.078679999999999542e-03
-5.396820000000000089e-03
-1.926350000000000067e-03
2.072089999999999956e-03
6.081460000000000338e-03
9.138169999999999280e-03
1.088919999999999992e-02
1.225709999999999994e-02
1.357479999999999971e-02
1.490610000000000025e-02
1.703990000000000019e-02
2.056499999999999995e-02
2.246180000000000052e-02
2.177230000000000137e-02
2.091240000000000113e-02
1.949379999999999863e-02
1.798160000000000036e-02
1.771210000000000145e-02
1.881810000000000080e-02
1.742919999999999886e-02
1.632190000000000030e-02
1.490550000000000035e-02
1.198160000000000024e-02
8.461879999999999749e-03
5.397650000000000364e-03
3.428159999999999975e-03
2.205200000000000042e-03
1.737229999999999981e-03
1.492080000000000012e-03
1.997330000000000069e-04
-1.032500000000000025e-04
1.483289999999999956e-03
1.393920000000000098e-03
1.709779999999999937e-03
2.029759999999999811e-03
1.985390000000000071e-03
2.354100000000000029e-03
2.566099999999999978e-03
4.496260000000000187e-03
7.566680000000000107e-03
1.318959999999999924e-02
1.823150000000000118e-02
2.047519999999999896e-02
2.094239999999999990e-02
2.030890000000000126e-02
1.990750000000000158e-02
1.741190000000000099e-02
1.530319999999999944e-02
1.344470000000000040e-02
1.196290000000000027e-02
9.193700000000000830e-03
6.296839999999999729e-03
4.352390000000000252e-03
3.783170000000000196e-03
3.767260000000000140e-03
3.055800000000000009e-03
1.698770000000000054e-03
8.261499999999999963e-04
-5.521709999999999553e-04
-1.714009999999999969e-03
-2.478179999999999966e-03
-5.690620000000000400e-03
-1.018089999999999967e-02
-1.261450000000000071e-02
-1.287839999999999992e-02
-1.247140000000000054e-02
-1.070570000000000029e-02
-9.987330000000000860e-03
-9.312259999999999288e-03
-7.511939999999999937e-03
-5.558369999999999977e-03
-4.273909999999999688e-03
-2.163949999999999988e-03
-2.731119999999999967e-04
8.411039999999999619e-04
1.130310000000000039e-03
1.076939999999999972e-03
1.164780000000000025e-03
1.787720000000000021e-03
3.525959999999999858e-03
4.149159999999999827e-03
3.957590000000000413e-03
3.707349999999999882e-03
1.959330000000000013e-03
-7.676309999999999557e-04
-2.223460000000000020e-03
-4.010910000000000343e-03
-5.282949999999999799e-03
-7.279869999999999917e-03
-9.033519999999999744e-03
-8.965330000000000521e-03
-7.913550000000000098e-03
-6.576679999999999679e-03
-5.180800000000000162e-03
-4.446190000000000038e-03
-3.957750000000000330e-03
-3.898430000000000038e-03
-3.493120000000000166e-03
-2.601539999999999842e-03
-5.735410000000000031e-04
6.962359999999999524e-05
-1.286749999999999916e-03
-2.558069999999999962e-03
-4.886569999999999803e-03
-7.426219999999999870e-03
-7.710169999999999697e-03
-9.092940000000000744e-03
-9.440360000000000071e-03
-8.702289999999999678e-03
-6.644709999999999853e-03
-3.298049999999999853e-03
-1.188290000000000049e-03
-3.517319999999999995e-04
9.470760000000000376e-04
2.650829999999999853e-03
3.933670000000000222e-03
5.357640000000000319e-03
3.840650000000000140e-03
1.732119999999999970e-03
1.030909999999999899e-03
-3.261399999999999911e-04
-1.264139999999999969e-03
-2.365139999999999951e-03
-1.537830000000000013e-03
-1.337269999999999995e-03
-2.382930000000000118e-03
-4.025250000000000182e-03
-5.107780000000000133e-03
-4.925220000000000119e-03
-4.132819999999999723e-03
-4.036709999999999778e-03
-3.687709999999999860e-03
-3.435290000000000132e-03
-1.218349999999999989e-03
2.641810000000000078e-03
4.877270000000000390e-03
4.342870000000000411e-03
2.138890000000000062e-03
-6.747489999999999868e-04
-1.552360000000000025e-03
-1.217540000000000028e-03
-1.387229999999999930e-03
-1.053569999999999984e-03
-1.334829999999999958e-03
-1.156850000000000066e-03
-1.510810000000000018e-03
-3.037090000000000102e-03
-4.561629999999999678e-03
-5.894960000000000304e-03
-7.983519999999999159e-03
-7.812259999999999691e-03
-7.386679999999999635e-03
-5.051719999999999995e-03
-3.547590000000000205e-03
-2.377910000000000006e-03
1.105269999999999994e-03
4.970660000000000009e-03
8.653789999999999746e-03
9.057650000000000423e-03
8.408809999999999202e-03
8.110070000000000473e-03
6.933240000000000236e-03
5.604650000000000083e-03
5.988870000000000304e-03
7.239070000000000227e-03
9.479960000000000817e-03
1.101099999999999995e-02
1.099540000000000066e-02
9.399690000000000475e-03
8.458159999999999290e-03
7.427170000000000299e-03
4.459270000000000421e-03
-1.675179999999999909e-04
-3.899389999999999974e-03
-6.776139999999999941e-03
-8.976980000000000723e-03
-1.075599999999999994e-02
-1.280390000000000000e-02
-1.494709999999999962e-02
-1.598449999999999871e-02
-1.461840000000000014e-02
-1.288989999999999927e-02
-1.273220000000000081e-02
-1.399940000000000039e-02
-1.493839999999999925e-02
-1.504280000000000027e-02
-1.328400000000000067e-02
-1.115840000000000061e-02
-1.076930000000000075e-02
-1.074750000000000011e-02
-9.742030000000000481e-03
-8.178639999999999174e-03
-7.567199999999999621e-03
-7.432170000000000096e-03
-5.601870000000000113e-03
-3.384190000000000028e-03
-6.693800000000000184e-04
2.238850000000000128e-03
4.415340000000000237e-03
6.408900000000000360e-03
8.331579999999999889e-03
9.629779999999999243e-03
1.153460000000000076e-02
1.134529999999999914e-02
1.051689999999999917e-02
8.518690000000000637e-03
7.506109999999999866e-03
7.224940000000000008e-03
7.189509999999999651e-03
4.904069999999999957e-03
-3.207949999999999669e-05
-4.495589999999999829e-03
-7.057380000000000250e-03
-7.773509999999999968e-03
-7.450410000000000192e-03
-9.206900000000000500e-03
-1.125300000000000085e-02
-1.152700000000000079e-02
-1.009189999999999914e-02
-7.318609999999999699e-03
-3.024000000000000212e-03
7.819199999999999675e-04
4.701300000000000270e-03
6.745580000000000152e-03
8.067349999999999174e-03
9.803289999999999227e-03
1.031209999999999939e-02
1.017799999999999955e-02
8.736870000000000747e-03
6.428040000000000316e-03
4.698950000000000349e-03
3.285259999999999916e-03
1.056859999999999961e-03
-1.740929999999999908e-03
-4.221220000000000354e-03
-5.517270000000000334e-03
-5.658490000000000394e-03
-6.182209999999999615e-03
-5.852679999999999862e-03
-4.448279999999999769e-03
-3.231560000000000075e-03
-8.868529999999999469e-04
2.169770000000000119e-03
4.371419999999999993e-03
6.819630000000000136e-03
8.215439999999999202e-03
8.385230000000000461e-03
8.453379999999999922e-03
8.706949999999999759e-03
8.788400000000000031e-03
8.908430000000000168e-03
1.000760000000000018e-02
1.142920000000000047e-02
1.326860000000000019e-02
1.485449999999999965e-02
1.438009999999999983e-02
1.223819999999999943e-02
9.785330000000000070e-03
7.443289999999999976e-03
7.375879999999999589e-03
7.787009999999999592e-03
7.636989999999999751e-03
7.017500000000000300e-03
5.598820000000000012e-03
4.812890000000000224e-03
5.972400000000000105e-03
6.508479999999999648e-03
6.502820000000000301e-03
5.376409999999999870e-03
3.307140000000000080e-03
1.749389999999999973e-03
9.394940000000000550e-05
-1.867759999999999993e-03
-4.156449999999999902e-03
-5.501329999999999588e-03
-7.746860000000000378e-03
-8.055649999999999269e-03
-7.664550000000000009e-03
-8.454780000000000281e-03
-8.419909999999999201e-03
-5.760949999999999925e-03
-3.310519999999999956e-03
-1.002960000000000006e-03
1.992859999999999944e-03
3.096279999999999866e-03
3.409020000000000019e-03
4.458479999999999908e-03
5.073659999999999802e-03
6.109350000000000371e-03
7.926580000000000778e-03
8.108620000000000411e-03
7.550160000000000204e-03
7.523290000000000186e-03
7.456370000000000359e-03
7.378179999999999808e-03
7.443070000000000415e-03
6.813810000000000006e-03
6.546830000000000011e-03
5.614949999999999629e-03
5.212940000000000108e-03
5.268990000000000305e-03
5.090319999999999741e-03
5.469270000000000034e-03
6.631849999999999898e-03
7.734979999999999807e-03
8.548939999999999664e-03
8.506170000000000397e-03
7.761310000000000431e-03
6.171679999999999701e-03
4.097939999999999569e-03
2.682850000000000078e-03
1.834350000000000000e-03
1.190780000000000007e-03
1.357989999999999892e-03
3.007750000000000007e-03
3.186459999999999900e-03
1.567059999999999894e-03
1.178599999999999917e-03
5.233650000000000281e-04
-1.110469999999999903e-03
-2.228149999999999922e-03
-3.066829999999999990e-03
-3.207610000000000062e-03
-3.122160000000000126e-03
-3.323089999999999898e-03
-2.127829999999999826e-03
-5.864019999999999736e-04
2.779510000000000227e-04
2.220479999999999936e-03
3.163399999999999806e-03
2.699200000000000123e-03
2.579999999999999828e-03
1.078760000000000005e-03
-5.338870000000000334e-04
-1.303279999999999977e-03
-2.158709999999999882e-03
-3.761650000000000063e-03
-3.555299999999999953e-03
-4.572579999999999700e-03
-6.265200000000000283e-03
-7.401070000000000045e-03
-7.490020000000000011e-03
-8.915680000000000480e-03
-1.157129999999999964e-02
-1.317190000000000027e-02
-1.279850000000000085e-02
-1.045899999999999955e-02
-6.508710000000000016e-03
-2.223580000000000174e-03
8.371229999999999470e-05
1.272279999999999982e-03
3.742729999999999994e-04
-1.402480000000000003e-03
-2.331820000000000073e-03
-2.344300000000000116e-03
-3.397260000000000037e-03
-4.548690000000000198e-03
-7.061119999999999723e-03
-8.553260000000000030e-03
-9.270920000000000202e-03
-9.147779999999999453e-03
-8.162869999999999154e-03
-7.388399999999999829e-03
-7.569420000000000315e-03
-6.724800000000000395e-03
-4.800079999999999972e-03
-3.039930000000000149e-03
-2.667309999999999993e-03
-4.397179999999999665e-03
-4.573930000000000357e-03
-2.538089999999999791e-03
-9.535360000000000537e-04
8.958380000000000379e-04
2.644640000000000185e-03
3.566730000000000161e-03
3.764539999999999813e-03
3.126199999999999986e-03
2.391429999999999945e-03
1.566689999999999923e-03
1.544510000000000024e-03
3.166969999999999855e-03
3.475600000000000130e-03
3.043960000000000068e-03
1.290130000000000009e-03
-6.030109999999999767e-04
-1.464900000000000100e-03
-2.627650000000000038e-03
-4.426779999999999951e-03
-4.955519999999999717e-03
-6.463400000000000221e-03
-6.936849999999999614e-03
-8.018670000000000311e-03
-8.668810000000000751e-03
-8.261759999999999937e-03
-8.161059999999999495e-03
-7.924759999999999444e-03
-7.907809999999999492e-03
-7.528319999999999804e-03
-7.532370000000000038e-03
-4.927179999999999754e-03
-1.347230000000000042e-03
1.229609999999999904e-03
3.284880000000000005e-03
4.928700000000000268e-03
5.203239999999999602e-03
5.540419999999999894e-03
5.438919999999999866e-03
6.255730000000000145e-03
6.963070000000000023e-03
5.768960000000000060e-03
3.145590000000000191e-03
1.189469999999999980e-03
3.522779999999999770e-04
4.557340000000000110e-04
3.323539999999999828e-04
1.501630000000000055e-04
-4.842899999999999999e-05
-1.238129999999999884e-04
1.875889999999999958e-04
1.317409999999999979e-03
1.617979999999999982e-03
8.324250000000000269e-04
1.756680000000000047e-03
3.386989999999999879e-03
5.609089999999999736e-03
6.472799999999999908e-03
7.107170000000000328e-03
6.581990000000000236e-03
4.866249999999999916e-03
2.431369999999999972e-03
-2.478369999999999922e-04
-1.443059999999999916e-03
-2.133480000000000099e-03
-3.054219999999999852e-03
-4.369030000000000309e-03
-4.915479999999999849e-03
-6.125489999999999928e-03
-6.417139999999999997e-03
-7.435409999999999936e-03
-7.260049999999999663e-03
-7.130189999999999792e-03
-7.756680000000000172e-03
-7.485349999999999990e-03
-6.180190000000000336e-03
-4.375460000000000287e-03
-3.296770000000000082e-03
-1.486340000000000057e-03
-2.710759999999999776e-04
2.381359999999999900e-03
3.548490000000000064e-03
2.449660000000000205e-03
1.086259999999999917e-03
1.251450000000000088e-03
1.344850000000000082e-03
2.287280000000000042e-03
4.103709999999999997e-03
5.125949999999999777e-03
6.397179999999999707e-03
6.969640000000000037e-03
6.884600000000000268e-03
6.750189999999999663e-03
6.652810000000000321e-03
4.916120000000000385e-03
4.079020000000000042e-03
2.646229999999999850e-03
2.145769999999999969e-03
2.331750000000000055e-03
2.072549999999999826e-03
2.349570000000000044e-03
4.135630000000000382e-03
6.011350000000000374e-03
5.882870000000000113e-03
4.283399999999999708e-03
1.958820000000000006e-03
1.679249999999999970e-03
1.736329999999999905e-03
1.522909999999999932e-03
1.406139999999999951e-03
9.961410000000000837e-04
-5.753149999999999627e-04
7.997160000000000119e-04
1.789510000000000016e-03
2.896330000000000237e-04
-1.314410000000000014e-03
-1.216819999999999968e-03
-6.116960000000000062e-04
-1.367180000000000012e-04
2.403359999999999785e-03
3.743100000000000073e-03
4.100910000000000145e-03
5.294450000000000024e-03
5.197300000000000184e-03
5.106280000000000367e-03
3.710830000000000031e-03
2.728879999999999934e-03
3.554250000000000118e-03
5.173009999999999588e-03
6.246490000000000375e-03
8.202960000000000459e-03
9.035909999999999428e-03
1.032139999999999967e-02
1.059180000000000017e-02
8.888099999999999473e-03
7.087340000000000133e-03
4.553309999999999649e-03
2.050800000000000192e-03
8.740240000000000465e-04
-6.595249999999999984e-04
-1.086949999999999939e-03
-9.691539999999999573e-04
-9.125659999999999631e-04
1.503309999999999944e-04
8.171730000000000313e-04
-6.245139999999999502e-04
-1.867640000000000055e-03
-3.067729999999999849e-03
-4.683279999999999735e-03
-4.819910000000000166e-03
-3.661939999999999813e-03
-1.581680000000000022e-03
6.813789999999999691e-04
1.517740000000000061e-03
2.775380000000000034e-03
3.162379999999999792e-03
3.401229999999999878e-03
4.020750000000000018e-03
4.729009999999999637e-03
4.705029999999999803e-03
4.498870000000000299e-03
4.376210000000000169e-03
3.955730000000000184e-03
3.765969999999999995e-03
3.928840000000000283e-03
3.951210000000000139e-03
3.503229999999999972e-03
1.790279999999999996e-03
-1.964959999999999971e-04
-1.523229999999999983e-03
-2.619300000000000187e-03
-2.610059999999999984e-03
-2.612530000000000061e-03
-2.683510000000000062e-03
-2.615979999999999955e-03
-3.148170000000000048e-03
-4.622369999999999778e-03
-4.660329999999999855e-03
-4.433999999999999574e-03
-4.303129999999999629e-03
-3.070160000000000163e-03
-3.750970000000000172e-03
-5.062429999999999708e-03
-5.353639999999999788e-03
-5.664109999999999978e-03
-5.912940000000000210e-03
-6.180520000000000111e-03
-5.932660000000000190e-03
-8.061439999999999578e-03
-9.113839999999999789e-03
-8.257640000000000119e-03
-6.777749999999999921e-03
-5.212539999999999882e-03
-4.362419999999999666e-03
-4.998660000000000256e-03
-5.082429999999999760e-03
-6.085150000000000108e-03
-7.200650000000000280e-03
-6.910799999999999929e-03
-6.121749999999999588e-03
-5.997790000000000239e-03
-6.781279999999999773e-03
-6.856199999999999795e-03
-7.016190000000000274e-03
-5.324230000000000108e-03
-4.021929999999999950e-03
-3.240260000000000015e-03
-2.591099999999999827e-03
-2.257410000000000059e-03
-1.059969999999999923e-03
1.645830000000000131e-05
7.678850000000000519e-04
3.123340000000000057e-03
5.032489999999999707e-03
6.438969999999999590e-03
7.279510000000000321e-03
7.008209999999999960e-03
5.800160000000000385e-03
5.525620000000000184e-03
4.068620000000000222e-03
3.316350000000000027e-03
1.477100000000000071e-03
-1.106610000000000059e-03
-2.733090000000000085e-03
-4.046280000000000189e-03
-4.823299999999999983e-03
-4.642310000000000186e-03
-4.667550000000000344e-03
-4.546530000000000016e-03
-6.099590000000000220e-03
-8.929650000000000781e-03
-1.111980000000000086e-02
-1.037530000000000049e-02
-9.425259999999999541e-03
-8.250880000000000367e-03
-6.385619999999999838e-03
-5.568739999999999975e-03
-4.530799999999999758e-03
-4.687179999999999992e-03
-3.529469999999999830e-03
-2.335110000000000050e-03
-4.755939999999999734e-04
1.254710000000000027e-03
1.190099999999999925e-03
1.779900000000000058e-03
3.984370000000000099e-03
5.188289999999999916e-03
4.068379999999999913e-03
1.229840000000000056e-03
-9.686319999999999783e-04
-1.447799999999999955e-03
-1.384819999999999931e-03
-1.426130000000000063e-03
-1.164260000000000078e-03
-1.068829999999999997e-03
-1.238249999999999984e-03
-2.483679999999999829e-03
-2.954529999999999917e-03
-3.931160000000000383e-03
-5.238800000000000054e-03
-5.329200000000000083e-03
-5.316770000000000176e-03
-4.293319999999999775e-03
-2.381949999999999866e-03
-2.413880000000000192e-03
-3.220680000000000071e-03
-2.180200000000000193e-03
-1.202869999999999981e-03
-9.992700000000000193e-04
1.739699999999999894e-04
1.409670000000000020e-03
1.963910000000000135e-03
2.128979999999999935e-03
1.952549999999999945e-03
2.565780000000000144e-03
2.492799999999999877e-03
2.224170000000000140e-03
2.021769999999999991e-03
1.355749999999999967e-03
-2.076460000000000106e-05
-2.444510000000000216e-04
8.387610000000000421e-04
2.130500000000000015e-03
2.948319999999999934e-03
4.746860000000000315e-03
5.982910000000000138e-03
6.536690000000000382e-03
6.840240000000000035e-03
7.422259999999999969e-03
7.114299999999999617e-03
6.362020000000000348e-03
5.396920000000000363e-03
6.163339999999999791e-03
5.671090000000000159e-03
4.467500000000000117e-03
3.020749999999999998e-03
1.370829999999999965e-03
8.154619999999999794e-04
2.051230000000000078e-04
-1.514869999999999975e-03
-2.587159999999999807e-03
-2.480500000000000066e-03
-1.849270000000000080e-03
2.414860000000000118e-04
1.503439999999999985e-03
1.514120000000000093e-03
2.158300000000000149e-03
3.791520000000000046e-03
5.277020000000000322e-03
6.000700000000000305e-03
6.382699999999999832e-03
7.153989999999999828e-03
8.301849999999999508e-03
8.199969999999999135e-03
6.389670000000000072e-03
4.994020000000000056e-03
4.375219999999999977e-03
3.722229999999999983e-03
1.803499999999999982e-03
8.253810000000000313e-04
1.507279999999999948e-03
-2.429449999999999991e-04
-2.945280000000000207e-03
-5.629590000000000288e-03
-7.157690000000000406e-03
-8.314349999999999866e-03
-8.162869999999999154e-03
-7.465010000000000222e-03
-6.952149999999999823e-03
-6.234919999999999699e-03
-5.418530000000000395e-03
-3.842190000000000102e-03
-2.928739999999999989e-03
-2.440369999999999866e-03
-1.693749999999999943e-03
-2.233859999999999839e-03
-3.699290000000000044e-03
-3.454229999999999974e-03
-3.219510000000000080e-03
-3.865030000000000202e-03
-4.857919999999999947e-03
-4.359609999999999874e-03
-3.271099999999999876e-03
-2.794089999999999942e-03
-1.806279999999999952e-03
-8.222109999999999922e-04
-5.107870000000000276e-05
3.648680000000000174e-04
1.037710000000000065e-03
1.890399999999999980e-03
2.639269999999999984e-03
4.224059999999999968e-03
5.188719999999999964e-03
5.349210000000000076e-03
5.221990000000000139e-03
4.935560000000000294e-03
3.065850000000000172e-03
9.157380000000000337e-04
3.578860000000000222e-04
4.629199999999999656e-06
1.502359999999999893e-04
9.333030000000000189e-04
2.273879999999999825e-03
4.291470000000000354e-03
5.605139999999999775e-03
6.081220000000000028e-03
6.130440000000000021e-03
7.095950000000000174e-03
7.728900000000000353e-03
7.918089999999999157e-03
7.782919999999999595e-03
7.755370000000000145e-03
7.950260000000000660e-03
7.711909999999999772e-03
7.196959999999999642e-03
4.382439999999999600e-03
1.678959999999999958e-03
-6.187280000000000297e-04
-3.050189999999999933e-03
-5.929079999999999767e-03
-8.999969999999999498e-03
-1.110000000000000049e-02
-1.338250000000000030e-02
-1.455889999999999962e-02
-1.295070000000000075e-02
-1.089820000000000025e-02
-9.971110000000000043e-03
-8.950720000000000551e-03
-7.363429999999999802e-03
-6.216479999999999922e-03
-5.687059999999999858e-03
-4.965670000000000153e-03
-4.293179999999999739e-03
-2.119610000000000070e-03
-8.411550000000000060e-04
-4.260940000000000170e-04
-7.868200000000000324e-04
-5.522059999999999642e-04
-5.242079999999999657e-04
-7.199939999999999509e-04
-1.586979999999999988e-03
-2.160469999999999838e-03
-3.084490000000000062e-03
-4.502550000000000129e-03
-4.930419999999999595e-03
-4.405319999999999896e-03
-2.736900000000000010e-03
-1.248280000000000049e-03
-5.347779999999999813e-05
3.735359999999999961e-04
4.194509999999999927e-04
8.866809999999999492e-04
3.020280000000000187e-03
3.780110000000000154e-03
2.623129999999999993e-03
9.449270000000000282e-04
4.821280000000000162e-04
5.759950000000000443e-04
5.749940000000000042e-04
-4.197340000000000034e-05
-5.505889999999999829e-04
-1.133969999999999987e-03
-2.034080000000000176e-03
-3.878250000000000187e-03
-4.709829999999999919e-03
-5.791130000000000236e-03
-7.160630000000000293e-03
-7.074650000000000036e-03
-6.132590000000000263e-03
-4.317879999999999635e-03
-3.587659999999999894e-03
-1.905989999999999985e-03
5.054410000000000283e-04
2.568280000000000042e-03
4.747079999999999876e-03
6.699990000000000286e-03
7.755439999999999730e-03
7.394549999999999734e-03
6.167869999999999776e-03
4.250570000000000390e-03
2.879989999999999807e-03
1.385710000000000067e-03
-2.753920000000000087e-04
-1.324139999999999909e-03
-2.343839999999999812e-03
-2.703060000000000185e-03
-1.528910000000000078e-03
-3.856299999999999789e-04
2.929710000000000110e-05
8.331820000000000198e-04
1.677730000000000107e-03
3.093900000000000122e-03
4.177659999999999707e-03
3.766869999999999854e-03
3.478639999999999857e-03
1.400580000000000011e-03
-1.581039999999999919e-03
-4.093219999999999845e-03
-4.811509999999999745e-03
-5.450230000000000352e-03
-6.148970000000000130e-03
-6.171280000000000342e-03
-5.709370000000000070e-03
-5.582819999999999623e-03
-5.785180000000000010e-03
-6.386400000000000410e-03
-5.479949999999999925e-03
-5.191040000000000064e-03
-4.591930000000000144e-03
-3.385219999999999983e-03
-2.101120000000000158e-03
-3.860280000000000113e-04
2.577279999999999936e-03
3.681230000000000179e-03
4.959469999999999677e-03
4.860760000000000428e-03
3.489620000000000135e-03
2.416890000000000097e-03
1.365179999999999909e-03
1.612530000000000040e-03
1.194409999999999916e-03
-1.718310000000000020e-04
-1.401260000000000092e-03
-2.540900000000000016e-03
-4.370950000000000182e-03
-4.447239999999999874e-03
-4.254319999999999803e-03
-3.621919999999999827e-03
-2.210259999999999916e-03
-9.553209999999999697e-04
-7.499170000000000098e-04
7.919069999999999720e-06
2.011600000000000107e-03
2.580369999999999799e-03
1.898390000000000017e-03
3.037110000000000200e-04
2.887270000000000158e-04
5.403310000000000144e-04
8.120959999999999984e-04
1.539049999999999923e-03
1.773899999999999913e-03
2.584990000000000118e-03
2.879860000000000145e-03
3.344869999999999788e-03
3.446649999999999887e-03
3.766010000000000191e-03
4.373509999999999724e-03
5.966739999999999891e-03
6.933349999999999583e-03
6.822240000000000248e-03
6.607359999999999622e-03
6.439300000000000232e-03
7.702230000000000014e-03
8.108680000000000054e-03
7.912449999999999692e-03
8.017019999999999702e-03
7.624520000000000082e-03
7.012469999999999815e-03
6.187469999999999602e-03
6.160569999999999762e-03
6.391209999999999600e-03
6.885760000000000318e-03
6.588779999999999810e-03
6.247179999999999747e-03
5.472059999999999945e-03
4.713049999999999878e-03
5.598309999999999571e-03
7.075510000000000133e-03
7.224259999999999710e-03
7.824440000000000214e-03
7.296040000000000164e-03
5.987600000000000040e-03
6.510529999999999616e-03
5.549909999999999913e-03
4.198979999999999727e-03
3.888650000000000006e-03
2.502620000000000105e-03
1.326169999999999996e-03
6.964239999999999580e-04
7.589320000000000311e-04
8.443609999999999614e-05
-1.696430000000000019e-04
-9.102980000000000316e-04
-8.367980000000000340e-04
-1.035839999999999895e-03
-1.125920000000000089e-03
-9.414150000000000252e-04
-1.055130000000000044e-03
-1.070449999999999917e-03
-1.103580000000000056e-03
-1.021259999999999963e-03
-1.084040000000000090e-03
-3.216089999999999899e-04
1.186060000000000066e-03
2.906680000000000028e-03
3.536119999999999802e-03
3.727540000000000107e-03
3.310609999999999855e-03
2.806910000000000134e-03
2.835090000000000179e-03
2.678390000000000111e-03
2.683420000000000163e-03
1.383850000000000054e-03
2.229870000000000116e-04
4.453530000000000032e-04
-1.766229999999999927e-04
-9.884159999999999908e-04
-2.948089999999999890e-04
1.346279999999999992e-04
3.423540000000000090e-04
-3.173939999999999769e-04
-1.666509999999999953e-03
-3.013850000000000209e-03
-3.681450000000000174e-03
-4.018339999999999586e-03
-5.474240000000000009e-03
-5.712059999999999707e-03
-5.599480000000000429e-03
-6.368679999999999827e-03
-7.426470000000000120e-03
-6.618830000000000026e-03
-5.567719999999999961e-03
-4.995099999999999714e-03
-4.218359999999999992e-03
-3.175519999999999819e-03
-2.593999999999999952e-03
-2.598769999999999813e-03
-2.542550000000000192e-03
-1.968549999999999901e-03
-1.199540000000000025e-03
-1.271739999999999936e-03
-9.536320000000000473e-04
-8.628219999999999867e-05
-2.145369999999999959e-04
-2.490589999999999883e-04
-1.592510000000000106e-04
-9.386880000000000224e-04
-2.468169999999999999e-03
-2.306970000000000201e-03
-3.701149999999999839e-03
-4.017920000000000345e-03
-3.854760000000000044e-03
-2.776949999999999818e-03
-1.395259999999999946e-03
1.990790000000000094e-04
1.566490000000000027e-03
3.745580000000000090e-03
4.410579999999999883e-03
3.920240000000000183e-03
4.036800000000000110e-03
2.454959999999999955e-03
1.458400000000000104e-03
2.340829999999999907e-03
3.878449999999999866e-03
3.790169999999999824e-03
3.159149999999999892e-03
1.518280000000000107e-03
8.981749999999999717e-04
5.796529999999999608e-04
3.983100000000000269e-04
-5.970300000000000216e-04
-1.549220000000000024e-03
-1.465570000000000024e-03
-4.794069999999999994e-04
-4.788850000000000203e-04
-1.364159999999999895e-04
1.168650000000000027e-03
2.280239999999999784e-03
1.575529999999999899e-03
5.745560000000000467e-04
-2.535039999999999906e-04
-5.406620000000000219e-04
-3.505010000000000243e-04
-8.737719999999999819e-04
-1.492159999999999971e-03
-2.350849999999999815e-03
-2.811870000000000168e-03
-3.463330000000000141e-03
-3.653570000000000081e-03
-4.399740000000000074e-03
-4.498430000000000310e-03
-4.272790000000000268e-03
-4.282039999999999978e-03
-4.221380000000000271e-03
-3.903090000000000118e-03
-2.975259999999999971e-03
-1.636129999999999963e-03
-6.816549999999999779e-04
-1.526419999999999904e-03
-1.885759999999999997e-03
-2.407550000000000055e-03
-2.445000000000000125e-03
-1.350980000000000106e-03
-4.985849999999999570e-04
-7.858500000000000468e-04
-1.075369999999999972e-03
-2.136980000000000129e-03
-3.212839999999999793e-03
-3.419059999999999808e-03
-4.130430000000000039e-03
-4.350640000000000236e-03
-3.041120000000000021e-03
-1.721539999999999919e-03
-1.601460000000000080e-03
-1.607149999999999898e-03
-7.532150000000000043e-04
-1.005090000000000062e-05
1.080589999999999979e-03
1.787420000000000068e-03
2.023420000000000166e-03
1.718090000000000025e-03
8.618430000000000491e-04
2.154899999999999958e-03
2.861369999999999799e-03
3.209529999999999935e-03
4.444240000000000343e-03
4.598810000000000051e-03
5.227840000000000091e-03
5.574720000000000023e-03
4.392469999999999881e-03
3.080240000000000148e-03
3.243450000000000152e-03
2.808360000000000196e-03
1.803509999999999922e-03
1.367939999999999998e-03
9.959500000000000037e-04
9.534749999999999606e-04
1.097550000000000088e-03
8.924010000000000232e-04
1.537869999999999992e-03
1.685349999999999956e-03
1.124210000000000053e-03
5.255569999999999556e-04
-6.026589999999999638e-04
-2.094949999999999937e-03
-2.026369999999999994e-03
-2.249539999999999960e-03
-3.590519999999999823e-03
-3.843179999999999860e-03
-2.668600000000000139e-03
-2.807229999999999968e-03
-3.354090000000000110e-03
-2.949540000000000061e-03
-3.337720000000000183e-03
-4.345929999999999585e-03
-4.872709999999999715e-03
-4.714330000000000083e-03
-4.573510000000000249e-03
-4.445540000000000429e-03
-4.271719999999999684e-03
-3.834170000000000026e-03
-3.351269999999999943e-03
-3.399759999999999935e-03
-1.942060000000000010e-03
-6.129109999999999463e-04
-7.235749999999999561e-04
-6.329369999999999745e-04
-1.827499999999999914e-03
-1.732599999999999939e-03
-3.345740000000000259e-04
-1.233209999999999938e-04
-2.215709999999999967e-04
1.114909999999999935e-04
9.399570000000000538e-04
1.338500000000000063e-03
1.351140000000000023e-03
1.011060000000000040e-03
1.830749999999999912e-03
2.492789999999999936e-03
2.666449999999999897e-03
2.165949999999999820e-03
1.741109999999999923e-03
2.208840000000000109e-03
2.081790000000000029e-03
2.489089999999999792e-03
3.112160000000000100e-03
2.284920000000000180e-03
1.809049999999999981e-03
1.338949999999999993e-03
1.019450000000000087e-03
1.059730000000000047e-03
1.101710000000000102e-03
1.485430000000000040e-03
1.623639999999999979e-03
1.164260000000000078e-03
6.242729999999999503e-04
2.582209999999999931e-04
3.252740000000000167e-04
4.006530000000000009e-04
1.012639999999999981e-04
-1.019649999999999983e-03
-8.422489999999999925e-04
-2.761770000000000156e-05
-1.212110000000000021e-04
-7.364140000000000139e-04
-6.529560000000000008e-04
-8.917970000000000541e-04
-1.589020000000000016e-03
-1.895949999999999979e-03
-1.633249999999999936e-03
-8.567940000000000235e-04
-2.837189999999999851e-04
9.430039999999999993e-04
1.506940000000000016e-03
1.560170000000000046e-03
1.652889999999999958e-03
1.416219999999999936e-03
1.461550000000000045e-03
1.418399999999999999e-03
1.239950000000000080e-03
1.008180000000000014e-03
1.468359999999999934e-03
2.766929999999999910e-03
3.320710000000000155e-03
3.740840000000000051e-03
3.915970000000000388e-03
3.809579999999999911e-03
3.691230000000000205e-03
3.615950000000000154e-03
3.459530000000000157e-03
3.108870000000000123e-03
2.006299999999999924e-03
1.452490000000000074e-03
1.060919999999999919e-03
7.766570000000000418e-04
5.279800000000000508e-04
6.322640000000000031e-04
5.290860000000000094e-04
9.319699999999999556e-04
1.051880000000000046e-03
1.010510000000000054e-03
1.288749999999999965e-03
2.030559999999999830e-03
2.468940000000000197e-03
2.920600000000000192e-03
3.017970000000000028e-03
2.801029999999999926e-03
3.048860000000000025e-03
3.366759999999999892e-03
3.588580000000000068e-03
3.806570000000000006e-03
3.587250000000000161e-03
3.273460000000000172e-03
2.216189999999999827e-03
1.568879999999999927e-03
1.122369999999999922e-03
8.617209999999999714e-04
3.143329999999999735e-04
-3.923940000000000110e-04
-6.843560000000000051e-04
-9.517510000000000293e-04
-8.009640000000000379e-04
-6.818650000000000318e-04
-5.172529999999999619e-04
-3.403570000000000076e-04
-4.688049999999999813e-04
-8.561280000000000539e-04
-8.789159999999999855e-04
-4.827279999999999766e-04
-1.849780000000000033e-04
1.648680000000000078e-04
2.067310000000000100e-04
5.942550000000000219e-04
4.921640000000000129e-04
2.377430000000000038e-04
2.571200000000000048e-05
-2.199299999999999899e-04
-2.914370000000000220e-04
-4.763200000000000203e-04
-6.970540000000000113e-04
-1.295300000000000097e-03
-1.703209999999999924e-03
-1.938459999999999923e-03
-2.223800000000000169e-03
-2.425370000000000043e-03
-2.373169999999999967e-03
-2.060590000000000165e-03
-1.857780000000000065e-03
-2.075650000000000064e-03
-2.143270000000000071e-03
-2.037919999999999923e-03
-1.990369999999999986e-03
-1.928089999999999925e-03
-1.893359999999999965e-03
-1.623340000000000026e-03
-1.286210000000000088e-03
-1.123440000000000072e-03
-1.067100000000000080e-03
-1.076039999999999896e-03
-1.084670000000000035e-03
-1.132109999999999974e-03
-1.171509999999999956e-03
-1.201060000000000105e-03
-1.038800000000000097e-03
-1.037799999999999964e-03
-1.039299999999999946e-03
-1.052460000000000071e-03
-1.162330000000000047e-03
-1.177480000000000063e-03
-1.140629999999999899e-03
-1.298740000000000051e-03
-1.409349999999999969e-03
-1.482369999999999998e-03
-1.403310000000000061e-03
-1.428199999999999912e-03
-1.365499999999999960e-03
-1.346870000000000012e-03
-1.299000000000000024e-03
-1.204900000000000068e-03
-1.045310000000000033e-03
-1.021200000000000102e-03
-9.495369999999999722e-04
-8.705470000000000525e-04
-7.673680000000000431e-04
-7.040100000000000307e-04
-6.724180000000000391e-04
-6.921600000000000408e-04
-6.787380000000000193e-04
-5.788609999999999589e-04
-5.671510000000000050e-04
-5.489260000000000363e-04
-4.969030000000000365e-04
-5.083120000000000216e-04
-5.003409999999999585e-04
-4.534809999999999904e-04
-4.168779999999999751e-04
-3.551200000000000016e-04
-3.222610000000000101e-04
-3.336430000000000038e-04
-3.134270000000000198e-04
-3.007379999999999927e-04
-3.004109999999999940e-04
-2.426100000000000099e-04
-2.170639999999999939e-04
-1.950099999999999913e-04
-1.530779999999999869e-04
-1.253869999999999974e-04
-1.462909999999999992e-04
-1.330910000000000036e-04
-1.303300000000000075e-04
-1.254949999999999902e-04
-1.167300000000000022e-04
-9.117940000000000322e-05
-5.790820000000000234e-05
-3.237109999999999912e-05
-9.760839999999999198e-06
6.618299999999999806e-06
4.470870000000000107e-05
6.526170000000000571e-05
8.754710000000000074e-05
1.069359999999999939e-04
1.293049999999999961e-04
1.554539999999999926e-04
1.735829999999999947e-04
1.817939999999999877e-04
1.909079999999999957e-04
1.994280000000000022e-04
2.072169999999999915e-04
2.141830000000000058e-04
2.211469999999999885e-04
2.285719999999999928e-04
2.363640000000000023e-04
2.398169999999999978e-04
2.445540000000000170e-04
2.465619999999999748e-04
2.495719999999999883e-04
2.534440000000000217e-04
2.563880000000000260e-04
2.591250000000000237e-04
2.614690000000000135e-04
2.633679999999999897e-04
2.649859999999999867e-04
2.663340000000000152e-04
2.670400000000000182e-04
2.673849999999999751e-04
2.672110000000000002e-04
2.665049999999999971e-04
2.656140000000000085e-04
2.645060000000000184e-04
2.629779999999999748e-04
2.611000000000000040e-04
2.589250000000000189e-04
2.564390000000000159e-04
2.536160000000000194e-04
2.504580000000000066e-04
2.469840000000000056e-04
2.431939999999999894e-04
2.390930000000000095e-04
2.346849999999999934e-04
2.299769999999999972e-04
2.249719999999999867e-04
2.196800000000000109e-04
