8.409080000000000200e-04
8.448420000000000539e-04
8.095479999999999950e-04
8.245239999999999818e-04
7.679660000000000262e-04
7.195879999999999551e-04
6.332850000000000328e-04
5.902330000000000120e-04
5.823910000000000284e-04
6.990399999999999479e-04
8.040319999999999889e-04
9.489179999999999837e-04
8.869919999999999671e-04
7.872040000000000070e-04
6.812079999999999871e-04
6.239820000000000305e-04
4.705360000000000228e-04
4.448930000000000246e-04
5.937979999999999821e-04
6.089929999999999476e-04
8.068930000000000416e-04
6.878890000000000135e-04
4.552709999999999852e-04
2.017259999999999995e-04
-4.115640000000000054e-04
-9.473249999999999466e-04
-1.139639999999999924e-03
-7.400510000000000334e-04
8.401680000000000508e-05
4.375229999999999918e-04
3.790789999999999937e-04
4.587269999999999738e-04
9.569319999999999378e-05
-6.795320000000000527e-04
-1.677429999999999937e-03
-1.636890000000000003e-03
-7.138039999999999576e-04
8.939420000000000005e-04
2.971130000000000212e-03
4.229219999999999681e-03
5.138700000000000385e-03
5.326179999999999803e-03
4.435630000000000302e-03
3.634230000000000013e-03
2.795100000000000015e-03
1.675379999999999968e-03
5.826540000000000495e-04
-6.369070000000000330e-04
-1.538099999999999927e-03
-6.231490000000000336e-04
1.601109999999999990e-03
3.184900000000000057e-03
3.213900000000000003e-03
2.468169999999999999e-03
1.478090000000000046e-03
-1.390019999999999949e-04
-3.884219999999999752e-04
1.632840000000000040e-04
-6.147120000000000058e-04
-2.703169999999999965e-03
-3.365270000000000067e-03
-4.683859999999999760e-03
-6.738380000000000411e-03
-6.852800000000000037e-03
-3.252249999999999933e-03
2.609619999999999995e-03
8.714869999999999561e-03
1.268769999999999967e-02
1.114809999999999933e-02
7.414669999999999941e-03
5.599350000000000334e-03
5.367750000000000125e-03
7.558409999999999782e-03
9.407310000000000325e-03
8.232569999999999819e-03
2.609510000000000215e-03
-4.171829999999999636e-03
-8.645869999999999944e-03
-8.145970000000000641e-03
-4.953990000000000130e-03
2.275090000000000012e-03
9.386649999999999855e-03
1.510560000000000028e-02
1.764080000000000162e-02
1.752679999999999863e-02
1.454270000000000042e-02
8.214590000000000780e-03
6.969909999999999951e-04
-7.300880000000000043e-03
-1.392780000000000060e-02
-1.739419999999999855e-02
-1.800480000000000136e-02
-1.523850000000000031e-02
-7.354549999999999629e-03
2.786630000000000010e-03
9.029499999999999332e-03
8.858339999999999270e-03
5.200559999999999905e-03
8.821900000000000358e-04
-7.675959999999999468e-04
-3.298479999999999902e-03
-6.499519999999999950e-03
-8.388259999999999814e-03
-8.835600000000000745e-03
-6.613309999999999848e-03
-3.508160000000000184e-03
-2.696020000000000252e-04
2.946250000000000084e-03
1.875310000000000041e-03
-4.011699999999999988e-03
-1.234520000000000062e-02
-2.009750000000000078e-02
-2.662159999999999874e-02
-2.706609999999999919e-02
-2.065950000000000078e-02
-7.583290000000000343e-03
5.395879999999999600e-03
1.382749999999999951e-02
1.943860000000000032e-02
1.828039999999999873e-02
8.901920000000000666e-03
-6.689209999999999471e-04
-8.746590000000000267e-03
-1.436370000000000008e-02
-1.967939999999999967e-02
-2.210669999999999996e-02
-1.857550000000000173e-02
-1.115850000000000002e-02
-3.278080000000000056e-03
2.347039999999999890e-03
5.382220000000000060e-03
3.443540000000000142e-03
-2.537869999999999796e-03
-1.044699999999999969e-02
-1.781440000000000107e-02
-1.968109999999999998e-02
-1.570500000000000021e-02
-7.287509999999999648e-03
1.773339999999999986e-03
1.000230000000000043e-02
1.664689999999999920e-02
2.073499999999999996e-02
2.009319999999999856e-02
1.476680000000000006e-02
1.118279999999999968e-02
1.017949999999999931e-02
8.184490000000000862e-03
6.748500000000000158e-03
9.113660000000000858e-03
1.338270000000000085e-02
1.715619999999999992e-02
1.574230000000000074e-02
9.501149999999999873e-03
-1.692529999999999870e-04
-9.526830000000000020e-03
-1.441470000000000078e-02
-1.349090000000000011e-02
-9.563769999999999216e-03
-6.037790000000000344e-03
-1.074780000000000006e-03
2.984150000000000084e-03
5.904099999999999800e-03
5.238210000000000088e-03
3.281169999999999920e-03
2.339180000000000165e-03
6.154799999999999551e-04
-1.739319999999999929e-03
-2.186700000000000189e-03
5.442360000000000253e-04
7.994670000000000595e-03
1.784519999999999856e-02
2.771650000000000155e-02
3.322959999999999803e-02
3.483180000000000304e-02
3.190910000000000274e-02
2.812519999999999951e-02
2.226689999999999919e-02
1.616990000000000094e-02
7.720549999999999635e-03
-1.409330000000000088e-03
-1.196129999999999936e-02
-2.293119999999999881e-02
-3.116000000000000020e-02
-3.494680000000000009e-02
-3.367900000000000060e-02
-2.559490000000000029e-02
-1.624420000000000031e-02
-8.676549999999999888e-03
-1.924439999999999918e-03
2.754130000000000033e-03
5.228680000000000307e-03
8.949540000000000620e-03
1.182429999999999939e-02
1.465690000000000048e-02
1.584309999999999885e-02
1.390500000000000069e-02
1.166470000000000007e-02
9.947759999999999936e-03
1.078600000000000045e-02
1.379389999999999956e-02
1.370030000000000033e-02
8.239069999999999380e-03
-5.950109999999999991e-04
-1.170260000000000050e-02
-2.008829999999999991e-02
-1.859550000000000092e-02
-5.897280000000000404e-03
1.519230000000000060e-02
3.661749999999999727e-02
5.593320000000000236e-02
6.511379999999999946e-02
6.452620000000000577e-02
5.505190000000000083e-02
3.037420000000000050e-02
7.412379999999999663e-04
-2.710709999999999856e-02
-5.136020000000000169e-02
-6.041060000000000180e-02
-5.713750000000000079e-02
-3.938339999999999896e-02
-1.442369999999999937e-02
8.546589999999999743e-03
2.408640000000000086e-02
2.844599999999999906e-02
1.811279999999999835e-02
-3.955189999999999921e-03
-2.860959999999999892e-02
-4.496089999999999809e-02
-5.177740000000000120e-02
-4.778389999999999721e-02
-3.485280000000000322e-02
-6.821350000000000330e-03
1.908810000000000021e-02
3.024500000000000105e-02
3.619329999999999770e-02
3.479519999999999835e-02
2.414420000000000108e-02
9.416040000000000521e-03
-2.909750000000000010e-03
-7.648699999999999596e-03
-8.488060000000000396e-03
-1.048140000000000009e-02
-1.509970000000000062e-02
-2.195290000000000089e-02
-3.328210000000000196e-02
-4.717070000000000290e-02
-6.036439999999999861e-02
-6.427869999999999417e-02
-5.755899999999999905e-02
-3.764089999999999797e-02
-1.478890000000000066e-02
4.548459999999999830e-03
1.668680000000000163e-02
2.699599999999999916e-02
3.638399999999999967e-02
4.183280000000000332e-02
4.394880000000000314e-02
3.839689999999999770e-02
2.153760000000000049e-02
2.219539999999999881e-03
-1.170200000000000060e-02
-1.674979999999999872e-02
-1.061860000000000061e-02
1.466139999999999891e-04
5.898480000000000216e-03
3.153420000000000094e-03
-2.275259999999999869e-03
-3.776209999999999897e-03
3.343370000000000022e-03
1.594689999999999996e-02
2.707680000000000156e-02
2.736420000000000172e-02
1.697689999999999963e-02
-2.139549999999999937e-04
-2.139989999999999948e-02
-4.083359999999999768e-02
-6.061359999999999665e-02
-7.089950000000000419e-02
-7.435529999999999917e-02
-6.938329999999999498e-02
-5.834779999999999828e-02
-2.634660000000000127e-02
1.314410000000000057e-02
4.844539999999999957e-02
6.915949999999999875e-02
7.671669999999999878e-02
7.436109999999999942e-02
6.440210000000000379e-02
4.727409999999999946e-02
2.475410000000000110e-02
2.339959999999999870e-03
-1.494750000000000072e-02
-2.185590000000000102e-02
-2.176449999999999912e-02
-1.284509999999999992e-02
1.359460000000000052e-03
1.271390000000000020e-02
2.007679999999999881e-02
2.188270000000000146e-02
1.997289999999999829e-02
1.780129999999999907e-02
1.326150000000000072e-02
6.677179999999999574e-03
-2.334000000000000137e-03
-9.839870000000000561e-03
-1.518440000000000067e-02
-1.945900000000000060e-02
-2.485120000000000037e-02
-3.303459999999999730e-02
-4.159990000000000215e-02
-4.767629999999999785e-02
-4.841140000000000027e-02
-4.580999999999999656e-02
-3.571540000000000131e-02
-1.799250000000000155e-02
2.407610000000000132e-03
1.795230000000000090e-02
2.584739999999999954e-02
2.601320000000000021e-02
1.923089999999999869e-02
1.043129999999999925e-02
2.471959999999999826e-04
-1.194150000000000073e-02
-2.051180000000000017e-02
-2.185190000000000049e-02
-1.383470000000000012e-02
1.725820000000000088e-03
1.764809999999999990e-02
2.655220000000000150e-02
2.810119999999999979e-02
2.451069999999999985e-02
2.090830000000000119e-02
2.126650000000000068e-02
2.543149999999999925e-02
3.303119999999999667e-02
3.941970000000000196e-02
4.112380000000000202e-02
3.734389999999999932e-02
2.409239999999999993e-02
4.228189999999999726e-03
-1.270020000000000003e-02
-2.197489999999999860e-02
-2.308320000000000163e-02
-1.162829999999999940e-02
1.142349999999999963e-02
2.876770000000000022e-02
3.912689999999999918e-02
4.280459999999999821e-02
3.617630000000000151e-02
2.442789999999999892e-02
1.474259999999999980e-02
7.300219999999999626e-03
3.900180000000000053e-03
4.120239999999999840e-03
4.557860000000000383e-03
4.853149999999999652e-03
4.004319999999999581e-03
-2.489910000000000018e-04
-9.529589999999999242e-03
-2.275699999999999945e-02
-3.820350000000000135e-02
-5.068990000000000301e-02
-6.023680000000000007e-02
-6.781800000000000328e-02
-7.295519999999999783e-02
-7.813280000000000225e-02
-8.492760000000000586e-02
-9.159359999999999724e-02
-9.451439999999999841e-02
-9.373750000000000138e-02
-9.093930000000000069e-02
-8.629409999999999858e-02
-8.310320000000000207e-02
-8.300090000000000245e-02
-8.743599999999999983e-02
-9.700770000000000226e-02
-1.097459999999999963e-01
-1.187529999999999974e-01
-1.224539999999999934e-01
-1.127569999999999961e-01
-8.465140000000000164e-02
-4.049450000000000272e-02
-6.329379999999999902e-03
1.286939999999999959e-02
2.300730000000000136e-02
2.417129999999999973e-02
1.781850000000000100e-02
7.851890000000000258e-03
-2.832809999999999842e-03
-3.315330000000000013e-03
6.863079999999999702e-03
2.286459999999999881e-02
3.442950000000000177e-02
4.328579999999999928e-02
5.080529999999999768e-02
5.728010000000000046e-02
6.097299999999999942e-02
6.874260000000000093e-02
8.248650000000000426e-02
1.080829999999999985e-01
1.404930000000000068e-01
1.667250000000000121e-01
1.667190000000000061e-01
1.283930000000000071e-01
1.466489999999999981e-02
-6.170289999999999803e-02
-9.523120000000000196e-02
-1.208980000000000055e-01
-1.330359999999999876e-01
-1.365020000000000122e-01
-1.186590000000000006e-01
-9.270829999999999349e-02
-7.220799999999999441e-02
-6.733799999999999508e-02
-7.516249999999999321e-02
-9.230030000000000179e-02
-1.096599999999999936e-01
-1.243260000000000060e-01
-1.246219999999999967e-01
-1.183160000000000045e-01
-4.485820000000000085e-02
7.889419999999999766e-02
1.529270000000000074e-01
1.977750000000000064e-01
2.308499999999999996e-01
2.367539999999999922e-01
2.215199999999999947e-01
1.765730000000000077e-01
1.083510000000000029e-01
2.563949999999999910e-02
-1.529259999999999994e-02
-1.913959999999999967e-02
-8.799180000000000196e-03
8.239849999999999952e-03
1.533250000000000064e-02
-1.300609999999999961e-02
-7.650780000000000081e-02
-1.295229999999999992e-01
-1.596770000000000134e-01
-1.896299999999999930e-01
-2.205580000000000040e-01
-2.355919999999999959e-01
-2.410799999999999887e-01
-2.334340000000000026e-01
-2.221450000000000091e-01
-2.078639999999999932e-01
-1.899069999999999925e-01
-1.624379999999999991e-01
-1.278209999999999902e-01
-9.753760000000000208e-02
-8.652100000000000068e-02
-9.097800000000000331e-02
-9.558919999999999917e-02
-9.603770000000000362e-02
-8.713049999999999962e-02
-5.781590000000000340e-02
7.035089999999999920e-03
7.555389999999999329e-02
1.300489999999999979e-01
1.795930000000000026e-01
2.201079999999999981e-01
2.526780000000000137e-01
2.755299999999999971e-01
2.969849999999999990e-01
3.152320000000000122e-01
3.302640000000000020e-01
3.505829999999999780e-01
3.845640000000000169e-01
4.100409999999999888e-01
4.089769999999999794e-01
3.775029999999999775e-01
3.352879999999999749e-01
3.092219999999999969e-01
2.909669999999999757e-01
2.485549999999999982e-01
1.899579999999999880e-01
1.372529999999999861e-01
8.613819999999999810e-02
5.396610000000000296e-02
4.138759999999999661e-02
3.650919999999999860e-02
4.137450000000000155e-02
5.314039999999999736e-02
6.514509999999999745e-02
7.710590000000000499e-02
9.155080000000000162e-02
9.742539999999999534e-02
1.011470000000000008e-01
1.033089999999999981e-01
1.050200000000000022e-01
1.054199999999999998e-01
1.061880000000000046e-01
1.053370000000000001e-01
1.039869999999999961e-01
8.880989999999999718e-02
5.300789999999999669e-02
-5.654329999999999773e-02
-2.029380000000000073e-01
-2.447409999999999863e-01
-2.100450000000000095e-01
-2.108790000000000109e-01
-2.350949999999999984e-01
-2.517070000000000141e-01
-2.359289999999999998e-01
-2.085549999999999904e-01
-1.780200000000000116e-01
-1.503289999999999904e-01
-1.353779999999999983e-01
-1.294990000000000030e-01
-1.327679999999999971e-01
-1.622560000000000113e-01
-1.967810000000000115e-01
-2.121760000000000035e-01
-1.593080000000000052e-01
-1.044790000000000024e-01
-6.266159999999999786e-02
-2.367290000000000019e-02
6.688760000000000192e-03
4.639100000000000168e-02
5.138820000000000193e-02
5.513799999999999951e-02
8.069610000000000671e-02
9.916600000000000414e-02
1.275769999999999960e-01
1.622200000000000031e-01
2.055200000000000082e-01
2.461289999999999867e-01
2.755310000000000259e-01
3.040669999999999762e-01
3.253360000000000141e-01
3.333679999999999977e-01
3.219380000000000019e-01
2.958810000000000051e-01
2.546990000000000087e-01
2.096470000000000000e-01
1.739209999999999923e-01
1.415810000000000124e-01
1.087960000000000038e-01
7.733959999999999446e-02
4.109279999999999877e-02
4.747910000000000151e-03
-3.141649999999999998e-02
-6.449199999999999378e-02
-8.692070000000000352e-02
-1.097489999999999993e-01
-1.383840000000000070e-01
-1.462450000000000139e-01
-1.405990000000000018e-01
-1.248820000000000069e-01
-9.889580000000000592e-02
-7.551360000000000017e-02
-6.069259999999999933e-02
-6.651419999999999555e-02
-7.906710000000000127e-02
-9.582010000000000527e-02
-1.190120000000000067e-01
-1.419559999999999989e-01
-1.681580000000000019e-01
-1.919750000000000068e-01
-2.165370000000000072e-01
-2.382150000000000101e-01
-2.572360000000000202e-01
-2.698369999999999935e-01
-2.794929999999999914e-01
-2.746140000000000247e-01
-2.555569999999999786e-01
-2.285010000000000097e-01
-1.963380000000000125e-01
-1.627480000000000038e-01
-1.318789999999999962e-01
-1.066170000000000034e-01
-8.841590000000000560e-02
-7.295240000000000058e-02
-5.186940000000000300e-02
-1.283210000000000080e-02
3.387620000000000214e-02
7.988649999999999918e-02
1.167780000000000068e-01
1.483019999999999894e-01
1.679879999999999984e-01
1.722219999999999862e-01
1.636749999999999872e-01
1.400770000000000071e-01
9.399250000000000660e-02
2.985840000000000022e-02
-3.636240000000000305e-02
-9.171450000000000435e-02
-1.286019999999999941e-01
-1.587649999999999895e-01
-1.787930000000000075e-01
-1.820080000000000031e-01
-1.526250000000000107e-01
-1.085480000000000056e-01
-6.373220000000000274e-02
-9.735920000000000338e-03
3.115580000000000085e-02
6.098510000000000042e-02
8.651720000000000244e-02
1.026230000000000059e-01
1.040470000000000006e-01
8.868009999999999782e-02
3.828279999999999877e-02
-2.993650000000000130e-02
-8.387759999999999661e-02
-1.156469999999999998e-01
-1.448290000000000133e-01
-1.696030000000000038e-01
-1.866740000000000066e-01
-1.967450000000000032e-01
-1.937069999999999903e-01
-1.834330000000000127e-01
-1.691060000000000063e-01
-1.551119999999999999e-01
-1.429410000000000125e-01
-1.278320000000000012e-01
-1.078660000000000035e-01
-8.524229999999999308e-02
-6.010599999999999971e-02
-3.397290000000000032e-02
-1.291229999999999982e-02
-5.428350000000000189e-03
-1.080749999999999940e-02
-2.458300000000000068e-02
-4.187699999999999756e-02
-5.544049999999999673e-02
-6.604759999999999798e-02
-7.854899999999999383e-02
-9.601229999999999487e-02
-1.106680000000000025e-01
-1.249490000000000045e-01
-1.420119999999999993e-01
-1.571059999999999957e-01
-1.665030000000000121e-01
-1.736729999999999940e-01
-1.779199999999999948e-01
-1.709589999999999999e-01
-1.527820000000000011e-01
-1.154270000000000018e-01
-6.415289999999999881e-02
-1.193420000000000071e-02
3.610619999999999802e-02
7.958139999999999659e-02
1.182160000000000016e-01
1.599240000000000106e-01
1.929849999999999899e-01
2.119659999999999878e-01
2.266170000000000129e-01
2.365470000000000073e-01
2.505809999999999982e-01
2.699130000000000140e-01
2.935829999999999829e-01
3.090720000000000134e-01
3.132019999999999804e-01
3.158460000000000156e-01
3.091280000000000139e-01
2.978399999999999936e-01
2.742979999999999863e-01
2.530319999999999792e-01
2.404769999999999963e-01
2.337339999999999973e-01
2.247869999999999868e-01
2.093019999999999881e-01
1.840179999999999871e-01
1.608080000000000065e-01
1.399920000000000053e-01
1.224360000000000032e-01
1.099060000000000037e-01
1.035250000000000059e-01
1.000859999999999944e-01
9.947509999999999686e-02
9.212639999999999718e-02
8.456099999999999728e-02
5.687600000000000294e-02
2.223440000000000139e-02
-1.670970000000000094e-02
-6.047539999999999860e-02
-1.056089999999999945e-01
-1.320600000000000107e-01
-1.459560000000000024e-01
-1.661340000000000039e-01
-1.831530000000000102e-01
-1.893650000000000055e-01
-1.906770000000000131e-01
-1.885249999999999981e-01
-1.780680000000000041e-01
-1.623010000000000008e-01
-1.405710000000000015e-01
-1.202610000000000068e-01
-1.064120000000000066e-01
-9.490999999999999437e-02
-8.331489999999999729e-02
-6.639929999999999444e-02
-3.484600000000000197e-02
2.948049999999999976e-02
9.628249999999999309e-02
1.424910000000000065e-01
1.840219999999999911e-01
2.146669999999999967e-01
2.261209999999999887e-01
2.206150000000000055e-01
1.947520000000000084e-01
1.357260000000000133e-01
5.756270000000000137e-02
4.544559999999999572e-03
-2.373420000000000044e-02
-3.016670000000000115e-02
-1.312759999999999969e-02
4.190599999999999881e-02
1.045809999999999934e-01
1.529119999999999924e-01
1.939680000000000015e-01
2.149280000000000079e-01
2.152630000000000099e-01
2.060430000000000039e-01
1.944529999999999870e-01
1.665339999999999876e-01
1.321390000000000065e-01
1.024540000000000034e-01
7.979369999999999519e-02
6.365519999999999512e-02
5.361620000000000275e-02
4.388249999999999790e-02
2.874159999999999909e-02
9.177779999999999966e-03
-1.832179999999999920e-02
-5.979140000000000149e-02
-1.041289999999999993e-01
-1.463780000000000081e-01
-1.785370000000000013e-01
-1.989569999999999950e-01
-2.151460000000000039e-01
-2.273000000000000020e-01
-2.285310000000000119e-01
-2.225749999999999951e-01
-2.171889999999999932e-01
-2.204490000000000061e-01
-2.265500000000000014e-01
-2.298000000000000043e-01
-2.327480000000000104e-01
-2.361679999999999890e-01
-2.405950000000000033e-01
-2.461889999999999912e-01
-2.367900000000000005e-01
-2.132529999999999981e-01
-1.971239999999999937e-01
-1.401910000000000101e-01
-5.763940000000000036e-02
-8.840439999999999540e-04
2.705439999999999928e-02
4.996069999999999678e-02
5.785599999999999771e-02
5.611580000000000040e-02
5.094289999999999929e-02
4.534509999999999930e-02
4.384649999999999659e-02
4.241969999999999769e-02
4.759340000000000098e-02
6.003349999999999659e-02
8.057040000000000035e-02
1.071399999999999991e-01
1.449479999999999935e-01
1.829490000000000005e-01
2.281269999999999964e-01
2.817509999999999737e-01
3.222510000000000097e-01
3.341709999999999958e-01
3.068040000000000211e-01
2.293439999999999923e-01
1.567919999999999869e-01
7.907480000000000064e-02
1.603009999999999852e-02
-1.327949999999999964e-02
-3.396149999999999863e-02
-4.814489999999999742e-02
-5.878470000000000223e-02
-6.832090000000000385e-02
-7.859090000000000520e-02
-8.628950000000000509e-02
-8.873490000000000544e-02
-8.178240000000000509e-02
-6.848970000000000058e-02
-5.204700000000000298e-02
-3.553470000000000240e-02
-2.023020000000000027e-02
-1.078059999999999956e-02
-8.490130000000000246e-03
-1.062169999999999954e-02
-1.527620000000000020e-02
-2.060659999999999922e-02
-2.607490000000000155e-02
-3.305170000000000330e-02
-4.251739999999999686e-02
-5.195709999999999912e-02
-6.402220000000000133e-02
-7.864089999999999969e-02
-9.212049999999999406e-02
-1.093200000000000005e-01
-1.221340000000000064e-01
-1.291980000000000073e-01
-1.307780000000000054e-01
-1.233159999999999951e-01
-1.021699999999999969e-01
-7.194399999999999407e-02
-4.714009999999999728e-02
-3.203539999999999860e-02
-2.203899999999999956e-02
-1.661270000000000108e-02
-1.780119999999999966e-02
-2.240390000000000090e-02
-2.909880000000000105e-02
-3.532190000000000329e-02
-4.051210000000000228e-02
-4.136829999999999674e-02
-3.663840000000000152e-02
-2.793939999999999965e-02
-1.437929999999999937e-02
-1.322279999999999896e-03
8.281590000000000132e-03
1.285249999999999934e-02
1.041540000000000001e-02
5.214410000000000052e-03
-8.882379999999999616e-04
-5.570699999999999610e-03
-8.123129999999999240e-03
-9.012990000000000237e-03
-1.195440000000000044e-02
-1.520750000000000053e-02
-2.208409999999999887e-02
-3.055489999999999942e-02
-4.463559999999999750e-02
-5.726730000000000015e-02
-7.460890000000000577e-02
-9.449069999999999692e-02
-1.036230000000000068e-01
-1.055689999999999962e-01
-9.973250000000000171e-02
-8.754989999999999994e-02
-6.544479999999999742e-02
-4.901090000000000307e-02
-4.250500000000000111e-02
-4.304029999999999662e-02
-5.056419999999999665e-02
-6.133489999999999776e-02
-6.994290000000000229e-02
-7.311239999999999406e-02
-6.713600000000000123e-02
-4.787120000000000264e-02
-1.964079999999999993e-02
1.358520000000000040e-02
4.191709999999999881e-02
6.959809999999999608e-02
8.931260000000000587e-02
1.059380000000000044e-01
1.163919999999999955e-01
1.247230000000000005e-01
1.314899999999999958e-01
1.383060000000000123e-01
1.413179999999999992e-01
1.416030000000000066e-01
1.348020000000000052e-01
1.168339999999999934e-01
6.991580000000000017e-02
4.294179999999999872e-03
-5.344630000000000214e-02
-9.083439999999999570e-02
-1.158359999999999945e-01
-1.292069999999999885e-01
-1.345810000000000062e-01
-1.310189999999999966e-01
-1.202470000000000067e-01
-9.978779999999999595e-02
-6.326719999999999566e-02
-1.210789999999999957e-02
3.555200000000000027e-02
6.889969999999999428e-02
9.553509999999999780e-02
1.179319999999999952e-01
1.345959999999999934e-01
1.426129999999999898e-01
1.390750000000000042e-01
1.233670000000000044e-01
7.878050000000000330e-02
2.065710000000000116e-02
-3.576630000000000087e-02
-7.356949999999999601e-02
-9.364519999999999789e-02
-1.028379999999999989e-01
-1.015910000000000007e-01
-8.391709999999999448e-02
-4.540389999999999704e-02
-3.918669999999999966e-03
1.862899999999999973e-02
2.840070000000000094e-02
2.436110000000000012e-02
8.220130000000000839e-03
-1.442550000000000082e-02
-3.340859999999999663e-02
-4.666669999999999846e-02
-4.855199999999999794e-02
-4.156959999999999822e-02
-1.781510000000000038e-02
1.184690000000000049e-02
3.741440000000000043e-02
6.057760000000000228e-02
7.676669999999999328e-02
8.721689999999999998e-02
9.520409999999999984e-02
1.022229999999999944e-01
1.114219999999999933e-01
1.222160000000000052e-01
1.345429999999999959e-01
1.476290000000000102e-01
1.599810000000000121e-01
1.679700000000000082e-01
1.689740000000000131e-01
1.608479999999999910e-01
1.423870000000000136e-01
1.111489999999999978e-01
7.646959999999999869e-02
4.165379999999999777e-02
1.760710000000000053e-02
5.456189999999999651e-03
-1.887430000000000054e-03
2.390839999999999979e-03
1.332990000000000043e-02
3.367749999999999910e-02
4.832199999999999690e-02
5.503779999999999784e-02
5.621059999999999945e-02
5.184799999999999826e-02
4.596320000000000267e-02
4.076210000000000250e-02
3.661310000000000259e-02
3.471550000000000330e-02
3.476180000000000242e-02
3.500380000000000158e-02
3.573690000000000200e-02
3.344040000000000207e-02
2.961139999999999953e-02
2.084429999999999963e-02
9.915959999999999705e-03
-4.243010000000000184e-03
-1.788769999999999943e-02
-3.231679999999999969e-02
-4.894899999999999946e-02
-6.599409999999999998e-02
-8.346290000000000653e-02
-1.002620000000000039e-01
-1.120810000000000001e-01
-1.151400000000000062e-01
-1.126589999999999953e-01
-9.939660000000000162e-02
-7.317780000000000118e-02
-4.582230000000000331e-02
-1.922420000000000032e-02
-5.267609999999999827e-03
-2.250869999999999867e-03
-1.820409999999999954e-03
-3.514419999999999870e-03
-1.237559999999999962e-03
4.175380000000000237e-03
1.065669999999999985e-02
1.501229999999999926e-02
1.696860000000000035e-02
1.411399999999999981e-02
9.756539999999999310e-03
4.254660000000000386e-03
-1.035230000000000048e-03
-3.864690000000000052e-03
-5.606200000000000419e-03
-9.970879999999999674e-03
-1.814759999999999984e-02
-2.978750000000000148e-02
-4.538470000000000004e-02
-5.828529999999999822e-02
-6.580379999999999563e-02
-6.828149999999999498e-02
-6.456549999999999789e-02
-5.371320000000000261e-02
-3.764730000000000160e-02
-1.963919999999999902e-02
-8.707889999999999381e-03
-2.098389999999999891e-03
2.675540000000000123e-03
5.871610000000000197e-03
1.003680000000000024e-02
1.532750000000000085e-02
1.930319999999999953e-02
2.388869999999999882e-02
2.679679999999999909e-02
2.237410000000000093e-02
1.333009999999999924e-02
-4.958579999999999542e-04
-1.293769999999999989e-02
-2.180889999999999912e-02
-2.524989999999999873e-02
-2.521659999999999874e-02
-1.700629999999999850e-02
-4.536049999999999804e-03
4.017790000000000250e-03
7.964759999999999548e-03
2.756900000000000062e-03
-7.648089999999999750e-03
-1.924879999999999994e-02
-2.491650000000000115e-02
-2.550720000000000071e-02
-2.275140000000000148e-02
-1.693739999999999829e-02
-4.242690000000000350e-03
1.295469999999999955e-02
2.545170000000000071e-02
3.151319999999999816e-02
2.634200000000000083e-02
8.177490000000000800e-03
-1.502999999999999996e-02
-3.873540000000000316e-02
-6.213520000000000154e-02
-8.200250000000000594e-02
-9.305159999999999820e-02
-9.833290000000000086e-02
-9.927049999999999763e-02
-9.498420000000000474e-02
-8.351530000000000065e-02
-6.655260000000000342e-02
-5.029030000000000306e-02
-3.657149999999999984e-02
-3.059179999999999885e-02
-2.939929999999999974e-02
-3.014549999999999869e-02
-3.100670000000000162e-02
-3.051009999999999833e-02
-2.905040000000000053e-02
-2.556200000000000139e-02
-2.247489999999999905e-02
-1.777700000000000113e-02
-1.137829999999999918e-02
-1.796799999999999873e-04
1.754440000000000166e-02
3.621069999999999844e-02
5.314610000000000167e-02
6.926640000000000574e-02
8.444540000000000379e-02
9.851290000000000047e-02
1.091209999999999958e-01
1.172099999999999947e-01
1.206730000000000025e-01
1.195670000000000066e-01
1.154850000000000043e-01
1.096120000000000011e-01
1.026590000000000003e-01
9.363849999999999951e-02
7.360769999999999813e-02
4.679309999999999720e-02
2.157440000000000052e-02
-3.452549999999999977e-03
-1.993829999999999908e-02
-2.520249999999999921e-02
-2.778419999999999848e-02
-2.909629999999999855e-02
-3.000629999999999964e-02
-3.264700000000000241e-02
-3.552410000000000290e-02
-3.804919999999999830e-02
-3.670779999999999876e-02
-3.077349999999999877e-02
-2.043800000000000130e-02
-9.666249999999999495e-03
3.773480000000000063e-04
6.124150000000000080e-03
6.433809999999999876e-03
2.613550000000000074e-03
-7.837759999999999172e-03
-2.107480000000000117e-02
-3.515159999999999813e-02
-4.932589999999999891e-02
-6.036790000000000211e-02
-6.338180000000000203e-02
-5.626939999999999720e-02
-3.501640000000000308e-02
-6.777329999999999813e-03
1.846549999999999928e-02
4.199279999999999680e-02
5.413899999999999962e-02
5.416599999999999887e-02
4.851049999999999807e-02
3.639780000000000099e-02
2.208970000000000031e-02
1.238440000000000027e-02
9.541130000000000097e-03
1.213610000000000036e-02
2.118389999999999856e-02
3.428389999999999910e-02
4.596229999999999760e-02
5.466680000000000150e-02
6.423979999999999968e-02
7.009840000000000515e-02
7.605069999999999886e-02
8.016109999999999902e-02
8.273020000000000373e-02
8.641290000000000082e-02
9.135110000000000452e-02
9.398819999999999397e-02
9.431820000000000481e-02
8.885400000000000242e-02
7.374269999999999436e-02
4.985479999999999773e-02
2.459439999999999890e-02
6.748900000000000385e-03
-3.175610000000000151e-03
-7.923070000000000807e-03
-8.695559999999999748e-03
-4.266709999999999947e-03
2.264959999999999890e-03
7.696920000000000324e-03
7.852090000000000805e-03
1.964790000000000113e-03
-1.006579999999999975e-02
-2.122220000000000009e-02
-3.063729999999999926e-02
-3.735249999999999682e-02
-4.122350000000000320e-02
-4.161209999999999909e-02
-3.796309999999999962e-02
-3.292010000000000075e-02
-2.892780000000000004e-02
-2.629139999999999949e-02
-2.562949999999999950e-02
-2.724669999999999870e-02
-2.955990000000000006e-02
-3.028899999999999995e-02
-3.050339999999999996e-02
-3.316209999999999991e-02
-3.421629999999999810e-02
-3.584860000000000130e-02
-3.863110000000000155e-02
-4.261790000000000023e-02
-4.873299999999999854e-02
-5.590540000000000093e-02
-6.362950000000000550e-02
-6.911409999999999776e-02
-6.965309999999999557e-02
-6.125309999999999783e-02
-3.900180000000000313e-02
-1.101030000000000064e-02
1.439080000000000047e-02
3.210330000000000128e-02
3.722960000000000158e-02
3.322470000000000284e-02
2.046950000000000158e-02
2.505369999999999819e-03
-1.199680000000000017e-02
-1.734120000000000106e-02
-1.338190000000000039e-02
-1.817000000000000039e-03
1.056220000000000075e-02
2.161650000000000030e-02
2.627329999999999943e-02
2.478349999999999997e-02
1.689449999999999980e-02
6.557369999999999866e-03
-7.149489999999999665e-03
-1.838390000000000163e-02
-2.686869999999999883e-02
-3.535699999999999954e-02
-4.256059999999999705e-02
-5.006800000000000139e-02
-5.668259999999999965e-02
-6.215020000000000266e-02
-6.279980000000000284e-02
-5.796339999999999826e-02
-5.101220000000000060e-02
-4.203939999999999760e-02
-3.017310000000000131e-02
-2.091099999999999903e-02
-1.362050000000000066e-02
-1.214190000000000061e-02
-1.413960000000000043e-02
-1.973859999999999851e-02
-2.755020000000000038e-02
-3.285509999999999819e-02
-3.581129999999999730e-02
-3.704579999999999679e-02
-3.485710000000000197e-02
-3.187650000000000206e-02
-2.882159999999999930e-02
-2.609179999999999833e-02
-2.392709999999999976e-02
-2.069709999999999953e-02
-1.591719999999999940e-02
-9.193410000000000817e-03
7.437799999999999837e-04
1.102219999999999936e-02
2.024750000000000161e-02
2.687830000000000080e-02
3.137489999999999724e-02
3.279909999999999770e-02
2.956030000000000116e-02
2.307870000000000060e-02
1.588559999999999972e-02
8.536339999999999900e-03
2.453610000000000166e-03
5.369689999999999880e-04
2.908870000000000032e-03
8.738229999999999609e-03
1.586800000000000016e-02
2.239239999999999980e-02
2.746540000000000092e-02
3.022479999999999958e-02
3.116659999999999917e-02
2.898010000000000169e-02
2.352500000000000077e-02
1.718259999999999926e-02
1.061649999999999920e-02
5.230659999999999824e-03
3.349270000000000112e-03
2.472400000000000032e-03
4.065860000000000134e-04
-5.840619999999999926e-04
-5.546859999999999812e-04
-8.769929999999999566e-04
-4.988360000000000060e-04
4.939309999999999708e-04
4.377469999999999625e-03
8.303079999999999142e-03
1.189650000000000082e-02
1.638759999999999870e-02
1.826600000000000099e-02
1.565750000000000128e-02
1.220060000000000068e-02
6.756029999999999675e-03
-2.533960000000000032e-03
-1.512149999999999953e-02
-2.780509999999999926e-02
-3.740559999999999719e-02
-4.559789999999999677e-02
-5.092409999999999992e-02
-5.349589999999999901e-02
-5.403990000000000182e-02
-5.315840000000000148e-02
-5.294990000000000113e-02
-5.218960000000000266e-02
-4.968569999999999931e-02
-4.484189999999999704e-02
-3.552210000000000090e-02
-2.208840000000000109e-02
-5.855110000000000176e-03
8.961469999999999159e-03
2.258090000000000097e-02
3.455420000000000019e-02
4.452749999999999764e-02
5.053130000000000122e-02
5.383009999999999878e-02
5.738589999999999663e-02
5.930019999999999736e-02
5.973470000000000169e-02
5.976209999999999856e-02
5.703640000000000099e-02
5.026159999999999656e-02
4.191099999999999687e-02
3.320590000000000347e-02
2.474499999999999963e-02
1.796860000000000124e-02
1.249349999999999940e-02
1.069690000000000051e-02
1.151529999999999915e-02
1.393059999999999958e-02
1.765299999999999855e-02
2.209579999999999878e-02
2.738310000000000050e-02
3.160670000000000146e-02
3.344090000000000257e-02
3.385160000000000252e-02
3.161459999999999965e-02
2.424919999999999853e-02
1.438359999999999986e-02
2.838279999999999883e-03
-9.650010000000000532e-03
-2.045680000000000068e-02
-2.978159999999999835e-02
-3.711849999999999872e-02
-4.226030000000000064e-02
-4.499449999999999977e-02
-4.269130000000000147e-02
-3.876070000000000210e-02
-3.432249999999999884e-02
-3.208790000000000253e-02
-3.039209999999999828e-02
-3.018650000000000153e-02
-3.080700000000000105e-02
-2.944630000000000164e-02
-2.688489999999999977e-02
-2.578470000000000067e-02
-2.718440000000000092e-02
-3.078180000000000152e-02
-3.528649999999999842e-02
-3.863729999999999942e-02
-4.196760000000000074e-02
-4.383890000000000009e-02
-4.268530000000000241e-02
-3.733210000000000001e-02
-2.929910000000000153e-02
-1.864089999999999844e-02
-4.482469999999999684e-03
6.960880000000000019e-03
1.314270000000000022e-02
1.455410000000000037e-02
1.452239999999999955e-02
1.480929999999999920e-02
1.493330000000000005e-02
1.779060000000000016e-02
2.200790000000000038e-02
2.822519999999999890e-02
3.514149999999999913e-02
3.999509999999999871e-02
4.286550000000000082e-02
4.309690000000000049e-02
4.030380000000000074e-02
3.840960000000000207e-02
3.516099999999999781e-02
3.087739999999999929e-02
2.524590000000000167e-02
1.847899999999999890e-02
1.209949999999999914e-02
6.908140000000000114e-03
3.669879999999999930e-03
-1.265660000000000008e-05
-5.375969999999999881e-03
-1.376520000000000001e-02
-2.072850000000000040e-02
-2.685910000000000034e-02
-3.227499999999999813e-02
-3.742009999999999781e-02
-4.102839999999999959e-02
-4.167730000000000046e-02
-4.153099999999999847e-02
-4.016360000000000069e-02
-3.598910000000000303e-02
-2.897030000000000091e-02
-2.040729999999999975e-02
-1.272620000000000001e-02
-5.066499999999999823e-03
1.950149999999999887e-04
6.395729999999999645e-03
1.074989999999999973e-02
1.356360000000000031e-02
1.462830000000000033e-02
1.231920000000000064e-02
1.025620000000000004e-02
7.956899999999999390e-03
6.688040000000000131e-03
8.129890000000000727e-03
1.143540000000000008e-02
1.614430000000000032e-02
2.094870000000000065e-02
2.392100000000000129e-02
2.431840000000000043e-02
2.459259999999999918e-02
2.551300000000000096e-02
2.706590000000000037e-02
2.729760000000000172e-02
3.028180000000000108e-02
3.187609999999999749e-02
3.286669999999999869e-02
3.396720000000000295e-02
3.051130000000000161e-02
2.081780000000000089e-02
9.156209999999999696e-03
-2.564250000000000123e-04
-5.241100000000000272e-03
-3.346630000000000178e-03
2.796739999999999816e-03
9.976290000000000505e-03
1.804609999999999895e-02
2.430519999999999903e-02
3.028840000000000005e-02
3.269869999999999721e-02
3.213839999999999753e-02
2.872560000000000044e-02
2.522249999999999839e-02
2.108449999999999908e-02
1.479839999999999975e-02
8.480180000000000357e-03
3.595529999999999993e-03
1.763239999999999903e-03
2.091069999999999995e-03
4.238920000000000188e-03
6.645260000000000056e-03
7.584600000000000369e-03
5.709930000000000214e-03
2.930240000000000188e-03
-1.799749999999999918e-03
-8.153900000000000384e-03
-1.451589999999999998e-02
-2.079709999999999892e-02
-2.695849999999999982e-02
-2.918700000000000114e-02
-2.879980000000000040e-02
-2.488850000000000090e-02
-2.043019999999999906e-02
-1.649979999999999850e-02
-1.664030000000000023e-02
-2.111609999999999876e-02
-2.657719999999999874e-02
-3.078020000000000062e-02
-3.496139999999999665e-02
-3.683320000000000344e-02
-3.815570000000000073e-02
-3.663290000000000296e-02
-3.189410000000000162e-02
-2.184869999999999868e-02
-8.150199999999999806e-03
4.401859999999999627e-03
1.255889999999999958e-02
1.569660000000000152e-02
1.584889999999999910e-02
1.371080000000000042e-02
8.936170000000000224e-03
2.904939999999999953e-03
-1.311110000000000097e-03
-1.532340000000000091e-03
1.565989999999999960e-03
7.005850000000000098e-03
1.295239999999999933e-02
1.795710000000000015e-02
1.977049999999999988e-02
1.931640000000000093e-02
1.607710000000000042e-02
9.049359999999999349e-03
1.154419999999999969e-03
-6.351800000000000328e-03
-1.492920000000000011e-02
-2.221240000000000020e-02
-2.751500000000000126e-02
-2.965490000000000140e-02
-2.824650000000000077e-02
-2.344919999999999990e-02
-1.706469999999999862e-02
-9.592240000000000141e-03
-1.083999999999999894e-03
6.144619999999999943e-03
1.324059999999999994e-02
1.917309999999999848e-02
2.539920000000000025e-02
3.037039999999999879e-02
3.391129999999999839e-02
3.465030000000000193e-02
3.343270000000000269e-02
3.005649999999999988e-02
2.725489999999999857e-02
2.619449999999999903e-02
2.626979999999999940e-02
2.672959999999999919e-02
2.566059999999999869e-02
2.221849999999999867e-02
1.709909999999999902e-02
1.054740000000000018e-02
5.883359999999999805e-03
3.365019999999999817e-03
3.663179999999999822e-03
6.591119999999999791e-03
1.108810000000000004e-02
1.439430000000000050e-02
1.715229999999999880e-02
1.777079999999999979e-02
1.746709999999999929e-02
1.685429999999999914e-02
1.629900000000000099e-02
1.717460000000000167e-02
1.788819999999999993e-02
1.848850000000000146e-02
1.717839999999999992e-02
1.625329999999999830e-02
1.556090000000000077e-02
1.547149999999999914e-02
1.608230000000000076e-02
1.638370000000000104e-02
1.596279999999999921e-02
1.602090000000000111e-02
1.563569999999999890e-02
1.485269999999999993e-02
1.199399999999999945e-02
1.022260000000000009e-02
7.558989999999999806e-03
4.269720000000000286e-03
-1.563230000000000088e-03
-8.122769999999999643e-03
-1.258530000000000065e-02
-1.526300000000000053e-02
-1.253800000000000053e-02
-7.093689999999999718e-03
-1.850269999999999996e-03
1.473799999999999936e-03
2.222249999999999833e-03
3.315230000000000173e-03
2.386899999999999959e-03
2.189120000000000128e-03
2.903760000000000022e-03
4.516029999999999871e-03
3.558330000000000173e-03
1.312699999999999978e-03
-2.115440000000000115e-03
-7.069889999999999682e-03
-1.110120000000000030e-02
-1.215369999999999992e-02
-1.281500000000000000e-02
-1.187629999999999936e-02
-1.135249999999999974e-02
-1.030140000000000049e-02
-7.077209999999999578e-03
-6.455690000000000039e-03
-6.116830000000000184e-03
-6.451290000000000149e-03
-9.613009999999999958e-03
-1.488920000000000000e-02
-2.040269999999999931e-02
-2.593320000000000000e-02
-3.059380000000000085e-02
-3.233049999999999813e-02
-3.120560000000000000e-02
-2.688629999999999839e-02
-2.248110000000000039e-02
-1.849210000000000090e-02
-1.581120000000000095e-02
-1.312420000000000080e-02
-1.030350000000000016e-02
-8.298200000000000368e-03
-8.459329999999999281e-03
-1.115020000000000074e-02
-1.247930000000000046e-02
-1.371110000000000037e-02
-1.595130000000000159e-02
-1.822850000000000165e-02
-1.958760000000000015e-02
-1.864999999999999991e-02
-1.596859999999999946e-02
-1.555950000000000041e-02
-1.530280000000000008e-02
-1.452980000000000070e-02
-1.615899999999999975e-02
-1.997880000000000142e-02
-2.286869999999999875e-02
-2.698969999999999841e-02
-3.113060000000000133e-02
-3.185059999999999975e-02
-2.990790000000000115e-02
-2.558209999999999998e-02
-1.799829999999999833e-02
-9.630319999999999506e-03
-4.326289999999999997e-03
-5.778790000000000012e-04
1.107040000000000107e-03
9.388359999999999674e-04
-2.018040000000000025e-03
-6.595179999999999966e-03
-1.108540000000000046e-02
-1.530779999999999988e-02
-1.760410000000000100e-02
-1.828350000000000114e-02
-1.549649999999999986e-02
-9.033130000000000326e-03
-1.237529999999999923e-03
7.759850000000000428e-03
1.568639999999999965e-02
2.132790000000000033e-02
2.517629999999999868e-02
2.509029999999999941e-02
2.276840000000000114e-02
1.978030000000000066e-02
1.621749999999999928e-02
1.375430000000000055e-02
1.126519999999999952e-02
8.479820000000000760e-03
4.677109999999999948e-03
-8.143360000000000312e-04
-5.403859999999999914e-03
-1.000840000000000063e-02
-1.224959999999999938e-02
-1.321519999999999986e-02
-1.242000000000000048e-02
-1.209209999999999972e-02
-1.196389999999999953e-02
-1.342950000000000046e-02
-1.469619999999999954e-02
-1.272590000000000006e-02
-1.060829999999999933e-02
-6.878109999999999780e-03
-1.789610000000000072e-03
1.920510000000000056e-03
5.038059999999999587e-03
4.326100000000000258e-03
2.181779999999999917e-03
-1.089640000000000010e-03
-2.910090000000000159e-03
-5.634540000000000382e-03
-6.327560000000000302e-03
-5.930170000000000233e-03
-3.572829999999999930e-03
-2.266059999999999863e-03
-1.535590000000000089e-03
-2.467780000000000147e-03
-4.067160000000000220e-03
-5.442719999999999850e-03
-5.955479999999999975e-03
-4.666250000000000259e-03
-2.262109999999999902e-03
1.465919999999999897e-03
4.087209999999999975e-03
6.437929999999999695e-03
7.729129999999999855e-03
9.078030000000000821e-03
1.199440000000000055e-02
1.340870000000000083e-02
1.600539999999999949e-02
1.896870000000000153e-02
2.089030000000000054e-02
2.064790000000000028e-02
2.007410000000000097e-02
1.822230000000000030e-02
1.609309999999999907e-02
1.523550000000000078e-02
1.318670000000000085e-02
1.336799999999999967e-02
1.630440000000000014e-02
1.954610000000000028e-02
2.264729999999999868e-02
2.640239999999999948e-02
2.893410000000000079e-02
3.022029999999999855e-02
3.183239999999999681e-02
2.984969999999999984e-02
2.506730000000000069e-02
1.981050000000000172e-02
1.623020000000000018e-02
1.347620000000000068e-02
1.261520000000000002e-02
1.531109999999999936e-02
2.034539999999999960e-02
2.482559999999999975e-02
2.773389999999999883e-02
2.673290000000000041e-02
2.084350000000000092e-02
9.653439999999999244e-03
-1.839930000000000038e-03
-1.066560000000000077e-02
-1.689289999999999889e-02
-2.112759999999999985e-02
-2.399079999999999963e-02
-2.487210000000000115e-02
-2.363420000000000104e-02
-2.029359999999999845e-02
-1.514210000000000035e-02
-1.157930000000000070e-02
-7.900960000000000275e-03
-5.572429999999999745e-03
-6.646729999999999999e-03
-9.469389999999999405e-03
-1.296519999999999964e-02
-1.729599999999999888e-02
-2.037479999999999847e-02
-2.249680000000000082e-02
-2.298750000000000099e-02
-2.176909999999999956e-02
-1.889340000000000117e-02
-1.454800000000000017e-02
-9.701519999999999935e-03
-5.485389999999999711e-03
-1.486509999999999915e-03
2.975660000000000197e-03
5.762190000000000367e-03
8.601589999999999236e-03
9.656720000000000581e-03
9.721660000000000024e-03
1.060460000000000048e-02
1.222400000000000049e-02
1.343489999999999962e-02
1.410439999999999958e-02
1.590070000000000025e-02
1.690409999999999829e-02
1.694450000000000123e-02
1.511149999999999993e-02
1.339549999999999942e-02
1.250139999999999932e-02
1.161629999999999954e-02
9.024320000000000605e-03
5.435800000000000180e-03
2.044370000000000215e-03
-1.358789999999999911e-03
-4.386840000000000357e-03
-5.615979999999999583e-03
-5.906989999999999984e-03
-5.685899999999999808e-03
-5.250349999999999982e-03
-4.260240000000000207e-03
-3.021740000000000190e-03
-3.473340000000000108e-03
-5.287799999999999619e-03
-9.206670000000000131e-03
-1.368720000000000006e-02
-1.930760000000000115e-02
-2.291030000000000150e-02
-2.357920000000000155e-02
-2.230149999999999841e-02
-1.742660000000000042e-02
-8.846460000000000434e-03
3.033530000000000075e-05
6.768869999999999748e-03
9.162760000000000696e-03
1.048999999999999932e-02
1.007300000000000036e-02
7.667959999999999707e-03
4.073089999999999697e-03
1.098470000000000045e-03
9.020599999999999658e-05
-9.057369999999999918e-04
-1.131250000000000094e-03
-2.253900000000000087e-03
-3.641970000000000016e-03
-4.308000000000000197e-03
-3.949199999999999933e-03
-3.847140000000000195e-03
-4.955379999999999681e-03
-8.378439999999999152e-03
-1.207369999999999971e-02
-1.578020000000000117e-02
-1.978680000000000022e-02
-2.424350000000000116e-02
-2.838620000000000032e-02
-3.176829999999999932e-02
-3.226550000000000251e-02
-3.055539999999999992e-02
-2.789900000000000019e-02
-2.490979999999999930e-02
-2.090329999999999966e-02
-1.859009999999999829e-02
-1.557709999999999997e-02
-1.252269999999999946e-02
-7.726010000000000169e-03
-2.451050000000000190e-03
5.088879999999999619e-03
1.152940000000000041e-02
1.820849999999999899e-02
2.316580000000000028e-02
2.541289999999999868e-02
2.531490000000000129e-02
2.278569999999999901e-02
1.838419999999999985e-02
1.327629999999999956e-02
8.712169999999999984e-03
4.897870000000000348e-03
3.579199999999999830e-03
5.893269999999999932e-03
1.107799999999999931e-02
1.745949999999999933e-02
2.434199999999999905e-02
3.011039999999999897e-02
3.429589999999999722e-02
3.721010000000000290e-02
3.914379999999999943e-02
4.018150000000000194e-02
4.042930000000000135e-02
3.808670000000000111e-02
3.510180000000000244e-02
3.130720000000000031e-02
2.750019999999999895e-02
2.252409999999999829e-02
1.922959999999999947e-02
1.658439999999999914e-02
1.576380000000000142e-02
1.546559999999999949e-02
1.690759999999999832e-02
1.901229999999999934e-02
1.940829999999999986e-02
1.672600000000000128e-02
1.469239999999999956e-02
1.462749999999999988e-02
1.441019999999999975e-02
1.411989999999999947e-02
1.388600000000000077e-02
1.423920000000000047e-02
1.530360000000000054e-02
1.453079999999999997e-02
1.184400000000000036e-02
8.729640000000000316e-03
5.508640000000000411e-03
1.602750000000000008e-03
-1.894800000000000087e-03
-4.857659999999999756e-03
-7.903050000000000005e-03
-9.215090000000000434e-03
-9.302680000000000671e-03
-1.024079999999999956e-02
-1.223040000000000065e-02
-1.354050000000000045e-02
-1.448340000000000044e-02
-1.626390000000000127e-02
-1.767689999999999886e-02
-1.747210000000000082e-02
-1.828600000000000017e-02
-2.074929999999999830e-02
-2.369949999999999835e-02
-2.855829999999999827e-02
-3.244509999999999755e-02
-3.537280000000000285e-02
-3.673860000000000320e-02
-3.882370000000000265e-02
-3.993599999999999928e-02
-3.941999999999999671e-02
-3.966469999999999718e-02
-3.927619999999999723e-02
-3.839639999999999720e-02
-3.718149999999999927e-02
-3.568910000000000138e-02
-3.283980000000000232e-02
-3.143830000000000235e-02
-2.839409999999999851e-02
-2.561319999999999916e-02
-2.259800000000000003e-02
-1.877059999999999840e-02
-1.555160000000000049e-02
-1.250560000000000040e-02
-8.266799999999999496e-03
-5.737390000000000198e-03
-3.181450000000000163e-03
-2.090119999999999999e-03
-2.882239999999999889e-03
-5.155830000000000135e-03
-7.684250000000000108e-03
-9.940040000000000681e-03
-1.155109999999999991e-02
-1.199040000000000002e-02
-1.197669999999999985e-02
-1.102479999999999953e-02
-9.095400000000000013e-03
-6.800760000000000312e-03
-4.541139999999999934e-03
-2.383029999999999957e-03
-2.250400000000000057e-03
-3.116209999999999900e-03
-3.730970000000000120e-03
-4.319329999999999697e-03
-3.964379999999999987e-03
-4.156649999999999581e-03
-4.082780000000000263e-03
-2.796369999999999845e-03
-2.083209999999999999e-04
5.836250000000000509e-04
5.640309999999999942e-04
-1.084520000000000059e-03
-3.804220000000000084e-03
-5.278900000000000432e-03
-5.657119999999999857e-03
-5.098100000000000374e-03
-2.338279999999999872e-03
2.195449999999999832e-03
7.120809999999999987e-03
1.120089999999999975e-02
1.450599999999999980e-02
1.762549999999999881e-02
1.834380000000000038e-02
1.853890000000000052e-02
1.950469999999999982e-02
1.914779999999999954e-02
1.787100000000000147e-02
1.679049999999999987e-02
1.633909999999999876e-02
1.405089999999999985e-02
1.187470000000000019e-02
1.154699999999999997e-02
1.082469999999999960e-02
1.133759999999999976e-02
1.249040000000000046e-02
1.388690000000000063e-02
1.413200000000000046e-02
1.494610000000000036e-02
1.619450000000000056e-02
1.584690000000000057e-02
1.510320000000000065e-02
1.476479999999999980e-02
1.334049999999999993e-02
1.092270000000000046e-02
8.356960000000000083e-03
5.971879999999999723e-03
4.120709999999999651e-03
3.741260000000000158e-03
3.196619999999999844e-03
3.768779999999999786e-03
3.408229999999999940e-03
2.986130000000000034e-03
1.759329999999999922e-03
1.031170000000000090e-03
7.625709999999999737e-04
2.043009999999999943e-04
1.152790000000000108e-03
3.686029999999999862e-03
5.202049999999999730e-03
6.018759999999999735e-03
6.839849999999999750e-03
6.986599999999999928e-03
5.938559999999999846e-03
3.951709999999999771e-03
3.327769999999999860e-03
3.171939999999999829e-03
3.429419999999999864e-03
4.757690000000000183e-03
5.944760000000000322e-03
6.288160000000000104e-03
6.199149999999999626e-03
5.581599999999999930e-03
4.576059999999999850e-03
3.907889999999999801e-03
2.521910000000000037e-03
1.144250000000000085e-03
-1.237529999999999923e-04
-1.219789999999999893e-03
-2.650539999999999841e-03
-4.366880000000000067e-03
-5.312060000000000393e-03
-5.801399999999999960e-03
-6.186330000000000301e-03
-6.047929999999999973e-03
-5.686120000000000237e-03
-5.836420000000000149e-03
-5.963099999999999824e-03
-5.882430000000000124e-03
-5.927430000000000025e-03
-6.103319999999999752e-03
-6.262460000000000075e-03
-6.219249999999999952e-03
-5.676650000000000099e-03
-4.988539999999999641e-03
-4.028089999999999796e-03
-3.424579999999999985e-03
-2.917809999999999848e-03
-2.065360000000000026e-03
-1.663409999999999932e-03
-1.346439999999999963e-03
-6.620019999999999681e-04
-2.358460000000000049e-04
2.000380000000000116e-04
4.112860000000000192e-04
4.162389999999999970e-04
3.333179999999999824e-04
1.784400000000000059e-04
2.003449999999999936e-04
3.124919999999999890e-04
5.915360000000000366e-04
6.732770000000000117e-04
7.435060000000000063e-04
8.786409999999999923e-04
9.517010000000000009e-04
9.394120000000000378e-04
8.978840000000000519e-04
8.563040000000000061e-04
8.359150000000000087e-04
7.787879999999999846e-04
7.289360000000000154e-04
6.749119999999999512e-04
5.797670000000000210e-04
4.887039999999999614e-04
4.656269999999999788e-04
4.650529999999999942e-04
4.779629999999999773e-04
4.901729999999999976e-04
5.111309999999999552e-04
4.941560000000000440e-04
4.339309999999999760e-04
3.463769999999999805e-04
2.658240000000000082e-04
2.098120000000000031e-04
1.681719999999999884e-04
1.446320000000000071e-04
1.414119999999999939e-04
1.266829999999999931e-04
1.120340000000000051e-04
9.444780000000000059e-05
6.527060000000000489e-05
3.874349999999999929e-05
1.010720000000000040e-05
-2.126490000000000032e-05
-5.256800000000000220e-05
-8.135220000000000353e-05
-1.084519999999999977e-04
-1.353020000000000134e-04
-1.621449999999999866e-04
-1.866450000000000129e-04
-2.119719999999999959e-04
-2.353950000000000053e-04
-2.578680000000000186e-04
-2.783269999999999798e-04
-2.973839999999999839e-04
-3.150119999999999852e-04
-3.316290000000000058e-04
-3.472479999999999794e-04
-3.620960000000000107e-04
-3.761039999999999891e-04
-3.893330000000000076e-04
-4.017420000000000171e-04
-4.133329999999999947e-04
-4.240849999999999893e-04
