-9.371990000000000371e-06
5.651579999999999852e-05
-8.572469999999999258e-06
6.036389999999999985e-05
-9.623160000000000204e-06
5.460649999999999971e-05
-1.515310000000000066e-05
5.595339999999999862e-05
-1.569500000000000135e-05
4.565239999999999679e-05
-3.176920000000000069e-05
5.578289999999999746e-05
2.754889999999999978e-05
6.984170000000000590e-05
-7.747250000000000067e-05
-7.141109999999999972e-06
-3.036930000000000076e-05
1.138700000000000058e-04
8.120170000000000556e-05
1.044219999999999974e-04
3.401800000000000193e-06
7.277849999999999446e-05
-1.011879999999999941e-04
4.392319999999999986e-06
-4.531609999999999799e-05
-5.536400000000000051e-05
-3.183349999999999938e-05
2.158589999999999945e-04
1.806309999999999990e-04
2.340950000000000008e-04
6.779160000000000329e-05
2.976030000000000168e-04
3.787390000000000071e-04
3.492829999999999828e-04
4.633770000000000190e-05
6.764889999999999532e-05
2.073090000000000035e-04
8.371320000000000345e-05
-4.630969999999999878e-04
-6.298840000000000428e-04
-4.533970000000000231e-04
-5.892830000000000295e-05
-3.743950000000000229e-04
-6.048979999999999808e-04
-2.223919999999999944e-04
6.119510000000000097e-04
1.861699999999999878e-04
-6.904339999999999696e-05
3.163659999999999996e-04
7.060979999999999470e-04
-1.799220000000000029e-04
-8.416269999999999567e-04
-1.872929999999999972e-04
1.029050000000000104e-03
9.434169999999999969e-04
9.491459999999999958e-04
1.818149999999999931e-04
-1.082389999999999915e-03
-1.871009999999999991e-03
-1.020770000000000054e-03
6.758490000000000407e-05
1.190349999999999958e-03
8.517929999999999946e-04
-1.391250000000000071e-04
-2.098769999999999802e-03
-2.747449999999999806e-03
-1.762499999999999961e-03
-1.093799999999999997e-04
2.027970000000000033e-03
3.956839999999999663e-03
4.275420000000000262e-03
2.493169999999999848e-03
2.941309999999999931e-04
-1.609629999999999915e-03
-2.290889999999999854e-03
-1.272329999999999902e-03
-8.689840000000000541e-04
-2.836560000000000164e-05
8.614130000000000007e-04
1.769050000000000093e-03
1.045200000000000035e-03
-5.211979999999999521e-04
-1.208150000000000066e-03
-3.542870000000000047e-04
1.729059999999999929e-03
2.964669999999999979e-03
3.932960000000000102e-03
4.364930000000000372e-03
9.945920000000000889e-04
-1.005119999999999972e-03
8.921940000000000166e-04
1.401660000000000102e-03
-6.933700000000000208e-07
-3.594390000000000258e-04
-1.807089999999999912e-03
-4.850349999999999800e-03
-5.375219999999999998e-03
3.313039999999999844e-04
4.845910000000000148e-03
5.277419999999999681e-03
3.173519999999999987e-03
-7.674879999999999810e-04
-4.224109999999999671e-03
-2.313720000000000013e-03
2.281290000000000054e-03
4.734129999999999588e-03
4.039629999999999783e-03
4.924359999999999588e-04
-3.560569999999999881e-03
-5.061030000000000216e-03
-4.217130000000000357e-03
-1.054589999999999998e-03
4.958950000000000163e-03
5.658530000000000157e-03
5.388360000000000025e-04
-2.051020000000000187e-03
-1.846149999999999961e-03
-8.627420000000000011e-04
-8.957050000000000038e-04
1.181350000000000065e-03
3.780209999999999994e-03
4.858839999999999687e-03
4.677879999999999712e-03
2.204629999999999958e-03
-7.313680000000000354e-04
-2.302729999999999794e-03
-4.182220000000000382e-03
-1.501390000000000016e-03
3.390639999999999887e-03
3.921059999999999650e-03
1.736359999999999943e-03
2.685850000000000043e-03
3.503469999999999848e-04
-4.458089999999999622e-03
-3.443780000000000018e-03
3.228169999999999824e-03
2.853669999999999991e-03
-9.414169999999999483e-04
2.285370000000000110e-05
1.435649999999999904e-03
1.618629999999999917e-04
-8.111179999999999952e-04
-1.281269999999999935e-03
-3.279150000000000207e-03
-7.174169999999999679e-03
-1.094479999999999932e-02
-1.185779999999999994e-02
-9.040360000000000756e-03
-3.890929999999999910e-03
7.623440000000000424e-03
1.407279999999999989e-02
9.157290000000000221e-03
9.281279999999999608e-04
-2.205640000000000031e-03
4.500530000000000090e-04
5.028679999999999782e-03
7.983479999999999396e-03
8.255300000000000138e-03
2.177989999999999874e-03
-8.697889999999999788e-03
-1.692509999999999848e-02
-1.873630000000000087e-02
-1.309519999999999955e-02
-4.732779999999999800e-03
2.545630000000000115e-03
6.749579999999999816e-03
3.561949999999999925e-03
-1.987689999999999856e-03
-2.828100000000000058e-03
-2.376010000000000014e-03
-1.129030000000000051e-03
3.779890000000000159e-03
6.793750000000000309e-03
6.718769999999999777e-03
6.337299999999999704e-03
5.197389999999999649e-03
1.374779999999999926e-03
-2.138709999999999830e-03
-3.133470000000000179e-03
-2.475900000000000063e-03
5.307989999999999844e-04
3.022659999999999930e-03
3.445139999999999748e-04
-2.896539999999999965e-03
-2.630180000000000191e-03
5.398479999999999989e-04
2.103600000000000175e-03
2.069979999999999910e-03
-3.714330000000000062e-03
-9.541569999999999219e-03
-5.999779999999999697e-03
-7.072380000000000073e-04
3.418570000000000116e-03
1.156160000000000000e-02
1.237109999999999946e-02
2.365879999999999893e-03
-7.059990000000000362e-03
-8.912170000000000508e-03
-1.010890000000000052e-02
-1.115009999999999959e-02
-8.313150000000000053e-03
-9.506890000000000045e-04
6.996669999999999973e-03
9.973140000000000130e-03
7.997809999999999295e-03
2.706259999999999829e-03
-2.800920000000000146e-03
-7.255779999999999869e-03
-1.314330000000000012e-02
-1.218179999999999957e-02
-4.807760000000000332e-03
3.294940000000000108e-03
2.105870000000000138e-03
-7.213179999999999809e-04
5.623379999999999872e-03
1.558140000000000046e-02
1.638939999999999841e-02
6.801780000000000326e-03
-4.481859999999999837e-03
-1.014080000000000016e-02
-7.701730000000000381e-03
-3.009700000000000136e-03
1.742059999999999919e-03
4.038370000000000327e-03
-6.839850000000000183e-04
-5.206790000000000203e-03
-7.238670000000000000e-03
-9.224879999999999539e-03
-2.792209999999999831e-03
6.793699999999999739e-03
1.498679999999999977e-02
1.416549999999999927e-02
4.923839999999999641e-03
-4.112170000000000170e-04
-1.493030000000000008e-03
-1.606220000000000000e-03
-2.017919999999999870e-03
-2.765940000000000152e-03
-6.565409999999999822e-03
-9.663800000000000168e-03
-6.803250000000000269e-03
-3.069220000000000108e-03
-1.003860000000000082e-03
-1.357750000000000016e-03
-2.731960000000000183e-04
3.248420000000000127e-03
9.936599999999999426e-04
-3.690520000000000085e-03
-5.929330000000000017e-03
-5.419430000000000254e-03
-3.742039999999999863e-03
-4.141220000000000144e-03
-2.661590000000000136e-03
1.676299999999999926e-03
6.642460000000000205e-03
8.178200000000000053e-03
7.471420000000000318e-03
6.697409999999999995e-03
3.439890000000000135e-03
2.340889999999999985e-03
6.543479999999999956e-03
5.211789999999999999e-03
-6.617500000000000118e-03
-1.186830000000000003e-02
-4.800389999999999865e-03
2.511080000000000170e-03
7.310660000000000075e-03
1.285069999999999962e-02
1.438019999999999923e-02
9.313919999999999838e-03
-8.772199999999999529e-04
-7.436899999999999761e-03
-8.917929999999999260e-03
-4.921110000000000241e-03
4.554270000000000020e-03
6.155469999999999692e-03
-4.605500000000000219e-03
-1.286479999999999915e-02
-1.043950000000000086e-02
2.923900000000000110e-03
1.047539999999999930e-02
6.475350000000000376e-03
1.764670000000000084e-03
-8.080389999999999795e-04
-5.153050000000000165e-03
-4.533419999999999811e-03
2.024450000000000121e-03
6.800729999999999623e-03
5.490970000000000399e-03
2.384639999999999937e-03
4.365279999999999920e-04
-3.743029999999999838e-04
-2.516759999999999831e-03
-2.724410000000000026e-03
-2.304409999999999792e-03
-1.349270000000000070e-03
1.401270000000000033e-03
5.373649999999999781e-03
5.198209999999999983e-03
-3.262909999999999834e-04
-5.771219999999999649e-03
-8.827530000000000099e-03
-1.134059999999999929e-02
-8.275839999999999586e-03
-2.199589999999999965e-03
1.582920000000000030e-03
2.036000000000000049e-03
4.919189999999999501e-04
-4.879679999999999955e-03
-1.009469999999999985e-02
-8.612599999999999770e-03
-2.496649999999999889e-05
5.970959999999999983e-03
8.613189999999999735e-03
8.030040000000000441e-03
7.908959999999999602e-03
7.709190000000000313e-03
4.972419999999999965e-03
1.976270000000000023e-03
-9.519139999999999937e-04
-5.225239999999999919e-03
-4.733929999999999909e-03
1.721010000000000031e-03
1.286619999999999951e-02
1.868600000000000122e-02
1.161530000000000028e-02
-3.990350000000000147e-03
-1.008859999999999965e-02
-5.585630000000000282e-03
-1.145999999999999938e-04
5.550700000000000425e-03
9.176349999999999785e-03
7.453740000000000365e-03
4.237760000000000138e-03
-4.898220000000000005e-04
-5.626589999999999890e-03
-7.021750000000000214e-03
-3.703150000000000105e-03
-3.983570000000000080e-04
4.045149999999999853e-04
-3.426160000000000143e-03
-4.787030000000000278e-03
-2.484880000000000075e-03
2.058329999999999993e-05
-5.928580000000000351e-04
-8.441129999999999597e-04
-1.285859999999999998e-03
-1.896389999999999968e-03
-4.635219999999999792e-03
-1.048140000000000009e-02
-1.220279999999999976e-02
-5.939559999999999979e-03
1.309089999999999950e-03
9.207079999999999431e-03
1.716530000000000139e-02
2.092470000000000094e-02
1.339440000000000075e-02
3.247530000000000208e-03
-4.119720000000000326e-03
-4.840689999999999923e-03
-3.029029999999999830e-03
-1.433210000000000083e-03
-4.430360000000000049e-04
2.811629999999999859e-03
1.366060000000000104e-03
-7.667420000000000312e-03
-1.247889999999999937e-02
-7.579759999999999623e-03
-1.431009999999999921e-03
1.514359999999999968e-03
1.225809999999999921e-03
-6.671530000000000168e-03
-1.418699999999999996e-02
-9.056349999999999470e-03
1.626110000000000055e-04
6.622339999999999997e-03
3.749670000000000086e-03
-2.134619999999999834e-03
-8.094930000000000181e-03
-1.114610000000000080e-02
-6.908949999999999640e-03
2.439859999999999859e-03
8.593309999999999838e-03
9.917509999999999173e-03
6.355549999999999741e-03
2.639110000000000067e-03
2.080609999999999990e-04
2.622499999999999831e-03
7.365919999999999759e-03
8.798860000000000361e-03
3.420400000000000090e-03
-1.431909999999999997e-03
5.497730000000000151e-03
1.984440000000000162e-02
2.484830000000000025e-02
2.116180000000000144e-02
1.264790000000000011e-02
-6.520139999999999790e-03
-3.938559999999999978e-02
-5.705910000000000148e-02
-5.546399999999999941e-02
-3.776310000000000083e-02
-1.973110000000000142e-02
-3.258169999999999903e-03
1.117199999999999964e-02
3.815930000000000016e-02
5.756290000000000018e-02
6.455660000000000565e-02
5.957500000000000295e-02
6.088969999999999799e-02
7.087119999999999531e-02
9.329310000000000380e-02
1.069640000000000035e-01
1.241669999999999996e-01
1.238299999999999956e-01
1.158239999999999964e-01
-1.834500000000000020e-02
-1.147200000000000025e-01
-9.738579999999999459e-02
-7.729969999999999897e-02
-1.002360000000000056e-01
-1.454270000000000007e-01
-1.829759999999999998e-01
-2.076310000000000100e-01
-2.027049999999999963e-01
-1.463210000000000066e-01
-3.369880000000000098e-02
1.303920000000000079e-02
1.946470000000000145e-02
4.248040000000000149e-02
7.332569999999999366e-02
1.015029999999999960e-01
1.107360000000000011e-01
9.816679999999999851e-02
9.403269999999999684e-02
9.396920000000000273e-02
4.270369999999999722e-02
-1.751880000000000104e-02
-1.744719999999999951e-02
1.979260000000000047e-02
3.257089999999999985e-02
-3.814229999999999704e-02
-1.265040000000000053e-01
-1.538049999999999973e-01
-8.378789999999999849e-02
5.426229999999999769e-03
3.101579999999999962e-02
-2.678389999999999938e-02
-8.827580000000000149e-02
-8.950450000000000073e-02
-2.755370000000000041e-02
3.893810000000000326e-02
4.096450000000000091e-02
1.427390000000000082e-02
2.431420000000000109e-02
6.584919999999999662e-02
9.348779999999999590e-02
8.246739999999999626e-02
4.892019999999999702e-02
3.086360000000000145e-02
3.010880000000000153e-02
3.424769999999999898e-02
1.682089999999999974e-02
-2.987619999999999859e-02
-2.332880000000000023e-02
3.040649999999999950e-02
4.820289999999999991e-02
-7.084690000000000258e-03
-8.602039999999999687e-02
-1.088299999999999962e-01
-5.841219999999999746e-02
2.916540000000000105e-02
7.995489999999999542e-02
8.805689999999999351e-02
9.456380000000000341e-02
6.991360000000000630e-02
1.498200000000000053e-02
-1.730649999999999897e-02
-6.710599999999999725e-03
-4.727780000000000003e-03
-4.490709999999999841e-02
-8.661459999999999992e-02
-8.919820000000000526e-02
-5.588810000000000305e-02
-1.086110000000000027e-02
8.655130000000000462e-03
-2.102699999999999882e-03
-2.343960000000000141e-02
-2.832990000000000161e-02
-8.828159999999999827e-03
1.177459999999999965e-02
1.666180000000000092e-02
3.726070000000000163e-03
-8.090939999999999591e-03
-1.181439999999999921e-02
-1.647929999999999881e-02
-3.835600000000000120e-02
-6.262719999999999398e-02
-6.836200000000000609e-02
-6.963750000000000495e-02
-7.280949999999999922e-02
-6.031709999999999849e-02
1.700609999999999969e-03
6.488629999999999398e-02
9.379139999999999699e-02
1.172220000000000067e-01
1.327720000000000011e-01
1.093279999999999946e-01
5.382689999999999697e-02
1.667429999999999954e-02
2.611599999999999946e-03
5.226139999999999779e-03
2.972419999999999923e-02
5.809059999999999918e-02
4.944169999999999815e-02
9.328960000000000724e-03
-3.102929999999999924e-02
-5.166869999999999796e-02
-4.935189999999999716e-02
-3.562830000000000163e-02
-2.161139999999999936e-02
2.724160000000000210e-03
1.170239999999999995e-02
-1.837549999999999947e-02
-6.956519999999999371e-02
-1.214849999999999958e-01
-1.477799999999999947e-01
-1.372279999999999889e-01
-6.253620000000000012e-02
3.770350000000000090e-02
7.751099999999999657e-02
1.084640000000000049e-01
1.614770000000000094e-01
1.983570000000000055e-01
1.819820000000000049e-01
1.322869999999999879e-01
7.792920000000000402e-02
1.605730000000000005e-02
-7.980460000000000331e-02
-1.503500000000000114e-01
-1.403820000000000068e-01
-8.208559999999999468e-02
-4.671659999999999702e-02
-2.516749999999999890e-02
2.094309999999999922e-02
4.521889999999999937e-02
-1.198540000000000022e-02
-1.033540000000000014e-01
-1.657659999999999967e-01
-1.664609999999999979e-01
-2.436759999999999968e-02
1.692569999999999908e-01
2.387269999999999948e-01
2.757970000000000144e-01
2.822149999999999936e-01
2.589090000000000003e-01
2.111490000000000034e-01
1.569029999999999869e-01
8.355909999999999727e-02
2.810439999999999878e-04
-7.848430000000000684e-02
-1.609369999999999967e-01
-2.402720000000000133e-01
-3.046070000000000166e-01
-3.177550000000000097e-01
-2.685870000000000202e-01
-1.615369999999999862e-01
-7.354600000000000026e-02
-5.060400000000000315e-02
-4.144790000000000280e-02
-3.963959999999999706e-02
-2.480150000000000063e-02
5.396540000000000017e-03
8.422989999999999644e-02
1.701129999999999864e-01
2.611809999999999965e-01
3.426120000000000276e-01
3.572219999999999840e-01
2.552490000000000037e-01
1.173749999999999932e-01
-3.881949999999999984e-02
-1.396290000000000031e-01
-1.806750000000000023e-01
-2.028210000000000013e-01
-1.807219999999999938e-01
-9.915530000000000177e-02
-2.113560000000000005e-03
8.439830000000000595e-03
-4.594360000000000110e-02
-7.483349999999999724e-02
-8.197190000000000032e-02
-1.390849999999999864e-01
-2.172719999999999929e-01
-2.303659999999999874e-01
-1.817809999999999981e-01
-1.252540000000000042e-01
-5.618540000000000340e-02
1.040199999999999979e-02
3.395630000000000176e-02
2.204300000000000009e-02
1.813680000000000023e-03
-1.963559999999999958e-02
-2.249429999999999832e-02
6.354760000000000096e-03
7.964889999999999470e-02
1.604659999999999975e-01
2.067499999999999893e-01
2.235959999999999892e-01
2.348719999999999974e-01
2.476730000000000043e-01
2.587840000000000140e-01
2.256450000000000122e-01
1.302159999999999984e-01
4.719759999999999928e-02
-1.171449999999999922e-02
-2.657340000000000049e-02
-1.439230000000000023e-02
-2.465559999999999974e-02
-5.957889999999999714e-02
-9.441230000000000455e-02
-1.021460000000000007e-01
-8.732260000000000022e-02
-6.144680000000000281e-02
-4.758529999999999704e-02
-4.914070000000000243e-02
-5.899889999999999995e-02
-6.318269999999999442e-02
-4.784660000000000302e-02
-1.663819999999999882e-02
2.651999999999999844e-03
1.324329999999999952e-02
3.253899999999999848e-02
4.972030000000000199e-02
2.053659999999999861e-02
-4.386009999999999909e-02
-1.033290000000000042e-01
-1.539169999999999983e-01
-1.641289999999999971e-01
-1.496339999999999892e-01
-1.315399999999999903e-01
-1.056499999999999939e-01
-9.216299999999999493e-02
-9.944089999999999874e-02
-1.092000000000000054e-01
-1.027239999999999959e-01
-6.464419999999999888e-02
-6.923389999999999753e-03
4.438709999999999878e-02
8.351590000000000402e-02
9.952400000000000135e-02
1.059859999999999969e-01
1.085440000000000016e-01
1.101130000000000025e-01
1.128920000000000062e-01
1.185689999999999938e-01
1.167789999999999939e-01
8.849189999999999834e-02
5.072569999999999857e-02
3.589439999999999992e-02
3.898950000000000332e-02
3.838239999999999708e-02
2.379490000000000077e-02
1.585690000000000016e-02
2.540250000000000147e-02
5.046729999999999966e-02
4.522810000000000025e-02
5.796860000000000034e-03
-1.479089999999999919e-02
-8.630610000000000365e-03
6.318530000000000153e-03
2.299510000000000096e-02
4.038049999999999973e-02
5.174059999999999770e-02
4.897549999999999820e-02
1.530109999999999977e-02
-9.388509999999999217e-03
1.217500000000000006e-02
4.420779999999999849e-02
4.264679999999999860e-02
2.093249999999999972e-02
8.766769999999999684e-04
-1.008700000000000048e-02
-1.743820000000000092e-02
-3.884810000000000346e-02
-8.112110000000000154e-02
-1.256180000000000074e-01
-1.656330000000000024e-01
-1.825930000000000053e-01
-1.703449999999999964e-01
-1.480539999999999912e-01
-1.192099999999999965e-01
-6.157080000000000192e-02
-8.708660000000000012e-03
8.161859999999999948e-03
6.955669999999999735e-03
9.067340000000000122e-03
2.297189999999999996e-02
4.797250000000000125e-02
5.921919999999999962e-02
4.499390000000000334e-02
2.017269999999999827e-02
4.623960000000000093e-04
-2.020490000000000133e-02
-4.470509999999999762e-02
-6.036190000000000305e-02
-6.314419999999999755e-02
-4.962369999999999975e-02
-2.400559999999999847e-02
1.372549999999999942e-03
3.404719999999999969e-02
7.002390000000000003e-02
1.026470000000000021e-01
1.161849999999999966e-01
1.089809999999999945e-01
7.877259999999999818e-02
4.831909999999999678e-02
5.685660000000000019e-02
7.396980000000000222e-02
9.036879999999999913e-02
1.014290000000000053e-01
1.005149999999999932e-01
6.071109999999999701e-02
1.488540000000000002e-03
-2.219490000000000005e-02
-2.993890000000000093e-02
-6.174670000000000158e-02
-9.961100000000000509e-02
-1.200949999999999934e-01
-1.183120000000000005e-01
-1.116329999999999961e-01
-1.003669999999999979e-01
-7.292060000000000208e-02
-3.874480000000000285e-02
-2.611099999999999879e-02
-1.969250000000000167e-02
4.059880000000000086e-03
3.881960000000000272e-02
5.761959999999999998e-02
3.635349999999999693e-02
-6.491479999999999993e-03
-2.366889999999999966e-02
-2.428879999999999928e-02
-3.738600000000000256e-02
-7.280419999999999947e-02
-7.131149999999999989e-02
-2.334779999999999842e-02
3.108340000000000061e-02
5.901700000000000002e-02
6.361379999999999812e-02
7.332869999999999666e-02
9.447129999999999417e-02
1.072120000000000017e-01
1.130120000000000013e-01
1.204709999999999948e-01
1.234699999999999964e-01
1.159799999999999998e-01
9.954599999999999560e-02
7.780650000000000066e-02
6.012449999999999739e-02
3.103389999999999968e-02
1.102520000000000062e-02
1.313120000000000086e-02
2.031890000000000085e-02
4.950730000000000408e-03
-3.234370000000000300e-02
-7.236230000000000440e-02
-9.788860000000000616e-02
-1.092619999999999980e-01
-1.250269999999999992e-01
-1.403679999999999928e-01
-1.401149999999999896e-01
-1.306460000000000121e-01
-1.290449999999999930e-01
-1.385770000000000057e-01
-1.240600000000000036e-01
-7.129760000000000264e-02
-1.575359999999999955e-02
3.370360000000000023e-02
5.708799999999999986e-02
6.113269999999999815e-02
7.340439999999999465e-02
9.297779999999999934e-02
9.394270000000000398e-02
5.262939999999999979e-02
-3.771060000000000124e-03
-3.332140000000000102e-02
-2.678849999999999981e-02
-1.736990000000000062e-02
-2.074640000000000165e-02
-3.378950000000000009e-02
-4.598900000000000210e-02
-6.120130000000000015e-02
-6.811879999999999324e-02
-6.021989999999999982e-02
-3.330650000000000277e-02
2.728850000000000112e-03
2.866969999999999935e-02
4.567430000000000101e-02
6.698709999999999387e-02
8.806780000000000164e-02
1.059060000000000001e-01
1.144899999999999946e-01
1.201669999999999960e-01
1.425829999999999875e-01
1.600590000000000068e-01
1.680049999999999877e-01
1.697299999999999920e-01
1.275159999999999905e-01
5.377980000000000260e-02
-1.686800000000000105e-02
-6.453549999999999565e-02
-7.769489999999999730e-02
-8.319980000000000431e-02
-9.459019999999999928e-02
-1.159789999999999988e-01
-1.422100000000000031e-01
-1.554089999999999916e-01
-1.384350000000000025e-01
-9.300269999999999371e-02
-4.518260000000000332e-02
3.646219999999999930e-04
4.353400000000000325e-02
6.126159999999999939e-02
5.305789999999999812e-02
3.862059999999999799e-02
3.350149999999999656e-02
5.318450000000000261e-02
8.047989999999999311e-02
7.601670000000000649e-02
4.326699999999999990e-02
2.821179999999999868e-02
2.543039999999999884e-02
1.235349999999999990e-02
-1.078789999999999957e-02
-3.561820000000000264e-02
-5.328179999999999722e-02
-5.393099999999999977e-02
-3.029449999999999851e-02
-1.194010000000000037e-02
-2.078609999999999833e-02
-3.877950000000000147e-02
-4.716460000000000097e-02
-4.428880000000000317e-02
-3.294029999999999875e-02
-5.589600000000000124e-03
1.344049999999999932e-02
6.450169999999999862e-03
-2.807499999999999926e-02
-4.816879999999999773e-02
-2.398139999999999994e-02
2.752879999999999910e-02
3.746780000000000249e-02
-5.329730000000000405e-03
-5.922329999999999955e-02
-8.717629999999999824e-02
-8.349900000000000377e-02
-5.452610000000000096e-02
-1.635259999999999839e-02
2.566650000000000181e-03
3.815699999999999995e-03
1.819629999999999859e-02
4.343899999999999845e-02
4.927839999999999998e-02
3.835639999999999883e-02
3.169430000000000164e-02
4.606079999999999897e-02
6.850689999999999558e-02
6.315030000000000643e-02
2.965599999999999833e-02
1.197540000000000063e-02
1.680689999999999962e-02
2.153139999999999915e-02
1.698569999999999941e-03
-2.700349999999999973e-02
-3.108469999999999983e-02
1.867069999999999971e-03
3.159929999999999684e-02
3.437989999999999796e-02
1.350610000000000005e-02
-2.399990000000000109e-02
-6.181720000000000270e-02
-7.671840000000000603e-02
-5.518730000000000163e-02
-3.436639999999999834e-02
-4.683899999999999869e-02
-6.821560000000000124e-02
-7.222720000000000529e-02
-4.795569999999999694e-02
-5.502779999999999651e-03
1.248900000000000010e-02
-2.613170000000000163e-03
-2.529450000000000101e-02
-3.891970000000000152e-02
-3.769630000000000203e-02
-2.606119999999999964e-02
7.378149999999999986e-03
4.516440000000000038e-02
8.114609999999999879e-02
9.913529999999999565e-02
7.237330000000000152e-02
3.157979999999999815e-02
1.725470000000000129e-02
1.490400000000000058e-02
-3.568930000000000106e-03
-4.052209999999999840e-02
-5.979389999999999705e-02
-5.004689999999999833e-02
-3.737990000000000063e-02
-2.653490000000000015e-02
9.908629999999999868e-03
5.731229999999999658e-02
7.949610000000000010e-02
7.906789999999999652e-02
8.102479999999999405e-02
8.692270000000000552e-02
1.026259999999999950e-01
1.178120000000000001e-01
1.197980000000000017e-01
1.047259999999999996e-01
9.055680000000000673e-02
8.450879999999999503e-02
6.560539999999999428e-02
-1.255810000000000086e-02
-8.053150000000000586e-02
-7.592409999999999437e-02
-2.676979999999999985e-02
-2.042750000000000121e-02
-5.800729999999999775e-02
-8.418380000000000307e-02
-8.598699999999999399e-02
-5.322860000000000091e-02
4.776220000000000292e-03
6.342409999999999715e-02
7.634040000000000270e-02
2.037419999999999856e-02
-6.228480000000000127e-02
-1.293489999999999918e-01
-1.692220000000000113e-01
-1.823500000000000121e-01
-1.736399999999999888e-01
-1.306549999999999934e-01
-7.637090000000000545e-02
-2.252399999999999888e-02
1.092899999999999948e-02
-1.373359999999999902e-03
-1.252600000000000068e-02
-6.445730000000000209e-03
-1.693550000000000047e-03
-7.382750000000000423e-03
-8.652129999999999196e-03
2.965489999999999880e-03
2.935110000000000149e-02
4.703940000000000204e-02
4.930269999999999792e-02
2.756079999999999988e-02
-5.766910000000000092e-03
-2.477549999999999891e-02
-3.714900000000000146e-02
-5.751590000000000175e-02
-6.910299999999999776e-02
-5.690930000000000294e-02
-9.343890000000000529e-03
5.211860000000000104e-02
9.694769999999999777e-02
1.116790000000000005e-01
1.160560000000000064e-01
1.206320000000000031e-01
1.291889999999999983e-01
1.447589999999999988e-01
1.538170000000000093e-01
1.190319999999999989e-01
6.385159999999999447e-02
2.773629999999999846e-02
2.349630000000000121e-02
3.510110000000000313e-02
5.302260000000000306e-02
6.098719999999999836e-02
4.739870000000000194e-02
1.348650000000000022e-02
-1.049019999999999987e-02
-1.964779999999999999e-02
-3.265080000000000066e-02
-5.549590000000000078e-02
-8.235140000000000515e-02
-8.707189999999999375e-02
-7.834979999999999722e-02
-8.007380000000000053e-02
-1.029550000000000048e-01
-1.250340000000000062e-01
-1.285030000000000061e-01
-1.313509999999999955e-01
-1.400919999999999943e-01
-1.374140000000000084e-01
-1.059189999999999993e-01
-4.541610000000000091e-02
5.007789999999999811e-03
3.091510000000000091e-02
4.792760000000000076e-02
4.924490000000000117e-02
2.570800000000000168e-02
7.713939999999999859e-03
2.871150000000000091e-02
6.342649999999999677e-02
9.346619999999999928e-02
1.098490000000000022e-01
1.081320000000000059e-01
8.356660000000000477e-02
4.365630000000000205e-02
2.195770000000000013e-02
3.151550000000000185e-02
5.345350000000000101e-02
5.394700000000000190e-02
3.597630000000000272e-02
1.324520000000000038e-02
3.806250000000000171e-03
2.939900000000000152e-02
6.879419999999999980e-02
1.055399999999999949e-01
1.268650000000000055e-01
1.343030000000000057e-01
1.360889999999999878e-01
1.360280000000000100e-01
1.115820000000000006e-01
5.413570000000000187e-02
-1.453050000000000001e-02
-6.259159999999999724e-02
-9.663770000000000693e-02
-1.361269999999999980e-01
-2.012760000000000105e-01
-2.592550000000000132e-01
-2.709810000000000274e-01
-2.150549999999999962e-01
-1.181740000000000013e-01
-5.331310000000000215e-02
-2.522179999999999908e-02
1.966170000000000070e-02
5.455020000000000008e-02
5.047970000000000235e-02
1.481030000000000020e-02
-1.494769999999999953e-02
-6.146440000000000193e-04
3.778630000000000183e-02
7.495100000000000373e-02
8.486430000000000362e-02
7.347720000000000640e-02
3.554899999999999727e-02
-8.565019999999999578e-03
-4.778999999999999915e-02
-6.616460000000000397e-02
-7.518759999999999333e-02
-8.365609999999999713e-02
-8.710260000000000224e-02
-8.847399999999999709e-02
-8.259560000000000513e-02
-6.010530000000000039e-02
-2.716160000000000102e-02
-8.721059999999999229e-03
-5.025130000000000048e-03
1.748190000000000160e-02
6.752429999999999544e-02
1.157780000000000059e-01
1.621650000000000036e-01
1.903100000000000069e-01
2.016729999999999912e-01
2.208259999999999945e-01
2.309239999999999904e-01
2.186970000000000025e-01
1.705990000000000006e-01
1.076300000000000034e-01
9.934540000000000384e-03
-1.208710000000000062e-01
-1.706570000000000031e-01
-1.821379999999999943e-01
-1.974370000000000014e-01
-1.934760000000000091e-01
-1.529939999999999911e-01
-1.017610000000000042e-01
-5.947630000000000278e-02
-3.655239999999999878e-02
-2.754070000000000129e-02
-3.034399999999999945e-02
-1.658340000000000161e-02
2.074200000000000002e-02
5.462310000000000082e-02
8.149739999999999762e-02
1.068360000000000004e-01
1.228189999999999976e-01
1.260149999999999881e-01
8.146029999999999938e-02
-3.500829999999999914e-03
-8.050949999999999773e-02
-1.011829999999999952e-01
-8.423859999999999681e-02
-7.125510000000000177e-02
-8.418130000000000057e-02
-1.092540000000000039e-01
-1.156680000000000069e-01
-1.162019999999999997e-01
-1.106850000000000056e-01
-8.733910000000000284e-02
-5.987200000000000161e-02
-4.789870000000000239e-02
-3.385040000000000271e-02
-3.613299999999999845e-03
4.240290000000000031e-02
8.482699999999999962e-02
1.148359999999999936e-01
1.362379999999999980e-01
1.501369999999999927e-01
1.617109999999999936e-01
1.633400000000000130e-01
1.452569999999999972e-01
1.226890000000000064e-01
1.081560000000000021e-01
1.079110000000000069e-01
9.877679999999999794e-02
8.078000000000000458e-02
5.990879999999999816e-02
4.136170000000000124e-02
-1.165590000000000029e-02
-8.426649999999999419e-02
-1.492779999999999940e-01
-1.937599999999999878e-01
-2.029269999999999963e-01
-1.912870000000000126e-01
-1.633529999999999982e-01
-1.299240000000000117e-01
-7.607150000000000023e-02
-1.530130000000000032e-02
3.562810000000000282e-02
5.618530000000000052e-02
6.618590000000000584e-02
8.710759999999999337e-02
1.075969999999999982e-01
1.132790000000000047e-01
1.067339999999999955e-01
8.263510000000000300e-02
3.097520000000000134e-02
-2.228600000000000025e-02
-5.173040000000000277e-02
-5.490899999999999948e-02
-5.177799999999999764e-02
-5.186469999999999969e-02
-6.011339999999999739e-02
-6.988840000000000330e-02
-7.233779999999999377e-02
-6.425720000000000043e-02
-3.882229999999999709e-02
1.362970000000000024e-03
3.968200000000000199e-02
6.505669999999999509e-02
7.645949999999999969e-02
8.006420000000000203e-02
7.376349999999999574e-02
4.150120000000000198e-02
1.028160000000000011e-02
4.963310000000000291e-03
4.432550000000000379e-03
-1.366070000000000045e-03
-6.359809999999999595e-03
-5.344029999999999614e-03
-3.573540000000000050e-03
-6.267630000000000163e-04
-1.073100000000000009e-03
-1.094140000000000043e-02
-3.094680000000000000e-02
-4.143970000000000292e-02
-3.100009999999999918e-02
-3.521269999999999956e-03
1.605430000000000051e-02
1.551020000000000003e-02
4.076139999999999798e-03
-6.451639999999999806e-03
-1.226909999999999980e-02
-1.601390000000000105e-02
-1.071010000000000018e-02
1.380020000000000031e-03
1.212850000000000039e-02
6.907390000000000231e-03
-1.214780000000000026e-02
-3.036909999999999957e-02
-4.518319999999999975e-02
-5.209079999999999960e-02
-5.786990000000000189e-02
-5.954860000000000014e-02
-5.241710000000000119e-02
-3.245970000000000105e-02
-1.026849999999999985e-02
1.034479999999999948e-02
2.134950000000000042e-02
1.594910000000000078e-02
7.355229999999999928e-03
1.881759999999999900e-03
-2.756619999999999990e-03
-6.953149999999999956e-03
-1.042240000000000007e-02
-1.071790000000000069e-02
-1.037309999999999968e-02
-1.460460000000000057e-02
-2.695579999999999851e-02
-4.221389999999999865e-02
-5.462999999999999801e-02
-6.802070000000000338e-02
-7.356659999999999588e-02
-5.708880000000000204e-02
-2.417690000000000117e-02
6.908580000000000320e-04
2.882599999999999919e-03
-5.639510000000000356e-03
-1.291999999999999919e-02
-1.482419999999999918e-02
-5.430710000000000051e-03
1.423169999999999991e-02
3.477199999999999736e-02
4.813719999999999805e-02
5.763379999999999892e-02
6.945759999999999434e-02
8.243040000000000089e-02
8.416800000000000670e-02
7.400560000000000471e-02
6.000819999999999765e-02
5.100299999999999973e-02
4.833660000000000040e-02
4.815749999999999892e-02
5.144889999999999880e-02
4.953500000000000264e-02
2.888150000000000092e-02
-2.521719999999999864e-03
-2.285080000000000097e-02
-2.628720000000000015e-02
-1.607149999999999898e-02
6.544549999999999673e-03
2.586940000000000073e-02
3.120329999999999979e-02
2.230180000000000010e-02
-1.014750000000000027e-02
-5.290639999999999926e-02
-7.351939999999999864e-02
-6.077099999999999863e-02
-3.333749999999999908e-02
-9.768060000000000284e-03
1.369269999999999906e-03
3.478909999999999988e-03
5.561299999999999490e-04
3.300140000000000018e-04
7.447470000000000305e-03
2.001709999999999948e-02
3.174649999999999694e-02
3.771100000000000146e-02
2.974939999999999876e-02
2.318090000000000081e-03
-2.541300000000000156e-02
-4.405320000000000069e-02
-5.742560000000000026e-02
-6.130630000000000107e-02
-5.824379999999999835e-02
-5.463629999999999876e-02
-5.854979999999999907e-02
-6.822789999999999411e-02
-8.125110000000000665e-02
-9.381090000000000262e-02
-1.071000000000000008e-01
-1.194029999999999953e-01
-1.212450000000000055e-01
-1.083699999999999941e-01
-8.004000000000000004e-02
-4.638470000000000093e-02
-1.590710000000000041e-02
1.649609999999999965e-02
4.702490000000000142e-02
7.633900000000000408e-02
9.375819999999999987e-02
1.019850000000000062e-01
1.084640000000000049e-01
1.145400000000000029e-01
1.160220000000000001e-01
1.087400000000000033e-01
8.578579999999999539e-02
5.746890000000000331e-02
3.803279999999999855e-02
2.567869999999999875e-02
9.779919999999999239e-03
-1.036089999999999928e-02
-2.166799999999999976e-02
-1.617489999999999900e-02
-5.557229999999999809e-03
2.775989999999999881e-03
7.461050000000000321e-03
1.737319999999999837e-02
3.071779999999999997e-02
4.155960000000000210e-02
4.263469999999999760e-02
3.487869999999999859e-02
2.504019999999999857e-02
2.116459999999999869e-02
1.836449999999999888e-02
1.068279999999999924e-02
5.470140000000000072e-03
6.037169999999999689e-03
4.196880000000000055e-03
-4.225040000000000219e-03
-1.718149999999999886e-02
-3.517139999999999850e-02
-5.531880000000000130e-02
-7.481770000000000087e-02
-9.043479999999999575e-02
-9.789580000000000504e-02
-9.764950000000000019e-02
-8.420619999999999494e-02
-5.814640000000000086e-02
-3.757250000000000173e-02
-3.394910000000000289e-02
-3.632699999999999818e-02
-3.748920000000000030e-02
-3.528869999999999924e-02
-3.345870000000000094e-02
-2.804169999999999927e-02
-1.247140000000000054e-02
1.201370000000000042e-02
3.282419999999999782e-02
4.572079999999999894e-02
5.090189999999999992e-02
5.152149999999999785e-02
4.770479999999999859e-02
4.046410000000000284e-02
3.451579999999999926e-02
3.575749999999999762e-02
4.558220000000000327e-02
5.972589999999999844e-02
6.789299999999999502e-02
7.020010000000000139e-02
6.942249999999999810e-02
6.580129999999999313e-02
5.449190000000000283e-02
3.613879999999999870e-02
1.996310000000000098e-02
8.039809999999999665e-03
-2.822970000000000167e-03
-1.676980000000000137e-02
-3.187729999999999730e-02
-5.143539999999999918e-02
-7.164550000000000085e-02
-8.814969999999999750e-02
-9.550799999999999568e-02
-9.492140000000000299e-02
-9.033309999999999951e-02
-7.883990000000000442e-02
-5.325499999999999678e-02
-2.174190000000000150e-02
3.205910000000000183e-03
1.256789999999999990e-02
1.212650000000000013e-02
1.646299999999999847e-02
2.463680000000000037e-02
3.327259999999999940e-02
3.994450000000000084e-02
5.046880000000000116e-02
5.924309999999999993e-02
5.916010000000000019e-02
5.208909999999999929e-02
4.858200000000000018e-02
4.454969999999999763e-02
3.016409999999999925e-02
1.357599999999999953e-02
9.929419999999999566e-03
1.536620000000000000e-02
2.357160000000000158e-02
2.946870000000000045e-02
3.443569999999999964e-02
3.660759999999999709e-02
3.410610000000000031e-02
3.039800000000000141e-02
3.578760000000000274e-02
5.339660000000000240e-02
7.099550000000000305e-02
7.890170000000000516e-02
8.224399999999999766e-02
8.304720000000000157e-02
7.957820000000000171e-02
5.876259999999999817e-02
2.469750000000000070e-02
-6.513299999999999645e-03
-1.644800000000000081e-02
-1.940669999999999895e-02
-3.163839999999999708e-02
-5.233000000000000151e-02
-7.140169999999999850e-02
-8.550639999999999630e-02
-9.739570000000000172e-02
-1.038150000000000045e-01
-1.005049999999999971e-01
-8.867970000000000019e-02
-7.385200000000000098e-02
-6.236959999999999726e-02
-5.468529999999999919e-02
-4.951570000000000277e-02
-4.399469999999999770e-02
-3.810680000000000317e-02
-3.477569999999999967e-02
-3.303459999999999730e-02
-2.968840000000000021e-02
-2.570849999999999871e-02
-2.200759999999999869e-02
-2.330170000000000158e-02
-2.226169999999999885e-02
-1.590120000000000075e-02
-3.951109999999999865e-03
8.520480000000000415e-03
2.224630000000000010e-02
3.577219999999999706e-02
4.930530000000000329e-02
6.150540000000000174e-02
7.036169999999999924e-02
6.951580000000000259e-02
6.505089999999999484e-02
5.802700000000000219e-02
5.411939999999999806e-02
5.500900000000000234e-02
5.828359999999999791e-02
5.995400000000000035e-02
5.653520000000000073e-02
5.186029999999999807e-02
4.734180000000000332e-02
4.460950000000000332e-02
4.490639999999999910e-02
4.210189999999999766e-02
3.486600000000000116e-02
2.202240000000000100e-02
5.432420000000000304e-03
-1.029339999999999943e-02
-2.457979999999999887e-02
-3.506150000000000239e-02
-4.160370000000000040e-02
-4.522600000000000231e-02
-4.576849999999999669e-02
-4.328730000000000078e-02
-3.729509999999999770e-02
-2.891670000000000004e-02
-2.383390000000000161e-02
-2.418700000000000017e-02
-2.515660000000000118e-02
-2.512750000000000053e-02
-2.441640000000000130e-02
-2.315800000000000150e-02
-1.980399999999999869e-02
-1.847719999999999918e-02
-1.902440000000000034e-02
-2.229520000000000113e-02
-2.651440000000000047e-02
-2.987209999999999865e-02
-3.246969999999999718e-02
-3.054329999999999892e-02
-2.578729999999999911e-02
-2.004459999999999922e-02
-1.748600000000000154e-02
-1.526560000000000070e-02
-1.034909999999999997e-02
-5.109129999999999922e-03
-2.736059999999999794e-03
-7.551000000000000041e-05
4.897760000000000134e-03
1.343049999999999973e-02
2.100940000000000099e-02
2.944099999999999842e-02
3.845660000000000051e-02
4.360699999999999993e-02
4.520539999999999975e-02
4.085840000000000305e-02
2.989740000000000106e-02
1.870809999999999834e-02
8.091440000000000091e-03
-8.770979999999999402e-03
-2.709869999999999987e-02
-3.954839999999999745e-02
-4.140710000000000224e-02
-3.616899999999999976e-02
-2.840430000000000038e-02
-1.611189999999999845e-02
4.146079999999999904e-03
2.280420000000000016e-02
3.357140000000000124e-02
3.832809999999999689e-02
3.835050000000000264e-02
3.526069999999999899e-02
3.238049999999999956e-02
2.668850000000000042e-02
1.330459999999999976e-02
-2.873409999999999853e-03
-1.812820000000000056e-02
-3.110920000000000005e-02
-3.492540000000000228e-02
-3.155279999999999890e-02
-2.726050000000000001e-02
-2.545880000000000018e-02
-2.495220000000000077e-02
-2.640469999999999970e-02
-2.930659999999999862e-02
-3.023740000000000108e-02
-2.566430000000000100e-02
-1.650089999999999890e-02
-1.155499999999999930e-02
-1.276850000000000034e-02
-1.804719999999999935e-02
-2.438339999999999952e-02
-2.849389999999999909e-02
-3.015160000000000062e-02
-3.027080000000000048e-02
-2.759369999999999878e-02
-2.452489999999999878e-02
-1.837700000000000097e-02
-6.721219999999999972e-03
3.607959999999999900e-03
1.426179999999999982e-02
2.093470000000000053e-02
2.140210000000000029e-02
2.185780000000000015e-02
2.437730000000000105e-02
2.696840000000000001e-02
2.567329999999999959e-02
2.019750000000000018e-02
1.563339999999999869e-02
1.511380000000000015e-02
1.619119999999999934e-02
1.813789999999999847e-02
1.884239999999999873e-02
1.820039999999999852e-02
1.755200000000000163e-02
1.794770000000000046e-02
2.076640000000000083e-02
2.446430000000000132e-02
3.155659999999999715e-02
3.597639999999999866e-02
3.422399999999999748e-02
2.802659999999999874e-02
2.089569999999999969e-02
1.642009999999999997e-02
1.137220000000000071e-02
4.732440000000000084e-03
-3.635339999999999926e-04
-5.250859999999999732e-06
-5.564860000000000249e-04
-8.028930000000000095e-03
-1.826840000000000061e-02
-2.763890000000000097e-02
-2.858650000000000080e-02
-2.338300000000000101e-02
-1.593709999999999918e-02
-1.316900000000000015e-02
-1.363669999999999986e-02
-1.613780000000000076e-02
-1.920770000000000116e-02
-1.857579999999999995e-02
-1.491679999999999916e-02
-1.194890000000000015e-02
-8.077859999999999208e-03
-3.928540000000000330e-03
3.633560000000000088e-03
1.271800000000000014e-02
1.937590000000000146e-02
2.368910000000000113e-02
2.546350000000000002e-02
2.892399999999999832e-02
3.413009999999999655e-02
3.391929999999999945e-02
2.269880000000000161e-02
6.712079999999999609e-03
-1.496539999999999980e-03
-3.261829999999999851e-03
-6.624620000000000335e-03
-7.308089999999999725e-03
-5.265859999999999812e-03
-9.260000000000000110e-05
3.113789999999999961e-03
7.309709999999999645e-03
1.303340000000000054e-02
1.946020000000000041e-02
2.429430000000000131e-02
2.503390000000000129e-02
1.777700000000000113e-02
1.497129999999999945e-03
-1.197200000000000000e-02
-1.903269999999999962e-02
-2.016070000000000015e-02
-1.912509999999999905e-02
-1.939410000000000092e-02
-1.920279999999999904e-02
-2.397410000000000166e-02
-2.892669999999999964e-02
-3.615150000000000308e-02
-4.217889999999999834e-02
-4.719020000000000159e-02
-5.165329999999999921e-02
-4.967739999999999656e-02
-4.595749999999999835e-02
-3.109490000000000171e-02
-1.118079999999999942e-02
8.151300000000000212e-03
2.128460000000000074e-02
2.865509999999999932e-02
3.114959999999999951e-02
3.082400000000000070e-02
2.642270000000000035e-02
1.842150000000000037e-02
1.116769999999999916e-02
4.380789999999999858e-03
-3.291090000000000096e-04
-3.531219999999999845e-03
-3.411340000000000119e-03
-1.776089999999999917e-03
1.282259999999999910e-03
4.195789999999999589e-03
6.812600000000000253e-03
6.558600000000000367e-03
3.830689999999999876e-03
3.813159999999999900e-03
8.456190000000000581e-03
1.232109999999999976e-02
1.010759999999999957e-02
6.690350000000000073e-04
-1.380200000000000003e-02
-2.564860000000000056e-02
-2.622549999999999881e-02
-2.205400000000000069e-02
-1.412129999999999982e-02
-5.495250000000000135e-03
1.806630000000000041e-03
8.613410000000000163e-03
1.137419999999999924e-02
1.220889999999999996e-02
9.356649999999999343e-03
5.076869999999999820e-03
2.865299999999999878e-03
6.485040000000000075e-03
1.218370000000000043e-02
1.866579999999999975e-02
2.252710000000000129e-02
1.800360000000000155e-02
3.338639999999999924e-03
-1.250270000000000027e-02
-1.933249999999999899e-02
-1.600149999999999836e-02
-8.904199999999999268e-03
-2.178879999999999793e-03
-6.121489999999999831e-04
1.745320000000000074e-03
3.054499999999999924e-03
4.046570000000000202e-03
7.966259999999999314e-03
1.723140000000000088e-02
2.833400000000000155e-02
3.056609999999999883e-02
2.578530000000000058e-02
1.212360000000000000e-02
-3.384809999999999815e-03
-1.535500000000000059e-02
-2.248409999999999992e-02
-2.668989999999999904e-02
-2.750160000000000105e-02
-2.568880000000000122e-02
-2.269260000000000027e-02
-1.924230000000000038e-02
-1.883779999999999830e-02
-1.736899999999999902e-02
-1.274169999999999990e-02
-3.810790000000000097e-03
3.260639999999999979e-03
1.041850000000000068e-02
1.549629999999999931e-02
1.890009999999999954e-02
1.529190000000000063e-02
7.453969999999999867e-03
-1.687530000000000020e-03
-9.438359999999999805e-03
-1.170820000000000020e-02
-7.537620000000000084e-03
-1.714000000000000029e-03
5.738599999999999951e-03
1.126749999999999974e-02
1.405649999999999955e-02
1.542849999999999951e-02
1.752480000000000010e-02
1.689480000000000148e-02
1.422829999999999928e-02
1.279830000000000030e-02
1.116149999999999955e-02
6.590279999999999576e-03
3.171810000000000167e-03
2.102559999999999846e-03
4.316849999999999681e-03
6.732759999999999960e-03
6.583229999999999811e-03
3.870989999999999934e-03
-1.563749999999999927e-04
-2.332429999999999920e-03
8.454579999999999951e-04
6.460129999999999692e-03
1.511249999999999920e-02
2.370469999999999869e-02
3.463600000000000012e-02
4.113870000000000027e-02
4.582869999999999999e-02
4.720359999999999834e-02
4.496259999999999840e-02
2.963980000000000087e-02
1.001559999999999950e-02
-8.371730000000000838e-03
-2.409429999999999905e-02
-3.190840000000000343e-02
-3.404959999999999931e-02
-3.633900000000000324e-02
-3.624499999999999944e-02
-3.587719999999999798e-02
-3.572779999999999706e-02
-3.256150000000000017e-02
-2.696909999999999932e-02
-2.158260000000000040e-02
-1.509489999999999964e-02
-1.027770000000000072e-02
-7.409950000000000217e-03
-4.772959999999999703e-03
-3.300439999999999971e-03
-2.794830000000000209e-04
7.269119999999999575e-03
1.504849999999999938e-02
1.994040000000000049e-02
2.091010000000000091e-02
1.730869999999999978e-02
1.500899999999999977e-02
1.406989999999999977e-02
1.497350000000000070e-02
1.541819999999999996e-02
1.250650000000000026e-02
4.568990000000000204e-03
-7.392649999999999742e-03
-1.330420000000000040e-02
-1.085209999999999994e-02
-1.506249999999999993e-03
1.155400000000000003e-02
2.179429999999999909e-02
2.325769999999999921e-02
1.869310000000000069e-02
8.560929999999999582e-03
-1.367120000000000097e-03
-5.987390000000000420e-03
-2.633700000000000103e-03
4.059219999999999669e-03
1.046899999999999914e-02
1.563350000000000156e-02
1.689299999999999830e-02
1.482379999999999982e-02
1.211579999999999949e-02
9.779499999999999998e-03
1.046910000000000028e-02
7.999229999999999535e-03
1.188480000000000005e-03
-1.015300000000000057e-02
-1.618680000000000119e-02
-2.221530000000000032e-02
-2.714980000000000171e-02
-3.207259999999999972e-02
-3.867160000000000042e-02
-4.404539999999999844e-02
-4.591030000000000111e-02
-4.206970000000000154e-02
-3.661310000000000259e-02
-3.228620000000000101e-02
-2.945760000000000045e-02
-2.604949999999999974e-02
-2.251869999999999913e-02
-1.832579999999999973e-02
-1.280440000000000050e-02
-7.994370000000000642e-03
-1.317459999999999899e-03
5.481520000000000142e-03
8.394930000000000100e-03
7.172470000000000234e-03
3.805540000000000051e-03
3.913980000000000063e-03
8.918399999999999939e-03
1.775039999999999951e-02
2.666599999999999873e-02
3.428980000000000222e-02
3.896550000000000014e-02
3.933129999999999959e-02
3.496090000000000308e-02
2.944050000000000139e-02
2.381010000000000071e-02
1.947449999999999876e-02
1.568610000000000143e-02
1.027589999999999927e-02
4.567769999999999643e-03
-5.843280000000000067e-05
-3.269419999999999878e-03
-5.810700000000000240e-03
-9.643890000000000448e-03
-1.307469999999999986e-02
-1.581120000000000095e-02
-1.828509999999999858e-02
-2.049060000000000117e-02
-2.019229999999999983e-02
-1.834699999999999873e-02
-1.477580000000000039e-02
-1.260889999999999928e-02
-1.318169999999999932e-02
-1.814110000000000028e-02
-2.131960000000000105e-02
-2.261080000000000034e-02
-2.085930000000000076e-02
-1.471060000000000076e-02
-4.672510000000000378e-03
5.061669999999999885e-03
1.000820000000000008e-02
1.096590000000000065e-02
1.038820000000000021e-02
1.026099999999999929e-02
9.052279999999999355e-03
1.152700000000000079e-02
1.754669999999999841e-02
2.553100000000000161e-02
2.978770000000000029e-02
2.784829999999999944e-02
1.816740000000000022e-02
5.952540000000000088e-03
-5.847260000000000391e-04
-3.766049999999999953e-03
-3.958869999999999750e-03
-1.188950000000000033e-03
-5.030059999999999610e-04
-2.581959999999999898e-03
-6.430899999999999811e-03
-8.577229999999999924e-03
-4.281079999999999608e-03
2.877370000000000188e-03
5.983060000000000114e-03
4.598719999999999718e-03
1.202949999999999939e-03
-2.366340000000000197e-03
-4.582939999999999757e-03
-6.991999999999999951e-03
-7.707130000000000404e-03
-5.620280000000000067e-03
-1.074199999999999981e-03
1.240149999999999976e-03
1.225050000000000097e-03
-1.354560000000000096e-03
-4.807920000000000249e-03
-5.971370000000000150e-03
-3.990679999999999922e-03
-3.309600000000000215e-03
-2.325960000000000180e-03
-1.584799999999999924e-03
-1.322470000000000069e-03
1.516519999999999934e-03
4.612409999999999947e-03
7.554260000000000141e-03
7.260769999999999724e-03
6.645680000000000164e-03
4.414399999999999748e-03
4.502510000000000366e-03
6.204969999999999757e-03
5.627599999999999963e-03
5.422439999999999725e-03
8.560260000000000091e-03
1.329080000000000018e-02
1.576249999999999873e-02
1.519629999999999939e-02
1.313899999999999964e-02
1.111149999999999985e-02
7.832240000000000729e-03
3.973550000000000172e-03
3.705660000000000160e-04
-5.604020000000000355e-03
-1.191930000000000073e-02
-1.566839999999999899e-02
-1.624969999999999887e-02
-1.445049999999999980e-02
-9.666700000000000292e-03
-5.711270000000000062e-03
-4.751710000000000135e-03
-4.789230000000000223e-03
-2.640169999999999843e-03
1.601119999999999876e-04
1.050109999999999932e-03
7.580030000000000405e-04
1.741369999999999897e-03
3.035149999999999914e-03
3.198589999999999853e-03
4.188609999999999729e-04
-3.796040000000000091e-03
-4.922059999999999803e-03
-4.792099999999999659e-03
-2.264690000000000192e-03
-1.546950000000000061e-03
-4.647049999999999792e-03
-1.219970000000000082e-02
-2.008019999999999944e-02
-2.749220000000000136e-02
-3.223290000000000183e-02
-3.432330000000000103e-02
-3.016649999999999887e-02
-2.216239999999999877e-02
-1.119490000000000068e-02
-3.325320000000000099e-03
2.105029999999999922e-03
2.705609999999999786e-03
2.066220000000000123e-03
1.428580000000000041e-03
-8.916129999999999759e-04
-1.377820000000000086e-03
2.359340000000000081e-04
-4.406500000000000044e-04
-2.771190000000000198e-03
-5.922730000000000182e-03
-1.137499999999999969e-02
-1.468030000000000029e-02
-1.593930000000000000e-02
-1.276990000000000069e-02
-4.857710000000000326e-03
6.322630000000000090e-03
1.331429999999999940e-02
1.833299999999999860e-02
2.068559999999999843e-02
2.189579999999999999e-02
2.157390000000000002e-02
1.941479999999999942e-02
1.561719999999999949e-02
1.148440000000000051e-02
1.042730000000000046e-02
1.080039999999999993e-02
1.271599999999999987e-02
1.217470000000000011e-02
8.204619999999999275e-03
3.637479999999999793e-03
-1.485619999999999996e-03
-5.202589999999999992e-03
-6.772880000000000220e-03
-1.032570000000000016e-02
-1.310940000000000022e-02
-1.233590000000000034e-02
-9.590599999999999473e-03
-5.416230000000000176e-03
-1.692810000000000105e-03
-4.646170000000000139e-04
4.941610000000000143e-04
3.710540000000000019e-03
8.677449999999999747e-03
1.022649999999999948e-02
1.023270000000000082e-02
1.046260000000000072e-02
1.199500000000000045e-02
1.510659999999999954e-02
1.792399999999999896e-02
1.713869999999999977e-02
1.293500000000000032e-02
6.835009999999999870e-03
2.244200000000000014e-03
1.567940000000000035e-04
1.976299999999999899e-04
2.882689999999999819e-03
3.903569999999999870e-03
3.537910000000000013e-03
1.867960000000000106e-03
-1.266390000000000050e-03
-4.732850000000000251e-03
-1.339930000000000027e-03
6.959500000000000408e-03
1.467830000000000003e-02
1.136039999999999967e-02
2.129849999999999972e-03
-1.287229999999999971e-02
-2.310169999999999932e-02
-2.624369999999999828e-02
-2.582119999999999901e-02
-2.646619999999999875e-02
-2.489179999999999865e-02
-2.286349999999999841e-02
-1.968270000000000089e-02
-1.791490000000000096e-02
-1.406909999999999931e-02
-7.581809999999999591e-03
1.049720000000000080e-03
9.712800000000000600e-03
1.471869999999999949e-02
1.697670000000000082e-02
1.852880000000000152e-02
1.947279999999999844e-02
2.000079999999999913e-02
2.087500000000000119e-02
2.310109999999999941e-02
2.463620000000000046e-02
2.713959999999999984e-02
2.976760000000000170e-02
3.030450000000000157e-02
2.827110000000000040e-02
2.630940000000000015e-02
2.444669999999999829e-02
2.353519999999999918e-02
2.118830000000000019e-02
1.629699999999999899e-02
1.174090000000000029e-02
6.588749999999999989e-03
6.364120000000000454e-04
-4.476759999999999767e-03
-8.061119999999999744e-03
-8.467280000000000639e-03
-7.894029999999999797e-03
-8.032710000000000197e-03
-1.061190000000000050e-02
-1.582969999999999863e-02
-2.201699999999999838e-02
-2.809570000000000123e-02
-3.252639999999999698e-02
-3.457530000000000325e-02
-3.359279999999999905e-02
-2.950190000000000104e-02
-2.660699999999999871e-02
-2.309220000000000023e-02
-2.197899999999999854e-02
-2.050859999999999836e-02
-1.607580000000000120e-02
-1.153189999999999944e-02
-4.763629999999999601e-03
2.785629999999999877e-03
9.919310000000000627e-03
1.512359999999999920e-02
1.868759999999999866e-02
2.001599999999999907e-02
1.708729999999999971e-02
9.551580000000000487e-03
-2.422510000000000115e-03
-1.105480000000000004e-02
-1.604699999999999876e-02
-1.868329999999999991e-02
-1.959160000000000068e-02
-1.920360000000000122e-02
-1.430690000000000087e-02
-6.535159999999999927e-03
8.269080000000000050e-04
6.156589999999999979e-03
8.265039999999999540e-03
8.758230000000000529e-03
9.544560000000000544e-03
1.272509999999999961e-02
1.600000000000000033e-02
1.754819999999999991e-02
1.723150000000000029e-02
1.661069999999999908e-02
1.353399999999999916e-02
1.080260000000000074e-02
9.525950000000000042e-03
8.736789999999999487e-03
8.924430000000000557e-03
5.360570000000000265e-03
1.011659999999999946e-03
-3.682889999999999862e-03
-5.747350000000000028e-03
-5.522090000000000332e-03
-5.080440000000000303e-03
-4.413109999999999603e-03
-2.141919999999999848e-03
3.935680000000000103e-04
1.594209999999999985e-03
2.143159999999999857e-03
-2.742970000000000065e-04
-3.801629999999999853e-03
-4.615939999999999800e-03
-1.509700000000000104e-03
3.464200000000000178e-03
7.239439999999999764e-03
5.871269999999999614e-03
3.795600000000000102e-03
1.136480000000000042e-03
-1.734910000000000098e-03
-4.326240000000000294e-03
-5.489260000000000146e-03
-6.989239999999999862e-03
-9.262160000000000185e-03
-1.079210000000000065e-02
-1.438249999999999945e-02
-1.792339999999999905e-02
-1.995260000000000089e-02
-2.037889999999999840e-02
-1.852300000000000127e-02
-1.562650000000000150e-02
-1.077499999999999986e-02
-2.049319999999999874e-03
6.214940000000000395e-03
1.234629999999999929e-02
1.839819999999999997e-02
2.063289999999999916e-02
2.089910000000000032e-02
2.048869999999999858e-02
2.029409999999999895e-02
1.767130000000000090e-02
1.408629999999999952e-02
8.591959999999999181e-03
2.689889999999999903e-03
2.454189999999999757e-04
8.784249999999999524e-04
2.985230000000000175e-03
3.914609999999999791e-03
9.270399999999999604e-04
-2.354010000000000130e-03
-6.603200000000000042e-03
-1.148219999999999970e-02
-1.562460000000000064e-02
-1.811729999999999938e-02
-1.773850000000000079e-02
-1.630150000000000002e-02
-1.739970000000000058e-02
-1.831949999999999898e-02
-1.480249999999999969e-02
-9.787739999999999635e-03
-5.727989999999999644e-03
-4.332349999999999569e-03
-4.856000000000000073e-03
-6.681710000000000427e-03
-6.755660000000000137e-03
-5.043780000000000312e-03
-1.424099999999999975e-03
2.598660000000000032e-03
5.291760000000000387e-03
7.536130000000000259e-03
5.131769999999999908e-03
2.786850000000000004e-03
2.184929999999999858e-03
4.304500000000000166e-03
7.450159999999999942e-03
1.075150000000000064e-02
1.180080000000000018e-02
9.747240000000000765e-03
6.824189999999999943e-03
8.185460000000000305e-03
1.217329999999999975e-02
1.448480000000000080e-02
1.304250000000000027e-02
1.089520000000000072e-02
1.028609999999999941e-02
9.962930000000000050e-03
9.112769999999999204e-03
8.479789999999999203e-03
5.147869999999999703e-03
1.274530000000000064e-03
-3.743359999999999830e-03
-1.041019999999999966e-02
-1.542469999999999952e-02
-1.560399999999999981e-02
-1.557960000000000074e-02
-1.324209999999999970e-02
-9.686739999999999240e-03
-6.382559999999999796e-03
-3.867820000000000112e-03
-2.254899999999999786e-03
-1.829509999999999904e-03
-2.777379999999999866e-03
-3.399469999999999922e-03
-4.675819999999999803e-03
-8.162650000000000461e-03
-1.148410000000000056e-02
-1.306320000000000051e-02
-1.325740000000000078e-02
-1.209039999999999941e-02
-1.194650000000000052e-02
-1.292420000000000027e-02
-1.307630000000000077e-02
-1.299630000000000056e-02
-1.094819999999999995e-02
-9.789720000000000019e-03
-8.017750000000000571e-03
-3.482349999999999942e-03
4.477530000000000399e-03
1.254830000000000008e-02
1.755759999999999960e-02
2.039389999999999953e-02
2.152099999999999846e-02
2.382779999999999967e-02
2.650049999999999975e-02
2.906020000000000131e-02
2.798219999999999874e-02
2.003320000000000101e-02
1.234460000000000071e-02
3.941179999999999857e-03
-3.899489999999999814e-03
-7.819980000000000681e-03
-8.782869999999999913e-03
-1.176430000000000010e-02
-1.439679999999999953e-02
-1.405559999999999969e-02
-1.381549999999999966e-02
-1.158080000000000047e-02
-7.296719999999999595e-03
-2.966170000000000178e-03
-2.948089999999999890e-04
-1.722140000000000042e-03
-4.451619999999999883e-03
-6.503270000000000231e-03
-9.393459999999999310e-03
-1.457869999999999999e-02
-1.615070000000000047e-02
-1.759720000000000034e-02
-1.634649999999999992e-02
-1.293530000000000027e-02
-6.979309999999999854e-03
1.198980000000000098e-03
7.324250000000000031e-03
1.247060000000000009e-02
1.369109999999999945e-02
1.363559999999999946e-02
1.359800000000000071e-02
1.293260000000000069e-02
1.161189999999999965e-02
1.119009999999999970e-02
9.431049999999999850e-03
7.041940000000000005e-03
4.971220000000000153e-03
1.709049999999999936e-03
-2.268290000000000063e-03
-5.347470000000000001e-03
-3.795510000000000203e-03
5.279679999999999703e-04
6.002569999999999607e-03
1.185950000000000025e-02
1.418709999999999936e-02
1.484030000000000071e-02
1.015100000000000030e-02
3.719960000000000020e-03
-1.845440000000000058e-03
-6.579630000000000374e-03
-1.074789999999999947e-02
-1.057619999999999914e-02
-7.642229999999999857e-03
-5.147790000000000178e-03
-8.892649999999999774e-04
4.791639999999999788e-03
8.959480000000000569e-03
1.066429999999999982e-02
7.693219999999999746e-03
3.408249999999999821e-03
-2.722269999999999942e-04
-2.904509999999999904e-03
-3.248770000000000217e-03
-9.374620000000000175e-04
2.674660000000000145e-03
5.300370000000000428e-03
4.602720000000000249e-03
2.170769999999999818e-03
-2.596930000000000223e-04
-5.373640000000000274e-04
9.599040000000000307e-04
2.603349999999999935e-03
7.451179999999999956e-03
1.060370000000000063e-02
1.320269999999999951e-02
1.445270000000000062e-02
1.390669999999999927e-02
1.396979999999999923e-02
1.184069999999999914e-02
1.000889999999999939e-02
1.048349999999999976e-02
9.216119999999999521e-03
7.826849999999999780e-03
2.745630000000000206e-03
-4.296580000000000364e-03
-1.404829999999999968e-02
-2.180599999999999900e-02
-2.524979999999999933e-02
-2.566890000000000144e-02
-2.306450000000000167e-02
-1.949170000000000069e-02
-1.746160000000000073e-02
-1.743340000000000167e-02
-1.285060000000000022e-02
-7.023119999999999884e-03
-3.462849999999999956e-03
-1.506100000000000017e-03
1.759420000000000038e-03
3.308419999999999851e-03
4.943409999999999645e-03
9.035790000000000141e-03
1.162529999999999987e-02
1.249789999999999929e-02
1.388610000000000018e-02
1.505970000000000052e-02
1.534439999999999936e-02
1.472359999999999988e-02
1.275530000000000067e-02
1.079220000000000006e-02
9.007680000000000547e-03
8.111770000000000785e-03
6.380870000000000292e-03
2.578060000000000074e-03
-3.330740000000000003e-03
-9.348189999999999278e-03
-1.665089999999999973e-02
-1.938399999999999845e-02
-1.646620000000000028e-02
-1.055410000000000029e-02
-5.795719999999999865e-03
1.064959999999999995e-03
8.448489999999999472e-03
1.334480000000000041e-02
1.647830000000000128e-02
1.823309999999999861e-02
2.085139999999999910e-02
2.152410000000000087e-02
2.033590000000000050e-02
1.030810000000000060e-02
-1.136820000000000002e-04
-8.435150000000000634e-03
-1.233800000000000001e-02
-1.403979999999999985e-02
-1.930290000000000131e-02
-2.367769999999999944e-02
-2.703399999999999900e-02
-2.810759999999999995e-02
-2.807319999999999954e-02
-2.437819999999999918e-02
-1.852760000000000171e-02
-1.386599999999999985e-02
-1.050019999999999946e-02
-7.095330000000000387e-03
-5.212900000000000346e-03
-5.003269999999999766e-03
-4.128159999999999642e-03
-1.580390000000000093e-03
1.524959999999999901e-03
5.360799999999999767e-03
6.152320000000000184e-03
5.294130000000000190e-03
2.908369999999999966e-03
-2.630630000000000121e-04
-3.454060000000000116e-03
-6.115950000000000206e-03
-8.362279999999999713e-03
-8.965040000000000509e-03
-5.401930000000000100e-03
-3.545079999999999933e-03
-1.132149999999999953e-03
5.279069999999999856e-04
2.009920000000000109e-03
3.389710000000000206e-03
3.999629999999999679e-03
4.916030000000000053e-03
6.644289999999999745e-03
8.299789999999999598e-03
7.725700000000000275e-03
5.408780000000000185e-03
4.664180000000000409e-03
5.285680000000000066e-03
2.199229999999999935e-03
-1.246340000000000132e-04
6.903690000000000304e-05
4.619760000000000099e-04
6.811989999999999539e-04
1.352050000000000040e-03
8.211339999999999481e-04
-2.071209999999999978e-04
-8.333600000000000035e-04
4.476019999999999879e-05
5.081940000000000068e-04
1.825440000000000060e-04
2.245240000000000072e-04
5.378009999999999692e-04
3.283040000000000090e-03
5.594130000000000109e-03
5.074790000000000030e-03
1.317760000000000068e-03
-3.511119999999999953e-03
-7.116449999999999859e-03
-9.480709999999999832e-03
-1.053370000000000001e-02
-1.071899999999999936e-02
-8.592789999999999456e-03
-6.859470000000000324e-03
-3.628569999999999799e-03
-8.229170000000000495e-04
2.248449999999999928e-03
3.889660000000000079e-03
6.153460000000000353e-03
6.867329999999999615e-03
5.810990000000000252e-03
2.107659999999999915e-03
-2.956820000000000195e-03
-5.212780000000000191e-03
-5.434119999999999749e-03
-3.572619999999999876e-03
-3.094950000000000175e-04
4.468549999999999953e-03
9.869440000000000157e-03
1.307449999999999932e-02
1.625909999999999855e-02
1.802110000000000170e-02
1.956290000000000112e-02
2.058990000000000126e-02
1.844629999999999881e-02
1.540739999999999991e-02
1.157039999999999978e-02
8.727910000000000182e-03
5.824209999999999804e-03
2.239929999999999786e-03
-1.495060000000000095e-03
-3.765210000000000171e-03
-4.956190000000000075e-03
-3.272290000000000181e-03
1.451370000000000004e-03
6.876570000000000252e-03
1.115799999999999952e-02
1.173519999999999945e-02
9.251040000000000305e-03
7.319510000000000426e-03
3.696549999999999836e-03
9.486019999999999956e-04
1.211019999999999935e-03
2.992750000000000184e-03
5.085690000000000349e-03
7.487689999999999971e-03
8.528499999999999623e-03
6.708819999999999888e-03
3.981199999999999843e-03
3.149800000000000234e-04
-3.472550000000000029e-03
-6.307450000000000036e-03
-6.445850000000000364e-03
-3.671080000000000176e-03
-1.524589999999999930e-03
1.337169999999999939e-03
3.423429999999999876e-03
5.794569999999999756e-03
7.893390000000000128e-03
7.838370000000000754e-03
7.796159999999999896e-03
4.634550000000000301e-03
2.049440000000000029e-03
-1.923500000000000080e-03
-6.236550000000000427e-03
-8.719110000000000402e-03
-1.014239999999999933e-02
-8.619889999999999844e-03
-6.940449999999999918e-03
-7.048950000000000007e-03
-7.871889999999999443e-03
-9.510599999999999263e-03
-1.086860000000000083e-02
-1.314670000000000075e-02
-1.463270000000000022e-02
-1.193729999999999965e-02
-8.494299999999999767e-03
-6.366690000000000370e-03
-1.354420000000000060e-03
1.096439999999999958e-03
-2.890920000000000165e-04
-3.263410000000000009e-03
-3.557509999999999839e-03
-1.273100000000000100e-03
2.819920000000000065e-03
5.758390000000000383e-03
3.757540000000000185e-03
1.157899999999999902e-03
-8.156080000000000014e-04
-2.626649999999999905e-03
-3.507109999999999915e-03
-1.306869999999999907e-03
9.451250000000000016e-04
3.090739999999999807e-03
4.196059999999999721e-03
5.262969999999999628e-03
6.239220000000000182e-03
5.758469999999999908e-03
4.234039999999999679e-03
2.423929999999999921e-03
1.295740000000000086e-03
-3.817889999999999999e-04
-2.707960000000000141e-03
-1.556850000000000031e-03
1.716190000000000033e-03
5.174029999999999602e-03
1.179179999999999985e-02
1.632290000000000130e-02
1.906539999999999971e-02
1.932640000000000052e-02
1.957010000000000000e-02
1.817790000000000031e-02
1.577610000000000123e-02
1.352309999999999970e-02
1.192370000000000062e-02
7.688640000000000058e-03
3.034779999999999943e-03
-4.850359999999999741e-03
-1.333669999999999994e-02
-1.963350000000000165e-02
-2.355039999999999911e-02
-2.522800000000000042e-02
-2.157380000000000062e-02
-1.584719999999999879e-02
-1.086849999999999969e-02
-7.203410000000000368e-03
-3.256069999999999798e-03
-1.827370000000000090e-04
3.259329999999999844e-05
-1.783759999999999903e-03
-2.218050000000000056e-03
-2.014610000000000012e-03
-3.402099999999999916e-03
-4.622049999999999943e-03
-7.230880000000000293e-03
-8.122259999999999203e-03
-1.025990000000000062e-02
-1.104259999999999964e-02
-6.462220000000000290e-03
-2.003280000000000078e-03
2.375190000000000114e-03
6.170450000000000067e-03
9.512190000000000228e-03
1.131330000000000009e-02
1.154009999999999932e-02
1.129559999999999939e-02
1.546600000000000058e-02
1.868480000000000141e-02
2.096400000000000000e-02
2.072200000000000084e-02
1.938039999999999902e-02
1.931580000000000102e-02
2.027249999999999885e-02
1.783039999999999972e-02
1.314040000000000000e-02
9.297259999999999899e-03
5.605770000000000371e-03
-1.763170000000000102e-03
-1.169320000000000082e-02
-1.556309999999999985e-02
-1.298979999999999926e-02
-1.116930000000000006e-02
-1.168019999999999996e-02
-1.303750000000000048e-02
-1.414690000000000045e-02
-1.331799999999999998e-02
-1.473059999999999994e-02
-1.695059999999999970e-02
-1.803489999999999954e-02
-1.869049999999999878e-02
-1.913310000000000011e-02
-2.022300000000000139e-02
-1.920919999999999919e-02
-1.605449999999999933e-02
-1.251930000000000057e-02
-9.200969999999999288e-03
-6.823530000000000394e-03
-5.809070000000000379e-03
-6.735709999999999788e-03
-9.585740000000000580e-03
-9.866079999999999295e-03
-6.329109999999999771e-03
-2.066489999999999820e-03
1.240709999999999903e-03
1.874709999999999918e-03
1.448340000000000001e-03
3.101959999999999960e-03
7.448469999999999570e-03
1.006079999999999995e-02
1.267749999999999953e-02
1.327249999999999958e-02
1.293060000000000043e-02
1.186500000000000055e-02
1.040690000000000018e-02
8.463669999999999527e-03
4.997790000000000218e-03
3.018190000000000022e-03
2.854310000000000094e-03
1.790429999999999973e-03
-9.653279999999999977e-04
-5.204669999999999783e-03
-3.843070000000000080e-03
1.959600000000000144e-03
8.685260000000000202e-03
1.296070000000000035e-02
1.213279999999999914e-02
8.781020000000000492e-03
4.794849999999999807e-03
1.849509999999999956e-03
-8.969540000000000455e-04
-5.037530000000000133e-03
-9.112349999999999964e-03
-1.430990000000000040e-02
-1.665940000000000129e-02
-1.798730000000000120e-02
-1.789069999999999896e-02
-1.525989999999999985e-02
-1.284670000000000083e-02
-9.686010000000000106e-03
-6.404810000000000364e-03
-3.936379999999999740e-03
-4.686069999999999645e-03
-6.001730000000000259e-03
-7.809130000000000064e-03
-7.670869999999999772e-03
-5.534899999999999716e-03
-3.544299999999999794e-03
-1.086570000000000027e-03
2.053609999999999984e-03
5.029180000000000282e-03
8.379680000000000462e-03
8.682360000000000078e-03
8.869240000000000457e-03
6.543239999999999647e-03
5.497389999999999569e-03
3.783690000000000143e-03
3.380549999999999961e-03
4.325269999999999983e-03
5.143840000000000218e-03
4.950060000000000050e-03
4.930999999999999620e-03
4.702429999999999631e-03
4.756879999999999789e-03
1.899520000000000028e-03
-5.589440000000000207e-04
-3.795779999999999901e-03
-4.948010000000000082e-03
-4.733529999999999682e-03
-4.886820000000000053e-03
-4.258910000000000300e-03
-3.156620000000000172e-03
-3.035550000000000141e-03
-1.571109999999999911e-03
-4.055530000000000116e-04
-1.351350000000000131e-04
-1.047149999999999947e-03
-3.374620000000000050e-03
-4.158420000000000345e-03
-3.674769999999999946e-03
-3.171730000000000209e-03
-2.432590000000000099e-04
1.835229999999999978e-03
6.936820000000000442e-04
2.011170000000000058e-04
-1.425679999999999916e-03
3.997790000000000089e-04
1.573189999999999918e-03
2.531659999999999813e-03
4.267459999999999830e-03
4.945709999999999863e-03
3.345850000000000039e-03
1.034280000000000052e-03
-1.351489999999999896e-04
-1.126609999999999895e-03
-1.876330000000000055e-03
-2.996609999999999812e-03
-5.082099999999999985e-03
-6.387239999999999758e-03
-4.555710000000000141e-03
-2.710360000000000200e-03
-1.292500000000000029e-03
1.462710000000000095e-03
3.583470000000000058e-03
6.223059999999999876e-03
6.709210000000000174e-03
5.682239999999999860e-03
5.074210000000000005e-03
4.218060000000000039e-03
3.019449999999999912e-03
-7.022040000000000009e-04
-5.500839999999999896e-03
-8.224880000000000385e-03
-8.646120000000000194e-03
-7.467920000000000287e-03
-6.076650000000000280e-03
-3.378270000000000058e-03
-1.655519999999999952e-03
-2.399070000000000109e-03
-5.167340000000000301e-03
-6.323350000000000151e-03
-6.052380000000000433e-03
-5.125180000000000013e-03
-3.182780000000000071e-03
-1.206320000000000092e-03
-5.193160000000000267e-04
-5.027430000000000484e-04
-9.147170000000000040e-04
-1.073530000000000057e-03
-2.233989999999999934e-04
-3.557260000000000023e-04
3.168590000000000100e-04
2.899290000000000222e-04
1.086720000000000004e-03
3.953569999999999893e-04
2.300340000000000110e-03
3.002519999999999842e-03
2.640889999999999904e-03
3.412670000000000026e-03
3.773229999999999813e-03
5.907029999999999746e-03
8.518609999999999377e-03
8.620080000000000450e-03
9.479980000000000698e-03
1.008019999999999923e-02
9.296060000000000087e-03
8.071409999999999349e-03
7.123370000000000396e-03
5.837850000000000331e-03
4.496130000000000092e-03
3.973729999999999971e-03
1.758049999999999934e-03
-2.558090000000000168e-04
-2.514010000000000116e-03
-2.622939999999999820e-03
-2.212920000000000165e-03
-1.866489999999999946e-03
-1.478080000000000051e-04
1.977229999999999960e-03
2.093999999999999941e-03
2.352490000000000050e-03
4.177499999999999790e-03
8.254410000000000219e-03
1.142020000000000014e-02
1.074519999999999989e-02
7.830319999999999989e-03
5.780829999999999823e-03
5.608250000000000388e-03
5.781810000000000074e-03
7.332209999999999596e-03
6.167630000000000334e-03
3.292180000000000020e-03
4.975189999999999777e-04
-2.114860000000000090e-03
-4.751469999999999826e-03
-7.706120000000000331e-03
-9.597619999999999416e-03
-9.349150000000000515e-03
-8.263070000000000831e-03
-7.868870000000000031e-03
-7.653229999999999582e-03
-5.155439999999999849e-03
-2.325980000000000061e-03
1.158439999999999947e-03
2.686850000000000176e-03
3.937109999999999742e-03
2.836379999999999891e-03
2.441689999999999833e-03
1.597579999999999920e-03
5.138099999999999612e-04
9.055270000000000463e-04
1.513760000000000062e-03
2.777069999999999973e-03
3.304599999999999985e-03
3.335869999999999894e-03
1.973149999999999904e-03
5.513890000000000024e-04
-7.383879999999999784e-04
-7.379619999999999930e-04
1.268000000000000030e-03
2.378410000000000073e-03
4.476360000000000408e-03
6.169589999999999970e-03
7.791320000000000016e-03
9.494600000000000609e-03
9.253900000000000667e-03
8.735559999999999853e-03
6.378729999999999990e-03
4.045039999999999747e-03
3.233320000000000031e-03
2.172369999999999857e-03
-5.138849999999999766e-05
-2.926540000000000044e-03
-6.864939999999999931e-03
-1.107370000000000056e-02
-1.555259999999999976e-02
-1.670819999999999944e-02
-1.622109999999999871e-02
-1.408380000000000049e-02
-1.139319999999999916e-02
-1.034679999999999975e-02
-8.749180000000000498e-03
-6.103579999999999943e-03
-3.888819999999999864e-03
-1.156349999999999999e-03
-5.645780000000000416e-04
2.166799999999999976e-03
2.403709999999999875e-03
3.839130000000000060e-03
6.841850000000000015e-03
6.670760000000000405e-03
6.183310000000000022e-03
5.735289999999999659e-03
3.319739999999999844e-03
-4.866520000000000291e-05
-3.488160000000000132e-03
-5.970770000000000244e-03
-8.399910000000000015e-03
-9.434700000000000725e-03
-9.137620000000000811e-03
-8.691350000000000464e-03
-8.005409999999999263e-03
-7.127040000000000285e-03
-6.689439999999999623e-03
-6.913230000000000243e-03
-6.039329999999999872e-03
-4.227759999999999678e-03
-2.182949999999999908e-03
-1.252340000000000007e-04
2.886179999999999909e-03
4.930140000000000390e-03
7.178239999999999794e-03
8.947240000000000401e-03
9.668869999999999548e-03
9.800839999999999899e-03
1.038659999999999931e-02
1.009909999999999974e-02
8.401300000000000434e-03
5.166490000000000145e-03
2.708669999999999828e-03
1.709290000000000028e-03
-1.896189999999999882e-05
-2.488080000000000153e-03
-3.827000000000000107e-03
-5.109230000000000195e-03
-6.854650000000000326e-03
-6.539490000000000233e-03
-6.170690000000000376e-03
-4.438860000000000201e-03
-2.356769999999999785e-03
-4.330280000000000153e-05
1.279919999999999929e-03
1.881569999999999944e-03
1.876760000000000103e-03
1.242730000000000050e-03
9.786580000000000886e-04
6.901659999999999783e-04
8.574919999999999548e-04
6.183679999999999993e-04
8.597500000000000541e-04
-7.731409999999999758e-04
-2.125119999999999874e-03
-2.654539999999999938e-03
-1.828379999999999892e-03
-1.362179999999999945e-03
-4.586130000000000219e-04
4.672790000000000233e-04
-6.003640000000000002e-05
-1.172089999999999981e-03
-1.470729999999999954e-03
-1.578130000000000071e-03
-9.478750000000000413e-04
1.350719999999999915e-03
3.662470000000000135e-03
4.842639999999999618e-03
5.418700000000000253e-03
5.425560000000000278e-03
5.385240000000000339e-03
5.714930000000000010e-03
5.634939999999999741e-03
5.504949999999999774e-03
4.873539999999999990e-03
3.981469999999999974e-03
2.562290000000000054e-03
9.485999999999999641e-04
-4.971129999999999820e-04
-1.877109999999999976e-03
-2.471820000000000007e-03
-2.509280000000000017e-03
-2.276080000000000204e-03
-2.060189999999999938e-03
-8.427309999999999923e-04
-6.214219999999999466e-04
-9.877289999999999074e-04
-1.662309999999999960e-03
-1.793569999999999973e-03
-1.613340000000000000e-03
-1.372359999999999986e-03
-1.128040000000000076e-03
-1.057470000000000025e-03
-2.080499999999999884e-03
-2.842009999999999849e-03
-3.028100000000000149e-03
-2.438490000000000189e-03
-4.096069999999999833e-04
1.488649999999999999e-03
3.287519999999999939e-03
4.157949999999999667e-03
4.511770000000000017e-03
4.522680000000000276e-03
3.649400000000000126e-03
2.876469999999999895e-03
1.973640000000000030e-03
1.186100000000000045e-03
1.954029999999999992e-04
-8.502699999999999755e-04
-1.735379999999999909e-03
-2.451539999999999882e-03
-2.512659999999999894e-03
-2.510469999999999889e-03
-2.775249999999999939e-03
-2.976509999999999920e-03
-2.607289999999999955e-03
-1.917869999999999905e-03
-1.139849999999999978e-03
-3.503339999999999970e-04
2.097859999999999935e-05
2.651969999999999954e-05
1.212199999999999947e-04
1.607240000000000014e-04
3.139950000000000184e-04
2.629059999999999796e-04
2.746889999999999987e-04
2.832530000000000204e-04
3.034849999999999852e-04
3.269540000000000141e-04
2.977899999999999796e-04
1.843070000000000092e-04
1.981479999999999873e-04
1.310989999999999996e-04
1.525019999999999978e-04
2.689149999999999961e-04
3.151300000000000000e-04
3.154240000000000212e-04
2.657310000000000076e-04
9.439099999999999802e-05
1.960639999999999917e-05
3.723759999999999733e-05
1.596989999999999901e-04
3.815390000000000209e-04
4.170460000000000183e-04
5.524559999999999974e-04
6.693509999999999955e-04
4.725880000000000228e-04
2.618429999999999933e-04
2.029429999999999982e-04
2.182720000000000135e-04
1.862280000000000066e-04
2.010430000000000062e-04
2.892290000000000052e-04
3.271169999999999785e-04
3.144460000000000180e-04
2.947539999999999904e-04
3.088249999999999849e-04
3.332510000000000116e-04
3.340880000000000173e-04
3.725549999999999999e-04
3.882930000000000040e-04
3.433110000000000068e-04
3.207789999999999860e-04
2.927280000000000203e-04
2.865419999999999816e-04
2.426510000000000049e-04
1.918710000000000066e-04
1.787869999999999943e-04
1.532679999999999969e-04
1.168819999999999966e-04
7.031119999999999861e-05
-1.402280000000000066e-05
-6.321940000000000664e-05
-9.654400000000000264e-05
-1.460909999999999943e-04
-1.581219999999999880e-04
-1.409930000000000102e-04
-9.229209999999999682e-05
-3.589299999999999668e-05
-1.827800000000000101e-06
2.454639999999999931e-05
3.056309999999999881e-05
3.947289999999999946e-05
3.748700000000000209e-05
3.870080000000000053e-05
3.360349999999999768e-05
2.086129999999999964e-05
1.864139999999999909e-06
-2.625039999999999858e-05
-5.387379999999999909e-05
-6.829909999999999801e-05
-7.323990000000000329e-05
-7.930270000000000223e-05
-7.857370000000000294e-05
-7.682309999999999974e-05
-7.838819999999999599e-05
-8.213539999999999969e-05
-8.538889999999999827e-05
-8.850739999999999899e-05
-9.156510000000000192e-05
-9.445230000000000368e-05
-9.708109999999999450e-05
-9.970369999999999884e-05
-1.020849999999999958e-04
-1.043919999999999993e-04
-1.062949999999999979e-04
-1.081479999999999952e-04
-1.100380000000000059e-04
-1.120840000000000063e-04
-1.139779999999999987e-04
-1.156170000000000011e-04
-1.170489999999999969e-04
-1.182560000000000008e-04
-1.193179999999999984e-04
-1.203109999999999938e-04
-1.212910000000000014e-04
-1.222429999999999882e-04
-1.231650000000000041e-04
-1.240400000000000118e-04
-1.248570000000000008e-04
-1.256100000000000120e-04
-1.262959999999999983e-04
-1.269139999999999982e-04
