-6.200129999999999877e-04
-7.383179999999999604e-04
-8.724829999999999608e-04
-9.146129999999999928e-04
-6.378830000000000047e-04
-7.467520000000000494e-04
-1.750199999999999933e-03
-1.855990000000000070e-03
-8.545519999999999592e-04
2.613119999999999809e-04
-8.643690000000000585e-05
-3.861530000000000171e-03
-5.070360000000000318e-03
3.421169999999999854e-03
8.920519999999999491e-03
-6.879019999999999579e-03
-2.314509999999999831e-02
-1.090290000000000009e-02
5.772829999999999628e-03
2.883810000000000106e-03
-8.483410000000000256e-03
-1.517720000000000007e-02
9.905700000000000789e-04
2.873190000000000119e-02
3.248979999999999924e-02
1.987420000000000159e-02
2.772600000000000064e-02
6.019440000000000207e-02
6.318769999999999942e-02
1.875450000000000034e-02
-3.172149999999999883e-03
2.423319999999999988e-02
4.806180000000000174e-02
4.849139999999999701e-02
2.261310000000000056e-02
-5.178529999999999939e-02
-9.372310000000000363e-02
-4.224989999999999996e-02
-3.509670000000000151e-02
-1.033970000000000028e-01
-9.705940000000000401e-02
-3.867240000000000261e-02
-4.653390000000000304e-02
-6.205039999999999861e-02
-1.293919999999999966e-02
2.115349999999999869e-02
-7.965109999999999205e-03
-1.706749999999999934e-02
2.724580000000000057e-02
4.168469999999999814e-02
9.907660000000000425e-03
1.176379999999999960e-02
5.185639999999999694e-02
4.754450000000000343e-02
8.488519999999999399e-03
2.516049999999999884e-02
7.321719999999999617e-02
4.349379999999999913e-02
-2.644209999999999963e-02
-7.376579999999999769e-03
6.485770000000000424e-02
7.785530000000000228e-02
3.695219999999999755e-02
2.138860000000000067e-02
4.351270000000000138e-02
2.977919999999999873e-02
-3.152180000000000260e-02
-5.236060000000000020e-02
-1.913460000000000161e-02
-4.214810000000000258e-04
1.098550000000000047e-02
4.089489999999999792e-02
4.133839999999999737e-02
5.730790000000000363e-03
7.226939999999999623e-04
2.565999999999999878e-02
1.887379999999999960e-02
-2.551689999999999861e-02
-3.594289999999999985e-02
1.668570000000000123e-02
3.236130000000000256e-02
-4.927460000000000173e-02
-1.036450000000000010e-01
-5.110669999999999796e-02
-3.331020000000000075e-03
-3.367119999999999922e-03
1.131509999999999981e-02
2.715590000000000018e-02
1.202010000000000058e-02
8.911310000000000411e-03
3.667310000000000014e-02
2.509650000000000075e-02
-2.399369999999999975e-02
-1.125800000000000065e-02
6.423149999999999693e-02
9.294639999999999846e-02
3.389500000000000152e-02
-2.826800000000000146e-02
-2.101010000000000030e-02
1.301599999999999979e-02
-1.835080000000000044e-02
-8.266370000000000662e-02
-4.359310000000000268e-02
5.072340000000000182e-02
4.021969999999999712e-02
-3.625310000000000338e-02
-6.511720000000000008e-02
-6.831710000000000560e-02
-8.868130000000000457e-02
-7.577109999999999401e-02
-4.601650000000000185e-02
-9.965290000000000259e-02
-1.574309999999999876e-01
-1.044120000000000048e-01
1.624479999999999978e-03
8.492779999999999774e-02
8.114979999999999416e-02
1.798869999999999983e-02
1.521430000000000005e-02
6.929369999999999974e-02
1.078199999999999992e-01
9.182260000000000422e-02
-8.354509999999999400e-05
-1.101889999999999953e-01
-1.219480000000000008e-01
-3.303450000000000136e-02
3.072770000000000015e-02
9.938129999999999881e-03
-2.766460000000000100e-02
-2.412649999999999864e-02
-5.058349999999999652e-03
4.878350000000000047e-03
1.422700000000000006e-02
3.077610000000000068e-02
5.812670000000000337e-02
7.718919999999999948e-02
5.350150000000000045e-02
-1.281529999999999909e-03
-1.901040000000000021e-02
1.211030000000000093e-03
-2.961319999999999925e-02
-8.306790000000000007e-02
-5.973040000000000294e-02
-1.968460000000000001e-02
-3.385300000000000115e-02
-1.855909999999999851e-02
4.297120000000000106e-02
5.351770000000000138e-02
1.056310000000000061e-02
-3.977189999999999892e-02
-4.954950000000000326e-02
-3.492610000000000159e-03
1.391870000000000086e-02
-2.998999999999999930e-02
-7.108520000000000116e-02
-7.181239999999999846e-02
-5.346179999999999682e-02
-2.112069999999999920e-02
2.771879999999999830e-02
5.899370000000000308e-02
8.234819999999999640e-02
7.233559999999999990e-02
1.397490000000000017e-02
2.882650000000000143e-02
1.123279999999999973e-01
1.201900000000000052e-01
5.438609999999999972e-02
4.935550000000000137e-04
-1.568910000000000096e-02
-5.178150000000000287e-03
-3.517340000000000050e-02
-8.989289999999999781e-02
-6.562990000000000490e-02
9.680519999999999750e-03
5.238960000000000145e-02
3.600720000000000309e-02
-6.288160000000000104e-03
-1.904749999999999846e-02
5.604689999999999629e-04
2.491840000000000027e-02
1.836859999999999882e-02
-6.937190000000000197e-03
2.254360000000000044e-02
6.359489999999999588e-02
1.891769999999999910e-02
-3.247270000000000018e-02
-6.304910000000000375e-03
1.709919999999999843e-02
-2.343249999999999847e-02
-7.070700000000000596e-02
-7.884760000000000379e-02
-8.693860000000000476e-02
-1.026959999999999956e-01
-6.850789999999999658e-02
-1.222509999999999916e-02
5.239360000000000198e-03
2.115989999999999885e-02
6.876210000000000655e-02
1.028040000000000065e-01
7.733560000000000434e-02
4.263080000000000341e-02
4.252310000000000118e-02
3.685379999999999906e-02
3.232840000000000019e-02
4.597559999999999841e-02
3.678019999999999901e-02
7.419140000000000283e-03
-9.754940000000000139e-03
-8.393960000000000657e-03
3.216739999999999877e-02
7.529160000000000019e-02
4.278110000000000246e-02
-4.171989999999999726e-02
-8.497180000000000011e-02
-3.179250000000000131e-02
5.730119999999999658e-02
8.845459999999999434e-02
5.690280000000000338e-02
2.435430000000000147e-03
-1.404900000000000072e-02
1.441220000000000001e-02
-7.686629999999999852e-03
-9.964339999999999309e-02
-1.512670000000000126e-01
-1.198270000000000030e-01
-6.970419999999999394e-02
-2.337010000000000129e-02
1.688960000000000114e-02
-1.958630000000000093e-02
-8.865989999999999982e-02
-6.019209999999999838e-02
3.137379999999999943e-03
2.046289999999999915e-02
3.703460000000000085e-02
5.784439999999999721e-02
5.444449999999999984e-02
4.193179999999999824e-02
4.200050000000000311e-02
4.738690000000000263e-02
5.413430000000000325e-02
6.067170000000000202e-02
4.601039999999999991e-02
2.884499999999999911e-02
5.153529999999999917e-02
6.974170000000000369e-02
4.130770000000000275e-02
9.357930000000000414e-03
1.122139999999999943e-02
3.401649999999999813e-02
3.320370000000000266e-02
-2.267589999999999884e-02
-8.492220000000000324e-02
-8.142169999999999963e-02
-5.369410000000000155e-02
-6.115650000000000253e-02
-6.893109999999999515e-02
-3.736060000000000075e-02
1.738729999999999963e-03
7.807259999999999894e-03
-1.049570000000000017e-02
-3.169090000000000101e-02
-4.148980000000000029e-02
-2.796929999999999902e-02
2.696660000000000029e-03
3.982460000000000166e-03
-2.731509999999999841e-02
-3.927909999999999735e-02
-3.159209999999999796e-02
-1.944910000000000042e-02
1.069309999999999965e-03
1.526650000000000056e-02
1.646330000000000016e-02
1.690720000000000070e-02
1.228630000000000000e-02
-5.954880000000000069e-03
-1.337119999999999975e-02
-6.062520000000000495e-04
-9.028110000000000648e-03
-2.764329999999999912e-02
-5.571920000000000171e-03
2.516109999999999874e-02
2.576080000000000036e-02
1.858129999999999938e-03
-2.973080000000000167e-02
-8.815470000000000597e-03
5.582089999999999969e-02
8.333390000000000242e-02
6.241109999999999713e-02
3.036540000000000072e-02
1.668599999999999944e-02
-3.600040000000000098e-03
-5.460340000000000332e-02
-7.868120000000000669e-02
-3.870130000000000098e-02
-8.192629999999999791e-04
-1.398280000000000009e-02
-3.479580000000000173e-02
-3.466330000000000106e-02
-2.630180000000000018e-02
-6.944080000000000044e-03
6.106649999999999925e-03
-1.722080000000000138e-02
-4.526909999999999962e-02
-2.005749999999999894e-02
3.459079999999999794e-02
4.233619999999999745e-02
1.210750000000000021e-02
8.810109999999999469e-03
4.170429999999999970e-02
5.665509999999999990e-02
1.921480000000000063e-02
8.807030000000000414e-03
6.254300000000000137e-02
8.171810000000000185e-02
3.028809999999999836e-02
-3.565329999999999888e-02
-5.949000000000000121e-02
-4.695959999999999718e-02
-4.392879999999999702e-02
-4.747359999999999775e-02
-4.257770000000000304e-02
-3.445789999999999964e-02
-2.533250000000000085e-02
-1.299739999999999923e-02
5.238429999999999649e-03
1.556210000000000059e-02
4.678220000000000295e-03
5.614400000000000293e-03
3.930360000000000104e-02
6.155750000000000111e-02
5.099970000000000198e-02
3.124340000000000103e-02
2.031940000000000135e-02
2.750270000000000145e-02
2.169990000000000113e-02
-1.609990000000000032e-02
-2.986760000000000109e-02
-1.134289999999999951e-02
-8.662819999999999895e-03
-1.252160000000000079e-02
-9.230759999999999313e-03
-2.176720000000000044e-02
-4.985599999999999754e-02
-5.408969999999999750e-02
-2.471080000000000151e-02
-6.294160000000000466e-04
1.075109999999999955e-02
2.029680000000000026e-02
3.234510000000000163e-02
5.582039999999999919e-02
8.423039999999999694e-02
8.889249999999999929e-02
4.556169999999999665e-02
-4.535950000000000398e-03
-3.010479999999999840e-03
1.885459999999999914e-02
5.487709999999999810e-03
-1.295540000000000060e-02
-8.120129999999999709e-03
-7.108429999999999783e-03
-1.020019999999999954e-02
-7.641629999999999950e-03
-5.133450000000000339e-03
-7.629969999999999808e-03
-2.227969999999999950e-02
-4.357269999999999893e-02
-4.924150000000000055e-02
-3.427329999999999960e-02
-2.313540000000000041e-02
-1.856050000000000061e-02
-1.242459999999999919e-03
2.596870000000000081e-02
3.891359999999999958e-02
2.121680000000000094e-02
-2.249890000000000050e-03
1.389239999999999919e-03
1.391210000000000016e-02
9.741120000000000681e-03
1.025670000000000011e-03
-1.352349999999999993e-03
-6.325169999999999751e-03
-1.679699999999999943e-02
-3.034320000000000073e-02
-5.055330000000000240e-02
-3.813029999999999892e-02
2.084760000000000085e-02
4.528829999999999661e-02
2.054780000000000148e-02
3.397149999999999823e-03
-4.021989999999999593e-03
-2.269970000000000061e-03
3.128070000000000156e-03
-1.105470000000000064e-02
-2.311819999999999847e-02
-1.687740000000000073e-02
-1.433010000000000013e-02
-2.135269999999999876e-02
-1.279319999999999936e-02
1.098080000000000063e-02
1.640120000000000119e-02
9.931119999999999878e-04
-7.763360000000000399e-03
-6.207479999999999595e-03
-1.350690000000000094e-03
7.480790000000000183e-03
1.553679999999999992e-02
2.487960000000000171e-02
2.224299999999999888e-02
3.708040000000000121e-03
-1.725230000000000166e-02
-2.818939999999999987e-02
-1.608739999999999996e-03
4.105820000000000303e-02
4.014290000000000219e-02
6.232950000000000122e-03
9.021579999999999530e-03
4.428449999999999748e-02
5.049939999999999984e-02
2.449430000000000010e-02
-4.564600000000000038e-04
6.677670000000000133e-03
3.699929999999999886e-02
3.593149999999999816e-02
-5.913559999999999997e-03
-3.454700000000000132e-02
-1.842749999999999944e-02
-1.113729999999999928e-02
-4.470450000000000118e-02
-5.546940000000000204e-02
-2.428019999999999831e-02
5.613110000000000148e-03
1.880599999999999980e-02
1.516400000000000040e-02
1.461209999999999939e-02
3.799899999999999806e-02
3.795309999999999656e-02
3.870150000000000153e-03
-6.131959999999999668e-03
4.171689999999999600e-03
7.135429999999999898e-03
7.798389999999999662e-03
6.979370000000000365e-03
-5.766760000000000332e-04
-1.014819999999999958e-02
-6.444219999999999636e-03
2.240850000000000133e-02
3.876190000000000191e-02
-7.628610000000000078e-03
-5.794200000000000045e-02
-4.875489999999999685e-02
-2.889450000000000005e-02
-2.012409999999999893e-02
-1.243870000000000045e-02
-2.484870000000000134e-02
-3.172610000000000013e-02
-1.065009999999999915e-02
4.109319999999999640e-03
-4.825480000000000047e-03
-2.319569999999999965e-02
-2.175770000000000134e-02
2.184440000000000166e-03
7.629310000000000258e-03
-3.523979999999999908e-03
3.073929999999999892e-03
4.687379999999999672e-03
-1.884490000000000123e-02
-2.143290000000000126e-02
1.366299999999999980e-02
3.286399999999999738e-02
8.950529999999999944e-03
-1.434440000000000021e-02
-5.667170000000000020e-03
4.572819999999999901e-04
-1.490539999999999921e-02
-1.110990000000000068e-02
1.092620000000000050e-02
1.683199999999999974e-02
2.539129999999999859e-02
3.976360000000000311e-02
2.917259999999999992e-02
-8.308280000000000352e-04
-1.193929999999999991e-02
7.044319999999999748e-03
3.036249999999999886e-03
-3.862199999999999661e-02
-6.331399999999999528e-02
-5.888960000000000028e-02
-4.225639999999999952e-02
-1.608520000000000089e-02
4.861439999999999859e-03
3.568729999999999992e-03
-5.311299999999999702e-03
2.609240000000000084e-03
2.112349999999999992e-02
2.859199999999999936e-02
1.768720000000000014e-02
7.724280000000000252e-04
-1.011240000000000056e-02
-1.440980000000000039e-02
-7.400969999999999771e-03
4.367170000000000080e-03
-6.058410000000000184e-03
-2.450489999999999960e-02
-1.026660000000000073e-02
9.701019999999999435e-03
5.136230000000000526e-04
-6.440949999999999974e-03
8.199279999999999763e-03
1.860240000000000157e-02
1.151130000000000035e-02
9.427750000000000366e-03
2.635399999999999895e-02
2.918470000000000092e-02
8.653179999999999900e-03
-5.002419999999999610e-03
-4.628170000000000027e-03
3.448230000000000153e-04
-1.373199999999999942e-02
-3.343859999999999888e-02
-8.402599999999999653e-03
3.704450000000000104e-02
4.623139999999999888e-02
2.689870000000000108e-02
1.164100000000000031e-02
9.035430000000000544e-03
7.345209999999999587e-03
9.101230000000000084e-03
9.852299999999999600e-03
-5.216649999999999759e-03
-1.779489999999999891e-02
-1.893970000000000029e-02
-1.548910000000000044e-02
3.745900000000000033e-04
1.797469999999999971e-02
1.117970000000000075e-02
-8.414849999999999761e-03
-1.190360000000000029e-02
5.291030000000000386e-03
3.119780000000000122e-02
3.020259999999999959e-02
-3.296519999999999832e-03
-7.624370000000000105e-03
2.234459999999999918e-02
3.031779999999999892e-02
2.603700000000000112e-02
2.989719999999999878e-02
2.327950000000000158e-02
9.322389999999999843e-03
-6.529110000000000295e-03
-2.645559999999999926e-02
-3.970100000000000018e-02
-3.782610000000000139e-02
-1.978819999999999885e-02
5.376449999999999632e-03
2.974620000000000042e-02
2.628930000000000156e-02
-1.989339999999999858e-02
-2.986180000000000084e-02
1.160749999999999976e-02
1.308119999999999943e-02
-8.485410000000000522e-03
8.911890000000000436e-03
2.761080000000000131e-02
1.197499999999999953e-02
-4.238729999999999581e-03
-5.327619999999999925e-03
-8.092260000000000425e-03
-1.406190000000000044e-02
-1.024169999999999942e-02
9.408869999999999734e-03
2.033099999999999838e-02
7.651739999999999757e-03
6.985479999999999641e-03
2.631920000000000093e-02
1.843840000000000062e-02
-1.132760000000000017e-02
-2.463790000000000077e-02
-1.446030000000000058e-02
5.543619999999999971e-03
-1.069770000000000052e-03
-1.358050000000000056e-02
6.956719999999999571e-03
1.317179999999999913e-02
-1.016940000000000031e-02
-1.109989999999999935e-02
5.724520000000000303e-03
-3.156229999999999886e-03
-1.915129999999999957e-02
-5.458819999999999645e-03
7.756070000000000325e-03
-8.295870000000000327e-03
-2.606980000000000061e-02
-2.415110000000000173e-02
-9.100469999999999393e-03
9.405200000000000712e-03
1.345090000000000001e-02
-6.469489999999999616e-03
-2.784709999999999963e-02
-2.441149999999999917e-02
-7.846660000000000093e-03
-1.326369999999999980e-02
-2.534219999999999876e-02
-7.128849999999999944e-03
1.225440000000000036e-02
-5.685489999999999641e-03
-3.358309999999999768e-02
-3.307000000000000217e-02
-1.469699999999999999e-02
-5.669829999999999835e-03
-1.133580000000000004e-02
-2.374329999999999843e-02
-2.261820000000000150e-02
1.892299999999999972e-03
1.785820000000000116e-02
1.592490000000000008e-03
-4.464880000000000064e-03
1.911809999999999898e-02
1.909330000000000055e-02
-5.330210000000000156e-03
-1.487559999999999924e-02
-6.920049999999999639e-03
9.033219999999999791e-03
2.406530000000000127e-02
3.009660000000000113e-02
1.964099999999999874e-02
4.945040000000000373e-03
-4.078260000000000218e-03
-1.453589999999999917e-02
-1.667719999999999966e-02
-9.758710000000000301e-03
-4.795429999999999832e-03
5.069139999999999757e-03
2.128549999999999887e-02
1.828779999999999989e-02
7.200130000000000332e-04
9.574390000000000331e-03
2.771689999999999918e-02
2.407319999999999946e-02
1.600680000000000158e-02
1.249229999999999959e-02
8.533719999999999847e-03
8.861310000000000714e-03
1.610620000000000107e-02
2.506649999999999850e-02
2.877580000000000068e-02
2.012780000000000125e-02
3.328540000000000058e-03
-7.473170000000000333e-03
-4.478470000000000020e-03
1.124329999999999991e-03
-1.695590000000000075e-03
-6.416299999999999781e-03
-1.139229999999999930e-02
-1.506140000000000083e-02
-1.857369999999999854e-02
-2.731930000000000122e-02
-2.590500000000000094e-02
-1.411779999999999979e-02
-1.617800000000000141e-02
-2.380670000000000008e-02
-1.657329999999999914e-02
-3.703539999999999957e-03
-5.852559999999999707e-03
-1.647090000000000012e-02
-9.900499999999999579e-03
2.763910000000000065e-03
4.250710000000000426e-03
7.737449999999999883e-03
1.283849999999999922e-02
1.031810000000000019e-02
4.344699999999999951e-03
1.319150000000000053e-03
3.643519999999999918e-03
6.179620000000000252e-03
3.569239999999999999e-03
-4.907369999999999875e-04
-3.377160000000000036e-04
3.866839999999999861e-03
8.425399999999999556e-03
8.211160000000000334e-03
2.746100000000000017e-03
-2.758540000000000189e-04
-3.237579999999999885e-03
-6.479390000000000453e-04
2.382599999999999996e-02
3.899169999999999719e-02
1.796779999999999905e-02
-8.721230000000000388e-04
4.769029999999999624e-03
1.186380000000000073e-02
8.849350000000000618e-03
3.705780000000000098e-03
6.094259999999999781e-03
1.301330000000000021e-02
8.329609999999999445e-03
-2.682630000000000084e-03
-5.151000000000000197e-03
-2.048429999999999956e-03
2.035830000000000192e-03
6.010259999999999908e-03
5.054920000000000073e-03
-6.365970000000000309e-03
-1.897010000000000016e-02
-1.411779999999999979e-02
4.348130000000000397e-03
1.600539999999999949e-02
1.695280000000000051e-02
1.165530000000000038e-02
1.042329999999999993e-02
1.137690000000000055e-02
-1.096509999999999976e-03
-1.309549999999999950e-02
-9.866009999999999711e-03
1.271290000000000007e-03
6.427050000000000124e-03
-3.689200000000000118e-03
-2.057389999999999913e-02
-2.470220000000000055e-02
-9.556040000000000020e-03
-3.147969999999999935e-03
-2.097299999999999859e-02
-2.837270000000000070e-02
-5.999240000000000302e-03
1.397140000000000014e-02
9.543700000000000447e-03
-1.406050000000000052e-03
-1.356169999999999945e-02
-2.611919999999999867e-02
-1.968249999999999861e-02
-7.949670000000000694e-03
-8.462580000000000796e-03
-9.293140000000000081e-03
-1.166829999999999951e-02
-1.280730000000000063e-02
-7.981749999999999262e-03
-8.566000000000000697e-03
-1.222290000000000008e-02
-1.070549999999999974e-02
-6.048829999999999832e-03
-1.985840000000000001e-03
5.699529999999999961e-04
3.825069999999999859e-03
6.578879999999999624e-03
6.185989999999999718e-03
7.278719999999999808e-03
1.086110000000000027e-02
1.060129999999999927e-02
9.568280000000000188e-03
1.337720000000000055e-02
1.873340000000000075e-02
1.636189999999999867e-02
2.100659999999999908e-04
-1.242930000000000076e-02
-1.024730000000000085e-02
-9.767710000000000628e-03
-1.419759999999999946e-02
-1.441289999999999932e-02
-1.238960000000000061e-02
-9.722730000000000608e-03
-8.756089999999999360e-03
-1.040220000000000034e-02
-4.823120000000000185e-03
5.235919999999999810e-03
8.326580000000000092e-03
8.744180000000000702e-03
1.133570000000000064e-02
1.298359999999999966e-02
1.400739999999999971e-02
1.557279999999999949e-02
1.702969999999999831e-02
1.636330000000000076e-02
1.224380000000000086e-02
8.861070000000000405e-03
8.969009999999999483e-03
1.077219999999999914e-02
1.084420000000000002e-02
6.608440000000000147e-03
3.402839999999999858e-03
5.554410000000000076e-03
7.238470000000000321e-03
6.996819999999999949e-03
7.835280000000000022e-03
6.381940000000000009e-03
5.273619999999999697e-04
-8.821999999999999981e-03
-1.225380000000000046e-02
1.597109999999999893e-04
7.583499999999999963e-03
-5.497049999999999853e-03
-1.648360000000000103e-02
-8.944890000000000480e-03
2.013730000000000034e-03
-2.046130000000000008e-04
-4.791029999999999942e-03
-3.610959999999999864e-03
-8.589950000000000710e-03
-1.184830000000000085e-02
4.895209999999999666e-03
2.104870000000000005e-02
1.271519999999999942e-02
-9.623109999999999824e-04
-4.384350000000000400e-03
-6.427940000000000043e-03
-6.741940000000000086e-03
-4.310149999999999572e-03
-3.789700000000000013e-03
-1.654550000000000074e-03
-2.775829999999999964e-03
-1.585129999999999872e-02
-1.341529999999999979e-02
1.914189999999999989e-02
2.842539999999999997e-02
3.833590000000000001e-03
-3.636499999999999976e-03
5.166940000000000074e-03
4.503380000000000404e-03
-2.645610000000000062e-03
-7.047989999999999637e-03
-9.649370000000000863e-03
-1.163329999999999920e-02
-6.892439999999999678e-03
2.465720000000000238e-04
5.017989999999999950e-03
4.401559999999999674e-03
-6.838829999999999736e-03
-1.358320000000000013e-02
-8.865440000000000473e-03
-3.793180000000000163e-03
-7.485869999999999937e-04
3.632040000000000008e-03
9.685660000000000450e-03
1.783349999999999866e-02
2.105249999999999830e-02
3.153899999999999846e-03
-2.099689999999999890e-02
-1.148169999999999920e-02
1.756910000000000069e-02
2.460120000000000015e-02
1.403579999999999932e-02
2.776129999999999917e-03
-3.137510000000000038e-03
-7.163899999999999955e-03
-5.299650000000000367e-03
-1.981859999999999785e-03
-1.424579999999999944e-02
-1.755800000000000069e-02
-8.248550000000000326e-03
-1.558640000000000025e-02
-1.807279999999999998e-02
-3.407840000000000088e-03
4.082920000000000299e-03
2.181869999999999817e-03
-7.510740000000000124e-03
-9.428280000000000688e-03
1.043189999999999916e-02
2.212820000000000065e-02
3.547789999999999885e-03
-2.180719999999999881e-02
-1.793760000000000146e-02
4.054639999999999980e-03
1.220380000000000076e-02
1.089140000000000073e-02
8.588359999999999744e-03
2.792779999999999915e-03
-3.156400000000000178e-03
-6.448190000000000345e-03
-8.902929999999999872e-03
-1.209760000000000002e-02
-1.325250000000000039e-02
-9.214190000000000574e-03
-1.313829999999999989e-03
7.680099999999999601e-04
-5.507319999999999577e-03
-2.737320000000000118e-03
8.478130000000000388e-03
9.343979999999999994e-03
1.107380000000000040e-03
-6.096640000000000392e-03
-1.049600000000000012e-02
-8.240789999999999574e-03
2.754509999999999945e-03
9.735870000000000635e-03
-2.974270000000000212e-03
-1.445420000000000038e-02
3.152630000000000016e-03
2.214110000000000036e-02
2.375589999999999993e-02
1.450420000000000008e-02
5.113579999999999515e-04
1.068200000000000052e-02
3.327929999999999777e-02
2.646499999999999894e-02
6.534100000000000151e-03
6.194850000000000009e-03
9.216449999999999296e-03
-3.110969999999999794e-03
-8.539980000000000834e-03
4.791260000000000310e-03
1.766480000000000133e-02
1.518560000000000049e-02
3.355410000000000077e-03
-6.090110000000000141e-03
-1.418119999999999971e-02
-1.447099999999999949e-02
-6.694389999999999716e-03
-5.167920000000000326e-03
-4.329630000000000110e-03
3.961229999999999613e-03
1.006209999999999917e-02
2.806509999999999908e-03
-9.260600000000000775e-03
-6.142729999999999892e-03
9.513399999999999981e-03
1.760340000000000169e-02
3.829420000000000046e-03
-1.621190000000000131e-02
-1.787129999999999969e-02
-6.416429999999999877e-03
5.713359999999999793e-03
-2.807490000000000159e-03
-2.283589999999999925e-02
-1.092309999999999982e-02
1.373210000000000056e-02
7.403680000000000157e-03
-1.519269999999999995e-02
-2.157279999999999962e-02
-1.095559999999999937e-02
3.138049999999999867e-03
1.020590000000000039e-02
2.709039999999999799e-03
-5.808559999999999938e-03
3.403939999999999830e-03
1.353509999999999956e-02
5.770319999999999790e-03
-5.151300000000000150e-03
-7.210720000000000324e-03
-5.667870000000000200e-03
-2.046130000000000171e-03
6.178249999999999714e-03
1.384059999999999978e-02
6.546040000000000365e-03
-6.833559999999999808e-03
-1.001259999999999997e-02
-1.157870000000000080e-02
-7.221479999999999740e-03
3.478359999999999785e-03
1.107999999999999957e-02
1.928550000000000056e-02
2.201439999999999994e-02
1.538439999999999946e-02
4.492320000000000167e-03
-1.089569999999999948e-02
-1.903909999999999977e-02
-6.936180000000000123e-03
1.579520000000000056e-03
-1.617139999999999897e-02
-2.484890000000000015e-02
-2.994080000000000092e-03
1.139510000000000002e-02
1.038960000000000057e-02
5.189150000000000013e-03
-1.710740000000000090e-03
7.056940000000000261e-03
1.984939999999999968e-02
1.030400000000000066e-02
-1.466459999999999986e-02
-2.152449999999999850e-02
-5.004599999999999674e-03
-1.226230000000000028e-03
-1.219890000000000037e-02
-6.110520000000000361e-03
1.162879999999999990e-02
6.644279999999999804e-03
-1.255659999999999936e-02
-8.774370000000000086e-03
7.614509999999999681e-03
9.798460000000000156e-03
3.391130000000000012e-03
-4.493719999999999659e-03
-1.203929999999999931e-02
-1.843770000000000131e-02
-2.393819999999999976e-02
-9.989980000000000734e-03
1.517100000000000046e-02
9.830629999999999924e-03
-2.970439999999999973e-03
1.527680000000000010e-02
3.007889999999999869e-02
2.129030000000000158e-02
8.077829999999999386e-03
3.728760000000000126e-04
-6.277290000000000474e-04
-1.324080000000000049e-03
-3.704540000000000090e-03
-5.903160000000000178e-03
-7.497509999999999765e-03
-7.662620000000000195e-03
-1.115090000000000005e-02
-1.964110000000000161e-02
-1.994299999999999892e-02
-4.627130000000000132e-03
9.040489999999999984e-03
7.298690000000000039e-03
9.848500000000000049e-04
4.096599999999999721e-03
8.490239999999999593e-03
4.176779999999999729e-03
-4.171639999999999788e-04
-1.956559999999999983e-03
-2.990420000000000144e-03
-5.588720000000000146e-03
-7.067389999999999783e-03
1.386569999999999947e-03
1.116319999999999986e-02
1.374049999999999924e-02
4.346990000000000229e-03
-1.323000000000000044e-02
-9.618859999999999910e-03
3.819879999999999890e-03
-3.360890000000000058e-03
-6.685359999999999567e-03
6.800269999999999752e-03
9.958780000000000410e-03
-3.492850000000000035e-03
-1.247559999999999988e-02
-4.800180000000000245e-03
2.792429999999999825e-03
1.203340000000000009e-03
1.041019999999999923e-03
-2.070999999999999924e-03
-4.840670000000000042e-03
4.625849999999999927e-03
1.412700000000000067e-02
1.096079999999999971e-02
1.934359999999999986e-03
-1.296080000000000019e-03
-1.907910000000000075e-03
-4.957210000000000089e-03
-9.932929999999999537e-03
-1.438380000000000040e-02
-8.663640000000000230e-03
-2.775609999999999970e-03
-6.781090000000000034e-03
-1.086540000000000075e-02
-1.208530000000000021e-02
-9.741269999999999790e-03
-4.391149999999999914e-03
-5.024740000000000413e-04
4.820060000000000143e-03
1.180329999999999921e-02
1.005050000000000041e-02
5.095730000000000084e-05
-7.982990000000000572e-03
-1.384559999999999957e-02
-1.762620000000000159e-02
-1.292470000000000077e-02
1.281770000000000001e-03
1.233120000000000049e-02
6.880459999999999701e-03
-2.789990000000000005e-03
-3.532960000000000137e-04
6.148100000000000093e-03
7.561710000000000133e-03
-1.416209999999999995e-03
-1.207169999999999944e-02
-6.390220000000000275e-03
1.030700000000000019e-02
2.126779999999999990e-02
1.398289999999999950e-02
2.077209999999999907e-03
2.120110000000000137e-03
-5.857529999999999465e-04
-5.303890000000000340e-03
-7.076880000000000453e-04
-9.697959999999999827e-04
-1.635970000000000132e-02
-2.142780000000000032e-02
-1.667010000000000020e-03
4.772199999999999880e-03
-1.027400000000000015e-02
-9.677979999999999222e-03
4.136759999999999743e-03
2.611539999999999868e-03
-1.520540000000000086e-02
-1.494780000000000067e-02
6.948509999999999756e-03
1.242120000000000030e-02
2.155199999999999911e-03
-5.513419999999999779e-03
-7.489670000000000355e-03
-5.699339999999999788e-03
-3.711830000000000164e-03
-2.928019999999999928e-04
4.644719999999999752e-03
7.378359999999999606e-03
4.869270000000000195e-03
3.861700000000000028e-03
5.327000000000000138e-03
-6.782669999999999758e-04
-2.657599999999999980e-03
1.118700000000000076e-02
2.083089999999999942e-02
1.353219999999999944e-02
1.653879999999999934e-03
-1.146890000000000019e-03
5.049099999999999942e-03
1.173609999999999931e-02
1.918829999999999841e-02
2.289499999999999869e-02
1.223650000000000085e-02
7.184249999999999664e-04
2.693570000000000166e-03
5.291610000000000411e-03
2.775150000000000099e-03
3.277509999999999972e-03
5.294359999999999691e-03
6.037879999999999810e-03
7.203209999999999821e-03
4.128589999999999691e-03
-6.241639999999999688e-03
-1.479890000000000025e-02
-9.094299999999999606e-03
5.218089999999999881e-03
8.505820000000000741e-03
4.408559999999999736e-03
5.177250000000000428e-03
6.530310000000000108e-03
5.676379999999999967e-03
5.032870000000000052e-03
4.312360000000000325e-03
3.923770000000000036e-03
5.188070000000000355e-03
5.040509999999999782e-03
2.862509999999999968e-03
2.299119999999999983e-03
2.472139999999999841e-03
1.710740000000000090e-03
1.350070000000000089e-03
1.987039999999999813e-03
3.533500000000000182e-03
3.871270000000000006e-03
-4.093199999999999963e-03
-1.604890000000000136e-02
-1.289919999999999956e-02
-2.888159999999999859e-03
-6.531140000000000383e-03
-1.086490000000000025e-02
-6.637750000000000421e-03
-5.419300000000000159e-03
-7.863369999999999735e-03
-8.477220000000000588e-03
-8.153840000000000740e-03
-7.543239999999999668e-03
-6.259810000000000201e-03
-5.068269999999999720e-03
-3.332009999999999833e-03
-2.354779999999999894e-03
-2.394980000000000112e-03
3.173639999999999925e-04
3.945839999999999938e-03
3.960199999999999658e-03
1.723839999999999921e-03
5.913690000000000092e-04
2.523340000000000001e-04
4.204989999999999698e-06
1.268100000000000087e-03
2.570970000000000113e-03
2.490529999999999914e-03
2.837580000000000137e-03
3.867960000000000148e-03
4.850789999999999789e-03
5.841429999999999886e-03
7.188840000000000161e-03
7.641809999999999749e-03
5.152669999999999820e-03
3.673319999999999884e-03
5.651149999999999750e-03
5.240779999999999571e-03
1.966760000000000123e-03
-8.511580000000000252e-05
-2.147909999999999837e-03
-4.462759999999999644e-03
-4.400069999999999849e-03
-1.746329999999999931e-03
6.569259999999999509e-04
1.507880000000000071e-03
-1.425499999999999955e-04
-3.989030000000000180e-03
-4.952989999999999997e-03
-3.406870000000000211e-03
-2.842209999999999962e-03
-3.628740000000000090e-03
-6.291810000000000111e-03
-8.766889999999999405e-03
-9.363039999999999558e-03
-9.833170000000000452e-03
-1.130980000000000006e-02
-1.045820000000000083e-02
-3.282399999999999988e-03
7.430749999999999855e-03
1.628339999999999996e-02
1.856899999999999870e-02
1.744240000000000027e-02
1.757200000000000081e-02
1.142669999999999970e-02
-1.324630000000000035e-03
-4.739110000000000371e-03
4.191920000000000021e-03
8.172689999999999816e-03
5.907729999999999926e-03
5.632200000000000401e-03
4.941000000000000079e-03
7.731570000000000109e-03
1.523670000000000059e-02
1.712369999999999864e-02
1.132239999999999983e-02
5.833220000000000072e-03
2.740359999999999845e-03
-7.232709999999999400e-05
-2.397949999999999821e-03
-5.446030000000000142e-03
-7.927669999999999509e-03
-6.692380000000000377e-03
-7.808899999999999696e-03
-1.282580000000000005e-02
-1.130500000000000081e-02
-5.457489999999999737e-03
-5.644810000000000105e-03
-9.071789999999999715e-03
-7.565299999999999629e-03
-2.544520000000000202e-03
-2.387979999999999996e-04
6.458430000000000030e-04
2.770050000000000030e-03
4.656630000000000144e-03
6.312779999999999607e-03
6.956140000000000413e-03
5.148360000000000262e-03
3.429440000000000179e-03
3.280270000000000061e-03
2.814469999999999906e-03
1.515340000000000003e-03
3.912770000000000148e-05
-9.942279999999999954e-04
-1.431879999999999958e-03
-1.595140000000000099e-03
-7.121329999999999934e-04
1.011619999999999967e-03
2.867810000000000151e-03
5.096459999999999706e-03
7.086710000000000405e-03
9.435060000000000321e-03
9.196410000000000348e-03
2.402679999999999920e-03
-1.005660000000000061e-02
-1.643539999999999932e-02
-5.397260000000000078e-03
4.104889999999999928e-03
6.138520000000000174e-04
-2.963879999999999900e-03
-4.752880000000000126e-03
-8.293250000000000274e-03
-1.243580000000000033e-02
-1.187960000000000058e-02
-1.210480000000000063e-02
-1.958820000000000006e-02
-2.620159999999999850e-02
-2.881900000000000087e-02
-2.364499999999999935e-02
-1.101659999999999966e-02
-2.213220000000000118e-03
3.442909999999999981e-03
1.433000000000000072e-02
2.508519999999999847e-02
2.175739999999999966e-02
1.064700000000000021e-02
3.172659999999999890e-03
-1.559510000000000063e-03
3.337290000000000135e-03
1.464889999999999942e-02
2.033070000000000016e-02
1.898299999999999987e-02
1.246049999999999935e-02
7.237920000000000118e-03
3.606269999999999962e-03
-2.430219999999999863e-03
-9.264269999999999797e-03
-1.295870000000000008e-02
-7.473740000000000418e-03
1.933189999999999995e-03
7.322140000000000419e-03
1.473889999999999922e-02
1.825699999999999892e-02
7.148129999999999935e-03
-4.434989999999999766e-03
-7.067499999999999998e-03
-4.438440000000000094e-03
2.916890000000000108e-03
1.109770000000000027e-02
1.202570000000000028e-02
-6.138149999999999770e-04
-1.243720000000000069e-02
-4.260019999999999779e-03
1.361270000000000015e-02
1.712850000000000136e-02
4.152750000000000191e-03
-7.385010000000000012e-03
-7.098509999999999716e-03
-1.635100000000000008e-03
-1.747340000000000004e-03
-3.325489999999999956e-03
-1.578390000000000045e-03
-6.810120000000000453e-04
-9.091900000000000144e-05
1.476759999999999922e-03
3.137490000000000157e-03
5.500380000000000026e-03
7.342859999999999665e-03
4.797779999999999753e-03
-1.431470000000000008e-03
-1.016940000000000031e-02
-1.334210000000000083e-02
-1.150439999999999970e-03
8.951330000000000398e-03
5.093379999999999783e-03
3.579670000000000074e-03
9.073760000000000159e-03
7.249959999999999738e-03
-2.600170000000000172e-03
-8.252060000000000298e-03
-7.951599999999999641e-03
-3.074659999999999893e-03
-1.120200000000000015e-03
-1.170930000000000061e-02
-2.273810000000000067e-02
-1.693329999999999835e-02
-4.592070000000000179e-03
-1.005279999999999970e-05
3.342889999999999837e-03
5.461030000000000398e-03
6.655620000000000112e-03
1.263740000000000002e-02
1.440330000000000082e-02
8.415159999999999654e-03
4.582819999999999602e-03
3.589870000000000214e-03
-5.815560000000000000e-04
-6.023070000000000160e-03
-9.020659999999999790e-03
-9.904909999999999409e-03
-9.440360000000000071e-03
-8.245330000000000367e-03
-6.425850000000000312e-03
-3.741770000000000165e-03
-2.132289999999999793e-03
-1.212090000000000086e-03
3.329459999999999798e-04
-2.224879999999999827e-03
-6.837020000000000076e-03
-5.158600000000000164e-03
-2.844499999999999806e-03
-5.068529999999999910e-03
-4.570310000000000171e-03
-9.157219999999999986e-04
7.810490000000000228e-04
1.371049999999999960e-03
2.828289999999999797e-03
4.074350000000000020e-03
4.559719999999999746e-03
4.559289999999999697e-03
3.265940000000000162e-03
1.692609999999999991e-03
1.647290000000000039e-03
1.945899999999999973e-03
1.132659999999999960e-03
2.455490000000000168e-04
1.689249999999999996e-03
4.716289999999999719e-03
3.301829999999999956e-03
-3.520179999999999924e-03
-7.350149999999999739e-03
-3.445249999999999962e-03
3.556660000000000117e-03
7.148119999999999995e-03
1.420700000000000001e-03
-7.155909999999999702e-03
-6.078189999999999808e-03
-4.391919999999999787e-04
3.818089999999999895e-04
-6.288199999999999866e-03
-1.007470000000000067e-02
-5.447220000000000013e-03
-4.816410000000000136e-03
-6.414849999999999719e-03
-4.604849999999999742e-03
-3.496210000000000030e-03
-2.931260000000000202e-03
-1.630939999999999994e-03
-2.102160000000000053e-03
-5.306090000000000285e-03
-4.407259999999999650e-03
1.416399999999999951e-03
5.100419999999999607e-03
6.732049999999999840e-03
5.203479999999999911e-03
8.751909999999999898e-04
-1.435580000000000103e-03
-3.653940000000000052e-03
-7.592800000000000243e-03
-1.180789999999999965e-02
-1.652330000000000118e-02
-1.963399999999999868e-02
-1.577720000000000164e-02
-3.710489999999999882e-03
9.042359999999999287e-03
4.807419999999999749e-03
-1.104549999999999976e-02
-7.637220000000000120e-03
5.934410000000000206e-03
4.663969999999999921e-03
-1.833750000000000093e-03
-2.599890000000000100e-03
2.317500000000000115e-03
9.293279999999999250e-03
9.998540000000000205e-03
5.417489999999999632e-03
4.384850000000000032e-03
7.645380000000000231e-03
7.899319999999999606e-03
3.178400000000000062e-03
1.390079999999999918e-03
4.810710000000000160e-03
6.123289999999999983e-03
5.663640000000000167e-03
6.708709999999999674e-03
5.579579999999999783e-03
1.850110000000000079e-03
-4.170499999999999728e-03
-9.314789999999999875e-03
-5.005360000000000364e-03
1.437289999999999922e-03
-2.213390000000000030e-04
-3.443470000000000125e-03
-3.762279999999999791e-03
-2.612070000000000190e-03
-9.267509999999999637e-04
-1.378650000000000090e-04
2.603279999999999917e-04
1.017719999999999953e-03
1.683360000000000065e-03
2.233209999999999796e-03
2.221139999999999920e-03
2.748059999999999978e-04
-2.363420000000000191e-03
-3.788720000000000195e-03
-5.327759999999999961e-03
-6.468009999999999732e-03
-5.277989999999999765e-03
-3.514510000000000203e-03
-2.813589999999999928e-03
-2.037320000000000016e-03
-1.634969999999999913e-03
-2.382570000000000087e-03
-1.667059999999999939e-03
6.957450000000000006e-04
2.057209999999999855e-03
2.776649999999999865e-03
2.288280000000000175e-03
-1.106379999999999934e-04
-9.288340000000000181e-04
4.306399999999999833e-04
9.108470000000000021e-04
1.043190000000000046e-03
2.282629999999999902e-03
2.651590000000000110e-03
8.325480000000000120e-04
-7.995189999999999459e-04
-1.244260000000000071e-03
-1.945770000000000095e-03
-2.412769999999999845e-03
-2.827670000000000010e-03
-4.014900000000000066e-03
-3.811929999999999832e-03
-2.120190000000000095e-03
-1.300350000000000030e-03
-6.451329999999999912e-04
3.959869999999999883e-04
1.858309999999999899e-04
-6.981249999999999609e-04
1.920299999999999893e-04
2.313829999999999793e-03
4.725080000000000426e-03
7.873279999999999862e-03
8.561759999999999857e-03
6.372619999999999847e-03
6.258409999999999841e-03
8.205250000000000737e-03
8.098589999999999262e-03
4.416330000000000429e-03
9.781390000000000483e-04
7.631390000000000265e-04
2.251350000000000053e-04
-1.725500000000000037e-03
-2.023679999999999923e-03
-1.092330000000000026e-04
1.030289999999999895e-03
-6.115810000000000387e-04
-2.542560000000000132e-03
-3.513000000000000064e-03
-4.010149999999999652e-03
-3.423170000000000119e-03
-5.339520000000000377e-03
-8.442039999999999614e-03
-5.258750000000000403e-03
-6.411690000000000271e-04
4.781089999999999993e-04
2.098969999999999916e-03
3.296100000000000158e-03
2.006490000000000096e-03
-6.959930000000000023e-04
-3.467899999999999889e-03
-4.145140000000000283e-03
-3.952350000000000307e-03
-5.838829999999999715e-03
-4.179590000000000388e-03
1.733759999999999989e-03
3.465329999999999973e-03
2.789680000000000111e-03
1.588329999999999994e-03
-1.359289999999999977e-03
-2.400629999999999951e-03
-3.144549999999999863e-03
-5.803199999999999678e-03
-8.065559999999999397e-03
-9.340319999999999179e-03
-1.053119999999999924e-02
-9.430390000000000300e-03
-4.857669999999999697e-03
-1.855499999999999945e-03
-8.679319999999999700e-04
1.236909999999999919e-03
3.138730000000000166e-03
5.244330000000000172e-03
6.850420000000000294e-03
6.198610000000000231e-03
7.678599999999999835e-03
1.127109999999999917e-02
1.249749999999999993e-02
1.282699999999999986e-02
1.251120000000000010e-02
1.025339999999999932e-02
6.029600000000000411e-03
1.495250000000000051e-03
-4.819119999999999762e-04
-2.882950000000000009e-03
-5.376309999999999596e-03
-3.970780000000000143e-03
-2.221789999999999963e-03
-1.933859999999999919e-03
-7.056849999999999495e-04
1.030490000000000008e-03
2.679050000000000094e-03
4.452919999999999968e-03
6.642880000000000312e-03
8.496449999999999142e-03
7.083009999999999827e-03
3.873989999999999899e-03
2.812659999999999813e-03
2.050240000000000049e-03
1.000239999999999897e-03
1.874720000000000076e-03
3.127399999999999798e-03
1.802250000000000033e-03
-1.801419999999999974e-03
-2.839019999999999825e-03
-9.586389999999999538e-04
-3.621659999999999745e-04
-1.811299999999999954e-04
5.525289999999999542e-04
6.793530000000000532e-04
7.443299999999999699e-04
6.355770000000000169e-04
-7.554780000000000367e-06
-4.186889999999999753e-04
-4.535499999999999927e-04
-5.648020000000000178e-05
-1.692090000000000044e-03
-8.804470000000000005e-03
-1.711649999999999977e-02
-2.154500000000000165e-02
-1.973779999999999979e-02
-1.272970000000000004e-02
-9.529019999999999158e-03
-9.730020000000000682e-03
-6.713120000000000372e-03
-3.660800000000000078e-03
-2.212550000000000194e-03
-1.095899999999999912e-03
-1.996700000000000124e-03
-3.623939999999999974e-03
-3.982880000000000274e-03
-4.358139999999999931e-03
-4.931439999999999609e-03
-4.558269999999999683e-03
-3.824650000000000185e-03
-3.334279999999999796e-03
-2.245829999999999875e-03
-8.248059999999999767e-04
1.813090000000000057e-03
6.050029999999999644e-03
7.542469999999999904e-03
5.696979999999999926e-03
4.107999999999999673e-03
4.708580000000000404e-03
7.372629999999999809e-03
9.565999999999999850e-03
1.162359999999999956e-02
1.378949999999999967e-02
1.205039999999999931e-02
8.083109999999999254e-03
5.959739999999999829e-03
3.098899999999999919e-03
-1.084099999999999951e-03
-4.161790000000000281e-03
-6.208889999999999895e-03
-7.455490000000000381e-03
-6.205659999999999996e-03
-2.320340000000000163e-03
7.309589999999999924e-04
2.994940000000000189e-03
6.733590000000000235e-03
8.158000000000000321e-03
3.708170000000000216e-03
-8.543550000000000016e-04
-1.965339999999999882e-03
-3.553680000000000033e-03
-3.754589999999999924e-03
-5.625709999999999912e-04
1.608129999999999933e-03
2.692299999999999902e-03
4.886449999999999648e-03
6.704410000000000057e-03
7.410380000000000265e-03
8.269999999999999574e-03
9.591709999999999819e-03
9.892379999999999229e-03
8.779500000000000845e-03
7.866690000000000835e-03
6.977060000000000206e-03
5.248159999999999978e-03
3.979820000000000232e-03
4.090530000000000208e-03
4.548420000000000067e-03
4.569710000000000265e-03
4.877900000000000118e-03
5.585429999999999735e-03
6.224290000000000378e-03
6.553630000000000393e-03
5.562479999999999855e-03
3.803110000000000171e-03
2.566489999999999830e-03
7.728980000000000529e-04
-1.710930000000000046e-03
-3.257649999999999955e-03
-3.303389999999999799e-03
-2.281220000000000036e-03
-1.560350000000000062e-03
-2.381729999999999872e-03
-2.722270000000000158e-03
-5.013440000000000301e-04
1.949760000000000035e-03
2.775389999999999975e-03
1.688859999999999927e-03
-1.129030000000000051e-03
-2.623359999999999928e-03
-2.147880000000000015e-03
-1.944839999999999980e-03
-1.985180000000000018e-03
-1.793689999999999911e-03
-1.584850000000000061e-03
-1.459879999999999988e-03
-1.935859999999999968e-03
-2.578330000000000205e-03
-1.949180000000000010e-03
-8.051519999999999511e-04
-4.587600000000000055e-04
-1.403149999999999927e-03
-3.659350000000000016e-03
-5.129650000000000355e-03
-5.953540000000000221e-03
-6.983030000000000313e-03
-5.049210000000000156e-03
-4.561049999999999978e-04
3.406119999999999894e-03
5.209130000000000184e-03
4.525460000000000246e-03
2.730139999999999824e-03
9.331399999999999461e-04
4.043440000000000033e-05
-2.547210000000000164e-04
-2.016420000000000105e-03
-3.512949999999999927e-03
-2.530269999999999828e-03
-1.162999999999999971e-03
-3.229880000000000186e-04
1.109439999999999949e-03
2.865130000000000021e-03
4.149950000000000340e-03
2.920970000000000164e-03
-8.931110000000000351e-04
-3.548389999999999791e-03
-2.598959999999999985e-03
1.169780000000000005e-05
2.748130000000000063e-05
-1.456770000000000027e-03
-1.127009999999999904e-03
-2.805090000000000209e-04
5.991849999999999900e-05
-4.174329999999999859e-04
-1.017319999999999943e-03
2.048309999999999909e-04
1.796859999999999950e-03
2.326270000000000074e-03
2.937949999999999937e-03
3.739590000000000101e-03
2.875139999999999987e-03
1.795090000000000054e-04
-1.496429999999999982e-03
-1.942359999999999963e-03
-2.230579999999999802e-03
-1.628969999999999984e-03
-9.525100000000000537e-04
-4.533210000000000191e-04
8.304420000000000291e-04
2.296050000000000001e-03
3.084110000000000150e-03
3.303690000000000185e-03
3.700129999999999825e-03
3.510699999999999845e-03
1.514259999999999912e-03
-7.977060000000000227e-04
-2.968070000000000170e-03
-4.345439999999999893e-03
-3.193409999999999825e-03
-2.002449999999999803e-03
-1.333360000000000014e-03
5.842939999999999592e-04
1.223410000000000079e-03
-2.496720000000000043e-05
-5.102359999999999578e-04
-6.558259999999999784e-04
-1.456720000000000107e-03
-2.152840000000000049e-03
-2.717180000000000029e-03
-3.416499999999999832e-03
-4.121800000000000117e-03
-4.759280000000000281e-03
-4.636040000000000126e-03
-3.646180000000000167e-03
-2.908879999999999973e-03
-2.764379999999999876e-03
-3.840350000000000187e-03
-5.438379999999999603e-03
-4.666489999999999701e-03
-2.590550000000000058e-03
-1.638630000000000078e-03
-1.805400000000000028e-04
2.415510000000000053e-03
2.963579999999999947e-03
1.190740000000000028e-03
5.527219999999999573e-04
3.386229999999999731e-04
-1.028749999999999934e-03
-1.466910000000000089e-03
-8.213749999999999480e-04
-7.362580000000000513e-04
-7.185390000000000266e-04
-1.514139999999999974e-04
3.697600000000000105e-04
7.603440000000000372e-04
1.324749999999999973e-03
1.994339999999999828e-03
2.574889999999999818e-03
3.504059999999999814e-03
3.603540000000000128e-03
-7.669579999999999844e-04
-5.638849999999999939e-03
-5.686000000000000082e-03
-6.293530000000000305e-03
-8.636649999999999189e-03
-8.219870000000000648e-03
-6.441449999999999607e-03
-5.603509999999999915e-03
-4.605050000000000289e-03
-2.943649999999999912e-03
-1.155580000000000019e-03
7.972740000000000512e-04
1.835880000000000021e-03
9.797969999999999163e-04
-3.564749999999999776e-04
-1.577599999999999966e-03
-3.535330000000000156e-03
-4.063129999999999867e-03
-2.577780000000000002e-03
-1.935770000000000069e-03
-1.717210000000000047e-03
-4.941319999999999914e-04
1.195939999999999937e-03
3.010140000000000125e-03
4.362569999999999643e-03
3.833920000000000210e-03
2.304319999999999893e-03
1.763730000000000029e-03
1.178390000000000080e-03
4.424359999999999903e-04
8.393250000000000320e-04
1.329689999999999908e-03
1.355910000000000101e-03
1.632119999999999925e-03
2.033670000000000009e-03
2.416140000000000215e-03
2.974070000000000099e-03
3.074149999999999886e-03
2.154479999999999850e-03
1.074080000000000043e-03
1.598790000000000053e-04
-6.629719999999999537e-04
-8.877340000000000491e-04
-1.155460000000000081e-03
-1.268629999999999975e-03
-2.360349999999999991e-04
8.814950000000000433e-04
1.332569999999999935e-03
1.782809999999999907e-03
2.401270000000000054e-03
3.033740000000000048e-03
3.335729999999999858e-03
2.473079999999999896e-03
1.345319999999999893e-03
1.829509999999999904e-03
2.818189999999999931e-03
2.825540000000000083e-03
2.852280000000000006e-03
3.332550000000000096e-03
3.728679999999999842e-03
4.193230000000000048e-03
4.551470000000000168e-03
3.724799999999999899e-03
2.143030000000000195e-03
6.540470000000000485e-04
-1.519170000000000026e-03
-3.574579999999999945e-03
-3.377279999999999865e-03
-9.201329999999999535e-04
1.335440000000000021e-03
1.719189999999999998e-03
6.843279999999999979e-04
-5.771730000000000523e-04
-9.995189999999999284e-04
-1.192970000000000011e-03
-1.507359999999999907e-03
-1.049409999999999970e-03
-8.730640000000000015e-04
-1.920849999999999988e-03
-1.811969999999999987e-03
1.640909999999999981e-04
1.411790000000000007e-03
1.681790000000000064e-03
2.303100000000000199e-03
3.358480000000000059e-03
4.641120000000000315e-03
6.444949999999999637e-03
7.157740000000000109e-03
6.016080000000000039e-03
7.159440000000000422e-03
9.318889999999999812e-03
8.139890000000000320e-03
6.485190000000000052e-03
5.507419999999999850e-03
3.215019999999999857e-03
6.223119999999999737e-04
-2.646250000000000165e-03
-5.823509999999999624e-03
-6.179040000000000227e-03
-5.675790000000000002e-03
-5.620339999999999711e-03
-4.990020000000000393e-03
-4.254810000000000363e-03
-3.671100000000000058e-03
-3.293069999999999938e-03
-2.874310000000000146e-03
-2.089409999999999878e-03
-1.087049999999999995e-03
-1.000550000000000007e-03
-3.987069999999999677e-03
-8.276649999999999979e-03
-1.052009999999999924e-02
-1.044740000000000078e-02
-8.781950000000000173e-03
-7.456980000000000205e-03
-6.787190000000000237e-03
-4.285889999999999665e-03
1.709939999999999963e-04
2.882669999999999937e-03
3.500619999999999860e-03
4.457520000000000406e-03
5.087320000000000210e-03
5.030210000000000237e-03
4.592500000000000228e-03
3.998729999999999819e-03
3.573620000000000008e-03
2.819780000000000030e-03
1.825849999999999956e-03
1.785569999999999996e-03
2.971380000000000028e-03
3.694330000000000010e-03
3.145160000000000143e-03
2.549130000000000146e-03
1.680950000000000066e-03
-6.480560000000000443e-04
-3.089249999999999982e-03
-4.864349999999999924e-03
-6.646580000000000023e-03
-7.878960000000000824e-03
-8.031730000000000813e-03
-7.246660000000000254e-03
-5.726160000000000104e-03
-3.269960000000000141e-03
1.230829999999999869e-04
2.318929999999999863e-03
1.706019999999999932e-03
2.988239999999999972e-04
-4.677169999999999809e-04
-9.635569999999999769e-04
4.863040000000000114e-04
3.295980000000000004e-03
4.279159999999999735e-03
5.484229999999999661e-03
7.042089999999999982e-03
5.534260000000000047e-03
3.687909999999999973e-03
3.238710000000000113e-03
1.825779999999999938e-03
-2.344969999999999878e-04
-2.665910000000000068e-03
-4.839689999999999791e-03
-4.133790000000000034e-03
-2.246919999999999907e-03
-1.353699999999999999e-03
1.465510000000000001e-04
1.798759999999999942e-03
2.671600000000000103e-03
3.257460000000000216e-03
3.706510000000000100e-03
3.721799999999999935e-03
2.625680000000000028e-03
1.179469999999999954e-03
9.723219999999999379e-05
-1.226780000000000015e-03
-1.912190000000000027e-03
-1.376569999999999920e-03
-1.065699999999999937e-03
-8.390179999999999687e-04
8.848150000000000318e-05
1.109369999999999931e-03
2.136569999999999962e-03
2.371049999999999981e-03
1.422829999999999928e-03
1.604050000000000094e-03
3.147389999999999910e-03
4.077520000000000276e-03
3.656679999999999826e-03
2.240170000000000095e-03
1.168739999999999927e-03
1.590119999999999880e-04
-8.074140000000000050e-04
1.074979999999999903e-03
3.247840000000000102e-03
1.795790000000000016e-03
7.684130000000000170e-04
7.684529999999999963e-04
-9.329689999999999641e-04
-1.230179999999999989e-03
3.317770000000000051e-04
6.698459999999999831e-04
6.655930000000000223e-04
8.634650000000000008e-04
-3.421410000000000163e-04
-9.598799999999999780e-04
6.054850000000000076e-04
1.696749999999999908e-03
2.064639999999999965e-03
2.397209999999999879e-03
1.008250000000000032e-03
4.371539999999999823e-04
2.969579999999999876e-03
4.958559999999999877e-03
5.129339999999999594e-03
4.455080000000000151e-03
1.792069999999999991e-03
-1.284189999999999941e-03
-2.175040000000000046e-03
-2.629890000000000179e-03
-3.550080000000000163e-03
-3.120519999999999891e-03
-2.080970000000000129e-03
-5.321250000000000459e-04
3.190070000000000145e-03
4.951640000000000208e-03
2.729710000000000209e-03
1.796539999999999899e-03
2.332560000000000015e-03
1.603849999999999981e-03
7.661999999999999757e-04
4.275889999999999747e-04
1.234610000000000026e-04
6.429349999999999692e-05
2.590299999999999916e-05
-1.439110000000000118e-04
-1.743559999999999956e-04
-1.085770000000000008e-04
-1.149260000000000038e-04
-1.310960000000000066e-04
1.530930000000000062e-04
8.029619999999999466e-04
1.174059999999999991e-03
7.929360000000000531e-04
2.093329999999999963e-04
-2.562449999999999971e-04
-6.017530000000000101e-04
-9.198940000000000393e-05
8.635440000000000520e-04
1.277069999999999941e-03
1.554040000000000022e-03
1.653879999999999934e-03
1.384540000000000076e-03
1.374500000000000071e-03
1.136740000000000016e-03
-2.370670000000000123e-04
-1.915409999999999986e-03
-3.424180000000000192e-03
-5.512490000000000098e-03
-7.234710000000000099e-03
-7.593570000000000007e-03
-7.259680000000000126e-03
-5.684660000000000234e-03
-3.405410000000000208e-03
-2.669610000000000212e-03
-2.313860000000000049e-03
-1.170019999999999914e-03
-1.091689999999999978e-03
-2.034320000000000052e-03
-2.453349999999999975e-03
-2.209650000000000069e-03
-1.641239999999999973e-03
-1.171640000000000051e-03
-8.101029999999999516e-04
-3.015870000000000248e-04
2.298719999999999973e-04
9.766519999999999455e-04
2.129209999999999870e-03
2.896790000000000215e-03
2.014419999999999839e-03
2.855840000000000223e-04
-5.192600000000000124e-04
-9.880180000000000125e-04
-1.897999999999999948e-03
-2.731640000000000023e-03
-3.362330000000000180e-03
-4.033669999999999617e-03
-4.844410000000000383e-03
-5.139789999999999984e-03
-4.268489999999999784e-03
-3.195439999999999912e-03
-2.629890000000000179e-03
-2.198560000000000011e-03
-1.994160000000000030e-03
-2.597200000000000029e-03
-3.178310000000000163e-03
-2.435570000000000183e-03
-1.664010000000000055e-03
-1.397460000000000108e-03
-6.516669999999999798e-04
-3.368000000000000280e-05
1.695509999999999899e-04
4.321780000000000218e-04
-1.055479999999999998e-04
-1.596509999999999986e-03
-1.875790000000000009e-03
-7.577179999999999983e-04
-3.204939999999999981e-04
-3.757920000000000097e-04
4.351630000000000211e-05
5.540470000000000030e-04
1.156389999999999979e-03
1.962939999999999824e-03
2.684999999999999887e-03
3.045550000000000167e-03
3.117439999999999968e-03
2.684399999999999981e-03
5.390360000000000073e-04
-1.953209999999999929e-03
-2.167800000000000109e-03
-1.333879999999999962e-03
-6.436410000000000265e-04
6.505070000000000383e-04
1.888879999999999899e-03
2.722660000000000011e-03
3.200530000000000042e-03
2.605370000000000082e-03
1.627790000000000053e-03
1.535710000000000026e-03
2.215359999999999985e-03
2.672900000000000189e-03
2.181180000000000011e-03
1.213710000000000006e-03
7.568419999999999748e-04
5.226509999999999533e-04
-8.547519999999999641e-04
-2.920199999999999966e-03
-4.206910000000000337e-03
-5.091629999999999767e-03
-4.208670000000000293e-03
-1.173769999999999978e-03
2.769410000000000036e-04
5.077989999999999674e-04
2.023819999999999959e-03
3.052169999999999883e-03
2.177249999999999932e-03
1.133080000000000068e-03
7.794059999999999573e-04
1.609650000000000013e-04
-7.016389999999999953e-04
-1.344429999999999974e-03
-1.986289999999999931e-03
-2.736290000000000163e-03
-3.511489999999999924e-03
-4.194749999999999694e-03
-4.708050000000000082e-03
-5.227609999999999722e-03
-6.474879999999999698e-03
-7.379929999999999823e-03
-6.419570000000000311e-03
-5.572090000000000029e-03
-5.527449999999999725e-03
-4.591269999999999726e-03
-2.885019999999999859e-03
-7.175540000000000217e-04
2.699040000000000206e-03
6.285040000000000418e-03
7.400969999999999771e-03
6.096609999999999703e-03
4.712319999999999877e-03
3.837600000000000039e-03
2.502949999999999880e-03
6.731250000000000037e-04
-1.296269999999999974e-03
-2.708229999999999839e-03
-3.307630000000000205e-03
-4.541749999999999780e-03
-5.030289999999999762e-03
-9.154840000000000460e-04
3.434229999999999922e-03
2.183150000000000021e-03
4.444089999999999662e-05
1.597179999999999911e-04
-1.737390000000000115e-04
-1.168289999999999997e-03
-1.837480000000000059e-03
-2.502199999999999997e-03
-3.130579999999999995e-03
-2.209510000000000033e-03
-3.440790000000000103e-04
1.776950000000000122e-04
4.396630000000000221e-04
1.477779999999999936e-03
1.961420000000000177e-03
1.431570000000000065e-03
6.871429999999999769e-04
2.662270000000000109e-04
-2.383789999999999889e-04
-9.240329999999999941e-04
-1.507599999999999999e-03
-2.061250000000000148e-03
-2.649009999999999820e-03
-3.276540000000000095e-03
-3.970409999999999738e-03
-4.803189999999999717e-03
-5.181060000000000353e-03
-3.938289999999999673e-03
-2.030389999999999973e-03
-9.844929999999999133e-04
4.935940000000000043e-05
1.543090000000000000e-03
2.902259999999999823e-03
4.307359999999999661e-03
5.182970000000000285e-03
4.574919999999999681e-03
3.731400000000000168e-03
3.479579999999999913e-03
2.949010000000000173e-03
2.212790000000000069e-03
1.338790000000000075e-03
1.843819999999999907e-05
-1.100030000000000105e-03
-1.674920000000000098e-03
-2.273289999999999859e-03
-3.180309999999999995e-03
-3.445999999999999844e-03
-2.076210000000000208e-03
-3.097859999999999915e-04
8.624130000000000251e-04
2.231659999999999894e-03
3.318960000000000139e-03
3.723320000000000015e-03
4.368490000000000047e-03
5.121569999999999769e-03
5.588380000000000430e-03
6.109709999999999967e-03
6.889359999999999755e-03
6.280110000000000206e-03
3.216880000000000087e-03
1.063270000000000057e-03
8.883349999999999710e-04
-2.293859999999999888e-04
-1.516409999999999937e-03
-8.848499999999999595e-04
2.414659999999999951e-04
5.395769999999999603e-04
7.879570000000000454e-04
1.275700000000000054e-03
1.727680000000000101e-03
2.032599999999999858e-03
1.799610000000000098e-03
1.294589999999999977e-03
1.476679999999999963e-03
2.144060000000000150e-03
2.526529999999999922e-03
2.905370000000000001e-03
3.257490000000000038e-03
3.088259999999999790e-03
2.885400000000000204e-03
3.122769999999999973e-03
3.391439999999999906e-03
3.165489999999999970e-03
2.644200000000000196e-03
2.327420000000000183e-03
1.930630000000000020e-03
1.218810000000000076e-03
5.280589999999999937e-04
1.951189999999999864e-05
-1.171830000000000061e-04
-7.857000000000000160e-05
1.978510000000000002e-04
1.424209999999999973e-03
2.645820000000000116e-03
2.433890000000000185e-03
1.716040000000000057e-03
1.393050000000000061e-03
3.086879999999999962e-04
-3.955629999999999802e-04
1.193510000000000057e-03
2.663500000000000069e-03
2.740939999999999870e-03
2.836609999999999826e-03
2.610869999999999944e-03
1.910870000000000060e-03
1.540050000000000056e-03
1.335199999999999929e-03
1.447130000000000031e-03
1.924450000000000075e-03
1.241289999999999928e-03
-1.635449999999999935e-04
-4.262809999999999934e-05
8.942460000000000166e-04
6.323929999999999742e-04
-5.088340000000000007e-04
-1.217980000000000017e-03
-1.154010000000000018e-03
-7.423829999999999969e-04
-4.806100000000000216e-04
-1.070820000000000024e-04
5.579330000000000400e-04
4.821809999999999833e-04
-5.687199999999999894e-04
-1.342230000000000029e-03
-1.647210000000000080e-03
-2.031569999999999904e-03
-2.010119999999999789e-03
-1.412599999999999967e-03
-1.019829999999999999e-03
-1.171179999999999964e-03
-1.535270000000000037e-03
-1.796639999999999956e-03
-2.019239999999999837e-03
-1.806059999999999957e-03
-1.034079999999999938e-03
-6.747759999999999782e-04
-7.512530000000000119e-04
-1.054569999999999900e-03
-1.717910000000000010e-03
-2.643509999999999957e-03
-4.260149999999999874e-03
-5.942189999999999972e-03
-6.917229999999999907e-03
-7.650299999999999635e-03
-7.418189999999999854e-03
-6.179119999999999752e-03
-4.962920000000000005e-03
-3.043609999999999979e-03
-1.164710000000000007e-03
-4.052859999999999818e-04
6.799360000000000169e-04
2.453560000000000029e-03
3.095179999999999893e-03
2.070370000000000196e-03
1.307320000000000053e-03
1.142170000000000078e-03
6.216009999999999461e-04
8.946009999999999412e-05
-3.329040000000000232e-04
-9.135909999999999474e-04
-1.385109999999999944e-03
-1.292449999999999892e-03
-9.374760000000000211e-04
-8.225869999999999493e-04
-7.354700000000000040e-04
-6.173300000000000272e-04
-5.569699999999999478e-04
-4.446590000000000265e-04
-3.418040000000000227e-04
-2.782719999999999812e-04
-1.968960000000000068e-04
-1.219249999999999956e-04
1.789310000000000119e-04
-3.591760000000000048e-04
-2.058879999999999912e-03
-2.004619999999999926e-03
-8.416940000000000359e-04
-9.557430000000000005e-04
-8.483479999999999624e-04
-1.469239999999999912e-04
-1.806769999999999915e-04
-8.769579999999999476e-04
-1.425389999999999904e-03
-1.718509999999999916e-03
-1.998419999999999884e-03
-2.269789999999999829e-03
-2.525690000000000140e-03
-2.614089999999999903e-03
-2.616830000000000111e-03
-2.672069999999999914e-03
-2.400110000000000004e-03
-1.799580000000000060e-03
-1.329990000000000078e-03
-9.723709999999999775e-04
-6.195589999999999951e-04
-2.882270000000000036e-04
7.760210000000000025e-05
5.403769999999999797e-04
1.130560000000000072e-03
1.359820000000000082e-03
9.759150000000000507e-04
6.544440000000000110e-04
6.702970000000000369e-04
7.895480000000000510e-04
9.171020000000000430e-04
8.718050000000000192e-04
5.914699999999999732e-04
3.577100000000000158e-04
1.667569999999999892e-04
-5.107570000000000296e-04
-1.329239999999999979e-03
-1.476139999999999917e-03
-1.507490000000000002e-03
-1.932439999999999896e-03
-2.169570000000000005e-03
-9.188049999999999690e-04
1.164799999999999907e-03
1.783840000000000078e-03
2.325400000000000036e-03
2.941679999999999903e-03
1.616669999999999956e-03
3.192399999999999860e-04
-1.345069999999999914e-04
-1.134100000000000082e-03
-2.286670000000000195e-03
-3.353000000000000078e-03
-4.218529999999999849e-03
-4.032410000000000161e-03
-3.383880000000000134e-03
-3.198859999999999985e-03
-2.959719999999999886e-03
-2.704110000000000021e-03
-2.710970000000000046e-03
-2.614619999999999791e-03
-2.486309999999999822e-03
-2.429600000000000076e-03
-2.309820000000000189e-03
-2.196660000000000019e-03
-2.058850000000000090e-03
-1.803020000000000013e-03
-1.566289999999999913e-03
-1.346439999999999963e-03
-9.640929999999999596e-04
-5.065990000000000467e-04
-1.032880000000000045e-04
2.776470000000000066e-04
5.424610000000000499e-04
7.057399999999999481e-04
9.560280000000000427e-04
1.429729999999999933e-03
2.062720000000000092e-03
2.583049999999999929e-03
3.419489999999999856e-03
4.580660000000000287e-03
4.708669999999999869e-03
4.205969999999999848e-03
4.308049999999999900e-03
4.266400000000000053e-03
3.806659999999999905e-03
3.527429999999999802e-03
3.253170000000000107e-03
3.027269999999999874e-03
3.136859999999999996e-03
3.282010000000000136e-03
3.291230000000000024e-03
2.985359999999999837e-03
2.257879999999999870e-03
1.626719999999999902e-03
1.087300000000000029e-03
3.109419999999999784e-04
-3.474059999999999735e-04
-2.665659999999999818e-04
2.703000000000000107e-04
5.229069999999999725e-04
7.757039999999999986e-04
1.145500000000000034e-03
1.181420000000000083e-03
1.115950000000000102e-03
1.197429999999999979e-03
1.242220000000000043e-03
1.056620000000000085e-03
6.101449999999999799e-04
1.866670000000000070e-04
-1.006290000000000016e-04
-3.228300000000000245e-04
-4.889049999999999820e-04
-6.744259999999999968e-04
-8.393969999999999730e-04
-1.059739999999999988e-03
-1.490369999999999976e-03
-1.947020000000000044e-03
-2.343169999999999888e-03
-2.913900000000000084e-03
-2.580869999999999866e-03
-8.158300000000000274e-04
-6.249409999999999514e-05
-4.366780000000000227e-04
2.613749999999999835e-05
5.826540000000000495e-04
6.713269999999999915e-04
9.269299999999999632e-04
1.208309999999999983e-03
1.314580000000000089e-03
1.446290000000000032e-03
1.540909999999999936e-03
1.289699999999999961e-03
8.902069999999999558e-04
6.455109999999999798e-04
3.621459999999999848e-04
-6.351429999999999598e-05
3.313239999999999740e-04
1.465670000000000080e-03
1.649120000000000013e-03
1.585100000000000094e-03
1.951040000000000023e-03
1.665330000000000022e-03
1.199149999999999956e-03
1.027850000000000074e-03
7.832880000000000398e-04
6.710830000000000527e-04
7.014770000000000467e-04
6.514840000000000257e-04
6.356289999999999683e-04
6.798480000000000408e-04
6.258799999999999910e-04
4.316200000000000180e-04
2.423720000000000030e-04
7.778350000000000498e-05
-7.085160000000000448e-05
2.739889999999999952e-05
2.849959999999999798e-04
3.966980000000000159e-04
5.536150000000000316e-04
1.254040000000000103e-03
1.891960000000000039e-03
1.274549999999999945e-03
3.116409999999999797e-04
1.765969999999999899e-04
1.355340000000000071e-04
-2.259549999999999872e-04
-5.079960000000000335e-04
-4.518440000000000195e-04
-1.193719999999999948e-04
2.036239999999999871e-04
7.555599999999999556e-04
9.350779999999999943e-04
-8.214320000000000324e-05
-6.625070000000000047e-04
-2.913620000000000066e-05
3.633740000000000212e-04
3.483490000000000219e-04
5.976510000000000416e-04
9.374949999999999950e-04
8.493660000000000532e-04
3.263109999999999730e-04
-8.579640000000000411e-05
-3.769590000000000072e-04
-8.334479999999999797e-04
-1.305170000000000028e-03
-1.769320000000000007e-03
-2.194450000000000133e-03
-1.972929999999999909e-03
-1.162180000000000071e-03
-6.138510000000000017e-04
-1.521000000000000108e-04
6.293349999999999639e-04
1.447960000000000089e-03
2.271430000000000064e-03
2.526829999999999875e-03
1.602329999999999900e-03
6.131339999999999880e-04
1.724250000000000034e-04
-3.106079999999999779e-04
-8.764029999999999911e-04
-1.380970000000000027e-03
-1.724430000000000103e-03
-1.930520000000000022e-03
-2.231170000000000202e-03
-2.428360000000000067e-03
-2.266069999999999803e-03
-2.061630000000000060e-03
-2.052239999999999880e-03
-2.145160000000000122e-03
-2.253680000000000093e-03
-2.349089999999999859e-03
-2.427659999999999887e-03
-2.576259999999999922e-03
-3.095350000000000185e-03
-3.972119999999999991e-03
-3.917959999999999846e-03
-1.975839999999999975e-03
-4.392970000000000056e-05
2.414449999999999897e-04
3.620100000000000119e-04
1.216529999999999955e-03
1.492819999999999954e-03
9.435249999999999627e-04
6.154679999999999830e-04
4.732769999999999751e-04
1.123999999999999945e-04
-2.488899999999999836e-04
-5.426580000000000075e-04
-8.851900000000000003e-04
-1.137409999999999940e-03
-1.115490000000000015e-03
-1.019439999999999930e-03
-1.028129999999999929e-03
-9.969689999999998935e-04
-9.199800000000000382e-04
-8.615660000000000245e-04
-7.871580000000000417e-04
-7.154900000000000496e-04
-6.602560000000000156e-04
-5.860109999999999972e-04
-4.503500000000000233e-04
-2.812620000000000051e-04
-1.406520000000000079e-04
3.949459999999999961e-05
1.651989999999999882e-04
-1.287879999999999873e-04
-6.517400000000000450e-04
-9.919309999999999326e-04
-1.400100000000000042e-03
-1.545219999999999927e-03
-9.686850000000000538e-04
-4.581909999999999911e-04
-3.776280000000000240e-04
-2.912599999999999998e-04
-8.541450000000000019e-05
-1.339230000000000119e-04
-6.725449999999999788e-04
-1.199240000000000072e-03
-1.477669999999999938e-03
-1.876099999999999903e-03
-2.046670000000000000e-03
-1.444500000000000037e-03
-7.289860000000000437e-04
-2.897059999999999805e-04
2.046799999999999987e-04
5.400999999999999551e-04
7.531680000000000232e-04
1.049449999999999949e-03
1.122629999999999895e-03
1.047229999999999906e-03
1.107099999999999968e-03
9.825260000000000590e-04
5.466759999999999545e-04
2.130950000000000053e-04
-7.988040000000000179e-05
-9.683670000000000342e-04
-1.880839999999999942e-03
-1.340440000000000034e-03
-2.078539999999999923e-04
1.673620000000000012e-04
5.514689999999999610e-04
1.244400000000000107e-03
1.822009999999999992e-03
2.287870000000000008e-03
2.629480000000000012e-03
2.957959999999999930e-03
3.340060000000000164e-03
3.611399999999999853e-03
3.803980000000000208e-03
4.108020000000000421e-03
4.280530000000000272e-03
3.732060000000000152e-03
2.810920000000000172e-03
2.180109999999999860e-03
1.691269999999999926e-03
1.353019999999999917e-03
1.063160000000000060e-03
9.343469999999999770e-04
1.417709999999999977e-03
1.968899999999999990e-03
2.364509999999999789e-03
3.018869999999999887e-03
3.225959999999999939e-03
2.650679999999999877e-03
2.261620000000000210e-03
2.089020000000000026e-03
1.669740000000000070e-03
1.225399999999999970e-03
8.164230000000000402e-04
3.740859999999999823e-04
-4.882129999999999960e-05
-4.723050000000000121e-04
-9.111990000000000150e-04
-1.401740000000000061e-03
-1.597700000000000075e-03
-1.087880000000000054e-03
-4.690890000000000077e-04
-1.354639999999999892e-04
3.278910000000000223e-04
8.821830000000000340e-04
1.475549999999999952e-03
2.273240000000000156e-03
2.289180000000000034e-03
1.112820000000000042e-03
1.260319999999999887e-04
-2.090969999999999938e-04
-1.831609999999999901e-04
-4.544490000000000259e-05
-9.731319999999999521e-05
5.408289999999999680e-05
6.219420000000000026e-04
1.193480000000000018e-03
1.010260000000000021e-03
1.363299999999999907e-04
-1.103180000000000046e-03
-3.418710000000000152e-03
-4.252820000000000038e-03
-2.242870000000000107e-03
-1.249609999999999957e-03
-1.229049999999999978e-03
-2.712540000000000155e-04
6.306779999999999678e-04
1.194919999999999923e-03
1.851280000000000070e-03
2.546730000000000087e-03
3.163730000000000014e-03
3.714020000000000168e-03
4.336600000000000350e-03
4.605899999999999578e-03
3.955740000000000124e-03
3.183179999999999864e-03
2.903740000000000140e-03
1.551389999999999931e-03
-1.219030000000000070e-03
-2.538110000000000106e-03
-2.625419999999999837e-03
-3.681400000000000037e-03
-3.845930000000000008e-03
-2.573100000000000040e-03
-1.894429999999999899e-03
-1.523370000000000019e-03
-9.055159999999999815e-04
-2.680450000000000129e-04
6.630229999999999978e-04
1.850709999999999985e-03
2.314999999999999784e-03
1.108849999999999983e-03
-2.340330000000000004e-04
-2.727319999999999766e-04
-5.014120000000000165e-04
-1.124320000000000050e-03
-9.369590000000000123e-04
-5.377249999999999652e-04
-4.664760000000000109e-04
-2.685510000000000111e-04
3.226949999999999995e-05
2.915029999999999770e-04
4.310750000000000020e-04
9.332320000000000123e-05
-5.102200000000000311e-04
-7.124829999999999748e-04
-4.165789999999999836e-04
-8.553439999999999882e-05
1.445220000000000098e-04
2.798750000000000131e-04
-2.043120000000000049e-04
-1.048410000000000054e-03
-1.564089999999999968e-03
-2.024989999999999950e-03
-2.622499999999999831e-03
-3.202550000000000188e-03
-3.286049999999999995e-03
-2.678890000000000177e-03
-2.207409999999999928e-03
-2.062940000000000086e-03
-1.805179999999999979e-03
-1.494099999999999942e-03
-1.240870000000000037e-03
-9.960749999999999119e-04
-7.442700000000000010e-04
-5.148859999999999895e-04
-3.241960000000000111e-04
-1.098599999999999951e-06
1.160049999999999981e-04
-1.516900000000000063e-03
-3.650650000000000076e-03
-4.221240000000000235e-03
-4.697459999999999657e-03
-4.395450000000000398e-03
-2.872319999999999821e-03
-1.994319999999999947e-03
-9.937469999999999030e-04
5.775739999999999694e-04
1.616009999999999973e-03
2.271079999999999974e-03
2.666060000000000044e-03
1.866919999999999994e-03
5.196559999999999591e-04
-2.691670000000000065e-04
-1.048630000000000048e-03
-2.073779999999999894e-03
-2.492820000000000192e-03
-1.981609999999999969e-03
-1.602040000000000105e-03
-1.336989999999999923e-03
-3.087729999999999793e-04
8.115810000000000211e-04
1.395339999999999905e-03
1.893209999999999988e-03
2.557840000000000027e-03
3.223349999999999826e-03
3.770089999999999813e-03
3.945699999999999902e-03
3.877100000000000077e-03
3.953260000000000107e-03
3.479340000000000037e-03
2.196089999999999934e-03
1.312540000000000061e-03
1.104750000000000046e-03
7.758659999999999472e-04
2.284320000000000111e-04
2.296269999999999955e-05
2.126279999999999978e-04
3.045289999999999976e-04
3.442720000000000133e-04
3.089519999999999788e-04
-2.861319999999999771e-04
-1.078659999999999949e-03
-1.606030000000000044e-03
-2.273550000000000050e-03
-2.851600000000000142e-03
-2.312690000000000058e-03
-1.670859999999999923e-03
-2.142579999999999832e-03
-2.050859999999999836e-03
-1.286540000000000079e-03
-1.340859999999999925e-03
-1.591439999999999955e-03
-1.335030000000000071e-03
-8.811360000000000286e-04
-4.763050000000000010e-04
1.360350000000000079e-04
1.163350000000000061e-03
2.158380000000000108e-03
3.004409999999999893e-03
3.942720000000000252e-03
4.903610000000000087e-03
5.888759999999999828e-03
6.250010000000000288e-03
5.349450000000000385e-03
4.655659999999999833e-03
5.267420000000000088e-03
5.999929999999999673e-03
5.946869999999999934e-03
5.403569999999999901e-03
4.897969999999999755e-03
4.514029999999999605e-03
4.007850000000000301e-03
3.458820000000000037e-03
2.889590000000000040e-03
2.136229999999999813e-03
1.358810000000000009e-03
8.761259999999999664e-04
6.667720000000000461e-04
3.856579999999999861e-04
3.464839999999999847e-05
-2.080999999999999896e-04
-4.163300000000000204e-04
-6.450100000000000061e-04
-8.757349999999999900e-04
-1.100969999999999943e-03
-1.327239999999999930e-03
-1.455230000000000065e-03
-1.426270000000000098e-03
-1.424340000000000068e-03
-1.477650000000000057e-03
-1.474929999999999948e-03
-1.465240000000000032e-03
-1.479019999999999944e-03
-1.485079999999999950e-03
-1.486549999999999894e-03
-1.518269999999999949e-03
-1.516860000000000083e-03
-1.293349999999999968e-03
-9.199250000000000396e-04
-6.768009999999999868e-04
-7.763250000000000185e-04
-1.150879999999999959e-03
-1.399800000000000089e-03
-1.356000000000000000e-03
-1.205240000000000001e-03
-1.145570000000000052e-03
-1.056159999999999998e-03
-7.407600000000000295e-04
-3.652829999999999923e-04
-1.400109999999999983e-04
-3.225319999999999809e-05
1.830070000000000047e-04
7.567760000000000199e-04
1.603760000000000081e-03
1.535700000000000086e-03
-1.287949999999999891e-04
-1.684909999999999967e-03
-1.944100000000000038e-03
-1.885909999999999974e-03
-2.298150000000000106e-03
-2.918879999999999999e-03
-3.480229999999999956e-03
-4.067529999999999757e-03
-4.297529999999999926e-03
-3.617260000000000180e-03
-2.791459999999999948e-03
-2.416039999999999941e-03
-1.781620000000000035e-03
-1.311190000000000055e-03
-2.286489999999999963e-03
-3.984180000000000360e-03
-4.268540000000000355e-03
-2.876469999999999895e-03
-1.759249999999999963e-03
-1.617640000000000050e-03
-1.910980000000000057e-03
-2.125740000000000095e-03
-1.294959999999999948e-03
-2.316979999999999897e-04
1.232519999999999916e-04
7.249070000000000036e-04
9.467100000000000211e-04
4.602389999999999823e-05
-3.434169999999999953e-04
6.849120000000000587e-05
-1.314300000000000071e-04
-9.135319999999999942e-04
-1.494509999999999892e-03
-2.041289999999999858e-03
-2.580209999999999882e-03
-1.937200000000000033e-03
-5.454910000000000531e-04
-1.765670000000000054e-04
-5.531160000000000080e-05
4.038140000000000067e-04
1.900510000000000003e-04
5.441630000000000279e-05
4.819280000000000113e-04
8.511319999999999682e-05
-1.095529999999999941e-03
-1.300960000000000094e-03
-4.336209999999999739e-04
2.591940000000000124e-05
-1.986830000000000085e-05
9.760660000000000158e-05
2.706359999999999886e-04
3.068160000000000115e-05
-5.521159999999999566e-04
-1.094279999999999965e-04
1.361739999999999956e-03
1.704519999999999950e-03
6.774720000000000351e-04
-2.558410000000000209e-06
4.198790000000000096e-04
1.072110000000000033e-03
1.500589999999999997e-03
2.551859999999999979e-03
3.597280000000000009e-03
3.054460000000000161e-03
1.794730000000000023e-03
1.642070000000000031e-03
2.293739999999999842e-03
2.473930000000000053e-03
1.540909999999999936e-03
1.239529999999999972e-04
-1.229799999999999914e-04
6.730360000000000118e-04
1.136459999999999944e-03
1.478609999999999994e-03
2.064579999999999887e-03
2.669860000000000028e-03
2.944659999999999986e-03
2.332850000000000028e-03
1.438529999999999930e-03
9.621719999999999622e-04
4.886209999999999555e-04
-1.031849999999999955e-04
-6.423419999999999564e-04
-1.170599999999999939e-03
-1.720670000000000099e-03
-2.174559999999999861e-03
-2.342429999999999946e-03
-2.470260000000000164e-03
-2.681489999999999915e-03
-2.297539999999999825e-03
-1.348349999999999896e-03
-6.263799999999999490e-04
-1.979039999999999944e-04
7.883040000000000338e-05
3.437000000000000059e-04
7.439400000000000093e-04
9.287730000000000334e-04
3.818019999999999877e-04
-5.166500000000000085e-04
-1.194409999999999916e-03
-1.311029999999999921e-03
-3.935049999999999941e-04
7.368010000000000358e-04
9.517770000000000050e-04
1.714909999999999883e-04
-5.382559999999999775e-04
6.347870000000000465e-04
2.510370000000000049e-03
2.187419999999999816e-03
1.141389999999999939e-03
1.176799999999999981e-03
8.196469999999999537e-04
1.645929999999999876e-04
1.688650000000000036e-04
2.314569999999999898e-04
7.573400000000000368e-05
5.417389999999999982e-05
9.388419999999999806e-05
5.470499999999999885e-05
1.723769999999999930e-05
-7.390669999999999832e-07
-3.531199999999999666e-05
4.375489999999999675e-05
3.756300000000000069e-04
7.392300000000000086e-04
1.007950000000000079e-03
1.340580000000000070e-03
1.756970000000000059e-03
1.886609999999999936e-03
1.414579999999999917e-03
8.479330000000000417e-04
5.209449999999999801e-04
9.496419999999999449e-05
-3.578850000000000065e-04
-6.854749999999999515e-04
-9.426480000000000319e-04
-6.541249999999999756e-04
6.754279999999999984e-05
2.537929999999999874e-04
-1.824089999999999945e-04
-8.948159999999999925e-04
-1.016839999999999975e-03
-4.815939999999999837e-05
4.851650000000000212e-04
-1.067299999999999929e-05
2.036790000000000128e-04
1.591579999999999991e-03
2.739459999999999985e-03
3.025690000000000150e-03
2.423569999999999891e-03
1.795809999999999898e-03
1.846079999999999943e-03
1.701629999999999983e-03
1.209220000000000000e-03
7.073739999999999802e-04
1.873990000000000128e-04
7.628699999999999652e-05
3.298369999999999796e-04
4.233169999999999858e-04
2.934829999999999817e-04
-7.321189999999999610e-06
-3.045459999999999942e-04
-5.849790000000000111e-04
-1.046250000000000088e-03
-1.469690000000000059e-03
-1.776379999999999930e-03
-2.103540000000000097e-03
-1.795450000000000084e-03
-6.868300000000000360e-04
1.956129999999999989e-04
1.015019999999999941e-03
1.734740000000000023e-03
9.546920000000000406e-04
-5.174990000000000406e-04
-1.368300000000000028e-03
-2.236059999999999784e-03
-2.527740000000000108e-03
-1.973649999999999970e-03
-1.733479999999999917e-03
-1.401389999999999971e-03
-5.832819999999999628e-04
3.172830000000000181e-04
1.366540000000000072e-03
2.126700000000000031e-03
1.809140000000000097e-03
1.081249999999999963e-03
8.021350000000000442e-04
5.142799999999999889e-04
1.274170000000000033e-04
-1.513660000000000005e-04
-4.750339999999999923e-04
-7.868859999999999874e-04
-1.033330000000000056e-03
-1.303319999999999956e-03
-1.505629999999999989e-03
-1.508840000000000008e-03
-1.491649999999999964e-03
-1.432120000000000051e-03
-1.150839999999999979e-03
-8.433250000000000208e-04
-7.978630000000000010e-04
-1.060890000000000097e-03
-1.317859999999999908e-03
-1.451449999999999962e-03
-1.678980000000000056e-03
-1.962399999999999995e-03
-2.208959999999999830e-03
-2.465090000000000076e-03
-2.707880000000000183e-03
-2.928399999999999840e-03
-3.206919999999999823e-03
-3.204620000000000038e-03
-2.565290000000000018e-03
-2.147930000000000152e-03
-2.735829999999999859e-03
-3.004220000000000154e-03
-1.512160000000000023e-03
2.745429999999999767e-04
6.318969999999999709e-04
7.163760000000000136e-04
1.400140000000000022e-03
1.615459999999999986e-03
1.266659999999999965e-03
1.157620000000000047e-03
1.058619999999999917e-03
6.645460000000000169e-04
3.033299999999999842e-04
2.647949999999999948e-05
-3.307469999999999963e-04
-7.304629999999999890e-04
-1.099460000000000021e-03
-1.509380000000000053e-03
-2.098009999999999979e-03
-2.321409999999999880e-03
-1.787579999999999985e-03
-1.339740000000000071e-03
-1.153989999999999920e-03
-7.395350000000000404e-04
-2.894379999999999891e-04
4.835709999999999819e-05
3.439350000000000198e-04
6.197839999999999600e-04
9.117510000000000328e-04
1.230229999999999909e-03
1.521519999999999947e-03
1.288349999999999955e-03
3.470890000000000238e-04
-1.076070000000000016e-04
8.460349999999999728e-04
1.706180000000000066e-03
1.162889999999999974e-03
6.453849999999999474e-04
7.359789999999999952e-04
6.477320000000000386e-04
5.472650000000000127e-04
6.270559999999999676e-04
9.539340000000000319e-04
1.470280000000000024e-03
1.732180000000000048e-03
1.686870000000000036e-03
1.705359999999999949e-03
1.639400000000000059e-03
1.104720000000000008e-03
4.709250000000000220e-04
-5.782210000000000328e-05
-8.201779999999999661e-04
-1.274940000000000014e-03
-6.796940000000000013e-04
2.113449999999999899e-04
5.660990000000000293e-04
5.717819999999999543e-04
5.332359999999999748e-04
8.484099999999999628e-04
1.509160000000000059e-03
1.906350000000000015e-03
2.028240000000000164e-03
2.152260000000000024e-03
1.737180000000000061e-03
6.926740000000000024e-04
1.821199999999999978e-04
8.099529999999999751e-04
1.769430000000000005e-03
2.039899999999999873e-03
1.386709999999999983e-03
5.079799999999999984e-04
-6.224490000000000437e-05
9.425229999999999882e-05
9.881250000000000710e-04
1.807540000000000058e-03
1.894920000000000024e-03
1.219079999999999990e-03
4.612409999999999839e-04
1.942819999999999942e-04
2.949200000000000020e-04
4.999590000000000154e-04
3.721080000000000091e-04
-1.087690000000000016e-04
-5.024919999999999994e-04
-9.030960000000000419e-04
-1.203089999999999975e-03
-3.567520000000000023e-04
1.243140000000000000e-03
2.169560000000000065e-03
2.307270000000000154e-03
2.208569999999999978e-03
2.294099999999999872e-03
2.193839999999999853e-03
1.715130000000000040e-03
1.352069999999999921e-03
1.115600000000000012e-03
9.569399999999999825e-04
8.820380000000000277e-04
7.983099999999999918e-04
3.891189999999999992e-04
-5.652380000000000251e-04
-1.483429999999999992e-03
-2.213160000000000040e-03
-2.874230000000000187e-03
-3.230799999999999818e-03
-3.662499999999999957e-03
-3.757879999999999901e-03
-2.671380000000000109e-03
-1.375890000000000056e-03
-7.265670000000000114e-04
-3.734060000000000092e-04
-2.649349999999999969e-05
4.291550000000000204e-04
8.653639999999999770e-04
4.684220000000000224e-04
-1.020120000000000011e-03
-1.682340000000000051e-03
-9.544710000000000303e-04
-6.518669999999999846e-04
-9.485830000000000217e-04
-1.200630000000000057e-03
-1.440899999999999950e-03
-1.148600000000000055e-03
-1.655159999999999921e-04
7.201669999999999643e-04
1.292299999999999916e-03
1.246759999999999969e-03
5.834699999999999956e-04
1.443620000000000114e-04
2.289860000000000062e-04
8.249260000000000230e-04
1.418009999999999930e-03
1.886950000000000086e-03
1.981150000000000098e-03
9.584840000000000070e-04
-2.935470000000000136e-04
-4.142530000000000062e-04
5.369259999999999615e-04
5.391519999999999906e-04
-7.470709999999999764e-04
-6.560000000000000076e-04
6.817429999999999541e-04
3.505100000000000034e-04
-1.425910000000000068e-03
-1.193730000000000051e-03
7.240480000000000310e-04
8.875810000000000253e-04
-1.246160000000000009e-04
-3.451010000000000015e-04
-4.692860000000000195e-04
-9.764879999999999654e-04
-8.760690000000000447e-04
-1.085619999999999950e-04
4.583540000000000097e-04
8.397279999999999805e-04
8.056540000000000489e-04
1.525150000000000128e-04
-2.771970000000000228e-04
-2.809360000000000221e-04
-2.775070000000000249e-04
-3.730159999999999943e-04
-5.136840000000000102e-05
8.887679999999999582e-04
1.786690000000000066e-03
2.217859999999999884e-03
1.782399999999999957e-03
9.191730000000000169e-04
4.422510000000000048e-04
-2.334450000000000155e-06
-4.531490000000000214e-04
-7.403470000000000320e-04
-1.109540000000000005e-03
-1.418629999999999934e-03
-1.533389999999999927e-03
-1.645909999999999995e-03
-1.857340000000000076e-03
-1.839319999999999974e-03
-1.241590000000000098e-03
-4.304150000000000185e-04
-8.737729999999999434e-05
-6.205600000000000352e-04
-1.280789999999999967e-03
-6.795030000000000297e-04
5.587640000000000055e-04
1.123800000000000103e-03
9.132800000000000380e-04
2.468090000000000149e-04
-4.299120000000000269e-05
1.368350000000000003e-04
4.004659999999999839e-04
1.099429999999999982e-03
1.531720000000000087e-03
4.834570000000000165e-04
-2.801219999999999990e-04
8.067330000000000161e-04
9.254130000000000385e-04
-3.146870000000000179e-04
2.256819999999999985e-04
1.062760000000000050e-03
8.648840000000000358e-05
-6.759360000000000281e-04
-1.180259999999999979e-04
1.255910000000000056e-03
1.915779999999999957e-03
6.968459999999999889e-04
-6.896089999999999902e-04
-1.426710000000000087e-03
-1.936580000000000029e-03
-1.551309999999999972e-03
-9.126699999999999743e-04
-8.253950000000000349e-04
-8.062409999999999672e-04
-7.528149999999999946e-04
-7.215649999999999668e-04
-6.027359999999999836e-04
-3.957640000000000008e-04
-2.209110000000000132e-04
1.474380000000000070e-04
7.672790000000000513e-04
8.139160000000000318e-04
2.855189999999999746e-04
1.071500000000000024e-04
3.689480000000000190e-04
6.700500000000000509e-04
8.699340000000000501e-04
1.148300000000000102e-03
1.054940000000000088e-03
8.268910000000000084e-05
-6.355109999999999535e-04
-1.605859999999999970e-04
5.679390000000000523e-04
4.081779999999999805e-04
-2.227069999999999939e-04
-5.145739999999999559e-04
-7.828849999999999828e-04
-1.164730000000000106e-03
-9.617160000000000465e-04
-3.409379999999999941e-04
3.405640000000000143e-05
3.380430000000000023e-04
3.476090000000000256e-04
-1.166820000000000053e-04
-4.256950000000000230e-04
-4.725409999999999875e-04
-4.685029999999999967e-04
-4.638749999999999861e-04
-4.157869999999999817e-04
-2.914160000000000166e-04
-1.846659999999999968e-04
-1.176039999999999941e-04
-1.949710000000000006e-04
-4.006060000000000198e-04
-4.702859999999999896e-04
-3.600750000000000109e-04
-1.891569999999999916e-04
4.885420000000000398e-06
1.171820000000000039e-04
-9.099929999999999456e-06
-2.343570000000000061e-04
-3.384390000000000033e-04
-3.233560000000000123e-04
-2.406540000000000035e-04
-1.758569999999999936e-04
-1.853369999999999909e-04
-2.643009999999999891e-04
-3.460709999999999871e-04
-4.213989999999999815e-04
-4.082940000000000180e-04
-9.505440000000000254e-05
3.387199999999999825e-04
4.336920000000000076e-04
1.157309999999999936e-04
-2.235390000000000022e-04
-3.621879999999999956e-04
-3.011029999999999935e-04
-1.324019999999999971e-04
-8.098370000000000189e-05
-8.440150000000000159e-05
-7.791070000000000268e-06
1.770030000000000060e-05
-1.017720000000000007e-04
-2.548110000000000240e-04
-2.933790000000000247e-04
-1.876729999999999902e-04
-5.730679999999999824e-05
8.342679999999999210e-06
3.192269999999999846e-05
2.608460000000000094e-05
2.565830000000000132e-05
3.459649999999999987e-05
2.916700000000000043e-05
2.516269999999999881e-05
3.530160000000000096e-05
2.204309999999999907e-05
-1.104239999999999985e-04
-3.022130000000000150e-04
-2.756419999999999877e-04
-3.376370000000000337e-05
1.170220000000000055e-04
7.333709999999999958e-05
-5.882500000000000006e-05
-1.247420000000000061e-04
-4.489430000000000146e-05
5.784680000000000323e-05
-3.749270000000000104e-05
-2.044299999999999926e-04
-1.110339999999999944e-04
7.009299999999999450e-05
3.291219999999999975e-05
-7.292959999999999374e-05
-1.006480000000000027e-04
-1.217440000000000053e-04
-5.765609999999999843e-05
1.196629999999999959e-04
2.476189999999999750e-04
2.143930000000000054e-04
4.476760000000000147e-05
-9.715020000000000372e-05
-9.264340000000000140e-05
3.241699999999999812e-05
8.853059999999999565e-05
-9.674419999999999778e-06
-9.900170000000000454e-05
-9.426150000000000544e-05
-3.660980000000000310e-05
1.706319999999999953e-05
4.651100000000000243e-05
4.289389999999999940e-05
7.137380000000000348e-07
-3.429919999999999849e-05
-3.790340000000000034e-05
-9.585820000000000321e-06
2.998699999999999936e-05
4.872330000000000156e-05
5.056039999999999791e-05
4.666109999999999952e-05
4.627960000000000325e-05
4.639199999999999899e-05
4.238140000000000050e-05
3.915020000000000338e-05
3.550550000000000082e-05
3.117260000000000034e-05
2.793509999999999957e-05
2.481470000000000146e-05
2.197079999999999978e-05
2.031849999999999867e-05
1.897759999999999936e-05
1.747259999999999937e-05
1.627789999999999877e-05
1.529829999999999886e-05
1.439200000000000044e-05
1.392630000000000082e-05
1.393220000000000020e-05
1.372680000000000044e-05
1.291039999999999924e-05
1.230510000000000014e-05
1.251210000000000003e-05
1.276289999999999939e-05
1.281220000000000076e-05
1.304240000000000069e-05
1.335680000000000059e-05
1.367800000000000016e-05
1.402479999999999996e-05
1.456660000000000043e-05
1.429429999999999967e-05
1.234790000000000082e-05
1.023899999999999972e-05
1.474650000000000018e-05
2.796099999999999877e-05
3.276230000000000309e-05
2.241529999999999865e-05
1.591169999999999878e-05
2.246029999999999907e-05
3.119790000000000161e-05
3.449929999999999680e-05
3.340899999999999811e-05
3.001730000000000142e-05
2.816580000000000060e-05
3.169109999999999885e-05
3.937240000000000271e-05
4.319780000000000169e-05
3.924170000000000072e-05
3.472470000000000314e-05
3.440830000000000055e-05
3.525349999999999713e-05
3.588320000000000230e-05
3.700009999999999833e-05
3.940250000000000095e-05
4.272730000000000001e-05
4.535899999999999719e-05
4.777500000000000252e-05
5.040150000000000186e-05
5.261770000000000276e-05
5.385090000000000308e-05
5.422980000000000042e-05
5.519649999999999914e-05
5.697750000000000124e-05
5.876239999999999833e-05
6.078329999999999790e-05
6.359299999999999914e-05
6.670030000000000240e-05
6.920910000000000115e-05
7.150640000000000370e-05
7.409270000000000298e-05
7.666439999999999735e-05
7.918989999999999883e-05
8.181830000000000233e-05
8.451499999999999974e-05
8.725139999999999610e-05
9.002799999999999930e-05
9.283649999999999791e-05
9.566999999999999712e-05
9.853050000000000133e-05
1.014189999999999992e-04
1.043339999999999941e-04
1.072810000000000050e-04
1.102590000000000026e-04
1.132729999999999978e-04
