-1.908739999999999872e-06
-7.236090000000000204e-06
-3.752120000000000170e-06
-6.636039999999999910e-06
1.483330000000000035e-06
-5.161329999999999591e-06
-3.933939999999999981e-06
-7.908269999999999756e-06
-3.173899999999999800e-06
-8.320889999999999542e-06
-4.496320000000000176e-06
-1.464199999999999974e-05
-3.471230000000000306e-05
-3.614959999999999690e-05
-8.881830000000000646e-06
3.456950000000000165e-05
8.331129999999999634e-05
1.027300000000000007e-04
1.111870000000000046e-04
7.696590000000000115e-05
9.306700000000000188e-06
-5.706170000000000290e-05
-5.730180000000000082e-05
-6.913169999999999407e-05
-4.916500000000000107e-05
-9.844450000000000249e-05
-2.222170000000000037e-04
-3.690790000000000216e-04
-3.308119999999999897e-04
-1.143529999999999943e-04
2.384710000000000077e-05
2.580479999999999796e-04
4.039590000000000129e-04
3.311030000000000180e-04
1.352899999999999871e-04
-1.519790000000000030e-04
-4.003839999999999938e-04
-4.007160000000000171e-04
-2.145849999999999928e-04
-2.808050000000000160e-06
2.292469999999999957e-04
3.357659999999999833e-04
2.250099999999999887e-04
5.633850000000000278e-05
-8.142529999999999441e-05
-2.657709999999999869e-04
-3.246349999999999843e-04
-1.643340000000000024e-04
5.701760000000000107e-05
3.633089999999999735e-04
4.500010000000000034e-04
2.689580000000000090e-05
-3.461380000000000121e-04
-6.588590000000000288e-04
-5.356319999999999701e-04
-4.552849999999999888e-04
-6.306299999999999710e-04
-4.458479999999999908e-04
-7.758169999999999617e-05
1.651869999999999890e-04
5.481369999999999732e-04
8.842000000000000250e-04
8.788959999999999958e-04
1.115859999999999986e-03
1.249569999999999978e-03
9.600360000000000490e-04
9.304520000000000152e-04
1.177260000000000069e-03
9.205549999999999844e-04
2.701159999999999868e-04
-5.947840000000000028e-04
-7.933709999999999634e-04
-4.615730000000000072e-04
-1.163220000000000020e-04
1.275840000000000036e-04
-1.000550000000000034e-04
-3.286659999999999734e-04
9.313499999999999513e-05
-3.301120000000000269e-04
-8.420050000000000538e-04
-8.311160000000000162e-04
-3.770760000000000062e-04
2.941110000000000035e-04
1.171740000000000108e-03
5.084729999999999545e-04
-2.897059999999999805e-04
-1.483009999999999884e-04
7.366529999999999823e-04
1.666210000000000000e-03
1.657449999999999982e-03
5.694310000000000170e-04
4.350010000000000047e-05
-3.462580000000000041e-04
-1.038510000000000084e-03
-1.340470000000000073e-03
-1.786309999999999938e-03
-1.048960000000000040e-03
-9.830419999999999436e-04
-2.014499999999999798e-03
-3.004539999999999988e-03
-2.548690000000000157e-03
-6.960570000000000342e-04
1.516619999999999991e-03
2.321500000000000213e-03
2.719969999999999940e-03
3.542200000000000123e-03
5.025830000000000228e-03
4.775259999999999921e-03
2.858669999999999788e-03
1.011839999999999962e-03
-1.124760000000000039e-03
-4.274339999999999737e-03
-6.024110000000000055e-03
-7.326840000000000262e-03
-8.179020000000000387e-03
-7.726219999999999789e-03
-6.958920000000000383e-03
-6.404230000000000339e-03
-6.386779999999999888e-03
-4.414160000000000306e-03
-1.330079999999999978e-03
5.400129999999999948e-04
1.981029999999999944e-03
4.763439999999999862e-03
5.589679999999999649e-03
3.032579999999999998e-03
2.114040000000000190e-03
4.601860000000000152e-03
4.988829999999999654e-03
2.273369999999999818e-03
-1.850599999999999988e-03
-5.069539999999999984e-03
-7.976099999999999857e-03
-7.829890000000000808e-03
-4.119730000000000267e-03
-4.297869999999999967e-04
3.390699999999999964e-03
7.118829999999999603e-03
8.014149999999999399e-03
4.190089999999999613e-03
4.222980000000000351e-06
9.641969999999999708e-04
5.916130000000000347e-03
9.133560000000000637e-03
8.167940000000000270e-03
5.426359999999999864e-03
5.785539999999999607e-03
6.502209999999999587e-03
3.692330000000000178e-03
-7.394500000000000031e-04
-3.351439999999999801e-03
-2.763230000000000200e-03
-3.639210000000000144e-04
2.356699999999999984e-04
1.048609999999999950e-03
3.331370000000000164e-03
2.789059999999999890e-03
8.679589999999999343e-05
-2.342350000000000096e-04
-4.173830000000000118e-04
-1.697249999999999974e-03
-5.891849999999999692e-03
-1.198759999999999930e-02
-1.720139999999999864e-02
-1.826499999999999999e-02
-1.513040000000000045e-02
-8.914349999999999705e-03
-3.086100000000000041e-03
8.294580000000000399e-04
2.907979999999999897e-04
-9.259630000000000248e-04
9.029269999999999831e-04
4.022849999999999690e-03
8.125870000000000315e-03
1.085090000000000013e-02
9.351730000000000806e-03
8.352929999999999730e-03
7.959420000000000037e-03
7.153719999999999697e-03
6.883710000000000349e-03
9.413740000000000302e-03
8.882509999999999711e-03
6.849219999999999614e-03
3.739720000000000197e-03
-4.115810000000000128e-03
-1.251020000000000083e-02
-1.696390000000000051e-02
-1.559199999999999996e-02
-1.066740000000000049e-02
-5.359520000000000430e-03
-1.475460000000000053e-03
-1.303429999999999953e-04
-7.352710000000000148e-04
-3.893900000000000052e-03
-5.281710000000000224e-03
-4.529649999999999649e-03
-4.313629999999999722e-03
-4.374750000000000166e-03
-2.261889999999999908e-03
1.694069999999999994e-03
5.506709999999999730e-03
4.255720000000000162e-03
-1.160460000000000094e-03
-2.719300000000000016e-03
-1.386309999999999973e-03
-2.482339999999999981e-03
-6.215499999999999671e-03
-8.041029999999999359e-03
-7.744039999999999778e-03
-5.818610000000000101e-03
-1.712119999999999918e-03
3.273229999999999803e-03
7.281369999999999683e-03
1.046910000000000028e-02
1.562629999999999922e-02
1.835859999999999922e-02
1.688049999999999967e-02
1.370820000000000025e-02
1.174399999999999923e-02
7.896490000000000800e-03
1.247980000000000096e-03
-4.889980000000000368e-03
-2.562309999999999935e-03
4.450309999999999856e-03
3.923140000000000308e-03
-1.881370000000000047e-03
-7.191290000000000356e-03
-1.395169999999999917e-02
-2.077170000000000058e-02
-2.215200000000000155e-02
-2.058079999999999979e-02
-1.589230000000000156e-02
-1.062890000000000015e-02
-6.543550000000000408e-03
-2.435000000000000098e-03
1.051159999999999985e-03
3.176469999999999815e-03
3.608740000000000038e-03
2.861230000000000197e-03
1.186269999999999903e-03
2.578519999999999944e-03
7.004179999999999608e-03
9.874279999999999169e-03
8.052000000000000129e-03
5.948069999999999746e-03
6.099450000000000184e-03
9.121509999999999341e-03
1.020109999999999940e-02
1.068780000000000077e-02
9.615739999999999357e-03
5.177560000000000322e-03
1.637400000000000010e-04
-1.688540000000000093e-03
-1.020779999999999940e-04
2.663019999999999884e-03
5.255400000000000349e-03
2.005859999999999935e-03
-5.783720000000000007e-03
-1.258160000000000008e-02
-1.736619999999999830e-02
-1.788659999999999903e-02
-1.506429999999999922e-02
-8.718989999999999380e-03
-1.060109999999999959e-03
6.263740000000000280e-03
1.060939999999999973e-02
8.689010000000000483e-03
-2.030869999999999887e-04
-6.929430000000000311e-03
-6.052489999999999780e-03
-2.551320000000000150e-03
-1.540139999999999955e-03
-2.900819999999999918e-04
9.996939999999999733e-04
-1.834270000000000041e-03
-6.011990000000000042e-03
-4.664119999999999898e-03
2.200260000000000106e-04
3.489350000000000004e-03
5.535489999999999682e-03
7.280570000000000097e-03
9.443929999999999686e-03
9.063730000000000744e-03
6.192160000000000372e-03
5.015920000000000101e-03
7.167399999999999986e-03
9.373730000000000256e-03
1.066510000000000027e-02
1.102670000000000039e-02
7.242909999999999973e-03
6.513340000000000492e-04
-5.252090000000000057e-03
-5.487060000000000201e-03
-4.254189999999999708e-03
-5.552549999999999847e-03
-4.770380000000000280e-03
1.055120000000000103e-03
9.228019999999999973e-03
1.607669999999999932e-02
1.804640000000000064e-02
1.425320000000000059e-02
6.950839999999999796e-03
-2.954239999999999904e-03
-1.112229999999999989e-02
-1.842440000000000050e-02
-2.379169999999999896e-02
-2.574610000000000093e-02
-2.286209999999999978e-02
-1.668120000000000019e-02
-9.822219999999999562e-03
-1.293249999999999912e-03
-9.817809999999999298e-04
-5.722060000000000167e-03
-2.669410000000000099e-03
4.920199999999999574e-03
6.669829999999999856e-03
2.181320000000000047e-03
-4.083550000000000027e-03
-9.659390000000000337e-03
-1.049150000000000083e-02
-3.432310000000000048e-03
4.624729999999999640e-03
5.952479999999999577e-03
1.880939999999999999e-03
-4.507210000000000209e-03
-9.884340000000000140e-03
-1.251580000000000054e-02
-1.113819999999999914e-02
-4.859470000000000282e-03
6.120249999999999822e-03
1.523090000000000034e-02
1.563180000000000125e-02
1.226930000000000034e-02
1.176510000000000056e-02
1.108420000000000065e-02
9.659900000000000778e-03
7.867350000000000385e-03
8.253029999999999741e-03
4.267540000000000222e-03
-7.749419999999999920e-03
-1.797040000000000096e-02
-1.806999999999999926e-02
-9.592859999999999929e-03
-2.246090000000000066e-03
7.365479999999999553e-04
5.496670000000000375e-03
1.314949999999999973e-02
1.770530000000000020e-02
1.640770000000000076e-02
1.275820000000000079e-02
1.168019999999999996e-02
1.185079999999999988e-02
1.364310000000000002e-02
1.608710000000000001e-02
1.530620000000000071e-02
1.292680000000000044e-02
1.227999999999999925e-02
1.224130000000000010e-02
1.167319999999999990e-02
1.023409999999999945e-02
7.874920000000000531e-03
4.859399999999999831e-03
3.633560000000000088e-03
5.179409999999999743e-03
8.636569999999999664e-03
1.095469999999999951e-02
9.877769999999999259e-03
4.620469999999999786e-03
-6.019359999999999641e-04
-4.520249999999999962e-03
-4.281700000000000263e-03
1.412010000000000001e-03
1.155119999999999932e-02
2.005159999999999929e-02
2.267129999999999840e-02
1.623869999999999827e-02
7.342310000000000329e-03
3.221340000000000054e-03
1.435290000000000090e-03
-3.516009999999999969e-03
-1.464249999999999927e-02
-2.778569999999999998e-02
-3.685990000000000100e-02
-4.292800000000000088e-02
-5.030960000000000293e-02
-5.527159999999999712e-02
-5.514140000000000014e-02
-4.875310000000000060e-02
-3.406130000000000269e-02
-1.202139999999999979e-02
7.015529999999999856e-03
1.841200000000000128e-02
2.452760000000000010e-02
3.059629999999999989e-02
3.666429999999999689e-02
3.945010000000000183e-02
3.412029999999999924e-02
1.536679999999999990e-02
-5.680310000000000047e-03
-1.955099999999999894e-02
-1.710419999999999996e-02
-5.842240000000000497e-04
2.617169999999999913e-02
4.168039999999999939e-02
4.538070000000000298e-02
4.505019999999999858e-02
4.307939999999999686e-02
4.355429999999999718e-02
4.610220000000000290e-02
4.862640000000000018e-02
4.694369999999999793e-02
3.702769999999999673e-02
1.802020000000000011e-02
-2.242810000000000029e-03
-1.595440000000000053e-02
-2.128729999999999858e-02
-1.937869999999999870e-02
-1.174399999999999923e-02
-3.411819999999999870e-03
2.605810000000000071e-03
1.126550000000000034e-03
-4.512569999999999602e-03
-1.266319999999999946e-02
-1.788599999999999912e-02
-1.447039999999999958e-02
-1.810070000000000082e-02
-2.853340000000000043e-02
-4.394870000000000027e-02
-6.315650000000000430e-02
-8.133519999999999639e-02
-1.003629999999999939e-01
-1.076479999999999937e-01
-1.017139999999999989e-01
-8.135599999999999776e-02
-4.951189999999999758e-02
-2.822120000000000010e-03
4.901950000000000057e-02
7.974879999999999469e-02
7.791810000000000402e-02
6.543569999999999942e-02
4.295550000000000063e-02
1.726420000000000038e-02
2.601270000000000145e-03
4.163649999999999643e-03
1.237019999999999960e-02
2.484429999999999972e-02
3.262869999999999659e-02
2.974850000000000064e-02
1.967259999999999842e-02
1.435510000000000085e-02
1.904530000000000112e-02
2.266800000000000065e-02
1.835439999999999988e-02
5.890190000000000009e-03
-1.977179999999999910e-02
-3.819569999999999910e-02
-4.036680000000000129e-02
-3.561530000000000251e-02
-2.498759999999999870e-02
-1.049940000000000075e-02
-1.593789999999999931e-04
1.286969999999999911e-03
-6.581909999999999844e-03
-2.235430000000000056e-02
-3.584899999999999892e-02
-3.631360000000000143e-02
-2.203630000000000172e-02
1.131260000000000078e-02
4.286120000000000207e-02
5.777820000000000178e-02
5.643600000000000005e-02
4.174499999999999739e-02
2.435249999999999915e-02
1.612939999999999860e-02
1.248669999999999988e-02
6.446659999999999890e-03
-8.242360000000000658e-03
-2.596290000000000056e-02
-3.619499999999999801e-02
-3.158509999999999790e-02
-1.239969999999999961e-02
-1.547879999999999959e-03
-1.474100000000000063e-02
-3.303829999999999961e-02
-4.379600000000000160e-02
-3.809280000000000305e-02
-1.860730000000000023e-02
9.506760000000000167e-04
1.935879999999999893e-02
3.080760000000000096e-02
3.183790000000000231e-02
3.975329999999999836e-02
4.541839999999999766e-02
4.068530000000000063e-02
2.761160000000000003e-02
1.438760000000000039e-02
1.999640000000000011e-03
-1.002899999999999972e-02
-2.370449999999999988e-02
-3.464359999999999662e-02
-3.847980000000000150e-02
-2.795550000000000118e-02
-1.404569999999999950e-02
7.815819999999999582e-04
6.884099999999999768e-04
-1.383850000000000011e-02
-2.069489999999999871e-02
-1.307359999999999946e-02
9.041140000000000244e-04
2.380660000000000068e-02
4.212119999999999753e-02
3.864589999999999692e-02
1.917920000000000041e-02
-9.091379999999999600e-03
-2.886359999999999967e-02
-3.596989999999999910e-02
-3.199660000000000004e-02
-2.337380000000000013e-02
-1.037339999999999963e-02
4.220980000000000044e-03
1.773200000000000123e-02
2.112670000000000173e-02
1.615000000000000116e-02
4.979830000000000194e-03
-8.748139999999999736e-03
-1.944459999999999938e-02
-1.862489999999999979e-02
-1.284189999999999984e-02
-3.404050000000000045e-03
8.242170000000000052e-03
1.466220000000000023e-02
1.361599999999999963e-02
9.154950000000000240e-03
7.917789999999999204e-03
8.148499999999999494e-03
7.448830000000000034e-03
6.316529999999999888e-03
4.746120000000000373e-03
3.610959999999999864e-03
2.337880000000000080e-03
8.266289999999999489e-04
1.120640000000000004e-03
4.762360000000000204e-03
1.472090000000000030e-02
2.380849999999999980e-02
2.566620000000000013e-02
2.208289999999999906e-02
1.569680000000000034e-02
1.043859999999999927e-02
3.780739999999999882e-03
-1.166000000000000023e-02
-3.463050000000000156e-02
-5.163739999999999997e-02
-5.814790000000000236e-02
-5.651169999999999805e-02
-5.484939999999999954e-02
-5.718279999999999891e-02
-6.315919999999999868e-02
-6.962319999999999620e-02
-7.368560000000000387e-02
-7.389360000000000372e-02
-7.005970000000000253e-02
-6.047140000000000154e-02
-4.418579999999999730e-02
-2.507339999999999916e-02
7.958940000000000068e-04
2.271019999999999983e-02
3.387890000000000346e-02
3.301579999999999793e-02
2.633200000000000124e-02
2.480979999999999991e-02
2.668190000000000145e-02
3.201060000000000016e-02
4.580879999999999674e-02
7.012140000000000040e-02
8.915080000000000227e-02
1.025670000000000054e-01
1.065900000000000042e-01
9.995919999999999805e-02
8.768159999999999843e-02
5.824399999999999716e-02
2.168880000000000113e-02
-5.056220000000000159e-03
-1.560019999999999983e-02
-1.771409999999999998e-02
-2.464389999999999983e-02
-3.934499999999999803e-02
-5.104820000000000191e-02
-5.077480000000000188e-02
-4.590439999999999798e-02
-3.152560000000000084e-02
-2.338629999999999876e-02
-2.266819999999999946e-02
-2.465169999999999861e-02
-2.443530000000000008e-02
-2.049679999999999905e-02
1.298719999999999953e-03
3.746549999999999880e-02
7.434839999999999505e-02
9.205539999999999556e-02
9.539209999999999356e-02
8.618489999999999485e-02
5.920890000000000181e-02
2.510329999999999853e-02
1.266030000000000020e-03
-1.742859999999999895e-02
-2.858139999999999986e-02
-2.986650000000000069e-02
-3.108500000000000152e-02
-3.828179999999999777e-02
-5.915150000000000269e-02
-9.102649999999999630e-02
-1.123210000000000042e-01
-1.140990000000000060e-01
-1.006930000000000047e-01
-5.450470000000000315e-02
2.034290000000000057e-02
6.651740000000000430e-02
8.488420000000000687e-02
9.052480000000000249e-02
8.887929999999999442e-02
8.026569999999999538e-02
6.886530000000000429e-02
5.535099999999999743e-02
3.919000000000000261e-02
4.211280000000000405e-03
-3.818699999999999872e-02
-6.349399999999999489e-02
-7.426889999999999881e-02
-7.416849999999999832e-02
-5.798249999999999932e-02
-2.038589999999999847e-02
3.800069999999999837e-02
6.717430000000000623e-02
7.010829999999999840e-02
6.909490000000000076e-02
6.119200000000000333e-02
5.274600000000000122e-02
4.289090000000000263e-02
2.804960000000000092e-02
4.243280000000000315e-03
-2.327879999999999880e-02
-5.746699999999999725e-02
-8.264090000000000324e-02
-8.616429999999999922e-02
-6.283950000000000646e-02
-1.089490000000000076e-02
5.130810000000000232e-02
9.329320000000000668e-02
1.133500000000000063e-01
1.101980000000000043e-01
9.694329999999999614e-02
6.080100000000000088e-02
8.229639999999999872e-03
-4.109379999999999977e-02
-7.199590000000000156e-02
-9.024730000000000252e-02
-9.696240000000000414e-02
-9.284439999999999360e-02
-7.753580000000000194e-02
-6.089989999999999987e-02
-5.561970000000000108e-02
-5.937560000000000060e-02
-7.302590000000000470e-02
-8.706410000000000537e-02
-9.083209999999999895e-02
-8.088389999999999469e-02
-5.196019999999999806e-02
8.840799999999999787e-04
3.945300000000000196e-02
4.299549999999999900e-02
3.011269999999999919e-02
1.168369999999999999e-02
6.626660000000000363e-03
1.741519999999999874e-02
4.222270000000000190e-02
7.348590000000000677e-02
9.060509999999999398e-02
9.477240000000000664e-02
9.132440000000000002e-02
8.559769999999999879e-02
7.518930000000000058e-02
5.786589999999999789e-02
3.196639999999999898e-02
2.645489999999999908e-03
-2.660610000000000058e-02
-4.966700000000000281e-02
-7.177899999999999558e-02
-9.276890000000000136e-02
-1.052720000000000045e-01
-1.140560000000000046e-01
-1.170299999999999951e-01
-1.149339999999999945e-01
-1.094689999999999969e-01
-1.053930000000000006e-01
-1.029179999999999956e-01
-1.003099999999999964e-01
-9.030710000000000126e-02
-7.215779999999999417e-02
-4.925340000000000273e-02
-2.376259999999999831e-02
5.200129999999999857e-03
2.675879999999999925e-02
3.814410000000000023e-02
4.480699999999999961e-02
5.207439999999999986e-02
6.704269999999999674e-02
8.513869999999999771e-02
1.000339999999999979e-01
1.143210000000000059e-01
1.263350000000000029e-01
1.303279999999999994e-01
1.337830000000000130e-01
1.363219999999999987e-01
1.326529999999999931e-01
1.224729999999999985e-01
1.076140000000000013e-01
7.573829999999999452e-02
2.780329999999999954e-02
-2.910840000000000042e-03
-1.322339999999999974e-02
-1.037779999999999953e-02
-3.043820000000000033e-03
4.666769999999999773e-03
5.955509999999999797e-03
1.360700000000000061e-03
-3.267729999999999940e-03
-6.329880000000000402e-03
-8.787349999999999328e-03
-1.351720000000000005e-02
-2.466749999999999846e-02
-4.153380000000000266e-02
-6.323529999999999429e-02
-7.881330000000000280e-02
-8.158809999999999674e-02
-6.948219999999999397e-02
-3.410130000000000106e-02
7.223369999999999791e-03
2.582430000000000142e-02
3.079549999999999996e-02
3.488739999999999897e-02
3.710539999999999672e-02
3.978820000000000273e-02
4.518459999999999838e-02
5.189980000000000288e-02
6.116100000000000009e-02
6.936939999999999773e-02
7.165240000000000498e-02
6.461780000000000301e-02
5.361219999999999875e-02
3.900239999999999957e-02
1.919999999999999832e-02
-1.203819999999999977e-03
-3.693640000000000118e-02
-6.759679999999999855e-02
-8.211799999999999655e-02
-9.429830000000000156e-02
-9.925549999999999651e-02
-9.295420000000000071e-02
-7.647550000000000181e-02
-5.963179999999999870e-02
-4.635000000000000231e-02
-3.228469999999999951e-02
-2.531430000000000138e-02
-3.523230000000000112e-02
-4.695309999999999762e-02
-4.832770000000000121e-02
-4.154139999999999916e-02
-3.841440000000000132e-02
-4.581720000000000237e-02
-5.937569999999999654e-02
-7.465910000000000601e-02
-8.580469999999999764e-02
-9.275189999999999824e-02
-9.868430000000000257e-02
-9.727199999999999736e-02
-8.496539999999999648e-02
-5.569419999999999926e-02
-2.038970000000000019e-02
-7.559800000000000200e-03
-1.251589999999999994e-02
-2.314650000000000041e-02
-2.971829999999999958e-02
-2.633850000000000080e-02
-1.033919999999999978e-02
3.038509999999999909e-03
1.276829999999999979e-02
1.888980000000000173e-02
1.912950000000000067e-02
2.295760000000000162e-02
3.280870000000000314e-02
4.643379999999999730e-02
6.931719999999999549e-02
8.763899999999999468e-02
9.460989999999999678e-02
9.419959999999999445e-02
8.621040000000000647e-02
6.756760000000000543e-02
3.507880000000000026e-02
4.785179999999999989e-03
-9.256250000000000588e-03
-1.185549999999999972e-02
-5.033189999999999886e-03
8.779610000000000192e-03
2.023109999999999839e-02
2.517480000000000065e-02
2.918880000000000086e-02
3.521799999999999931e-02
4.232489999999999863e-02
3.884640000000000315e-02
2.534679999999999919e-02
1.508449999999999938e-03
-1.873839999999999881e-02
-2.688379999999999936e-02
-2.815329999999999916e-02
-2.370070000000000163e-02
-1.851070000000000146e-02
-1.136990000000000049e-02
5.264330000000000225e-03
3.439289999999999708e-02
6.163819999999999716e-02
8.034479999999999400e-02
9.326520000000000643e-02
1.021770000000000039e-01
1.072940000000000005e-01
1.030879999999999991e-01
7.829239999999999811e-02
3.814290000000000042e-02
-6.461409999999999897e-03
-5.794300000000000145e-02
-8.892289999999999917e-02
-1.034709999999999935e-01
-1.125420000000000031e-01
-1.135290000000000049e-01
-1.093879999999999991e-01
-8.798259999999999414e-02
-4.123040000000000038e-02
1.838920000000000138e-02
6.711359999999999548e-02
8.890530000000000654e-02
9.023970000000000602e-02
7.782079999999999553e-02
5.905719999999999720e-02
4.100949999999999734e-02
2.353500000000000036e-02
5.520080000000000126e-03
-7.047030000000000134e-03
-1.378979999999999963e-02
-1.306850000000000026e-02
-8.139300000000000354e-03
1.993669999999999904e-04
1.202200000000000057e-03
-1.279920000000000016e-02
-4.377650000000000291e-02
-7.274540000000000173e-02
-8.797049999999999315e-02
-9.381710000000000049e-02
-9.411830000000000196e-02
-8.902419999999999778e-02
-7.873529999999999418e-02
-6.230000000000000121e-02
-3.546640000000000209e-02
-8.442079999999999376e-03
7.212800000000000114e-03
2.023109999999999839e-02
3.234549999999999925e-02
5.597160000000000329e-02
8.629680000000000684e-02
1.143060000000000048e-01
1.316130000000000078e-01
1.332399999999999973e-01
1.253960000000000075e-01
1.137240000000000056e-01
9.307909999999999795e-02
7.552280000000000104e-02
6.564960000000000240e-02
5.843269999999999714e-02
5.498270000000000240e-02
5.349779999999999813e-02
5.018240000000000200e-02
4.365610000000000324e-02
2.804349999999999898e-02
8.079239999999999686e-03
-1.026789999999999994e-02
-2.736950000000000147e-02
-3.474839999999999873e-02
-3.517130000000000256e-02
-2.882020000000000068e-02
-1.878830000000000083e-02
-1.283250000000000016e-02
-1.344539999999999971e-02
-1.818099999999999924e-02
-2.241459999999999980e-02
-2.216970000000000052e-02
-1.523940000000000017e-02
-1.578039999999999955e-03
9.039419999999999400e-03
6.902990000000000341e-03
-1.023259999999999968e-02
-4.274159999999999765e-02
-7.350760000000000627e-02
-9.489670000000000050e-02
-1.082690000000000041e-01
-1.164589999999999931e-01
-1.165299999999999947e-01
-1.076840000000000019e-01
-9.207759999999999556e-02
-7.998700000000000254e-02
-7.198150000000000381e-02
-6.577139999999999376e-02
-5.919329999999999731e-02
-4.934849999999999653e-02
-3.857290000000000024e-02
-2.781039999999999901e-02
-1.978979999999999975e-02
-1.228010000000000039e-02
-7.688200000000000069e-03
-1.211980000000000088e-03
6.396790000000000288e-03
1.280829999999999989e-02
1.919970000000000010e-02
2.243550000000000058e-02
1.772579999999999989e-02
4.983940000000000072e-03
-1.088289999999999917e-02
-2.533229999999999857e-02
-3.360180000000000111e-02
-3.380009999999999959e-02
-3.181210000000000288e-02
-2.909509999999999874e-02
-2.754320000000000032e-02
-2.670449999999999907e-02
-2.453750000000000028e-02
-1.709909999999999902e-02
-7.197679999999999703e-03
7.095889999999999663e-03
2.530970000000000095e-02
4.433789999999999953e-02
6.212700000000000167e-02
7.741199999999999470e-02
8.394160000000000510e-02
8.443280000000000229e-02
8.458300000000000540e-02
8.717740000000000211e-02
9.204610000000000569e-02
1.010920000000000013e-01
1.087390000000000023e-01
1.083130000000000065e-01
1.028570000000000040e-01
8.485090000000000687e-02
6.116289999999999921e-02
3.860039999999999999e-02
2.382449999999999846e-02
2.186489999999999961e-02
3.098839999999999928e-02
4.944450000000000234e-02
6.827719999999999623e-02
7.958759999999999446e-02
8.237410000000000565e-02
7.371129999999999349e-02
5.695530000000000037e-02
2.706510000000000166e-02
-2.941169999999999896e-03
-2.025199999999999917e-02
-2.088749999999999982e-02
-1.431080000000000026e-02
1.043159999999999921e-02
3.998009999999999758e-02
6.578610000000000013e-02
8.105249999999999955e-02
8.219210000000000405e-02
7.135030000000000538e-02
4.219549999999999690e-02
-5.140490000000000163e-03
-5.428109999999999880e-02
-9.470570000000000377e-02
-1.170270000000000060e-01
-1.256289999999999907e-01
-1.257409999999999917e-01
-1.185009999999999952e-01
-1.078220000000000012e-01
-9.395299999999999485e-02
-7.604550000000000198e-02
-6.076789999999999969e-02
-5.468309999999999838e-02
-5.146959999999999730e-02
-5.098479999999999679e-02
-5.184729999999999894e-02
-5.730360000000000315e-02
-6.564359999999999640e-02
-7.470820000000000238e-02
-7.576149999999999551e-02
-6.966609999999999470e-02
-5.111969999999999709e-02
-2.932409999999999878e-02
-8.001489999999999991e-03
8.371810000000000362e-03
9.936129999999999615e-03
-1.843030000000000059e-03
-1.658410000000000092e-02
-2.721169999999999839e-02
-2.871260000000000132e-02
-2.132509999999999961e-02
-1.476799999999999901e-03
2.341330000000000147e-02
4.490460000000000285e-02
5.412200000000000344e-02
5.477640000000000287e-02
5.045410000000000172e-02
3.749340000000000311e-02
1.914340000000000139e-02
1.249120000000000048e-03
-1.466259999999999959e-02
-2.174099999999999991e-02
-2.275670000000000123e-02
-2.121620000000000103e-02
-1.853590000000000099e-02
-1.626609999999999862e-02
-1.676739999999999828e-02
-2.090730000000000019e-02
-2.454140000000000141e-02
-2.407650000000000068e-02
-1.527139999999999921e-02
-6.761469999999999893e-04
1.610970000000000110e-02
3.213219999999999965e-02
4.009399999999999770e-02
4.120569999999999788e-02
3.836839999999999695e-02
3.036550000000000013e-02
1.915539999999999951e-02
8.658020000000000646e-03
2.086789999999999826e-03
2.804479999999999820e-03
9.514389999999999306e-03
1.794019999999999990e-02
2.351229999999999987e-02
2.255340000000000122e-02
1.649099999999999872e-02
6.046359999999999756e-03
-4.495840000000000079e-03
-1.142319999999999967e-02
-1.077149999999999982e-02
-2.773579999999999882e-03
9.736939999999999484e-03
1.642180000000000029e-02
1.462689999999999997e-02
4.449390000000000116e-03
-1.077550000000000036e-02
-2.580740000000000117e-02
-3.831400000000000083e-02
-4.330520000000000203e-02
-4.371789999999999704e-02
-3.781190000000000245e-02
-2.467280000000000167e-02
-5.278749999999999588e-03
1.455219999999999951e-02
3.239159999999999956e-02
4.488899999999999835e-02
5.296669999999999850e-02
5.786399999999999877e-02
6.266969999999999485e-02
6.544010000000000105e-02
6.383450000000000235e-02
5.579690000000000344e-02
4.608500000000000096e-02
3.830549999999999927e-02
3.206169999999999853e-02
2.820790000000000103e-02
2.686850000000000002e-02
2.673259999999999872e-02
2.903520000000000059e-02
2.937999999999999987e-02
2.593689999999999884e-02
2.352160000000000015e-02
2.287530000000000119e-02
2.311279999999999932e-02
2.318310000000000162e-02
2.069580000000000031e-02
1.188140000000000029e-02
-3.838289999999999844e-03
-1.952049999999999966e-02
-3.501920000000000033e-02
-4.975159999999999999e-02
-5.815950000000000286e-02
-6.055200000000000166e-02
-5.257300000000000167e-02
-3.615530000000000133e-02
-1.203139999999999939e-02
1.269059999999999980e-02
2.615839999999999832e-02
2.850070000000000034e-02
2.207380000000000106e-02
-1.778910000000000083e-03
-2.777109999999999995e-02
-5.334459999999999896e-02
-7.440499999999999892e-02
-8.382080000000000086e-02
-8.706830000000000125e-02
-8.956949999999999634e-02
-9.280330000000000523e-02
-9.706620000000000525e-02
-1.005069999999999991e-01
-9.958980000000000610e-02
-9.377430000000000487e-02
-8.224339999999999429e-02
-6.400250000000000383e-02
-4.547879999999999978e-02
-3.321190000000000253e-02
-2.505709999999999882e-02
-1.788609999999999853e-02
-1.042779999999999922e-02
-2.517280000000000212e-03
7.311419999999999898e-03
2.183190000000000131e-02
4.260019999999999779e-02
5.928339999999999999e-02
6.905790000000000539e-02
7.532560000000000644e-02
8.012529999999999653e-02
8.464460000000000039e-02
8.850679999999999659e-02
9.016799999999999815e-02
8.964379999999999571e-02
8.414299999999999558e-02
7.260519999999999474e-02
5.645649999999999974e-02
3.864950000000000330e-02
2.334280000000000035e-02
7.341379999999999781e-03
-5.479529999999999818e-03
-1.669150000000000147e-02
-2.294480000000000131e-02
-2.802119999999999958e-02
-3.571830000000000144e-02
-4.335030000000000133e-02
-4.890049999999999952e-02
-5.436139999999999722e-02
-6.146650000000000030e-02
-6.864870000000000694e-02
-7.807699999999999363e-02
-8.714969999999999661e-02
-9.171400000000000385e-02
-9.357899999999999552e-02
-9.413000000000000533e-02
-9.244610000000000327e-02
-8.743299999999999683e-02
-7.635970000000000257e-02
-5.954530000000000239e-02
-3.749369999999999786e-02
-2.138670000000000154e-02
-1.569629999999999984e-02
-1.444209999999999938e-02
-1.370919999999999951e-02
-1.020240000000000036e-02
-5.185310000000000266e-04
2.016870000000000121e-02
4.027089999999999836e-02
5.630620000000000069e-02
6.810289999999999400e-02
7.193769999999999332e-02
7.104230000000000267e-02
6.423990000000000256e-02
5.302029999999999937e-02
3.306540000000000173e-02
7.929580000000000309e-03
-1.697219999999999979e-02
-3.859590000000000243e-02
-4.958819999999999895e-02
-5.027790000000000037e-02
-4.586819999999999786e-02
-3.433760000000000284e-02
-1.489389999999999985e-02
1.181150000000000082e-02
2.968840000000000021e-02
4.462409999999999988e-02
5.393839999999999746e-02
5.863949999999999718e-02
6.145559999999999912e-02
6.342209999999999515e-02
6.367159999999999487e-02
6.026039999999999869e-02
5.349040000000000045e-02
4.246660000000000018e-02
2.627490000000000034e-02
1.262319999999999935e-02
6.817150000000000119e-03
5.979739999999999882e-03
1.125109999999999999e-02
2.154060000000000002e-02
3.000629999999999964e-02
3.091419999999999932e-02
2.451510000000000147e-02
1.371859999999999920e-02
9.511739999999999431e-03
1.073709999999999942e-02
1.424100000000000019e-02
1.771850000000000161e-02
1.436849999999999933e-02
5.522889999999999917e-03
-6.850580000000000211e-03
-2.059820000000000054e-02
-2.717970000000000108e-02
-2.691570000000000074e-02
-2.038589999999999847e-02
-5.595170000000000005e-03
1.033380000000000062e-02
2.043829999999999952e-02
2.493460000000000121e-02
2.604340000000000127e-02
2.584799999999999945e-02
2.549699999999999883e-02
2.511969999999999828e-02
2.454510000000000025e-02
2.488009999999999874e-02
2.562419999999999976e-02
2.742309999999999887e-02
2.989510000000000084e-02
3.099640000000000034e-02
3.065390000000000129e-02
2.973980000000000026e-02
2.688329999999999886e-02
2.453870000000000010e-02
2.403419999999999862e-02
2.446790000000000076e-02
2.621650000000000022e-02
2.845090000000000119e-02
3.326849999999999946e-02
3.797129999999999950e-02
4.294590000000000213e-02
4.758219999999999811e-02
5.185939999999999994e-02
5.433079999999999854e-02
5.620189999999999908e-02
5.617989999999999789e-02
5.292650000000000132e-02
4.214079999999999909e-02
2.678670000000000009e-02
1.179909999999999987e-02
-2.714410000000000000e-03
-1.743629999999999833e-02
-3.085250000000000145e-02
-3.975589999999999680e-02
-4.396280000000000326e-02
-4.609479999999999827e-02
-4.589420000000000305e-02
-4.349589999999999707e-02
-3.687080000000000218e-02
-2.428380000000000122e-02
-8.396010000000000625e-03
4.582840000000000351e-03
1.032650000000000061e-02
1.139809999999999955e-02
1.163609999999999992e-02
1.284450000000000001e-02
1.570670000000000052e-02
1.996190000000000117e-02
2.485419999999999990e-02
2.811550000000000160e-02
3.166599999999999970e-02
3.536330000000000029e-02
3.898200000000000276e-02
4.110110000000000152e-02
4.345310000000000145e-02
4.405699999999999894e-02
3.972699999999999843e-02
3.108990000000000017e-02
1.839719999999999897e-02
4.763479999999999624e-03
-2.439370000000000167e-03
-6.506910000000000298e-03
-8.252560000000000798e-03
-5.935229999999999673e-03
-1.322810000000000001e-03
2.942610000000000017e-03
3.798740000000000103e-03
2.956700000000000040e-03
-5.764210000000000297e-04
-5.628819999999999657e-03
-9.099619999999999237e-03
-1.248890000000000070e-02
-1.433450000000000002e-02
-1.601839999999999861e-02
-1.767250000000000071e-02
-1.705699999999999925e-02
-1.427490000000000009e-02
-1.079800000000000031e-02
-7.201189999999999675e-03
-4.869580000000000089e-03
-2.768249999999999877e-03
3.913739999999999971e-04
5.629409999999999623e-03
9.946460000000000717e-03
1.215180000000000080e-02
1.168690000000000007e-02
7.509110000000000264e-03
-1.615700000000000079e-03
-1.127730000000000052e-02
-2.078119999999999967e-02
-2.756240000000000079e-02
-2.998369999999999855e-02
-3.081240000000000021e-02
-3.056209999999999830e-02
-2.877719999999999931e-02
-2.810959999999999848e-02
-2.740259999999999918e-02
-2.649270000000000097e-02
-2.471960000000000129e-02
-2.169240000000000057e-02
-1.693779999999999938e-02
-1.091300000000000082e-02
-3.691359999999999867e-03
1.886499999999999939e-03
3.645359999999999833e-03
1.583520000000000045e-04
-6.175059999999999577e-03
-1.604730000000000045e-02
-2.670830000000000079e-02
-3.597199999999999703e-02
-3.927819999999999923e-02
-3.922400000000000192e-02
-3.954579999999999901e-02
-3.892149999999999777e-02
-3.896609999999999657e-02
-3.969020000000000187e-02
-3.856919999999999793e-02
-3.563380000000000020e-02
-3.257020000000000054e-02
-2.994170000000000165e-02
-2.960569999999999868e-02
-3.128220000000000306e-02
-3.331239999999999896e-02
-3.495499999999999996e-02
-3.614499999999999658e-02
-3.666090000000000321e-02
-3.603060000000000290e-02
-3.347699999999999981e-02
-3.145119999999999860e-02
-2.976550000000000029e-02
-2.961269999999999875e-02
-2.809089999999999851e-02
-2.487549999999999831e-02
-2.028150000000000092e-02
-1.436959999999999973e-02
-9.659390000000000337e-03
-9.140129999999999783e-03
-1.353060000000000027e-02
-2.444889999999999911e-02
-3.588890000000000136e-02
-4.755419999999999786e-02
-5.793210000000000026e-02
-6.427360000000000018e-02
-6.594239999999999824e-02
-6.587930000000000175e-02
-6.270520000000000260e-02
-5.621099999999999708e-02
-4.395509999999999695e-02
-2.425180000000000044e-02
-1.907929999999999956e-03
1.023729999999999953e-02
1.442689999999999945e-02
1.493760000000000053e-02
1.147339999999999992e-02
5.924310000000000340e-03
-6.567629999999999323e-05
-4.953960000000000308e-03
-8.043629999999999530e-03
-9.419749999999999304e-03
-8.860140000000000723e-03
-5.596389999999999698e-03
9.972469999999999338e-04
1.161279999999999951e-02
2.142720000000000041e-02
2.757700000000000082e-02
3.072859999999999828e-02
3.079109999999999833e-02
2.921210000000000126e-02
2.636449999999999905e-02
2.364849999999999938e-02
2.232970000000000094e-02
2.295550000000000021e-02
2.221820000000000045e-02
1.698699999999999863e-02
7.025299999999999948e-03
-2.922500000000000184e-03
-7.432919999999999978e-03
-7.024640000000000398e-03
-3.744589999999999898e-03
1.392439999999999997e-03
6.732819999999999604e-03
9.236559999999999562e-03
8.776880000000000792e-03
4.779799999999999847e-03
-3.406510000000000180e-03
-1.153410000000000026e-02
-1.808020000000000113e-02
-2.310960000000000097e-02
-2.599479999999999846e-02
-2.588589999999999988e-02
-2.174359999999999835e-02
-1.158610000000000022e-02
3.604210000000000053e-03
1.951179999999999928e-02
2.937820000000000015e-02
3.307530000000000192e-02
3.228620000000000101e-02
2.901000000000000106e-02
2.616730000000000098e-02
2.409129999999999952e-02
2.165730000000000086e-02
1.963619999999999949e-02
1.948659999999999975e-02
2.228499999999999925e-02
2.860889999999999961e-02
3.549259999999999915e-02
3.938570000000000265e-02
3.974729999999999930e-02
3.836570000000000258e-02
3.726689999999999864e-02
3.422050000000000092e-02
2.982160000000000019e-02
2.753749999999999948e-02
2.601320000000000021e-02
2.442389999999999839e-02
2.048339999999999883e-02
1.333020000000000038e-02
2.717929999999999912e-03
-9.300559999999999383e-03
-2.015950000000000034e-02
-2.748070000000000027e-02
-2.980419999999999944e-02
-2.893820000000000073e-02
-2.425199999999999925e-02
-1.568169999999999981e-02
-6.761389999999999935e-03
-3.824550000000000237e-04
2.758050000000000172e-03
9.752499999999999884e-04
-3.845560000000000037e-03
-8.323620000000000324e-03
-1.071579999999999928e-02
-1.104420000000000054e-02
-1.014020000000000025e-02
-9.393000000000000307e-03
-1.021760000000000029e-02
-1.376089999999999952e-02
-1.784600000000000075e-02
-2.046049999999999952e-02
-2.038999999999999840e-02
-1.721110000000000001e-02
-1.034110000000000064e-02
2.120680000000000167e-06
1.046210000000000022e-02
1.866759999999999947e-02
2.344850000000000059e-02
2.519390000000000171e-02
2.535170000000000132e-02
2.523519999999999930e-02
2.494750000000000092e-02
2.208040000000000003e-02
1.512810000000000023e-02
8.337169999999999651e-03
3.043080000000000090e-03
-3.952189999999999848e-04
-2.675289999999999873e-03
-3.799410000000000027e-03
-2.938829999999999915e-03
-1.515939999999999909e-03
1.004139999999999937e-03
2.097889999999999824e-03
2.183050000000000181e-03
1.846619999999999989e-03
-1.019579999999999965e-03
-6.769299999999999796e-03
-1.642650000000000013e-02
-2.586209999999999898e-02
-3.456189999999999957e-02
-3.908260000000000206e-02
-4.015060000000000157e-02
-4.051899999999999946e-02
-4.009770000000000001e-02
-3.847480000000000344e-02
-3.618129999999999957e-02
-3.350659999999999750e-02
-2.976099999999999926e-02
-2.287099999999999897e-02
-1.401559999999999959e-02
-3.173609999999999886e-03
6.251300000000000433e-03
1.200290000000000037e-02
1.601769999999999930e-02
1.897129999999999997e-02
2.213369999999999921e-02
2.388739999999999961e-02
2.336440000000000045e-02
2.226099999999999954e-02
1.866369999999999835e-02
1.501599999999999983e-02
1.245590000000000065e-02
1.244050000000000017e-02
1.381250000000000012e-02
1.524580000000000032e-02
1.755019999999999844e-02
2.080769999999999842e-02
2.485880000000000034e-02
2.969619999999999899e-02
3.583820000000000061e-02
4.226270000000000027e-02
4.701790000000000136e-02
4.777950000000000252e-02
4.465340000000000281e-02
3.581290000000000168e-02
2.073219999999999924e-02
6.092300000000000146e-03
-3.105430000000000169e-03
-5.776260000000000075e-03
-5.058159999999999913e-03
-2.727929999999999938e-03
-5.780940000000000254e-04
-7.887089999999999596e-04
-3.259300000000000131e-03
-5.844260000000000427e-03
-6.283780000000000095e-03
-6.195309999999999880e-03
-5.508729999999999877e-03
-6.295440000000000237e-03
-7.638169999999999682e-03
-9.735600000000000503e-03
-1.209239999999999968e-02
-1.471910000000000059e-02
-1.707480000000000109e-02
-2.021770000000000164e-02
-2.192420000000000133e-02
-2.254569999999999838e-02
-1.966609999999999886e-02
-1.552629999999999982e-02
-1.070450000000000047e-02
-8.332980000000000248e-03
-8.246869999999999895e-03
-8.113979999999999804e-03
-7.391820000000000335e-03
-4.478140000000000245e-03
-1.806099999999999936e-03
9.462090000000000474e-04
2.770330000000000101e-03
4.963989999999999722e-03
7.808070000000000288e-03
1.198259999999999950e-02
1.859639999999999904e-02
2.545870000000000077e-02
3.081619999999999845e-02
3.422449999999999798e-02
3.645489999999999842e-02
3.721700000000000008e-02
3.623389999999999944e-02
3.479449999999999904e-02
3.396129999999999982e-02
3.326400000000000190e-02
2.985840000000000022e-02
2.401460000000000053e-02
1.659410000000000052e-02
9.744110000000000271e-03
3.334730000000000159e-03
-2.793819999999999810e-03
-1.285719999999999918e-02
-2.336929999999999910e-02
-2.807170000000000151e-02
-2.749120000000000036e-02
-2.280619999999999870e-02
-1.511039999999999953e-02
-4.593569999999999945e-03
2.276830000000000086e-03
4.934629999999999746e-03
6.790019999999999910e-03
8.396910000000000485e-03
8.459909999999999305e-03
6.634199999999999819e-03
2.869500000000000089e-03
-2.582140000000000130e-03
-5.254459999999999860e-03
-5.384039999999999659e-03
-5.506999999999999743e-03
-4.999589999999999937e-03
-4.623200000000000053e-03
-7.011419999999999979e-03
-1.071899999999999936e-02
-1.344449999999999985e-02
-1.488000000000000086e-02
-1.452220000000000073e-02
-1.270459999999999992e-02
-7.364419999999999994e-03
1.436739999999999936e-03
1.542959999999999991e-02
2.755569999999999894e-02
3.383250000000000146e-02
3.646449999999999692e-02
3.590310000000000029e-02
3.405269999999999825e-02
3.196670000000000067e-02
3.126040000000000069e-02
3.089650000000000035e-02
3.208450000000000191e-02
3.146299999999999791e-02
3.200370000000000298e-02
3.228690000000000032e-02
3.214879999999999821e-02
3.354279999999999762e-02
3.589130000000000098e-02
3.694370000000000293e-02
3.752199999999999980e-02
3.607860000000000233e-02
3.186329999999999718e-02
2.014339999999999881e-02
5.764449999999999956e-03
-7.501360000000000319e-03
-2.101839999999999958e-02
-3.048949999999999924e-02
-3.199869999999999798e-02
-3.084610000000000130e-02
-2.847710000000000172e-02
-2.304250000000000048e-02
-1.739479999999999846e-02
-1.348629999999999968e-02
-9.963090000000000834e-03
-7.221240000000000298e-03
-6.714669999999999840e-03
-6.702879999999999602e-03
-6.222789999999999745e-03
-4.164890000000000085e-03
-1.102169999999999973e-03
3.077589999999999840e-03
6.827490000000000295e-03
9.405770000000000797e-03
1.187180000000000006e-02
1.324769999999999941e-02
1.382899999999999928e-02
1.453349999999999954e-02
1.441220000000000001e-02
1.399420000000000004e-02
1.373579999999999940e-02
1.431630000000000055e-02
1.484229999999999924e-02
1.573110000000000133e-02
1.715420000000000139e-02
1.833040000000000017e-02
1.798200000000000146e-02
1.468140000000000070e-02
8.994500000000000758e-03
1.445110000000000101e-03
-9.008369999999999919e-03
-1.728239999999999985e-02
-2.124289999999999859e-02
-2.295869999999999855e-02
-2.440109999999999849e-02
-2.528189999999999951e-02
-2.700579999999999994e-02
-2.881270000000000012e-02
-2.921299999999999938e-02
-3.002399999999999861e-02
-3.087919999999999901e-02
-3.123959999999999931e-02
-3.114389999999999867e-02
-3.074529999999999971e-02
-3.241419999999999718e-02
-3.551119999999999971e-02
-3.820160000000000222e-02
-4.123439999999999744e-02
-4.331789999999999946e-02
-4.451660000000000339e-02
-4.421739999999999698e-02
-4.328209999999999696e-02
-4.026400000000000118e-02
-3.575910000000000200e-02
-2.932389999999999997e-02
-2.152429999999999968e-02
-1.546409999999999972e-02
-1.242440000000000037e-02
-1.261879999999999946e-02
-1.741790000000000005e-02
-2.350510000000000099e-02
-3.132200000000000262e-02
-3.756929999999999992e-02
-4.396560000000000051e-02
-4.881470000000000253e-02
-5.128660000000000163e-02
-5.252760000000000068e-02
-5.123790000000000289e-02
-4.947680000000000133e-02
-4.321330000000000310e-02
-3.207709999999999728e-02
-1.350349999999999988e-02
5.276229999999999809e-03
2.359609999999999833e-02
3.634810000000000124e-02
4.496639999999999665e-02
5.032699999999999674e-02
5.504200000000000065e-02
5.962920000000000026e-02
6.400920000000000221e-02
6.751479999999999981e-02
6.886209999999999554e-02
6.699289999999999412e-02
6.081339999999999663e-02
5.215100000000000291e-02
4.065339999999999926e-02
2.900650000000000103e-02
2.287360000000000088e-02
1.804969999999999838e-02
1.175690000000000068e-02
3.574900000000000213e-03
-4.497029999999999951e-03
-1.271169999999999939e-02
-1.834179999999999838e-02
-2.091259999999999994e-02
-2.138390000000000082e-02
-1.892160000000000022e-02
-1.306410000000000037e-02
-2.673109999999999809e-03
7.565200000000000223e-03
1.494599999999999922e-02
2.002030000000000129e-02
2.201989999999999850e-02
2.193060000000000148e-02
2.151259999999999978e-02
2.051740000000000161e-02
1.768859999999999877e-02
1.452280000000000064e-02
1.045749999999999978e-02
6.074719999999999599e-03
3.104379999999999900e-03
2.327019999999999957e-03
5.618800000000000183e-03
1.166090000000000008e-02
1.761899999999999925e-02
2.196319999999999870e-02
2.511779999999999916e-02
2.504529999999999951e-02
2.141169999999999879e-02
1.605029999999999998e-02
8.573400000000000118e-03
2.387820000000000133e-03
-2.696189999999999785e-03
-6.055660000000000036e-03
-8.850139999999999396e-03
-1.136689999999999923e-02
-1.454169999999999942e-02
-1.852519999999999861e-02
-2.306410000000000057e-02
-2.610490000000000033e-02
-2.580750000000000058e-02
-2.278360000000000107e-02
-1.725219999999999879e-02
-1.097689999999999950e-02
-8.585499999999999382e-03
-1.036010000000000056e-02
-1.588689999999999894e-02
-2.112139999999999851e-02
-2.580469999999999986e-02
-2.857360000000000108e-02
-2.804299999999999848e-02
-2.421879999999999866e-02
-1.992230000000000043e-02
-1.647300000000000153e-02
-1.743290000000000117e-02
-2.100499999999999937e-02
-2.496119999999999936e-02
-2.766619999999999843e-02
-2.872279999999999972e-02
-2.940339999999999968e-02
-2.825130000000000002e-02
-2.571779999999999899e-02
-2.240589999999999943e-02
-2.033760000000000082e-02
-1.984889999999999918e-02
-1.948810000000000126e-02
-1.833929999999999935e-02
-1.636059999999999945e-02
-1.332000000000000024e-02
-9.738939999999999750e-03
-5.020089999999999622e-03
1.775700000000000065e-03
1.045210000000000063e-02
1.703709999999999947e-02
2.196590000000000001e-02
2.362480000000000135e-02
2.216129999999999836e-02
1.942059999999999967e-02
1.740699999999999886e-02
1.583999999999999991e-02
1.509820000000000086e-02
1.458809999999999968e-02
1.341949999999999914e-02
1.185089999999999928e-02
7.597060000000000098e-03
1.079270000000000012e-03
-6.733040000000000032e-03
-1.271259999999999925e-02
-1.722769999999999857e-02
-1.880630000000000149e-02
-1.914249999999999979e-02
-1.883119999999999933e-02
-1.960220000000000018e-02
-2.088049999999999976e-02
-2.174780000000000116e-02
-2.134259999999999977e-02
-1.931889999999999996e-02
-1.397750000000000034e-02
-7.009950000000000035e-03
-1.647929999999999924e-03
2.139020000000000157e-03
4.108770000000000304e-03
4.808690000000000013e-03
5.327769999999999902e-03
7.237569999999999594e-03
9.503940000000000651e-03
1.202079999999999989e-02
1.379700000000000024e-02
1.440660000000000031e-02
1.352850000000000059e-02
1.328389999999999953e-02
1.421610000000000061e-02
1.553829999999999968e-02
1.831560000000000132e-02
2.082809999999999870e-02
2.154829999999999940e-02
2.068259999999999890e-02
1.843629999999999922e-02
1.509309999999999992e-02
1.208459999999999916e-02
9.271180000000000393e-03
6.298480000000000398e-03
3.951480000000000270e-03
1.292170000000000037e-03
1.216979999999999993e-04
1.122820000000000068e-03
3.264679999999999839e-03
6.922010000000000142e-03
1.062899999999999956e-02
1.289850000000000024e-02
1.344560000000000026e-02
1.370530000000000012e-02
1.321869999999999989e-02
1.279819999999999916e-02
1.174049999999999920e-02
8.605289999999999814e-03
3.770700000000000093e-03
-3.121609999999999923e-03
-1.006849999999999933e-02
-1.500869999999999982e-02
-1.638759999999999870e-02
-1.493440000000000045e-02
-1.176789999999999954e-02
-8.166619999999999435e-03
-5.918819999999999984e-03
-5.648379999999999720e-03
-6.288900000000000046e-03
-7.068249999999999880e-03
-6.710119999999999973e-03
-4.195280000000000016e-03
-1.743479999999999943e-03
2.661529999999999842e-04
1.188610000000000100e-03
1.176909999999999979e-03
2.104119999999999905e-04
-3.925490000000000229e-03
-7.442869999999999868e-03
-9.986770000000000716e-03
-1.408270000000000008e-02
-1.932009999999999977e-02
-2.264779999999999918e-02
-2.623980000000000062e-02
-2.950670000000000029e-02
-3.149529999999999691e-02
-3.136570000000000330e-02
-2.957210000000000047e-02
-2.621489999999999931e-02
-2.226289999999999866e-02
-1.807570000000000010e-02
-1.521729999999999958e-02
-1.361839999999999926e-02
-1.259760000000000046e-02
-1.207989999999999932e-02
-1.324170000000000035e-02
-1.233260000000000085e-02
-1.069449999999999915e-02
-7.000359999999999742e-03
-1.449149999999999961e-03
4.889819999999999584e-03
1.072799999999999969e-02
1.572890000000000052e-02
1.844749999999999862e-02
2.068930000000000075e-02
2.127539999999999987e-02
2.258740000000000053e-02
2.328960000000000058e-02
2.355770000000000086e-02
2.168619999999999923e-02
2.056590000000000154e-02
1.731569999999999984e-02
1.409999999999999969e-02
1.168600000000000021e-02
1.030069999999999944e-02
9.770140000000000075e-03
6.771300000000000062e-03
5.924950000000000008e-03
6.730560000000000015e-03
7.383650000000000282e-03
8.418749999999999151e-03
9.001119999999999607e-03
9.423259999999999276e-03
7.004909999999999609e-03
2.727910000000000057e-03
-2.092999999999999917e-04
-5.012499999999999595e-03
-9.121370000000000172e-03
-1.200290000000000037e-02
-1.485449999999999965e-02
-1.705370000000000150e-02
-1.627670000000000158e-02
-1.657379999999999964e-02
-1.655440000000000036e-02
-1.718149999999999886e-02
-1.613169999999999882e-02
-1.456189999999999915e-02
-1.194120000000000077e-02
-7.550949999999999850e-03
-2.492009999999999798e-03
6.403709999999999958e-03
1.603330000000000033e-02
2.506649999999999850e-02
3.222980000000000289e-02
3.569110000000000338e-02
3.652450000000000141e-02
3.538909999999999972e-02
3.436639999999999834e-02
3.213200000000000084e-02
2.906970000000000040e-02
2.749040000000000164e-02
2.573490000000000152e-02
2.351349999999999968e-02
2.066890000000000047e-02
1.610659999999999870e-02
1.114109999999999927e-02
6.035219999999999994e-03
1.101949999999999978e-03
-3.946599999999999761e-03
-6.431319999999999919e-03
-9.037419999999999135e-03
-1.027589999999999927e-02
-9.918520000000000114e-03
-9.650620000000000379e-03
-8.806490000000000151e-03
-7.622699999999999615e-03
-6.044220000000000322e-03
-5.472150000000000278e-03
-8.564129999999999659e-03
-1.335360000000000019e-02
-1.811969999999999900e-02
-2.324400000000000077e-02
-2.566380000000000050e-02
-2.514699999999999921e-02
-2.321360000000000090e-02
-1.892030000000000101e-02
-1.200129999999999947e-02
-5.574090000000000295e-03
-2.441809999999999987e-03
-1.090730000000000042e-04
1.680390000000000085e-04
2.805039999999999964e-03
8.392069999999999738e-03
1.309429999999999969e-02
1.710429999999999937e-02
2.050590000000000052e-02
2.137580000000000036e-02
2.172309999999999866e-02
2.136520000000000086e-02
2.027800000000000089e-02
1.934050000000000005e-02
1.761420000000000000e-02
1.607070000000000026e-02
1.560259999999999946e-02
1.345859999999999938e-02
1.133840000000000021e-02
1.169959999999999924e-02
1.274810000000000006e-02
1.515810000000000074e-02
1.895130000000000078e-02
2.301090000000000080e-02
2.587029999999999885e-02
2.816590000000000066e-02
2.986679999999999890e-02
2.977370000000000017e-02
2.950670000000000029e-02
2.916240000000000152e-02
2.978480000000000016e-02
2.965239999999999890e-02
2.979479999999999976e-02
2.864480000000000151e-02
2.727780000000000135e-02
2.655810000000000115e-02
2.611629999999999854e-02
2.644940000000000138e-02
2.673120000000000010e-02
2.699100000000000110e-02
2.695000000000000173e-02
2.560209999999999916e-02
2.108689999999999870e-02
1.558449999999999940e-02
1.072619999999999997e-02
6.272520000000000179e-03
3.159680000000000214e-03
3.995089999999999753e-03
6.250509999999999920e-03
1.053439999999999932e-02
1.508480000000000064e-02
1.884790000000000076e-02
2.177180000000000087e-02
2.377280000000000018e-02
2.463550000000000115e-02
2.611480000000000051e-02
2.757199999999999929e-02
2.918950000000000017e-02
3.125580000000000025e-02
3.299119999999999830e-02
3.383219999999999977e-02
3.185700000000000337e-02
2.843740000000000157e-02
2.210619999999999946e-02
1.384920000000000075e-02
5.550639999999999914e-03
-1.271140000000000030e-03
-3.914309999999999838e-03
-4.045479999999999736e-03
-4.041150000000000297e-03
-4.873970000000000038e-03
-6.404769999999999734e-03
-8.305019999999999764e-03
-1.001939999999999949e-02
-1.120810000000000035e-02
-1.115410000000000013e-02
-1.201260000000000001e-02
-1.251599999999999935e-02
-1.415489999999999977e-02
-1.436879999999999928e-02
-1.704200000000000159e-02
-2.023900000000000005e-02
-2.342839999999999853e-02
-2.725810000000000038e-02
-2.774189999999999989e-02
-3.050749999999999990e-02
-3.103770000000000140e-02
-3.237170000000000325e-02
-3.388449999999999795e-02
-3.441949999999999871e-02
-3.362629999999999786e-02
-3.109479999999999883e-02
-2.899950000000000097e-02
-2.631520000000000040e-02
-2.362679999999999989e-02
-1.970699999999999882e-02
-1.527030000000000054e-02
-1.106760000000000035e-02
-5.617170000000000323e-03
-1.153420000000000053e-03
3.679479999999999947e-04
1.789220000000000003e-03
1.958740000000000047e-03
1.086900000000000019e-03
1.174079999999999980e-04
-1.303420000000000067e-04
-3.849939999999999938e-04
-4.516139999999999760e-04
-9.011069999999999497e-04
-1.096079999999999928e-03
-1.695470000000000082e-04
1.566829999999999959e-03
2.525340000000000050e-03
4.433010000000000249e-03
6.070120000000000030e-03
7.722749999999999580e-03
9.853080000000000171e-03
1.087029999999999941e-02
1.094320000000000015e-02
1.118139999999999933e-02
8.570110000000000575e-03
4.171610000000000075e-03
-1.331420000000000043e-03
-7.981679999999999678e-03
-1.312359999999999915e-02
-1.682760000000000158e-02
-1.759580000000000172e-02
-1.810929999999999832e-02
-2.070560000000000109e-02
-2.144499999999999879e-02
-2.417829999999999979e-02
-2.798820000000000127e-02
-3.307100000000000317e-02
-3.702790000000000248e-02
-3.998329999999999940e-02
-4.158499999999999697e-02
-4.363519999999999899e-02
-4.463629999999999681e-02
-4.353830000000000200e-02
-4.373749999999999860e-02
-4.317830000000000279e-02
-3.920209999999999667e-02
-3.508800000000000113e-02
-3.190760000000000124e-02
-2.840049999999999866e-02
-2.708030000000000159e-02
-2.586170000000000135e-02
-2.556270000000000070e-02
-2.600770000000000165e-02
-2.694710000000000161e-02
-2.664640000000000064e-02
-2.671909999999999910e-02
-2.754190000000000110e-02
-2.789000000000000160e-02
-2.612460000000000129e-02
-2.300589999999999927e-02
-1.891649999999999929e-02
-1.242730000000000050e-02
-5.864849999999999577e-03
-7.102929999999999704e-04
1.503929999999999894e-03
1.003650000000000028e-03
-1.016060000000000053e-03
-6.252050000000000315e-03
-1.113210000000000068e-02
-1.515580000000000052e-02
-1.605200000000000030e-02
-1.468410000000000028e-02
-1.277419999999999944e-02
-1.076180000000000019e-02
-8.496709999999999333e-03
-5.530900000000000052e-03
-2.628489999999999820e-03
1.933539999999999922e-04
2.190800000000000126e-03
4.307189999999999803e-03
6.213940000000000262e-03
6.625319999999999647e-03
6.492490000000000067e-03
6.519810000000000015e-03
6.130100000000000306e-03
5.417449999999999870e-03
4.758199999999999756e-03
3.052560000000000169e-03
2.180070000000000098e-03
-7.693129999999999847e-04
-2.249679999999999996e-03
-3.467200000000000143e-03
-5.580459999999999761e-03
-6.115859999999999873e-03
-5.664510000000000205e-03
-3.829089999999999838e-03
-1.727019999999999901e-03
4.326679999999999849e-04
2.103119999999999989e-03
3.501129999999999867e-03
3.637669999999999966e-03
3.052839999999999807e-03
-3.033360000000000244e-04
-2.676689999999999799e-03
-4.104629999999999737e-03
-4.218839999999999743e-03
-3.965080000000000167e-03
-5.862609999999999870e-03
-8.596509999999999915e-03
-1.126450000000000021e-02
-1.352019999999999958e-02
-1.460020000000000068e-02
-1.620040000000000022e-02
-1.476829999999999983e-02
-1.326659999999999992e-02
-1.107739999999999940e-02
-7.558070000000000066e-03
-4.819180000000000165e-03
-2.688990000000000043e-03
-7.486570000000000117e-04
1.588290000000000014e-03
3.615839999999999940e-03
7.150400000000000332e-03
1.050330000000000014e-02
1.309940000000000063e-02
1.534830000000000048e-02
1.803540000000000004e-02
2.173749999999999988e-02
2.527340000000000142e-02
2.844299999999999953e-02
3.070300000000000112e-02
2.978679999999999869e-02
2.723930000000000101e-02
2.381459999999999827e-02
1.927409999999999887e-02
1.700619999999999910e-02
1.736990000000000062e-02
1.886689999999999895e-02
2.093050000000000119e-02
2.261890000000000081e-02
2.349029999999999868e-02
2.452669999999999850e-02
2.352579999999999949e-02
2.038440000000000044e-02
1.832750000000000004e-02
1.710079999999999933e-02
1.444729999999999973e-02
1.192950000000000087e-02
8.225710000000000660e-03
4.276959999999999790e-03
1.051329999999999978e-04
-3.428399999999999850e-03
-5.940019999999999849e-03
-6.516379999999999569e-03
-6.224959999999999868e-03
-4.967309999999999955e-03
-3.075280000000000114e-03
-1.649260000000000049e-03
9.826819999999999132e-04
4.501749999999999675e-03
7.726839999999999577e-03
8.718230000000000424e-03
7.893010000000000650e-03
4.741219999999999983e-03
2.025639999999999938e-04
-4.665690000000000115e-03
-8.386990000000000417e-03
-1.058429999999999961e-02
-1.056909999999999968e-02
-9.570979999999999766e-03
-8.992790000000000505e-03
-7.652970000000000259e-03
-6.377879999999999834e-03
-5.557649999999999917e-03
-3.498409999999999975e-03
-1.388109999999999908e-03
1.038630000000000022e-03
2.724129999999999954e-03
3.030569999999999792e-03
3.079389999999999992e-03
2.037129999999999844e-03
-2.806929999999999907e-05
-3.680329999999999778e-04
6.073740000000000432e-04
2.372509999999999983e-03
6.275369999999999733e-03
9.945960000000000217e-03
1.181579999999999957e-02
1.267770000000000008e-02
1.274619999999999920e-02
1.201990000000000003e-02
1.136749999999999913e-02
9.682200000000000181e-03
7.226800000000000238e-03
6.181690000000000101e-03
5.714620000000000116e-03
5.568769999999999797e-03
5.421399999999999830e-03
5.258340000000000236e-03
5.692149999999999987e-03
7.714239999999999813e-03
9.672160000000000826e-03
1.192260000000000021e-02
1.424929999999999947e-02
1.619699999999999959e-02
1.639490000000000045e-02
1.465960000000000006e-02
1.158119999999999983e-02
6.333120000000000242e-03
6.301710000000000081e-04
-4.725619999999999821e-03
-9.419340000000000004e-03
-9.928450000000000122e-03
-1.023929999999999979e-02
-1.052639999999999999e-02
-1.059060000000000036e-02
-1.091199999999999982e-02
-1.230589999999999982e-02
-1.251939999999999997e-02
-1.204000000000000035e-02
-1.136739999999999973e-02
-8.878109999999999821e-03
-6.583580000000000335e-03
-3.707719999999999853e-03
-1.013790000000000090e-03
3.118919999999999744e-04
2.851349999999999892e-03
5.904770000000000157e-03
9.630029999999999493e-03
1.400350000000000032e-02
1.700509999999999869e-02
1.873210000000000153e-02
2.022809999999999886e-02
2.029579999999999926e-02
1.863779999999999951e-02
1.749939999999999829e-02
1.612960000000000088e-02
1.535390000000000019e-02
1.380540000000000066e-02
1.232600000000000015e-02
1.123069999999999971e-02
1.032079999999999977e-02
1.092920000000000003e-02
1.083459999999999979e-02
1.050279999999999964e-02
1.077810000000000053e-02
9.456559999999999272e-03
8.680270000000000347e-03
5.355809999999999911e-03
3.315310000000000132e-03
-4.906280000000000059e-05
-4.343149999999999615e-03
-9.805909999999999280e-03
-1.455079999999999915e-02
-1.805069999999999938e-02
-2.061419999999999919e-02
-2.255369999999999944e-02
-2.286190000000000097e-02
-2.262710000000000068e-02
-2.148150000000000059e-02
-1.942189999999999889e-02
-1.827919999999999892e-02
-1.799260000000000095e-02
-1.691789999999999961e-02
-1.510919999999999971e-02
-1.318489999999999940e-02
-1.144219999999999959e-02
-9.346310000000000034e-03
-8.644050000000000344e-03
-8.159019999999999467e-03
-8.041380000000000750e-03
-8.169519999999999560e-03
-7.791420000000000290e-03
-6.865239999999999884e-03
-5.793290000000000418e-03
-5.005169999999999758e-03
-3.314969999999999983e-03
-1.599780000000000082e-03
3.989080000000000100e-05
2.707240000000000080e-03
6.308529999999999693e-03
9.688890000000000349e-03
1.171099999999999919e-02
1.407349999999999920e-02
1.488880000000000065e-02
1.423439999999999948e-02
1.258779999999999968e-02
1.055719999999999922e-02
9.261240000000000444e-03
9.673759999999999998e-03
1.020120000000000055e-02
1.161230000000000075e-02
1.287770000000000060e-02
1.265550000000000008e-02
1.143079999999999964e-02
1.042369999999999929e-02
7.531770000000000131e-03
4.436070000000000291e-03
2.494389999999999975e-03
2.447060000000000034e-03
2.887139999999999845e-03
5.224920000000000085e-03
7.343139999999999737e-03
8.026659999999999698e-03
9.291910000000000447e-03
1.108420000000000065e-02
1.167920000000000069e-02
1.228100000000000025e-02
1.193439999999999952e-02
1.311249999999999916e-02
1.357230000000000068e-02
1.184920000000000070e-02
9.719290000000000221e-03
7.550789999999999932e-03
4.057279999999999914e-03
1.086640000000000045e-03
-3.221190000000000078e-03
-6.877949999999999862e-03
-9.642809999999999923e-03
-1.082110000000000016e-02
-9.700260000000000479e-03
-7.404309999999999885e-03
-4.915779999999999803e-03
-2.016930000000000112e-03
5.880960000000000018e-05
1.040659999999999892e-03
-4.459439999999999845e-04
-3.843740000000000004e-03
-8.274439999999999226e-03
-1.108950000000000040e-02
-1.332850000000000007e-02
-1.531770000000000007e-02
-1.502189999999999949e-02
-1.539659999999999987e-02
-1.552199999999999934e-02
-1.666569999999999857e-02
-1.770400000000000099e-02
-1.755819999999999950e-02
-1.664770000000000139e-02
-1.605840000000000045e-02
-1.528470000000000002e-02
-1.440999999999999920e-02
-1.273370000000000057e-02
-1.118459999999999940e-02
-8.111679999999999585e-03
-3.657029999999999916e-03
1.544379999999999928e-03
4.661720000000000273e-03
7.559920000000000355e-03
9.076729999999999868e-03
9.641469999999999207e-03
9.801000000000000684e-03
9.630730000000000540e-03
1.033040000000000000e-02
1.003410000000000066e-02
8.486370000000000025e-03
5.531379999999999804e-03
1.970630000000000125e-03
-6.049399999999999916e-04
3.130900000000000263e-04
2.466639999999999978e-03
5.089999999999999906e-03
8.821789999999999493e-03
1.151579999999999965e-02
1.334529999999999918e-02
1.412090000000000047e-02
1.374689999999999940e-02
1.193130000000000059e-02
1.083059999999999926e-02
8.552550000000000777e-03
5.468250000000000020e-03
1.751029999999999991e-03
-2.236000000000000140e-03
-6.313629999999999763e-03
-7.041829999999999791e-03
-9.098770000000000815e-03
-1.011620000000000054e-02
-1.047009999999999955e-02
-1.095589999999999932e-02
-1.157019999999999924e-02
-1.125549999999999988e-02
-8.227430000000000854e-03
-4.380580000000000238e-03
-2.188279999999999913e-03
-1.066719999999999951e-03
-2.924860000000000047e-03
-6.711530000000000273e-03
-1.059249999999999949e-02
-1.394570000000000011e-02
-1.510919999999999971e-02
-1.470789999999999945e-02
-1.213730000000000017e-02
-9.496400000000000327e-03
-6.498010000000000244e-03
-4.817710000000000221e-03
-4.893999999999999913e-03
-6.882860000000000193e-03
-8.381460000000000299e-03
-9.290029999999999469e-03
-9.893410000000000051e-03
-9.417679999999999454e-03
-7.481139999999999839e-03
-4.439339999999999953e-03
-1.791510000000000064e-03
8.805380000000000455e-04
3.802949999999999820e-03
5.058889999999999915e-03
5.436540000000000122e-03
5.771990000000000280e-03
4.891259999999999705e-03
2.530779999999999835e-03
-5.280519999999999919e-04
-2.526190000000000206e-03
-3.377729999999999795e-03
-3.530960000000000088e-03
-3.555529999999999888e-03
-2.446610000000000104e-03
-9.752170000000000109e-04
8.136480000000000405e-04
2.814969999999999972e-03
4.611999999999999780e-03
5.075070000000000102e-03
6.157629999999999874e-03
5.906110000000000006e-03
5.623940000000000015e-03
5.068590000000000421e-03
3.660309999999999953e-03
1.710869999999999969e-03
9.477609999999999811e-04
-8.277440000000000492e-04
-2.838939999999999866e-03
-5.514589999999999770e-03
-7.527139999999999873e-03
-8.131869999999999377e-03
-1.046449999999999984e-02
-1.167119999999999963e-02
-1.125160000000000049e-02
-1.241560000000000059e-02
-1.314279999999999962e-02
-1.444110000000000012e-02
-1.509489999999999964e-02
-1.630650000000000155e-02
-1.688459999999999961e-02
-1.590710000000000041e-02
-1.452089999999999978e-02
-1.243479999999999933e-02
-1.102919999999999942e-02
-8.895810000000000523e-03
-6.222359999999999697e-03
-4.299220000000000298e-03
-3.922430000000000187e-03
-4.221719999999999987e-03
-6.188230000000000293e-03
-7.092929999999999895e-03
-7.824499999999999858e-03
-1.075139999999999950e-02
-1.157590000000000008e-02
-1.408039999999999986e-02
-1.483169999999999975e-02
-1.465600000000000062e-02
-1.499810000000000032e-02
-1.460460000000000057e-02
-1.336279999999999933e-02
-1.124029999999999994e-02
-1.034720000000000084e-02
-9.736399999999999222e-03
-9.395509999999999279e-03
-8.618320000000000494e-03
-7.977839999999999931e-03
-7.198669999999999895e-03
-6.060580000000000307e-03
-4.566770000000000378e-03
-3.449199999999999922e-03
-1.741780000000000064e-03
3.427719999999999769e-04
1.741589999999999892e-03
3.098270000000000191e-03
3.160050000000000185e-03
2.329540000000000170e-03
4.928460000000000176e-04
-1.662730000000000067e-03
-4.539360000000000096e-03
-6.175830000000000208e-03
-7.685189999999999730e-03
-7.657299999999999697e-03
-6.223339999999999948e-03
-4.987130000000000209e-03
-3.502529999999999793e-03
-2.192850000000000094e-03
-1.802900000000000075e-03
-5.619499999999999712e-04
5.894249999999999750e-04
2.979219999999999872e-03
5.232490000000000231e-03
7.115070000000000248e-03
7.718870000000000071e-03
7.712939999999999727e-03
7.320939999999999739e-03
6.979909999999999760e-03
6.188759999999999747e-03
4.966370000000000333e-03
3.419010000000000105e-03
2.061750000000000214e-03
1.457659999999999945e-03
-2.453709999999999789e-04
-2.268710000000000171e-03
-3.137239999999999907e-03
-3.680600000000000017e-03
-5.154180000000000393e-03
-5.171120000000000404e-03
-4.756749999999999694e-03
-3.994389999999999573e-03
-1.953159999999999792e-03
1.476829999999999885e-04
3.784130000000000132e-03
7.847180000000000474e-03
1.132619999999999981e-02
1.426930000000000039e-02
1.622399999999999884e-02
1.789320000000000147e-02
1.876059999999999880e-02
1.920720000000000066e-02
1.886490000000000042e-02
1.928250000000000103e-02
1.951939999999999925e-02
1.857949999999999879e-02
1.816699999999999912e-02
1.910670000000000077e-02
1.946269999999999945e-02
1.954670000000000019e-02
2.017949999999999952e-02
1.978299999999999850e-02
1.990429999999999977e-02
2.055229999999999904e-02
2.175269999999999981e-02
2.295869999999999855e-02
2.379080000000000084e-02
2.542629999999999890e-02
2.665649999999999964e-02
2.546330000000000121e-02
2.337449999999999944e-02
1.987780000000000102e-02
1.700449999999999878e-02
1.354789999999999987e-02
9.665629999999999708e-03
7.487169999999999589e-03
4.367959999999999725e-03
6.438799999999999949e-04
-1.327129999999999933e-03
-2.757420000000000010e-03
-3.439460000000000087e-03
-3.571210000000000009e-03
-2.904760000000000154e-03
-1.951590000000000009e-03
-1.158869999999999996e-03
-2.092670000000000034e-03
-2.000140000000000078e-03
-1.811160000000000027e-03
-4.951480000000000237e-05
8.657120000000000353e-04
1.666139999999999982e-03
2.107400000000000159e-03
2.337220000000000096e-03
3.723750000000000063e-03
5.694040000000000039e-03
6.538969999999999852e-03
7.048249999999999828e-03
7.102070000000000258e-03
6.953420000000000087e-03
6.959309999999999802e-03
7.020499999999999831e-03
8.624440000000000578e-03
9.859140000000000612e-03
1.032459999999999975e-02
1.068509999999999946e-02
1.046519999999999916e-02
1.034900000000000056e-02
9.252450000000000604e-03
8.694030000000000161e-03
8.700489999999999960e-03
9.100999999999999715e-03
1.080369999999999941e-02
1.246659999999999956e-02
1.273859999999999923e-02
1.316900000000000015e-02
1.326459999999999965e-02
1.394199999999999953e-02
1.404080000000000085e-02
1.416899999999999930e-02
1.390169999999999947e-02
1.331320000000000073e-02
1.140150000000000018e-02
1.051640000000000040e-02
8.763780000000000528e-03
6.590819999999999838e-03
4.720969999999999681e-03
4.171949999999999791e-03
4.034270000000000390e-03
4.644330000000000333e-03
5.014689999999999599e-03
4.570450000000000207e-03
2.628919999999999868e-03
-2.068779999999999935e-04
-3.344820000000000085e-03
-5.816749999999999872e-03
-6.899800000000000204e-03
-6.366420000000000239e-03
-3.716080000000000078e-03
1.045200000000000035e-03
5.367659999999999793e-03
8.569780000000000800e-03
1.019399999999999994e-02
1.076960000000000070e-02
1.004050000000000081e-02
8.584680000000000782e-03
6.889059999999999802e-03
5.858699999999999672e-03
5.265930000000000263e-03
4.906240000000000080e-03
4.836449999999999950e-03
5.449700000000000030e-03
4.611190000000000254e-03
2.744299999999999864e-03
1.645610000000000041e-03
-3.595189999999999844e-04
-2.174650000000000194e-03
-3.079020000000000021e-03
-4.069749999999999583e-03
-4.953349999999999594e-03
-6.694570000000000382e-03
-7.237030000000000199e-03
-8.948720000000000285e-03
-1.004719999999999919e-02
-9.751829999999999526e-03
-9.656299999999999606e-03
-9.779430000000000414e-03
-9.173600000000000504e-03
-9.328539999999999749e-03
-9.339280000000000151e-03
-1.008809999999999915e-02
-1.152929999999999927e-02
-1.212489999999999922e-02
-1.277529999999999985e-02
-1.313710000000000051e-02
-1.279059999999999919e-02
-1.312149999999999948e-02
-1.373920000000000002e-02
-1.388370000000000055e-02
-1.368650000000000075e-02
-1.276240000000000013e-02
-1.186180000000000047e-02
-1.218720000000000046e-02
-1.157859999999999966e-02
-1.028850000000000077e-02
-9.693830000000000502e-03
-9.565489999999999410e-03
-8.191109999999999711e-03
-6.924529999999999921e-03
-6.243789999999999930e-03
-6.103120000000000073e-03
-5.179890000000000362e-03
-4.446229999999999800e-03
-3.687769999999999937e-03
-1.758159999999999931e-03
2.152350000000000086e-04
1.325970000000000046e-04
-1.034639999999999974e-04
-1.767549999999999894e-03
-3.611959999999999997e-03
-6.391960000000000350e-03
-8.989580000000000487e-03
-1.087540000000000034e-02
-1.333810000000000030e-02
-1.511230000000000039e-02
-1.536460000000000083e-02
-1.571940000000000143e-02
-1.592050000000000062e-02
-1.471790000000000077e-02
-1.282050000000000030e-02
-9.869630000000000764e-03
-6.269000000000000267e-03
-3.467570000000000114e-03
-7.214909999999999943e-04
1.500650000000000074e-03
2.430859999999999965e-03
2.530199999999999810e-03
1.814569999999999942e-03
9.986750000000000564e-05
-1.173109999999999995e-03
-2.255280000000000132e-03
-3.301479999999999866e-03
-3.287679999999999856e-03
-3.091500000000000064e-03
-3.807060000000000131e-03
-5.325830000000000147e-03
-7.189309999999999971e-03
-9.486329999999999416e-03
-1.194549999999999952e-02
-1.307919999999999916e-02
-1.311569999999999923e-02
-1.138929999999999977e-02
-9.267799999999999649e-03
-7.810069999999999686e-03
-5.177629999999999906e-03
-3.928550000000000271e-03
-2.320940000000000069e-03
-1.072720000000000097e-03
-9.789939999999999580e-04
-1.875869999999999968e-03
-4.118850000000000289e-03
-6.375959999999999961e-03
-8.015239999999999865e-03
-8.832559999999999717e-03
-8.334050000000000832e-03
-7.945199999999999485e-03
-6.995419999999999590e-03
-6.762909999999999582e-03
-6.669150000000000425e-03
-6.100569999999999604e-03
-4.519180000000000245e-03
-3.466439999999999886e-03
-2.536549999999999829e-03
-1.672180000000000107e-03
-1.701200000000000043e-04
1.143139999999999955e-03
1.567430000000000082e-03
1.954200000000000121e-03
2.148399999999999962e-03
1.972370000000000199e-03
2.097299999999999859e-03
1.248350000000000067e-03
-9.459930000000000075e-04
-1.984779999999999791e-03
-3.078790000000000086e-03
-5.081569999999999664e-03
-4.860869999999999774e-03
-6.001509999999999831e-03
-6.682289999999999584e-03
-7.402839999999999941e-03
-6.739949999999999761e-03
-5.486160000000000342e-03
-3.455979999999999989e-03
2.991320000000000220e-04
3.286859999999999955e-03
4.350829999999999975e-03
4.474520000000000060e-03
4.420480000000000069e-03
4.526689999999999880e-03
4.517740000000000124e-03
6.385209999999999671e-03
8.083049999999999610e-03
9.777330000000000743e-03
1.222050000000000046e-02
1.373779999999999966e-02
1.499349999999999988e-02
1.426189999999999923e-02
1.385409999999999940e-02
1.333690000000000049e-02
1.189650000000000082e-02
1.113330000000000049e-02
8.823289999999999259e-03
7.240149999999999884e-03
6.640649999999999678e-03
5.991190000000000404e-03
5.764649999999999636e-03
4.999520000000000353e-03
4.860319999999999571e-03
4.778410000000000296e-03
4.652400000000000112e-03
5.098019999999999982e-03
6.937360000000000054e-03
8.773359999999999145e-03
1.132159999999999937e-02
1.350960000000000008e-02
1.497159999999999984e-02
1.628749999999999989e-02
1.678680000000000103e-02
1.624280000000000168e-02
1.570770000000000152e-02
1.598279999999999840e-02
1.482840000000000026e-02
1.340279999999999944e-02
1.163149999999999948e-02
1.041100000000000012e-02
8.473130000000000592e-03
6.523570000000000237e-03
5.482139999999999930e-03
4.072759999999999922e-03
1.902519999999999992e-03
8.567520000000000127e-04
-1.701220000000000087e-04
-1.417969999999999951e-03
-1.821829999999999977e-03
-9.849530000000000004e-04
2.398179999999999865e-04
2.676620000000000214e-03
4.490509999999999641e-03
4.830609999999999939e-03
4.648809999999999748e-03
4.482169999999999731e-03
2.739749999999999998e-03
8.817249999999999784e-04
-1.442319999999999974e-03
-2.960200000000000071e-03
-4.357849999999999918e-03
-4.768460000000000407e-03
-4.124329999999999836e-03
-2.982279999999999914e-03
-1.581179999999999955e-03
-1.064740000000000001e-03
-3.580540000000000112e-04
2.220450000000000060e-04
4.850979999999999962e-04
8.360839999999999592e-04
1.865170000000000033e-04
4.097600000000000070e-04
1.561749999999999987e-03
1.972470000000000039e-03
2.600929999999999995e-03
2.826860000000000050e-03
1.772909999999999937e-03
1.489080000000000048e-03
9.685689999999999621e-04
1.093190000000000015e-04
-5.129029999999999917e-04
-1.022969999999999999e-03
-1.644110000000000059e-03
-2.331670000000000097e-03
-2.675760000000000118e-03
-3.576540000000000014e-03
-3.465779999999999902e-03
-2.671740000000000139e-03
-1.629589999999999988e-03
-1.263000000000000017e-03
-1.202579999999999968e-03
-1.419230000000000057e-03
-1.200590000000000077e-03
-2.793509999999999917e-03
-3.702539999999999824e-03
-4.713679999999999606e-03
-5.827709999999999835e-03
-4.865480000000000152e-03
-2.282140000000000210e-03
-1.870710000000000038e-03
-1.695630000000000054e-03
-2.113289999999999873e-03
-3.409970000000000015e-03
-3.989490000000000050e-03
-4.913419999999999940e-03
-4.336890000000000363e-03
-2.489279999999999965e-03
-1.820119999999999941e-03
-8.921120000000000265e-04
1.118459999999999940e-03
1.366680000000000108e-03
1.465390000000000009e-03
2.245210000000000088e-03
2.915619999999999844e-03
2.915060000000000134e-03
1.945909999999999914e-03
1.712339999999999912e-03
8.611170000000000022e-04
6.569749999999999635e-04
6.706079999999999463e-04
1.363840000000000061e-03
1.826340000000000081e-03
2.109470000000000008e-03
2.092699999999999855e-03
2.206329999999999836e-03
2.619649999999999843e-03
3.414860000000000031e-03
4.663399999999999837e-03
5.287609999999999880e-03
5.382190000000000238e-03
5.487320000000000392e-03
4.489850000000000091e-03
2.562469999999999852e-03
1.014659999999999911e-03
3.337809999999999811e-05
-9.268669999999999470e-04
-1.221880000000000058e-03
-1.155729999999999995e-03
-1.957879999999999950e-03
-2.883989999999999904e-03
-3.234369999999999867e-03
-3.567910000000000092e-03
-3.669829999999999794e-03
-3.648900000000000060e-03
-3.599649999999999812e-03
-3.734700000000000086e-03
-4.010859999999999773e-03
-3.589129999999999838e-03
-3.509630000000000128e-03
-3.542560000000000153e-03
-3.537429999999999828e-03
-3.524649999999999832e-03
-3.497150000000000085e-03
-3.400869999999999848e-03
-3.961990000000000303e-03
-4.634400000000000325e-03
-4.403390000000000082e-03
-4.447109999999999778e-03
-3.948379999999999598e-03
-3.188820000000000196e-03
-3.096919999999999968e-03
-3.927869999999999973e-03
-4.204870000000000309e-03
-4.108920000000000280e-03
-4.091690000000000257e-03
-4.257930000000000048e-03
-5.433130000000000424e-03
-7.148940000000000329e-03
-7.943360000000000004e-03
-8.701459999999999403e-03
-8.983039999999999428e-03
-9.265189999999999537e-03
-9.154860000000000775e-03
-8.911310000000000411e-03
-7.872139999999999693e-03
-7.513539999999999976e-03
-6.560260000000000050e-03
-6.086199999999999943e-03
-6.069820000000000076e-03
-5.972960000000000248e-03
-5.847269999999999898e-03
-6.061679999999999846e-03
-6.155289999999999893e-03
-6.238859999999999718e-03
-6.492290000000000387e-03
-6.530590000000000180e-03
-6.802479999999999638e-03
-6.501569999999999919e-03
-6.196229999999999620e-03
-6.122189999999999577e-03
-6.084280000000000070e-03
-5.209469999999999899e-03
-5.290060000000000075e-03
-6.425969999999999599e-03
-6.621460000000000019e-03
-7.244490000000000131e-03
-8.413119999999999626e-03
-8.557560000000000514e-03
-8.810359999999999719e-03
-9.907360000000000472e-03
-1.110200000000000076e-02
-1.258100000000000017e-02
-1.305800000000000016e-02
-1.382219999999999976e-02
-1.385280000000000018e-02
-1.353239999999999998e-02
-1.214939999999999944e-02
-1.085550000000000057e-02
-8.390629999999999616e-03
-5.638849999999999939e-03
-4.627670000000000394e-03
-3.292600000000000127e-03
-2.163550000000000195e-03
-1.655650000000000047e-03
-1.104359999999999977e-03
-9.328770000000000335e-04
-9.082289999999999808e-04
-1.107469999999999939e-03
-1.262129999999999979e-03
-2.623109999999999895e-04
4.882800000000000074e-04
2.082650000000000126e-03
3.331869999999999797e-03
4.236959999999999685e-03
5.082770000000000343e-03
6.074859999999999635e-03
6.952970000000000157e-03
7.122469999999999669e-03
7.796749999999999861e-03
7.979339999999999697e-03
8.649810000000000831e-03
8.642469999999999319e-03
8.378399999999999390e-03
8.305029999999999704e-03
8.227780000000000510e-03
7.561169999999999870e-03
7.066290000000000245e-03
7.332879999999999954e-03
7.302870000000000368e-03
7.386039999999999967e-03
6.393130000000000340e-03
4.769100000000000075e-03
3.367510000000000208e-03
2.114260000000000184e-03
6.710180000000000051e-04
-7.614950000000000538e-04
-2.098679999999999903e-03
-2.992170000000000159e-03
-3.007629999999999852e-03
-2.116639999999999928e-03
-1.612680000000000016e-03
-1.231719999999999950e-03
5.142039999999999849e-04
1.953879999999999853e-03
2.836770000000000177e-03
4.244099999999999782e-03
6.194680000000000152e-03
6.927680000000000296e-03
6.884129999999999590e-03
7.220640000000000391e-03
7.272230000000000187e-03
6.334509999999999794e-03
5.705990000000000194e-03
5.202870000000000064e-03
4.796410000000000083e-03
5.493569999999999703e-03
5.656239999999999879e-03
5.802579999999999891e-03
7.498819999999999791e-03
8.778970000000000523e-03
7.778789999999999837e-03
6.283920000000000131e-03
6.491829999999999649e-03
6.393740000000000187e-03
8.202169999999999947e-03
9.115339999999999554e-03
1.106910000000000012e-02
1.304070000000000056e-02
1.448209999999999949e-02
1.667099999999999832e-02
1.723850000000000035e-02
1.829969999999999861e-02
2.011340000000000003e-02
2.036100000000000063e-02
2.005670000000000022e-02
1.799740000000000020e-02
1.682480000000000087e-02
1.384439999999999976e-02
1.020670000000000084e-02
8.158439999999999442e-03
6.142459999999999760e-03
5.361089999999999779e-03
6.020619999999999965e-03
6.793650000000000036e-03
6.947960000000000420e-03
6.765489999999999872e-03
6.599759999999999655e-03
6.641120000000000356e-03
7.302030000000000153e-03
7.327170000000000037e-03
6.061800000000000001e-03
5.064360000000000389e-03
3.908629999999999743e-03
2.871449999999999784e-03
2.318049999999999885e-03
1.727009999999999960e-03
1.511820000000000091e-03
2.279209999999999830e-03
2.893849999999999895e-03
2.845009999999999813e-03
1.657669999999999977e-03
-2.602610000000000210e-04
-2.897750000000000152e-03
-5.635379999999999730e-03
-7.092529999999999668e-03
-8.562610000000000013e-03
-8.131080000000000599e-03
-7.571180000000000271e-03
-7.549789999999999800e-03
-5.478320000000000065e-03
-2.872430000000000035e-03
-1.264869999999999970e-03
1.058190000000000085e-03
2.568270000000000101e-03
3.817210000000000134e-03
4.728519999999999945e-03
5.338680000000000161e-03
5.715180000000000260e-03
5.338889999999999782e-03
4.129589999999999823e-03
4.017689999999999977e-03
3.393419999999999857e-03
3.053999999999999857e-03
3.071089999999999844e-03
3.599939999999999824e-03
4.579989999999999929e-03
5.243199999999999944e-03
5.321410000000000376e-03
5.089920000000000382e-03
4.835149999999999865e-03
3.512490000000000057e-03
1.156729999999999911e-03
-6.307809999999999633e-04
-2.138140000000000179e-03
-3.973189999999999708e-03
-5.463469999999999785e-03
-7.926449999999999815e-03
-8.082280000000000714e-03
-8.291359999999999356e-03
-8.356119999999999867e-03
-7.300229999999999567e-03
-6.937259999999999781e-03
-7.944800000000000126e-03
-8.286160000000000747e-03
-7.950820000000000803e-03
-8.145039999999999225e-03
-8.483430000000000137e-03
-8.471930000000000779e-03
-6.905800000000000133e-03
-7.701460000000000250e-03
-8.213240000000000124e-03
-8.394179999999999350e-03
-7.479210000000000025e-03
-5.112099999999999630e-03
-3.932640000000000267e-03
-9.778280000000000305e-04
2.266880000000000089e-04
6.835170000000000221e-04
6.824700000000000167e-04
1.946410000000000089e-04
-1.589600000000000041e-03
-2.634749999999999939e-03
-3.656260000000000152e-03
-2.882739999999999955e-03
-1.007649999999999909e-03
-6.924970000000000344e-04
8.768769999999999733e-05
3.426169999999999758e-04
1.009850000000000071e-03
1.070210000000000041e-03
1.337730000000000082e-03
2.029179999999999786e-03
1.904040000000000073e-03
2.392159999999999946e-03
2.037139999999999784e-03
1.605389999999999942e-03
2.164759999999999948e-03
2.322920000000000020e-03
2.002569999999999958e-03
1.904279999999999948e-03
1.734290000000000094e-03
1.646930000000000009e-03
1.198499999999999913e-03
6.058870000000000488e-04
7.878930000000000135e-05
-3.422510000000000135e-04
-1.219119999999999969e-03
-5.168360000000000098e-04
-6.856219999999999893e-04
-2.511339999999999927e-03
-3.248800000000000038e-03
-4.673949999999999633e-03
-6.549039999999999896e-03
-8.788799999999999391e-03
-1.050229999999999914e-02
-1.108869999999999995e-02
-1.166709999999999969e-02
-1.164689999999999996e-02
-1.062470000000000081e-02
-1.019369999999999998e-02
-1.014540000000000060e-02
-9.749280000000000793e-03
-1.014209999999999938e-02
-1.136520000000000065e-02
-1.172939999999999920e-02
-1.206340000000000016e-02
-1.269299999999999942e-02
-1.236510000000000040e-02
-1.244720000000000028e-02
-1.179909999999999987e-02
-1.121049999999999998e-02
-9.056160000000000598e-03
-7.718100000000000308e-03
-6.856219999999999676e-03
-4.579289999999999750e-03
-3.454660000000000022e-03
-2.599610000000000028e-03
-1.433940000000000084e-03
-4.598949999999999870e-04
-1.773500000000000011e-04
-1.481370000000000083e-04
-4.452540000000000165e-04
-1.099609999999999997e-03
-1.970770000000000161e-03
-1.857530000000000032e-03
-6.901029999999999621e-04
2.184180000000000084e-04
-5.715569999999999895e-05
-4.198690000000000148e-04
-1.260009999999999993e-03
-2.349420000000000067e-03
-3.318209999999999823e-03
-3.712420000000000130e-03
-3.552420000000000144e-03
-3.525729999999999923e-03
-3.168240000000000119e-03
-2.405239999999999895e-03
-2.276620000000000033e-03
-2.307130000000000118e-03
-2.143589999999999905e-03
-2.549979999999999868e-03
-3.213259999999999901e-03
-3.998309999999999712e-03
-5.141670000000000094e-03
-6.339540000000000279e-03
-6.793630000000000155e-03
-7.359160000000000007e-03
-7.990310000000000468e-03
-7.639189999999999696e-03
-7.398140000000000098e-03
-6.914870000000000044e-03
-6.027189999999999978e-03
-4.322570000000000405e-03
-3.527499999999999820e-03
-2.488919999999999935e-03
-1.651349999999999997e-03
-6.349389999999999461e-04
6.484410000000000347e-04
1.249960000000000047e-03
1.885809999999999917e-03
2.043529999999999999e-03
2.001320000000000009e-03
2.207419999999999868e-03
3.418309999999999925e-03
4.343289999999999651e-03
4.936600000000000189e-03
6.916630000000000000e-03
7.726750000000000111e-03
8.964079999999999271e-03
9.811999999999999542e-03
9.430390000000000300e-03
8.632549999999999252e-03
7.303849999999999752e-03
5.914860000000000083e-03
4.237910000000000114e-03
2.782880000000000163e-03
1.714000000000000029e-03
5.643409999999999963e-04
-2.320900000000000090e-04
-1.669119999999999903e-04
-1.743260000000000111e-04
-4.727340000000000041e-05
5.985440000000000075e-05
-1.818500000000000021e-04
-2.012190000000000127e-04
-9.087470000000000053e-04
-1.448990000000000044e-03
-2.048330000000000116e-03
-2.548920000000000092e-03
-2.429150000000000146e-03
-2.305290000000000204e-03
-1.920339999999999981e-03
-8.342879999999999784e-04
-6.175100000000000424e-04
-6.457330000000000058e-04
-7.532730000000000502e-04
-4.898049999999999496e-04
1.767200000000000021e-04
3.398459999999999849e-04
1.144320000000000049e-04
-2.098550000000000025e-04
-3.272150000000000037e-04
-1.073079999999999911e-03
-1.534580000000000015e-03
-1.958570000000000189e-03
-2.812480000000000015e-03
-3.100649999999999934e-03
-2.861869999999999865e-03
-2.631819999999999993e-03
-2.847720000000000199e-03
-2.909319999999999962e-03
-2.625259999999999920e-03
-2.421589999999999940e-03
-2.185100000000000150e-03
-1.724330000000000047e-03
-1.277790000000000002e-03
-1.034210000000000034e-03
-1.009710000000000035e-03
-1.039130000000000088e-03
-1.095000000000000053e-03
-1.047390000000000040e-03
-1.211489999999999963e-03
-1.056180000000000096e-03
-8.230499999999999752e-04
-8.247439999999999763e-04
-1.347059999999999967e-03
-1.192130000000000013e-03
-1.117350000000000027e-03
-1.216260000000000041e-03
-1.242339999999999981e-03
-8.426100000000000386e-04
-3.400189999999999983e-04
2.660030000000000077e-04
1.182950000000000104e-03
1.559209999999999893e-03
2.626750000000000178e-03
3.548550000000000142e-03
3.828139999999999842e-03
3.674670000000000106e-03
3.561579999999999954e-03
3.483739999999999927e-03
3.443690000000000119e-03
3.728560000000000121e-03
4.073969999999999675e-03
4.545809999999999955e-03
4.858099999999999745e-03
4.983060000000000093e-03
5.007939999999999788e-03
4.681850000000000421e-03
4.328150000000000226e-03
3.972780000000000408e-03
3.624350000000000141e-03
2.898889999999999887e-03
2.397540000000000088e-03
1.895070000000000001e-03
1.625710000000000046e-03
1.702500000000000020e-03
1.843409999999999970e-03
2.127120000000000139e-03
2.418930000000000125e-03
2.939370000000000177e-03
3.221869999999999942e-03
3.350280000000000185e-03
3.573250000000000037e-03
3.738089999999999902e-03
3.830899999999999930e-03
3.907139999999999919e-03
3.840089999999999996e-03
3.724780000000000018e-03
3.595189999999999844e-03
3.552239999999999912e-03
3.419460000000000034e-03
3.350960000000000050e-03
3.397869999999999883e-03
3.363899999999999963e-03
3.125839999999999955e-03
2.910209999999999880e-03
2.707830000000000046e-03
2.591200000000000100e-03
2.510629999999999806e-03
2.407330000000000060e-03
2.288600000000000009e-03
2.105280000000000172e-03
1.976159999999999809e-03
1.716620000000000082e-03
1.525480000000000065e-03
1.493210000000000023e-03
1.462069999999999993e-03
1.408030000000000002e-03
1.381000000000000066e-03
1.307199999999999898e-03
1.211709999999999957e-03
1.154990000000000053e-03
1.031180000000000031e-03
9.317470000000000223e-04
8.645869999999999944e-04
8.371449999999999681e-04
7.608930000000000077e-04
7.011069999999999672e-04
7.670020000000000266e-04
8.018559999999999880e-04
9.173010000000000322e-04
1.010720000000000108e-03
1.100709999999999970e-03
1.150269999999999895e-03
1.104109999999999944e-03
1.040319999999999960e-03
9.755550000000000202e-04
8.948289999999999803e-04
8.304509999999999540e-04
7.416750000000000165e-04
6.699730000000000312e-04
6.144959999999999659e-04
5.670920000000000518e-04
5.429950000000000011e-04
5.485480000000000477e-04
5.080040000000000510e-04
4.641040000000000139e-04
3.976529999999999822e-04
3.359179999999999913e-04
2.901080000000000217e-04
2.378640000000000116e-04
1.866439999999999972e-04
1.550239999999999984e-04
1.281970000000000060e-04
1.056569999999999948e-04
9.280930000000000603e-05
8.513239999999999827e-05
6.752049999999999838e-05
4.957089999999999663e-05
2.748999999999999938e-05
6.900170000000000039e-06
-1.036399999999999937e-05
-4.596730000000000287e-05
-6.994780000000000138e-05
-8.887549999999999975e-05
-1.181239999999999959e-04
-1.468999999999999928e-04
-1.747399999999999973e-04
-2.027069999999999957e-04
-2.311720000000000018e-04
-2.556379999999999807e-04
-2.756990000000000178e-04
-2.948450000000000138e-04
-3.151389999999999790e-04
-3.298810000000000219e-04
-3.492869999999999916e-04
-3.706180000000000216e-04
-3.906040000000000163e-04
-4.103229999999999811e-04
-4.266699999999999790e-04
-4.422420000000000257e-04
-4.580969999999999747e-04
-4.708609999999999901e-04
-4.845440000000000012e-04
-4.970470000000000270e-04
-5.095040000000000333e-04
-5.208570000000000040e-04
-5.309769999999999681e-04
-5.394139999999999959e-04
-5.470260000000000443e-04
-5.535590000000000172e-04
-5.592470000000000210e-04
-5.636869999999999988e-04
-5.678799999999999907e-04
-5.711870000000000185e-04
-5.739229999999999462e-04
-5.760570000000000447e-04
-5.778779999999999854e-04
-5.788129999999999621e-04
-5.792150000000000033e-04
-5.788689999999999765e-04
-5.779329999999999841e-04
-5.762890000000000113e-04
-5.740959999999999596e-04
-5.712459999999999717e-04
-5.678480000000000289e-04
-5.638470000000000244e-04
-5.593110000000000529e-04
-5.542119999999999989e-04
-5.485909999999999658e-04
-5.424380000000000130e-04
-5.357790000000000078e-04
-5.286149999999999660e-04
-5.209589999999999837e-04
