-8.580629999999999464e-04
-2.749670000000000065e-03
-2.681859999999999886e-03
-1.012639999999999981e-03
-3.170459999999999945e-03
-3.882940000000000089e-03
-2.475849999999999926e-03
3.653500000000000172e-04
2.170239999999999930e-03
1.347609999999999954e-03
1.945839999999999896e-03
2.203389999999999949e-03
1.875469999999999958e-03
1.289489999999999907e-03
2.939349999999999862e-03
4.510669999999999610e-03
1.621529999999999933e-03
-1.024839999999999952e-03
-3.621230000000000022e-03
-5.449559999999999994e-03
-4.298470000000000416e-03
3.471440000000000224e-04
3.960520000000000360e-03
4.826020000000000310e-03
4.251279999999999643e-03
1.474360000000000080e-03
-1.499530000000000058e-04
-1.363209999999999899e-03
-1.131570000000000010e-04
3.036130000000000165e-03
2.276789999999999890e-03
-1.748599999999999894e-03
-4.709099999999999918e-03
-3.455979999999999989e-03
-2.187559999999999852e-03
-1.522979999999999950e-03
-3.423530000000000068e-05
3.124249999999999857e-03
2.425099999999999912e-03
-2.052130000000000100e-03
-9.428169999999999823e-04
1.551660000000000062e-03
1.102410000000000065e-03
-2.174269999999999849e-03
-2.361369999999999789e-03
-4.054439999999999759e-04
-3.700479999999999915e-03
-7.218890000000000376e-03
-4.690749999999999607e-03
-3.684159999999999909e-04
-1.922300000000000050e-03
-1.457610000000000025e-03
4.591590000000000428e-03
7.366580000000000177e-03
-1.795479999999999906e-03
-3.440139999999999951e-03
9.830669999999999686e-03
1.090129999999999919e-02
6.103779999999999623e-03
4.939550000000000017e-03
3.176580000000000029e-03
-1.174069999999999958e-04
-5.450370000000000388e-03
-8.332269999999999260e-03
-8.644799999999999360e-03
-8.230060000000000847e-03
-8.925070000000000225e-03
-8.629670000000000743e-03
-8.586849999999999821e-04
5.590379999999999829e-03
8.874389999999999362e-03
7.593899999999999782e-03
6.286889999999999840e-03
7.767549999999999802e-03
6.390169999999999705e-03
3.248659999999999894e-04
-5.130469999999999822e-03
-5.246110000000000009e-03
-6.371550000000000130e-03
-1.165350000000000066e-02
-1.534010000000000061e-02
-6.351250000000000125e-03
1.316749999999999995e-03
-6.206020000000000460e-04
5.979320000000000208e-04
5.745509999999999680e-03
4.555830000000000296e-03
1.133370000000000081e-03
2.188709999999999961e-03
2.484150000000000073e-03
5.313280000000000086e-03
6.714399999999999709e-03
3.870290000000000188e-03
-2.119499999999999856e-03
-4.585190000000000272e-03
-3.814409999999999849e-03
-1.194010000000000037e-02
-1.405900000000000032e-02
-2.120200000000000036e-03
5.183680000000000405e-03
4.668239999999999716e-03
3.771329999999999821e-03
7.991750000000000589e-03
1.963780000000000039e-02
1.751279999999999851e-02
5.781439999999999670e-03
4.824349999999999819e-03
-4.707959999999999966e-04
-1.044770000000000074e-02
-2.056650000000000145e-02
-1.887149999999999939e-02
-4.217519999999999776e-03
8.961810000000000175e-05
8.420619999999999754e-04
5.072710000000000240e-03
1.122199999999999934e-02
1.564950000000000022e-02
1.186800000000000008e-02
6.331159999999999739e-03
2.960780000000000096e-03
-2.907589999999999827e-03
-1.059049999999999922e-02
-1.159149999999999937e-02
-7.130270000000000184e-03
-6.207469999999999655e-03
-8.361999999999999642e-03
-6.462039999999999625e-03
-3.319710000000000022e-03
-2.630490000000000085e-03
-3.750739999999999803e-03
-3.289260000000000014e-04
8.007250000000000478e-03
1.449210000000000081e-02
1.409200000000000036e-02
1.456810000000000049e-02
1.393639999999999983e-02
5.702669999999999961e-03
-4.734470000000000090e-05
2.735959999999999955e-03
1.351540000000000033e-03
-7.604330000000000291e-03
-1.421930000000000069e-02
-1.422159999999999917e-02
-1.468500000000000014e-02
-1.589700000000000141e-02
2.207750000000000077e-03
2.461589999999999959e-02
2.515010000000000162e-02
2.090660000000000088e-02
1.720680000000000126e-02
7.534919999999999639e-03
-2.123719999999999948e-03
-1.025749999999999926e-02
-1.748950000000000157e-02
-2.393920000000000076e-02
-1.973499999999999907e-02
-6.271279999999999737e-03
-2.476110000000000116e-03
-4.756050000000000381e-03
-5.501920000000000421e-03
-4.668819999999999741e-03
-5.479969999999999807e-03
-2.761679999999999756e-04
7.623490000000000127e-03
5.413929999999999958e-03
6.028760000000000195e-03
8.461220000000000199e-03
9.260670000000000360e-03
5.721040000000000153e-03
1.005269999999999948e-02
1.095619999999999927e-02
-1.429850000000000088e-03
-7.680639999999999863e-03
-4.558640000000000088e-03
-3.417490000000000024e-03
-4.702910000000000250e-03
-7.934490000000000640e-03
-6.936130000000000420e-03
7.104970000000000382e-03
6.206129999999999806e-03
-2.117280000000000030e-03
-5.419239999999999648e-03
-2.868090000000000114e-04
2.777060000000000032e-03
-3.970450000000000368e-03
-9.534759999999999763e-03
-6.341349999999999938e-03
1.787849999999999899e-03
-3.796859999999999992e-03
-7.126340000000000105e-03
-1.129939999999999937e-02
-1.333140000000000019e-02
6.448240000000000048e-03
1.816169999999999937e-02
1.373680000000000040e-02
9.696349999999999414e-03
5.420310000000000232e-03
3.629559999999999991e-04
-3.519360000000000023e-03
-5.258650000000000130e-03
1.376269999999999967e-03
-3.396500000000000213e-03
-9.055650000000000158e-03
-8.485650000000000831e-03
-9.654760000000000078e-03
3.767239999999999825e-03
1.440460000000000004e-02
2.338959999999999997e-02
3.674639999999999851e-02
4.267340000000000022e-02
4.082090000000000024e-02
3.142240000000000311e-02
1.434949999999999941e-02
-1.327040000000000034e-03
-8.938450000000000562e-03
-1.388769999999999935e-02
-1.722430000000000141e-02
-2.180119999999999975e-02
-3.000720000000000123e-02
-3.456580000000000069e-02
-2.803589999999999902e-02
-2.030140000000000070e-02
-9.716000000000000678e-03
2.259440000000000059e-02
4.095630000000000104e-02
3.125590000000000312e-02
1.366689999999999919e-02
6.569550000000000389e-03
6.837649999999999804e-03
5.821579999999999810e-03
5.562349999999999760e-03
8.711959999999999496e-03
1.720030000000000170e-02
2.230829999999999966e-02
2.045579999999999968e-02
3.908189999999999754e-03
-2.224169999999999967e-02
-4.181460000000000038e-02
-5.253900000000000237e-02
-1.998689999999999842e-02
1.290179999999999973e-02
9.583629999999999233e-03
7.022269999999999728e-03
2.313710000000000072e-02
4.302489999999999787e-02
3.447820000000000051e-02
2.086819999999999994e-02
2.160760000000000111e-02
9.003330000000000360e-03
-2.789940000000000128e-02
-4.674910000000000176e-02
-3.829649999999999721e-02
-2.796910000000000021e-02
-1.479390000000000045e-02
-1.168920000000000028e-02
-3.091730000000000173e-02
-4.726190000000000252e-02
-4.952229999999999827e-02
-3.748850000000000099e-02
-7.169130000000000121e-03
4.044230000000000047e-02
3.855419999999999681e-02
1.873549999999999868e-02
3.468510000000000343e-02
2.542720000000000050e-03
-4.035249999999999948e-02
-2.155400000000000024e-02
-7.695350000000000107e-03
-4.351680000000000131e-02
-2.329439999999999983e-02
6.249049999999999744e-02
8.704280000000000350e-02
7.821050000000000224e-02
6.707609999999999961e-02
3.050289999999999946e-02
-5.584429999999999950e-02
-1.279220000000000079e-01
-1.120209999999999956e-01
-3.387180000000000052e-02
-4.759010000000000150e-03
-3.663509999999999683e-02
-4.583770000000000205e-02
-4.730150000000000327e-02
-5.014629999999999782e-02
-4.760770000000000279e-02
-3.705579999999999985e-02
-1.056859999999999918e-02
2.980599999999999916e-02
4.551290000000000197e-02
3.698970000000000036e-02
2.716570000000000182e-03
-2.856179999999999830e-02
9.674830000000000582e-03
6.953139999999999321e-02
4.382319999999999965e-02
1.500609999999999965e-02
6.737379999999999758e-02
1.161910000000000026e-01
7.787660000000000415e-02
-1.706809999999999924e-02
-5.182670000000000332e-02
-5.858429999999999888e-02
-4.092210000000000292e-02
-1.572199999999999986e-02
-1.652280000000000068e-02
-1.825689999999999952e-02
-1.477979999999999919e-02
-1.043260000000000021e-02
-9.342289999999999622e-03
-1.530179999999999908e-03
-1.605610000000000023e-02
2.727160000000000174e-03
1.548320000000000078e-02
-1.288000000000000082e-02
-5.974659999999999693e-03
3.517819999999999975e-02
5.008540000000000214e-02
-6.198510000000000391e-04
-5.037139999999999673e-02
-1.104849999999999929e-02
5.691920000000000313e-02
6.802900000000000613e-02
6.853069999999999995e-02
3.837639999999999801e-02
-4.469749999999999765e-03
-1.759670000000000071e-03
9.143049999999999788e-03
1.054650000000000032e-02
7.376299999999999697e-03
2.603820000000000093e-02
2.491610000000000005e-02
-2.597479999999999928e-02
-5.599450000000000260e-02
1.066660000000000004e-02
8.688300000000000189e-02
9.319570000000000631e-02
5.023829999999999962e-02
-2.479189999999999866e-02
-6.878860000000000530e-02
-7.212609999999999855e-02
-7.460680000000000089e-02
-7.210370000000000668e-02
-2.896079999999999835e-02
-1.136309999999999968e-03
-6.667809999999999709e-03
-3.300829999999999823e-03
1.395339999999999948e-02
8.850349999999999884e-03
6.172809999999999929e-03
2.811500000000000110e-02
4.647400000000000142e-02
2.896769999999999901e-02
3.795889999999999681e-02
7.838760000000000172e-02
8.976979999999999682e-02
3.599630000000000191e-02
-8.192489999999999495e-02
-1.446020000000000083e-01
-1.332010000000000138e-01
-9.186279999999999446e-02
-6.819680000000000186e-02
-5.970740000000000075e-02
-6.805609999999999438e-02
-9.362850000000000339e-02
-9.065220000000000222e-02
9.874869999999999134e-03
1.210659999999999931e-01
1.359859999999999958e-01
1.350400000000000038e-02
-7.006769999999999665e-02
-6.832349999999999535e-02
-6.665279999999999816e-02
1.471669999999999923e-02
8.077389999999999570e-02
5.827269999999999672e-02
5.406409999999999688e-02
1.168819999999999998e-01
1.544049999999999867e-01
1.533730000000000093e-01
8.659390000000000143e-02
1.995219999999999980e-02
3.252259999999999873e-02
3.216150000000000259e-02
-2.358860000000000123e-02
-1.015289999999999943e-01
-1.072889999999999955e-01
-4.894790000000000252e-02
6.496240000000000347e-03
2.632910000000000111e-02
-1.005840000000000033e-02
-7.663380000000000192e-02
-1.010989999999999944e-01
-6.188149999999999901e-02
-3.947010000000000102e-02
-3.918959999999999805e-02
1.152400000000000039e-03
5.203920000000000073e-02
8.761370000000000269e-02
1.081769999999999954e-01
6.761350000000000693e-02
2.840479999999999828e-03
-5.901939999999999617e-03
2.973690000000000014e-02
4.103740000000000165e-02
3.934830000000000272e-02
4.315800000000000192e-02
2.381580000000000155e-02
-4.280139999999999986e-03
-1.274200000000000072e-03
-7.794940000000000419e-04
-5.853189999999999782e-02
-1.183529999999999999e-01
-1.069439999999999974e-01
-8.155529999999999724e-02
-8.100449999999999318e-02
-4.557169999999999971e-02
3.607520000000000171e-02
9.586250000000000326e-02
8.846239999999999659e-02
5.410569999999999963e-02
2.461119999999999801e-03
-1.869979999999999906e-02
-8.012220000000000453e-03
-1.171580000000000017e-02
-3.045219999999999871e-02
-4.424159999999999898e-02
-5.138559999999999656e-02
-2.908540000000000084e-02
1.166670000000000033e-02
4.241559999999999775e-02
5.544410000000000310e-02
5.043889999999999658e-03
-2.533670000000000019e-03
3.379059999999999703e-02
4.034410000000000079e-02
2.565510000000000013e-02
-2.260619999999999991e-02
-5.657220000000000304e-02
-4.609160000000000340e-02
-4.792850000000000409e-03
3.223519999999999858e-02
2.798080000000000012e-02
-1.524069999999999939e-02
-2.603729999999999933e-02
-2.187470000000000039e-02
-2.633510000000000018e-02
2.665020000000000041e-04
1.918850000000000069e-02
3.642859999999999848e-02
7.771309999999999329e-02
9.044989999999999974e-02
8.072730000000000183e-02
6.750299999999999356e-02
4.818630000000000135e-02
1.919380000000000044e-02
-1.918370000000000145e-02
-4.298629999999999812e-02
-5.855869999999999825e-02
-6.906669999999999476e-02
-5.391959999999999809e-02
-1.460780000000000065e-02
2.589949999999999891e-02
3.296199999999999825e-02
-1.814609999999999834e-02
-5.271279999999999716e-02
-4.078799999999999787e-02
-1.384769999999999925e-02
3.736960000000000282e-02
8.228430000000000466e-02
7.633260000000000045e-02
1.123320000000000048e-02
-2.123440000000000050e-02
2.069270000000000137e-02
4.363460000000000255e-02
3.560930000000000345e-02
5.879090000000000010e-02
1.058840000000000059e-01
1.277010000000000089e-01
9.689620000000000177e-02
1.004219999999999939e-02
-7.312449999999999506e-02
-1.484379999999999866e-01
-1.940709999999999935e-01
-1.688870000000000093e-01
-1.212079999999999963e-01
-7.999610000000000054e-02
-8.194140000000000798e-03
3.691640000000000199e-02
2.023840000000000014e-02
-3.164990000000000164e-02
-4.155720000000000247e-02
4.530710000000000293e-02
1.163330000000000058e-01
7.419359999999999844e-02
-5.700179999999999830e-02
-1.048909999999999981e-01
-1.088240000000000041e-01
-1.083689999999999931e-01
-5.069810000000000288e-02
-2.082020000000000051e-02
2.391300000000000023e-02
3.810020000000000073e-02
7.032090000000000389e-03
1.857649999999999926e-02
4.167850000000000027e-02
7.727040000000000297e-02
1.154830000000000023e-01
6.411559999999999482e-02
-3.683990000000000181e-02
-1.084910000000000041e-01
-1.430960000000000010e-01
-1.281359999999999999e-01
-1.203700000000000048e-01
-1.233169999999999961e-01
-7.185919999999999808e-02
3.229300000000000226e-02
5.690060000000000257e-02
1.848839999999999859e-02
9.339119999999999366e-02
1.962649999999999950e-01
2.388480000000000047e-01
8.781909999999999716e-02
-5.094680000000000042e-02
-2.914939999999999979e-03
2.292579999999999965e-02
-5.204820000000000280e-02
-1.198749999999999954e-01
-8.751960000000000295e-02
-5.562419999999999864e-02
-2.727320000000000091e-02
-2.418560000000000154e-02
-2.772190000000000071e-02
-7.984689999999999843e-02
-9.936760000000000037e-02
-2.829299999999999871e-02
6.071429999999999882e-02
5.069590000000000207e-02
-4.202399999999999886e-02
-3.305099999999999705e-02
5.232810000000000239e-02
7.755789999999999906e-02
5.333290000000000253e-02
4.333900000000000252e-02
9.890229999999999855e-03
-3.287089999999999890e-03
2.421620000000000023e-02
6.086389999999999856e-02
4.709290000000000004e-02
3.540379999999999916e-02
7.889870000000000216e-02
8.503099999999999548e-02
2.754790000000000016e-02
-4.619899999999999701e-02
-6.959170000000000633e-02
-6.901630000000000265e-02
-4.916910000000000031e-02
-2.670660000000000048e-02
-5.420160000000000255e-03
6.591560000000000474e-02
1.284820000000000129e-01
1.413880000000000137e-01
1.077720000000000067e-01
3.591969999999999885e-02
-1.803919999999999829e-02
-3.601159999999999778e-02
-5.787879999999999588e-03
2.603410000000000099e-02
-3.204100000000000090e-03
-4.159279999999999922e-02
-1.988710000000000130e-02
9.939810000000000312e-03
-6.717739999999999823e-03
-2.775719999999999923e-02
-1.307220000000000083e-02
2.052769999999999942e-02
2.361119999999999886e-02
1.564300000000000065e-02
2.757199999999999929e-02
3.549950000000000327e-02
4.657159999999999772e-02
8.065709999999999547e-02
9.011049999999999616e-02
4.622199999999999920e-02
-6.401790000000000085e-03
-2.958020000000000094e-02
-5.529429999999999762e-02
-6.562479999999999702e-02
-3.154040000000000316e-02
-2.484609999999999944e-02
-5.335709999999999759e-02
-5.501759999999999984e-02
-1.855860000000000148e-02
-1.524559999999999978e-02
-4.998160000000000103e-02
-4.361779999999999824e-02
8.418600000000000042e-03
5.529479999999999812e-02
7.206160000000000343e-02
8.233409999999999340e-02
6.616519999999999346e-02
4.808160000000000212e-02
3.792659999999999781e-02
3.405369999999999925e-02
3.061540000000000095e-02
-2.154230000000000034e-02
-8.322359999999999480e-02
-1.074060000000000015e-01
-1.205389999999999934e-01
-1.410440000000000027e-01
-1.542179999999999940e-01
-1.359859999999999958e-01
-6.030590000000000256e-02
-6.910829999999999751e-03
-4.296499999999999972e-03
-7.629790000000000010e-03
1.381369999999999994e-02
3.630169999999999925e-02
4.808690000000000186e-02
5.670700000000000046e-02
5.769649999999999779e-02
3.611740000000000089e-02
3.891599999999999834e-03
-2.339509999999999940e-03
-3.122799999999999795e-03
-1.929329999999999934e-03
-5.509459999999999878e-03
-8.299090000000000286e-03
-2.257699999999999985e-02
-4.856549999999999756e-02
-3.929160000000000291e-02
-2.596209999999999837e-02
-4.158540000000000153e-02
-5.110909999999999759e-02
-3.441059999999999952e-02
-1.110859999999999972e-02
-2.573430000000000162e-02
-5.092830000000000273e-02
-4.098009999999999847e-02
-2.991510000000000002e-02
-3.440399999999999708e-02
-3.372060000000000335e-02
-7.435100000000000042e-03
3.593740000000000129e-02
6.987599999999999367e-02
8.506479999999999597e-02
7.355219999999999814e-02
5.720569999999999822e-02
6.387560000000000460e-02
7.808120000000000338e-02
6.441940000000000166e-02
4.591769999999999879e-02
3.883690000000000059e-02
1.322480000000000010e-02
-1.699670000000000000e-02
-2.731909999999999894e-02
-2.534830000000000069e-02
-2.762389999999999984e-02
-3.732100000000000001e-02
-2.737689999999999915e-02
2.510179999999999877e-03
6.920739999999999878e-03
7.864959999999999996e-05
1.997789999999999982e-02
6.007830000000000115e-02
8.949719999999999898e-02
8.723390000000000311e-02
5.376870000000000260e-02
2.751200000000000173e-02
1.804949999999999957e-02
1.042709999999999991e-02
6.296200000000000060e-03
1.953120000000000030e-03
1.443900000000000045e-02
1.256939999999999967e-02
-2.358750000000000083e-02
-5.572350000000000220e-02
-8.496579999999999411e-02
-1.063400000000000040e-01
-9.069190000000000584e-02
-5.259690000000000198e-02
-1.822899999999999868e-02
-8.802060000000000439e-03
-1.954060000000000172e-02
-2.642749999999999960e-02
-1.785430000000000003e-02
9.309349999999999223e-03
3.005719999999999920e-02
3.655270000000000047e-02
2.183420000000000152e-02
1.279699999999999935e-02
2.933840000000000059e-02
4.218739999999999990e-02
4.518729999999999969e-02
5.650940000000000130e-02
7.760209999999999331e-02
8.674129999999999341e-02
6.501029999999999309e-02
4.539880000000000304e-02
4.474510000000000293e-02
2.627909999999999968e-02
-1.526339999999999988e-02
-4.054499999999999771e-02
-4.007779999999999676e-02
-3.398629999999999707e-02
-3.635370000000000268e-02
-3.614040000000000308e-02
-3.139730000000000298e-02
-2.611979999999999857e-02
-2.264969999999999831e-02
-3.670419999999999933e-02
-4.333510000000000140e-02
-2.936619999999999855e-02
-2.086440000000000169e-02
-2.719239999999999852e-02
-2.853059999999999971e-02
-2.105699999999999933e-02
-1.144129999999999973e-02
9.118869999999999407e-03
2.165680000000000036e-02
1.811230000000000132e-02
1.470459999999999996e-02
1.204249999999999939e-02
-1.877399999999999989e-03
-2.485079999999999928e-02
-4.223049999999999721e-02
-3.022199999999999886e-02
4.846729999999999615e-03
1.657480000000000064e-02
1.353619999999999997e-02
1.496429999999999982e-02
5.957790000000000134e-03
-3.023170000000000024e-02
-5.503399999999999959e-02
-5.274500000000000022e-02
-4.725739999999999802e-02
-4.696659999999999724e-02
-1.805059999999999998e-02
1.473129999999999926e-02
8.839839999999999851e-03
-4.008010000000000218e-03
6.696099999999999806e-05
9.100149999999999559e-03
9.355219999999999161e-03
7.744710000000000136e-03
8.816799999999999637e-03
9.402340000000000350e-03
6.952370000000000251e-03
2.199239999999999876e-03
-1.104540000000000036e-02
-2.434410000000000046e-02
-3.056499999999999842e-02
-3.031199999999999867e-02
-3.042720000000000147e-02
-2.669190000000000104e-02
-3.070620000000000033e-03
3.116879999999999998e-02
4.924839999999999773e-02
5.586010000000000281e-02
6.436899999999999566e-02
6.861330000000000207e-02
6.236479999999999801e-02
2.602940000000000115e-02
-3.283289999999999798e-04
-4.112460000000000074e-03
-7.252980000000000017e-03
-1.625949999999999965e-02
-7.701640000000000048e-03
1.664890000000000120e-02
1.302689999999999924e-02
1.122259999999999924e-02
2.273029999999999842e-02
3.174620000000000219e-02
3.602000000000000340e-02
4.120879999999999682e-02
4.917610000000000037e-02
5.990150000000000335e-02
7.220580000000000054e-02
8.730590000000000572e-02
9.238050000000000428e-02
8.834240000000000148e-02
7.289859999999999396e-02
5.686329999999999857e-02
4.514359999999999901e-02
2.149900000000000075e-02
3.656800000000000089e-04
-7.695320000000000285e-03
-1.465269999999999941e-02
-3.724870000000000264e-02
-6.844530000000000058e-02
-9.066899999999999959e-02
-1.047730000000000050e-01
-1.023860000000000048e-01
-8.012710000000000665e-02
-6.592149999999999399e-02
-4.957389999999999713e-02
-2.057010000000000088e-02
2.565550000000000209e-03
1.085209999999999994e-02
1.481990000000000043e-02
1.419680000000000074e-02
6.338769999999999648e-03
-1.298200000000000048e-02
-2.626950000000000118e-02
-3.144899999999999779e-02
-3.215069999999999734e-02
-3.094399999999999928e-02
-1.272260000000000058e-02
1.624340000000000159e-02
1.778470000000000051e-02
7.956009999999999471e-03
2.580670000000000186e-03
3.009130000000000051e-03
-2.784410000000000183e-03
-1.175220000000000084e-02
-1.672260000000000066e-02
-1.640430000000000013e-02
-2.167660000000000073e-02
-3.240799999999999931e-02
-4.533949999999999786e-02
-5.745700000000000113e-02
-6.297310000000000407e-02
-5.818929999999999936e-02
-5.079319999999999669e-02
-5.203859999999999736e-02
-5.536569999999999686e-02
-5.215779999999999722e-02
-3.518899999999999806e-02
-1.896279999999999841e-02
-1.254079999999999952e-02
-1.569869999999999946e-02
-2.451450000000000157e-02
-2.734999999999999931e-02
-2.456229999999999872e-02
-1.257929999999999986e-02
7.852369999999999142e-03
3.306270000000000042e-02
6.087510000000000143e-02
7.468089999999999451e-02
6.641589999999999994e-02
5.235830000000000345e-02
4.843340000000000145e-02
5.684739999999999932e-02
6.776559999999999528e-02
7.204760000000000331e-02
7.410289999999999933e-02
7.039019999999999999e-02
5.694049999999999806e-02
3.826740000000000003e-02
2.796850000000000031e-02
2.451889999999999972e-02
2.979240000000000013e-02
3.952220000000000039e-02
3.530149999999999955e-02
3.171020000000000089e-02
3.164390000000000258e-02
2.994870000000000171e-02
1.274029999999999954e-02
-1.594910000000000078e-02
-2.805749999999999911e-02
-2.829720000000000152e-02
-2.890610000000000054e-02
-3.615410000000000151e-02
-4.321350000000000191e-02
-4.472099999999999687e-02
-4.855310000000000181e-02
-5.129790000000000044e-02
-4.748299999999999743e-02
-3.952599999999999864e-02
-3.247980000000000311e-02
-2.763569999999999915e-02
-2.233780000000000140e-02
-2.371269999999999975e-02
-3.026819999999999858e-02
-3.178389999999999688e-02
-2.379519999999999899e-02
-7.506780000000000223e-03
4.388509999999999980e-03
7.866750000000000478e-03
1.057289999999999966e-02
1.753640000000000060e-02
2.481010000000000160e-02
2.609430000000000083e-02
2.024159999999999848e-02
1.075869999999999951e-02
6.718540000000000276e-03
9.354259999999999659e-03
2.599869999999999959e-02
4.479629999999999723e-02
5.323479999999999879e-02
5.350919999999999982e-02
4.671499999999999958e-02
3.568169999999999675e-02
2.679760000000000128e-02
1.335809999999999949e-02
-7.277480000000000233e-03
-1.966740000000000155e-02
-2.342199999999999838e-02
-1.944090000000000054e-02
-1.615540000000000032e-02
-2.314949999999999994e-02
-2.998750000000000027e-02
-3.328919999999999796e-02
-3.563319999999999682e-02
-3.534550000000000192e-02
-3.014549999999999869e-02
-2.147440000000000113e-02
-1.851430000000000090e-02
-1.964139999999999983e-02
-2.594700000000000131e-02
-2.878160000000000093e-02
-2.146810000000000038e-02
-1.855520000000000043e-03
1.648000000000000159e-02
2.523780000000000120e-02
2.809180000000000010e-02
2.435150000000000162e-02
1.301629999999999975e-02
-1.387119999999999933e-03
-6.111730000000000114e-03
-2.526399999999999826e-03
9.557579999999999548e-03
2.027779999999999860e-02
2.769119999999999915e-02
3.539529999999999760e-02
4.189890000000000281e-02
4.353189999999999837e-02
3.838400000000000145e-02
3.079420000000000074e-02
1.664279999999999926e-02
3.374639999999999931e-03
-4.128449999999999655e-03
4.201919999999999614e-03
1.979469999999999841e-02
2.521699999999999983e-02
2.508039999999999922e-02
1.869929999999999856e-02
9.688650000000000040e-03
8.198469999999999369e-03
1.311999999999999972e-02
1.828219999999999845e-02
1.892179999999999904e-02
1.041500000000000065e-02
5.271909999999999877e-04
-4.033199999999999806e-03
-8.154990000000000849e-03
-1.328660000000000084e-02
-1.836919999999999872e-02
-2.062030000000000113e-02
-1.747970000000000079e-02
-1.416159999999999988e-02
-4.487930000000000218e-03
4.367740000000000164e-03
8.660940000000000652e-03
1.063979999999999961e-02
1.106000000000000039e-02
6.695480000000000181e-03
-1.197259999999999904e-03
-4.499989999999999719e-03
-7.993470000000000783e-03
-1.907980000000000093e-02
-3.066599999999999882e-02
-3.366580000000000267e-02
-2.845860000000000056e-02
-2.507020000000000082e-02
-3.377890000000000059e-02
-4.111469999999999708e-02
-4.187359999999999693e-02
-4.255090000000000261e-02
-4.550069999999999809e-02
-4.441439999999999971e-02
-3.952750000000000014e-02
-3.491099999999999759e-02
-3.067589999999999900e-02
-2.378780000000000130e-02
-1.556249999999999994e-02
-1.047990000000000033e-02
-6.071390000000000294e-03
3.221840000000000120e-03
1.144919999999999966e-02
1.018130000000000077e-02
4.243939999999999865e-03
4.330660000000000065e-03
1.013350000000000015e-02
2.028249999999999845e-02
2.858219999999999858e-02
3.005719999999999920e-02
2.441660000000000011e-02
1.317010000000000056e-02
7.709019999999999588e-03
5.941369999999999638e-03
4.532770000000000202e-03
2.958919999999999866e-03
4.365520000000000338e-03
7.672370000000000405e-03
6.304569999999999792e-03
2.514259999999999932e-03
5.496759999999999841e-03
2.263580000000000106e-02
3.702190000000000342e-02
4.003400000000000014e-02
4.263499999999999929e-02
4.713629999999999903e-02
4.957410000000000289e-02
3.798279999999999712e-02
2.020320000000000102e-02
1.167299999999999935e-02
7.764339999999999783e-03
2.468510000000000149e-03
-2.668199999999999912e-03
-1.573130000000000014e-02
-2.796830000000000149e-02
-2.956860000000000044e-02
-2.332009999999999986e-02
-1.139319999999999916e-02
-6.269760000000000090e-03
-7.339730000000000039e-03
-1.257130000000000053e-02
-3.017749999999999946e-02
-4.838959999999999789e-02
-5.476869999999999655e-02
-5.186369999999999869e-02
-4.303150000000000031e-02
-3.510100000000000026e-02
-2.715619999999999840e-02
-1.983369999999999925e-02
-1.389109999999999998e-02
-8.556519999999999751e-03
-2.706810000000000032e-03
1.140629999999999899e-03
1.737339999999999978e-03
1.130439999999999917e-03
-4.763110000000000087e-03
-1.157880000000000020e-02
-1.427259999999999987e-02
-1.639820000000000166e-02
-2.061289999999999997e-02
-2.092400000000000163e-02
-1.771910000000000152e-02
-1.511000000000000017e-02
-1.067910000000000040e-02
1.100889999999999985e-03
1.592249999999999915e-02
2.251989999999999895e-02
2.099900000000000030e-02
1.377240000000000061e-02
4.650500000000000120e-03
1.923019999999999894e-03
6.498740000000000246e-03
1.281149999999999997e-02
1.699049999999999866e-02
1.801149999999999973e-02
1.704659999999999856e-02
1.739229999999999943e-02
2.163249999999999895e-02
2.223220000000000057e-02
1.893150000000000041e-02
1.266360000000000055e-02
4.470960000000000385e-03
2.781829999999999893e-03
7.628870000000000269e-03
9.036469999999999572e-03
6.298780000000000351e-03
5.457280000000000117e-03
6.691469999999999710e-03
9.400590000000000335e-03
1.273290000000000012e-02
1.225659999999999944e-02
6.978070000000000279e-03
3.563109999999999975e-03
1.578179999999999991e-03
-2.038750000000000197e-03
-3.335170000000000148e-03
3.466180000000000129e-03
1.244220000000000048e-02
1.317959999999999965e-02
8.215280000000000152e-03
2.210530000000000047e-03
-5.445600000000000093e-03
-1.404009999999999980e-02
-2.419829999999999898e-02
-2.831610000000000030e-02
-2.425849999999999881e-02
-1.781519999999999979e-02
-1.282840000000000022e-02
-1.205020000000000049e-02
-1.296819999999999917e-02
-1.745309999999999917e-02
-2.223289999999999988e-02
-2.067120000000000068e-02
-1.362610000000000036e-02
-7.183819999999999616e-03
-2.209290000000000039e-03
1.255639999999999925e-03
3.996369999999999957e-03
6.164870000000000246e-03
6.653440000000000049e-03
6.040410000000000397e-03
6.125049999999999939e-03
1.082110000000000016e-02
1.725930000000000172e-02
2.660250000000000115e-02
3.861499999999999655e-02
4.864469999999999905e-02
5.458009999999999945e-02
5.533180000000000043e-02
5.102229999999999960e-02
4.608750000000000346e-02
4.120680000000000176e-02
3.411879999999999774e-02
1.843830000000000122e-02
2.579329999999999904e-03
-7.011749999999999754e-03
-1.154359999999999935e-02
-7.723739999999999772e-03
-3.467299999999999983e-03
3.250400000000000186e-04
5.363820000000000046e-03
1.240489999999999995e-02
1.789139999999999828e-02
1.694990000000000038e-02
1.310550000000000083e-02
1.013430000000000060e-02
7.939200000000000423e-03
3.261459999999999880e-03
-2.667820000000000000e-03
-7.830059999999999798e-03
-1.166829999999999951e-02
-1.927960000000000090e-02
-2.625639999999999918e-02
-2.695820000000000161e-02
-2.357489999999999933e-02
-2.081480000000000136e-02
-1.968359999999999901e-02
-1.806079999999999838e-02
-2.017839999999999911e-02
-2.426350000000000035e-02
-2.392899999999999888e-02
-2.264479999999999965e-02
-2.396370000000000097e-02
-2.694420000000000148e-02
-2.794989999999999974e-02
-2.326709999999999889e-02
-1.893720000000000125e-02
-1.302329999999999981e-02
-2.185820000000000211e-03
8.483350000000000612e-03
1.289790000000000034e-02
1.524589999999999973e-02
1.725120000000000126e-02
1.428809999999999976e-02
6.824700000000000384e-03
-2.764350000000000054e-03
-9.450480000000000685e-03
-7.626749999999999849e-03
-3.674269999999999880e-03
2.282169999999999869e-04
5.130309999999999905e-03
1.018950000000000064e-02
1.218149999999999962e-02
8.865460000000000354e-03
4.299909999999999670e-03
-1.407019999999999929e-03
-3.604130000000000094e-03
-1.511119999999999911e-03
-8.012269999999999505e-04
-3.106380000000000165e-04
7.387130000000000541e-05
1.008159999999999916e-03
3.631570000000000197e-03
4.612780000000000352e-03
4.294509999999999647e-03
5.102309999999999658e-03
6.705720000000000083e-03
7.670609999999999581e-03
8.527379999999999335e-03
8.536520000000000566e-03
8.483450000000000019e-03
7.932619999999999602e-03
9.727780000000000107e-03
1.093539999999999963e-02
9.748120000000000743e-03
1.002650000000000069e-02
1.227559999999999936e-02
1.652179999999999968e-02
1.559770000000000080e-02
1.016509999999999983e-02
1.476730000000000100e-03
-1.084800000000000000e-02
-2.035030000000000172e-02
-2.295339999999999880e-02
-1.587159999999999960e-02
-1.022589999999999957e-02
-9.174329999999999638e-03
-6.782459999999999704e-03
-6.635190000000000012e-04
3.971320000000000405e-03
5.882769999999999840e-03
7.192409999999999776e-03
5.789869999999999912e-03
2.471769999999999870e-03
-2.956700000000000040e-03
-7.138740000000000190e-03
-1.118919999999999984e-02
-1.092399999999999968e-02
-6.161699999999999990e-03
-2.815119999999999949e-03
-3.697460000000000069e-03
-5.818069999999999839e-03
-6.378100000000000262e-03
-1.002970000000000077e-02
-1.498589999999999992e-02
-1.687610000000000152e-02
-1.707089999999999996e-02
-1.634270000000000167e-02
-1.274720000000000020e-02
-8.310259999999999869e-03
-3.206220000000000077e-03
6.819799999999999994e-04
1.497939999999999905e-03
4.676220000000000029e-03
1.025760000000000040e-02
1.248319999999999985e-02
1.143659999999999989e-02
9.339490000000000638e-03
7.263750000000000241e-03
8.458639999999999909e-04
-6.479819999999999851e-03
-1.013449999999999941e-02
-1.415340000000000001e-02
-1.558039999999999946e-02
-1.228789999999999917e-02
-8.418039999999999898e-03
-6.621860000000000246e-03
-3.957659999999999997e-03
-4.578890000000000390e-03
-6.289470000000000130e-03
-6.222199999999999780e-03
-6.136560000000000105e-03
-5.784710000000000199e-03
-6.586469999999999651e-03
-8.582650000000000695e-03
-8.516400000000000359e-03
-3.566390000000000012e-03
3.805110000000000003e-03
8.369559999999999847e-03
1.005759999999999987e-02
1.297880000000000041e-02
1.501779999999999955e-02
1.417320000000000038e-02
1.105300000000000032e-02
1.025530000000000018e-02
9.474919999999999523e-03
5.115390000000000041e-03
1.588180000000000017e-03
4.314550000000000221e-04
1.198449999999999993e-03
4.721610000000000217e-04
3.915330000000000069e-04
1.654239999999999964e-03
1.124819999999999900e-03
-5.449709999999999971e-04
-2.238219999999999967e-03
-4.845389999999999767e-03
-9.606800000000000408e-03
-1.474050000000000013e-02
-1.847270000000000162e-02
-2.024760000000000101e-02
-2.219789999999999958e-02
-2.227950000000000069e-02
-2.243869999999999892e-02
-2.216330000000000036e-02
-2.344759999999999900e-02
-2.359139999999999848e-02
-2.027139999999999845e-02
-1.616290000000000088e-02
-1.062540000000000012e-02
-3.318119999999999924e-03
2.224509999999999856e-03
1.401319999999999953e-03
-2.633850000000000080e-03
-2.770579999999999918e-03
2.306930000000000005e-03
6.818339999999999991e-03
9.395830000000000848e-03
9.919030000000000555e-03
9.143780000000000657e-03
6.972149999999999875e-03
4.955560000000000347e-03
3.588710000000000164e-03
1.573139999999999998e-03
1.324209999999999927e-03
3.088749999999999916e-03
5.441839999999999872e-03
5.867129999999999915e-03
4.416640000000000323e-03
4.624669999999999996e-03
6.263750000000000220e-03
8.583179999999999282e-03
1.007839999999999951e-02
8.305639999999999551e-03
6.000379999999999603e-03
7.100910000000000208e-03
1.069739999999999927e-02
1.485689999999999927e-02
1.387150000000000015e-02
9.687420000000000406e-03
4.887250000000000101e-03
1.940410000000000051e-03
6.072200000000000037e-04
-9.054930000000000530e-04
3.174340000000000104e-04
1.802500000000000066e-03
2.556230000000000047e-03
6.234289999999999971e-03
1.287340000000000012e-02
1.809469999999999829e-02
2.114860000000000004e-02
2.200329999999999994e-02
1.953279999999999947e-02
1.443780000000000063e-02
1.321680000000000077e-02
1.664809999999999901e-02
1.845650000000000068e-02
1.832479999999999873e-02
1.869399999999999881e-02
1.752300000000000038e-02
1.410490000000000008e-02
1.307570000000000086e-02
1.262379999999999926e-02
1.127019999999999932e-02
8.725230000000000485e-03
8.315140000000000378e-03
1.171069999999999924e-02
1.349260000000000043e-02
1.314470000000000048e-02
1.340979999999999950e-02
1.429410000000000056e-02
1.445519999999999965e-02
1.273640000000000015e-02
8.717600000000000696e-03
4.903760000000000063e-03
2.437350000000000020e-03
2.092529999999999998e-03
2.371960000000000214e-03
3.263380000000000187e-03
4.667870000000000179e-03
7.552370000000000090e-03
1.136000000000000031e-02
1.692199999999999954e-02
2.286449999999999941e-02
2.710759999999999906e-02
2.881809999999999927e-02
2.731350000000000097e-02
2.350069999999999937e-02
1.823850000000000124e-02
1.322820000000000072e-02
6.931660000000000078e-03
1.328750000000000070e-03
4.229290000000000024e-04
1.259270000000000051e-03
7.288190000000000163e-04
-6.390560000000000424e-04
-2.111989999999999788e-03
-4.089830000000000028e-03
-8.282080000000000691e-03
-1.215510000000000028e-02
-1.557109999999999918e-02
-1.483270000000000075e-02
-1.245100000000000026e-02
-9.727700000000000582e-03
-8.512930000000000150e-03
-9.350409999999999971e-03
-1.152099999999999999e-02
-1.322450000000000014e-02
-1.496360000000000051e-02
-1.550840000000000031e-02
-1.359999999999999924e-02
-1.204050000000000085e-02
-8.694939999999999961e-03
-4.714949999999999870e-03
-2.366959999999999984e-03
-1.117990000000000048e-04
7.928860000000000248e-04
-2.024409999999999925e-03
-4.465320000000000053e-03
-6.643079999999999992e-03
-5.620069999999999580e-03
-4.142149999999999825e-03
-2.110359999999999927e-03
-2.907359999999999892e-04
-9.905109999999999089e-04
-2.976499999999999979e-03
-6.177320000000000033e-03
-6.497649999999999780e-03
-6.754750000000000337e-03
-9.572040000000000409e-03
-1.395300000000000012e-02
-1.718139999999999945e-02
-2.157660000000000133e-02
-2.696729999999999960e-02
-2.757630000000000151e-02
-2.540380000000000069e-02
-2.362500000000000017e-02
-2.289369999999999947e-02
-2.152690000000000159e-02
-2.106589999999999852e-02
-2.474619999999999945e-02
-2.825909999999999880e-02
-2.764410000000000131e-02
-2.214429999999999871e-02
-1.589890000000000053e-02
-1.060619999999999966e-02
-6.746529999999999715e-03
-6.623160000000000332e-03
-1.044310000000000030e-02
-1.502299999999999990e-02
-1.881839999999999902e-02
-2.313410000000000119e-02
-2.682549999999999865e-02
-2.865240000000000148e-02
-2.861369999999999886e-02
-2.888709999999999889e-02
-2.925339999999999885e-02
-2.955640000000000003e-02
-2.755619999999999944e-02
-2.625159999999999993e-02
-2.422900000000000054e-02
-2.020720000000000155e-02
-1.835499999999999979e-02
-1.827140000000000014e-02
-1.692199999999999954e-02
-1.453929999999999979e-02
-1.313379999999999929e-02
-1.285030000000000026e-02
-1.089189999999999950e-02
-1.063090000000000042e-02
-1.127859999999999974e-02
-9.191740000000000327e-03
-6.383729999999999787e-03
-2.598560000000000193e-03
3.430729999999999999e-04
-5.984360000000000417e-04
-3.294350000000000143e-03
-6.004530000000000110e-03
-6.983780000000000196e-03
-5.372230000000000408e-03
-4.518539999999999709e-03
-3.779090000000000140e-03
-2.870319999999999989e-03
1.051529999999999956e-03
5.684329999999999591e-03
9.733679999999999763e-03
1.334139999999999979e-02
1.654409999999999908e-02
1.952150000000000066e-02
2.263240000000000043e-02
2.664609999999999895e-02
2.921740000000000101e-02
2.945499999999999854e-02
2.691320000000000170e-02
2.391019999999999951e-02
2.059010000000000007e-02
1.786259999999999931e-02
1.662630000000000011e-02
1.811640000000000125e-02
2.182210000000000052e-02
2.322039999999999868e-02
2.292150000000000090e-02
2.398329999999999906e-02
2.367220000000000088e-02
2.197690000000000060e-02
2.133730000000000002e-02
2.217059999999999864e-02
2.319260000000000072e-02
2.176760000000000153e-02
2.135240000000000055e-02
2.183179999999999843e-02
2.105249999999999830e-02
1.924700000000000022e-02
1.624000000000000096e-02
1.402349999999999951e-02
1.518530000000000053e-02
1.710990000000000080e-02
1.759240000000000109e-02
1.770149999999999849e-02
1.813800000000000134e-02
1.693739999999999829e-02
1.420579999999999933e-02
1.217090000000000012e-02
1.128550000000000039e-02
1.037459999999999945e-02
1.080799999999999990e-02
1.196359999999999958e-02
1.012249999999999955e-02
4.989829999999999786e-03
-1.581039999999999919e-03
-7.112539999999999661e-03
-1.012459999999999923e-02
-8.115280000000000757e-03
-5.185870000000000410e-03
-3.523309999999999984e-03
-1.265070000000000083e-03
1.017660000000000092e-03
3.432979999999999973e-03
4.063299999999999725e-03
2.538369999999999863e-03
-2.129189999999999989e-03
-7.567860000000000038e-03
-1.200389999999999964e-02
-1.407349999999999920e-02
-1.189480000000000051e-02
-8.630840000000000733e-03
-6.712250000000000334e-03
-4.704919999999999589e-03
-2.686379999999999931e-03
-1.731280000000000134e-04
9.529189999999999883e-04
1.013070000000000030e-03
-1.366620000000000031e-03
-5.125349999999999871e-03
-6.017889999999999698e-03
-4.695999999999999654e-03
-2.686630000000000181e-03
-2.658100000000000046e-03
-6.273060000000000008e-04
1.093400000000000014e-03
3.021170000000000105e-03
4.583789999999999913e-03
3.642299999999999791e-03
1.189170000000000027e-03
2.221830000000000105e-04
2.051020000000000187e-03
3.027129999999999838e-03
2.730279999999999860e-03
1.918339999999999932e-03
1.439930000000000073e-03
2.067260000000000126e-04
1.282799999999999956e-03
4.579419999999999845e-03
8.242209999999999814e-03
1.036890000000000034e-02
7.794380000000000058e-03
1.236780000000000041e-03
-6.763100000000000188e-03
-1.248840000000000020e-02
-1.237620000000000040e-02
-8.039189999999999878e-03
-2.141570000000000192e-03
3.249109999999999932e-03
7.350510000000000203e-03
1.110919999999999963e-02
1.417629999999999932e-02
1.611939999999999901e-02
1.289820000000000029e-02
7.070929999999999577e-03
2.841989999999999968e-03
-9.970300000000000408e-05
-5.525999999999999879e-04
1.328230000000000122e-04
3.113060000000000176e-04
1.506729999999999962e-03
1.329239999999999979e-03
8.222799999999999944e-04
2.733750000000000069e-03
5.394910000000000157e-03
6.819839999999999756e-03
6.249639999999999883e-03
5.478509999999999804e-03
6.620899999999999876e-03
8.220250000000000126e-03
8.661890000000000214e-03
7.894840000000000191e-03
6.279149999999999836e-03
5.650819999999999975e-03
3.389469999999999896e-03
5.854820000000000163e-04
-2.275629999999999840e-03
-3.897429999999999905e-03
-5.744660000000000391e-03
-7.300169999999999923e-03
-7.379740000000000084e-03
-5.258139999999999689e-03
-1.946210000000000084e-03
-2.244559999999999936e-04
-6.355210000000000026e-04
-5.282639999999999905e-03
-1.144339999999999941e-02
-1.498290000000000038e-02
-1.547650000000000067e-02
-1.435859999999999914e-02
-1.088860000000000001e-02
-6.825920000000000078e-03
-4.672700000000000117e-03
-7.191079999999999868e-03
-1.078559999999999935e-02
-1.371400000000000050e-02
-1.582539999999999988e-02
-1.654040000000000024e-02
-1.497060000000000057e-02
-1.320190000000000079e-02
-1.138020000000000004e-02
-1.025620000000000004e-02
-1.044890000000000055e-02
-1.097530000000000033e-02
-1.357219999999999954e-02
-1.560910000000000075e-02
-1.852020000000000055e-02
-2.114459999999999951e-02
-2.131289999999999921e-02
-1.944330000000000017e-02
-1.703100000000000100e-02
-1.421069999999999972e-02
-1.349969999999999989e-02
-1.314270000000000022e-02
-1.090889999999999915e-02
-9.728729999999999670e-03
-1.081400000000000070e-02
-1.279180000000000074e-02
-1.371990000000000015e-02
-1.278559999999999940e-02
-1.111990000000000027e-02
-1.103119999999999969e-02
-9.605209999999999443e-03
-7.866089999999999194e-03
-7.629440000000000353e-03
-7.845660000000000828e-03
-8.418880000000000113e-03
-7.700779999999999952e-03
-4.619350000000000366e-03
-3.383859999999999819e-04
3.144930000000000208e-03
5.958109999999999969e-03
7.764560000000000212e-03
5.956119999999999644e-03
4.129319999999999692e-03
7.878229999999999955e-04
-1.036929999999999926e-03
-2.122189999999999927e-03
-2.960599999999999864e-03
-2.861639999999999930e-03
-2.433209999999999887e-03
3.728359999999999791e-04
3.512420000000000039e-03
5.207690000000000062e-03
6.674479999999999996e-03
7.969910000000000189e-03
8.130079999999999599e-03
1.036390000000000054e-02
1.168590000000000080e-02
1.110449999999999979e-02
8.636130000000000542e-03
7.017419999999999908e-03
6.187179999999999590e-03
5.729230000000000086e-03
7.188889999999999864e-03
8.528179999999999789e-03
1.021940000000000001e-02
1.041929999999999940e-02
8.291659999999999309e-03
5.817179999999999920e-03
2.447139999999999992e-03
-3.761829999999999861e-04
-2.712959999999999938e-03
-2.581340000000000110e-03
-9.657750000000000156e-05
2.717649999999999840e-03
4.541449999999999827e-03
6.090869999999999965e-03
7.582160000000000115e-03
8.602210000000000759e-03
1.038719999999999921e-02
1.048420000000000081e-02
8.427930000000000144e-03
5.433259999999999652e-03
2.746629999999999905e-03
2.848680000000000136e-03
5.846510000000000075e-03
9.515499999999999653e-03
1.277039999999999946e-02
1.648420000000000094e-02
1.805709999999999954e-02
1.938219999999999874e-02
1.977800000000000044e-02
1.850310000000000149e-02
1.811760000000000106e-02
1.584609999999999838e-02
1.424570000000000003e-02
1.154690000000000057e-02
9.773169999999999427e-03
6.162429999999999991e-03
3.495190000000000016e-03
9.763570000000000441e-05
3.904399999999999820e-04
1.989859999999999979e-03
2.588669999999999947e-03
4.683819999999999997e-03
5.286700000000000080e-03
7.365530000000000341e-03
8.273400000000000198e-03
1.039709999999999940e-02
1.011669999999999930e-02
1.061860000000000061e-02
9.043779999999999528e-03
7.737240000000000263e-03
5.976790000000000054e-03
2.664919999999999876e-03
8.412400000000000433e-04
-1.854540000000000008e-03
-4.211689999999999705e-03
-7.581690000000000304e-03
-7.977369999999999253e-03
-8.342449999999999519e-03
-8.428049999999999431e-03
-8.101570000000000646e-03
-6.751009999999999997e-03
-3.113599999999999788e-03
2.106619999999999966e-04
2.482289999999999844e-03
4.426489999999999939e-03
4.840699999999999864e-03
3.611689999999999866e-03
1.467739999999999930e-03
-4.762950000000000061e-04
-1.313619999999999935e-03
-2.061190000000000071e-03
-2.291619999999999855e-03
-1.449009999999999925e-03
-7.767339999999999531e-04
-2.288989999999999916e-04
5.157970000000000220e-04
9.759140000000000349e-04
3.445430000000000194e-03
6.768689999999999950e-03
1.041330000000000033e-02
1.219429999999999993e-02
1.276049999999999927e-02
1.160489999999999959e-02
1.002199999999999966e-02
7.943320000000000242e-03
5.213910000000000419e-03
2.924110000000000164e-03
2.069399999999999940e-04
-1.962489999999999894e-03
-4.160480000000000254e-03
-4.290930000000000091e-03
-2.627200000000000108e-03
-1.173589999999999963e-03
-5.941160000000000017e-04
-8.808249999999999565e-05
7.157920000000000341e-04
6.985679999999999971e-04
1.993069999999999998e-03
2.382819999999999903e-03
2.377839999999999988e-03
1.571139999999999950e-03
6.574339999999999806e-05
-7.378940000000000065e-04
-2.558470000000000188e-03
-5.910069999999999907e-03
-9.718620000000000730e-03
-1.223379999999999954e-02
-1.450629999999999975e-02
-1.504259999999999972e-02
-1.502719999999999924e-02
-1.385100000000000046e-02
-1.133050000000000029e-02
-9.678960000000000341e-03
-7.636780000000000131e-03
-6.934889999999999978e-03
-5.029389999999999902e-03
-4.117380000000000345e-03
-5.697220000000000235e-03
-6.759919999999999991e-03
-7.336080000000000031e-03
-1.003079999999999944e-02
-1.349150000000000002e-02
-1.524580000000000032e-02
-1.732440000000000022e-02
-1.755479999999999888e-02
-1.765859999999999999e-02
-1.740550000000000083e-02
-1.540919999999999963e-02
-1.479399999999999986e-02
-1.681449999999999959e-02
-1.666749999999999829e-02
-1.451719999999999920e-02
-1.172420000000000059e-02
-8.285670000000000188e-03
-5.596789999999999925e-03
-4.108449999999999602e-03
-5.872900000000000342e-03
-8.539019999999999597e-03
-9.633320000000000771e-03
-9.534209999999999560e-03
-9.399410000000000404e-03
-6.888009999999999966e-03
-4.944740000000000420e-03
-3.183029999999999887e-03
-1.753849999999999940e-03
-1.491539999999999967e-03
-1.036669999999999953e-03
-8.194429999999999943e-04
-7.416459999999999936e-04
-2.555870000000000017e-03
-5.088350000000000165e-03
-7.093200000000000026e-03
-6.949119999999999603e-03
-7.246810000000000231e-03
-7.956390000000000684e-03
-8.594819999999999544e-03
-9.206060000000000285e-03
-9.124190000000000772e-03
-8.473980000000000748e-03
-5.054480000000000084e-03
-9.802619999999999736e-04
2.008359999999999833e-03
3.888029999999999785e-03
4.656699999999999728e-03
4.151300000000000129e-03
3.638670000000000099e-03
3.714530000000000175e-03
3.544180000000000073e-03
2.560320000000000044e-03
1.960959999999999873e-03
4.189880000000000210e-04
-1.947699999999999909e-03
-2.281080000000000000e-03
-4.242660000000000203e-04
2.765000000000000097e-03
4.530150000000000149e-03
4.558989999999999744e-03
5.588219999999999646e-03
5.890399999999999629e-03
5.988160000000000184e-03
5.884679999999999772e-03
5.435559999999999871e-03
6.018950000000000342e-03
5.499809999999999942e-03
5.550829999999999653e-03
5.335679999999999763e-03
5.627329999999999832e-03
6.057270000000000015e-03
6.165109999999999688e-03
6.066110000000000425e-03
6.544399999999999697e-03
8.242889999999999245e-03
9.477819999999999648e-03
1.248370000000000035e-02
1.467450000000000004e-02
1.508529999999999940e-02
1.436579999999999975e-02
1.142519999999999994e-02
8.118159999999999266e-03
6.270790000000000045e-03
5.178059999999999954e-03
5.931900000000000367e-03
7.700910000000000047e-03
9.364179999999999726e-03
1.055749999999999918e-02
1.101139999999999931e-02
1.086799999999999919e-02
9.468880000000000699e-03
7.568339999999999790e-03
5.885790000000000119e-03
5.096700000000000015e-03
5.246090000000000128e-03
5.861810000000000284e-03
6.124110000000000317e-03
5.428650000000000142e-03
4.846589999999999579e-03
4.858770000000000103e-03
4.685789999999999574e-03
5.228779999999999713e-03
6.321020000000000111e-03
6.576590000000000213e-03
7.183199999999999828e-03
7.561879999999999991e-03
8.391890000000000807e-03
9.127869999999999734e-03
8.412879999999999317e-03
7.150530000000000427e-03
6.207899999999999703e-03
5.929420000000000350e-03
5.440780000000000095e-03
5.271350000000000167e-03
4.379860000000000177e-03
3.234939999999999951e-03
1.918219999999999995e-03
5.232479999999999748e-05
-1.178749999999999893e-03
-1.969359999999999861e-03
-1.666299999999999899e-03
-7.837739999999999941e-04
-4.107860000000000070e-04
5.296190000000000533e-04
3.610609999999999774e-04
-1.252629999999999965e-04
-5.330520000000000050e-04
-9.013590000000000144e-04
-1.127940000000000019e-03
-2.419210000000000197e-03
-2.949849999999999955e-03
-3.023779999999999784e-03
-3.067069999999999866e-03
-3.813369999999999954e-03
-3.646790000000000014e-03
-3.018680000000000148e-03
-3.869860000000000140e-03
-4.302959999999999771e-03
-4.610910000000000182e-03
-4.369790000000000132e-03
-4.181050000000000391e-03
-3.353829999999999919e-03
-3.689609999999999852e-03
-4.084309999999999850e-03
-4.845549999999999684e-03
-6.138450000000000156e-03
-6.495019999999999787e-03
-6.590119999999999659e-03
-6.419180000000000025e-03
-6.512910000000000227e-03
-6.347359999999999808e-03
-6.246149999999999793e-03
-5.985840000000000084e-03
-6.216150000000000148e-03
-6.147660000000000104e-03
-5.847960000000000137e-03
-5.383830000000000039e-03
-4.780969999999999838e-03
-4.558509999999999993e-03
-4.090080000000000278e-03
-3.559969999999999975e-03
-2.928350000000000137e-03
-2.240910000000000037e-03
-1.614589999999999949e-03
-1.073949999999999948e-03
-9.927130000000001023e-04
-1.283089999999999968e-03
-1.516530000000000091e-03
-1.473160000000000051e-03
-1.427679999999999965e-03
-1.180810000000000019e-03
-1.137009999999999930e-03
-9.393329999999999865e-04
-8.754700000000000459e-04
-9.253020000000000255e-04
-1.047079999999999929e-03
-1.004930000000000016e-03
-7.098700000000000322e-04
-8.802989999999999687e-04
-8.828650000000000386e-04
-7.563959999999999998e-04
-6.749790000000000303e-04
-4.038369999999999894e-04
-1.754380000000000100e-04
-7.293409999999999683e-05
1.575400000000000129e-04
1.384590000000000105e-04
2.401019999999999926e-05
8.519620000000000264e-05
-1.176409999999999973e-05
-2.649250000000000021e-04
-4.025899999999999791e-04
-3.616350000000000163e-04
-3.241590000000000248e-04
-1.365120000000000103e-04
1.459160000000000036e-04
3.611110000000000058e-04
5.445979999999999788e-04
7.437620000000000255e-04
9.449750000000000250e-04
1.009130000000000010e-03
9.981750000000000171e-04
9.669529999999999965e-04
8.953309999999999698e-04
8.813739999999999812e-04
9.180370000000000197e-04
9.449639999999999602e-04
9.726970000000000147e-04
9.657360000000000250e-04
9.614969999999999593e-04
9.356749999999999616e-04
8.998059999999999566e-04
8.867289999999999461e-04
8.513109999999999948e-04
8.159499999999999652e-04
7.814519999999999713e-04
7.512589999999999980e-04
7.195110000000000438e-04
6.627269999999999993e-04
5.930490000000000067e-04
5.245220000000000308e-04
4.536259999999999967e-04
3.856759999999999984e-04
3.211849999999999818e-04
2.609879999999999752e-04
2.025490000000000016e-04
1.422150000000000063e-04
8.037719999999999338e-05
1.755180000000000024e-05
