-1.173600000000000080e-06
1.101580000000000048e-05
-3.428650000000000199e-06
1.507810000000000053e-05
7.323040000000000278e-06
2.536780000000000130e-05
1.039409999999999930e-05
1.895630000000000009e-05
-1.196439999999999932e-06
2.276309999999999895e-05
1.496469999999999921e-05
4.997450000000000069e-05
3.790569999999999861e-05
3.117010000000000164e-05
-4.362929999999999748e-06
-1.976760000000000027e-05
-4.579229999999999862e-05
-8.358379999999999754e-06
2.380060000000000045e-05
7.734169999999999847e-05
1.437359999999999940e-04
1.710729999999999933e-04
8.076119999999999512e-05
-1.278089999999999989e-05
-6.345760000000000040e-05
6.358900000000000392e-05
2.871239999999999838e-04
3.753040000000000239e-04
3.341789999999999865e-04
2.361080000000000101e-04
6.457300000000000669e-05
1.350760000000000057e-04
3.089309999999999734e-04
4.733280000000000191e-04
6.138759999999999616e-04
8.476199999999999924e-04
8.584519999999999998e-04
5.361180000000000329e-04
-6.215629999999999814e-06
-4.338330000000000051e-04
-8.874220000000000155e-04
-1.028180000000000066e-03
-1.071850000000000060e-03
-1.202600000000000066e-03
-9.519490000000000026e-04
-4.091119999999999956e-04
-2.095320000000000125e-04
4.244869999999999763e-04
1.194909999999999983e-03
1.882070000000000010e-03
2.155690000000000037e-03
1.453510000000000088e-03
1.912089999999999848e-05
-1.544250000000000050e-03
-2.518589999999999805e-03
-2.521600000000000143e-03
-2.090600000000000184e-03
-1.585229999999999972e-03
-4.662649999999999954e-04
1.174319999999999965e-03
1.759509999999999937e-03
1.843479999999999988e-03
1.567059999999999894e-03
1.485180000000000007e-03
1.527429999999999977e-03
1.988310000000000077e-03
2.183430000000000093e-03
1.379720000000000078e-03
4.752210000000000093e-04
-3.799319999999999802e-04
-6.000930000000000023e-04
-8.863169999999999642e-04
-1.571689999999999936e-03
-2.138680000000000008e-03
-1.416850000000000097e-03
-9.387049999999999648e-04
-1.227400000000000019e-03
-1.910339999999999955e-03
-3.158929999999999898e-03
-3.440920000000000090e-03
-2.265899999999999945e-03
1.350750000000000069e-05
1.370899999999999983e-03
1.298990000000000084e-03
1.238700000000000016e-05
-5.943530000000000471e-04
-1.469899999999999896e-03
-1.067919999999999980e-03
4.852030000000000232e-04
2.988760000000000028e-03
4.669610000000000254e-03
5.632640000000000390e-03
6.176410000000000233e-03
6.093020000000000207e-03
3.564850000000000050e-03
-7.605799999999999584e-04
-5.276010000000000248e-03
-7.380300000000000228e-03
-7.325800000000000367e-03
-5.577190000000000099e-03
-4.205399999999999763e-03
-3.931259999999999789e-03
-2.989159999999999821e-03
-6.323799999999999864e-04
1.255440000000000028e-03
1.747649999999999898e-03
1.375799999999999940e-03
1.847569999999999985e-03
3.412570000000000187e-03
4.849179999999999810e-03
5.252230000000000093e-03
3.313879999999999951e-03
4.015000000000000014e-04
-3.485620000000000038e-03
-7.011400000000000098e-03
-8.821650000000000325e-03
-9.256870000000000376e-03
-7.645840000000000101e-03
-4.994939999999999797e-03
-2.547729999999999786e-03
-4.739869999999999869e-04
2.393989999999999920e-03
6.529830000000000356e-03
9.718370000000000480e-03
9.218169999999999489e-03
6.090319999999999762e-03
3.896000000000000157e-03
3.966279999999999979e-03
2.843870000000000078e-03
-1.480229999999999914e-03
-4.895749999999999928e-03
-5.033479999999999899e-03
-2.810050000000000135e-03
-9.187250000000000104e-04
-9.503219999999999723e-04
5.788110000000000390e-04
3.252440000000000105e-03
5.470189999999999775e-03
3.265720000000000168e-03
-2.197600000000000074e-03
-7.825910000000000158e-03
-9.981699999999999601e-03
-1.134819999999999926e-02
-9.641030000000000086e-03
-5.856919999999999835e-03
-1.356449999999999930e-03
1.123300000000000036e-03
2.315999999999999916e-03
2.345770000000000060e-03
2.771560000000000169e-03
1.700960000000000059e-03
-1.535750000000000006e-03
-4.025779999999999637e-03
-6.117140000000000077e-03
-4.031859999999999958e-03
1.589890000000000053e-03
6.569769999999999950e-03
9.130920000000000702e-03
1.129439999999999958e-02
1.230889999999999936e-02
9.957719999999999766e-03
4.874790000000000373e-03
-3.271950000000000032e-03
-1.105180000000000051e-02
-1.370460000000000081e-02
-9.256149999999999448e-03
-4.616689999999999683e-03
-2.079189999999999858e-03
-1.309470000000000078e-03
-1.009020000000000012e-03
-5.391810000000000136e-04
3.974110000000000207e-04
1.539070000000000021e-03
2.811629999999999859e-03
3.274669999999999925e-03
3.857980000000000003e-03
2.355089999999999788e-03
-5.626200000000000038e-04
-3.743880000000000211e-03
-4.244369999999999914e-03
-3.281129999999999941e-04
3.883810000000000127e-03
6.701109999999999706e-03
7.216690000000000431e-03
4.798310000000000075e-03
1.622989999999999936e-03
-2.147249999999999853e-03
-5.337220000000000159e-03
-4.976940000000000010e-03
-2.758590000000000000e-03
6.114319999999999694e-04
2.555729999999999981e-03
2.517259999999999897e-03
1.622219999999999955e-03
-4.721710000000000165e-04
-3.290270000000000087e-03
-6.167439999999999728e-03
-5.335069999999999917e-03
-2.101910000000000074e-04
4.330279999999999720e-03
5.616969999999999776e-03
5.489660000000000373e-03
5.664360000000000228e-03
5.220769999999999578e-03
3.993949999999999584e-03
7.091950000000000294e-04
-4.822260000000000088e-03
-9.591519999999999213e-03
-1.029139999999999916e-02
-7.754770000000000239e-03
-3.539280000000000117e-03
1.162980000000000090e-03
5.150690000000000303e-03
8.448419999999999888e-03
8.189959999999999601e-03
7.170179999999999956e-03
6.439420000000000387e-03
6.034050000000000004e-03
4.860249999999999987e-03
4.243689999999999615e-03
4.497339999999999845e-03
3.659149999999999903e-03
1.954490000000000133e-03
-4.290119999999999914e-04
-3.224250000000000119e-03
-6.428220000000000114e-03
-7.669689999999999841e-03
-6.946169999999999775e-03
-5.447650000000000062e-03
-2.774219999999999985e-03
3.666459999999999858e-03
9.921569999999999348e-03
1.279510000000000022e-02
1.118219999999999978e-02
8.710519999999999374e-03
8.090200000000000516e-03
8.808160000000000642e-03
1.085470000000000011e-02
1.091860000000000053e-02
6.509690000000000268e-03
6.138089999999999909e-04
-4.541869999999999935e-03
-7.462370000000000288e-03
-7.878210000000000074e-03
-6.151069999999999802e-03
-2.420330000000000051e-03
2.829459999999999788e-03
5.988539999999999662e-03
7.347280000000000304e-03
5.802200000000000413e-03
4.075700000000000026e-04
-7.234449999999999908e-03
-1.407319999999999925e-02
-1.861979999999999885e-02
-1.940269999999999842e-02
-1.754879999999999982e-02
-1.159879999999999939e-02
-5.735429999999999695e-03
-1.557409999999999958e-03
7.628990000000000424e-04
2.758329999999999810e-03
4.567419999999999987e-03
4.826910000000000228e-03
6.524610000000000132e-03
8.797970000000000443e-03
1.098649999999999974e-02
1.164229999999999952e-02
7.579250000000000050e-03
1.512670000000000030e-03
-1.736080000000000088e-03
-1.323579999999999982e-03
-2.125329999999999928e-03
-2.582590000000000059e-03
-3.271300000000000206e-04
5.115830000000000030e-03
1.102949999999999937e-02
1.414520000000000013e-02
1.335450000000000005e-02
7.611849999999999866e-03
7.163719999999999507e-04
-5.785110000000000426e-03
-1.008210000000000009e-02
-1.223310000000000022e-02
-1.133669999999999990e-02
-8.083190000000000514e-03
-4.127849999999999749e-03
7.421460000000000600e-05
3.350769999999999877e-03
5.067079999999999848e-03
5.526520000000000044e-03
5.347099999999999596e-03
3.614229999999999960e-03
2.416880000000000157e-03
1.583049999999999909e-03
8.393240000000000162e-04
-8.355209999999999851e-04
-2.310650000000000030e-03
-7.178490000000000044e-04
1.930800000000000094e-03
4.719929999999999785e-03
6.987069999999999739e-03
1.003070000000000003e-02
1.322339999999999974e-02
1.505749999999999970e-02
1.300800000000000047e-02
9.578009999999999649e-03
6.733939999999999891e-03
6.278480000000000345e-03
8.760399999999999784e-03
8.974279999999999410e-03
6.983439999999999613e-03
1.491499999999999987e-03
-4.858720000000000400e-03
-1.064739999999999957e-02
-1.400039999999999965e-02
-1.325890000000000055e-02
-1.077479999999999931e-02
-6.658589999999999821e-03
-3.943190000000000063e-03
-4.153429999999999622e-03
-6.316030000000000255e-03
-8.845099999999999837e-03
-1.146810000000000017e-02
-1.044490000000000002e-02
-7.622460000000000173e-03
-3.159439999999999905e-03
2.324099999999999951e-03
3.863960000000000051e-03
2.668239999999999783e-04
-2.951510000000000071e-03
-3.387859999999999917e-03
-3.814489999999999808e-03
-2.157290000000000076e-03
5.526160000000000230e-04
1.646499999999999960e-03
-2.274420000000000087e-04
-1.538749999999999970e-03
-3.686860000000000137e-03
-5.647199999999999789e-03
-6.116039999999999671e-03
-4.566139999999999782e-03
-4.141109999999999930e-03
-6.256959999999999779e-03
-7.968869999999999426e-03
-1.015779999999999982e-02
-1.328260000000000031e-02
-1.327000000000000055e-02
-8.813039999999999416e-03
-9.168790000000000013e-04
6.301890000000000096e-03
8.881490000000000565e-03
6.395839999999999859e-03
2.240869999999999841e-03
-2.284510000000000013e-03
-3.767720000000000010e-03
-2.418399999999999803e-03
-1.252990000000000050e-03
1.469949999999999978e-04
-8.420410000000000243e-05
-1.516580000000000011e-03
-3.408950000000000001e-03
-3.197220000000000183e-03
-2.400499999999999856e-03
5.432629999999999924e-04
3.804730000000000091e-03
7.608089999999999645e-03
9.176570000000000213e-03
9.199729999999999713e-03
1.013089999999999997e-02
1.090589999999999962e-02
8.981539999999999663e-03
7.547599999999999795e-03
5.885519999999999988e-03
1.789540000000000054e-03
-4.635700000000000411e-03
-1.030410000000000006e-02
-1.398439999999999926e-02
-1.486140000000000030e-02
-1.121420000000000056e-02
-2.451159999999999971e-03
5.962750000000000168e-03
9.955059999999999951e-03
8.798699999999999577e-03
6.395040000000000273e-03
3.592979999999999959e-03
5.698619999999999727e-04
2.188719999999999902e-03
4.224310000000000218e-03
3.954720000000000110e-03
1.386349999999999952e-03
-4.223389999999999610e-03
-1.013799999999999944e-02
-1.313390000000000044e-02
-1.237790000000000071e-02
-3.100780000000000029e-03
5.704619999999999656e-03
1.300439999999999929e-02
1.753990000000000063e-02
1.648120000000000140e-02
1.356940000000000056e-02
8.615420000000000370e-03
1.926390000000000047e-03
-2.958970000000000003e-03
-4.463769999999999717e-03
-2.756199999999999883e-03
-2.052580000000000029e-03
-3.734780000000000044e-03
-8.439330000000000095e-03
-1.267809999999999944e-02
-1.914590000000000042e-02
-2.287379999999999969e-02
-2.253600000000000048e-02
-1.577510000000000023e-02
-4.437680000000000270e-03
6.225020000000000379e-03
1.495480000000000073e-02
2.062699999999999950e-02
2.363600000000000076e-02
2.210480000000000084e-02
1.758559999999999984e-02
8.580390000000000239e-03
-7.470859999999999957e-04
-6.552770000000000296e-03
-9.183349999999999846e-03
-1.122919999999999995e-02
-1.317759999999999938e-02
-1.468769999999999971e-02
-1.466680000000000067e-02
-1.511509999999999937e-02
-1.605919999999999917e-02
-1.446489999999999929e-02
-9.796400000000000247e-03
-5.934219999999999599e-03
-4.663439999999999599e-03
-6.045309999999999920e-03
-5.833750000000000394e-03
-3.352630000000000107e-03
2.188170000000000132e-03
7.136329999999999757e-03
8.884619999999999324e-03
7.514419999999999954e-03
3.071599999999999851e-03
-1.995530000000000134e-03
-4.514520000000000165e-03
-2.680339999999999806e-03
3.414320000000000202e-03
7.403400000000000085e-03
4.291989999999999868e-03
-3.959439999999999835e-03
-1.103580000000000012e-02
-1.249549999999999966e-02
-6.900759999999999707e-03
3.941349999999999715e-03
9.576640000000000846e-03
8.512449999999999531e-03
6.519040000000000251e-03
6.397220000000000337e-03
1.068470000000000010e-02
1.495359999999999918e-02
1.728290000000000035e-02
1.915029999999999857e-02
2.077170000000000058e-02
1.830769999999999967e-02
9.761360000000000176e-03
-5.661649999999999842e-03
-1.439939999999999970e-02
-1.321340000000000015e-02
-5.006880000000000011e-03
9.681200000000000482e-04
2.367939999999999802e-03
3.697999999999999898e-03
7.637009999999999632e-03
1.152309999999999966e-02
9.382530000000000037e-03
6.242690000000000392e-03
5.506959999999999980e-03
5.966390000000000235e-03
4.069040000000000330e-03
-2.796190000000000047e-03
-9.600279999999999231e-03
-1.420599999999999988e-02
-1.850250000000000158e-02
-2.057279999999999873e-02
-1.590729999999999922e-02
-2.315769999999999981e-03
1.674000000000000141e-02
3.029290000000000108e-02
3.931660000000000016e-02
4.977199999999999680e-02
6.054690000000000072e-02
6.103490000000000304e-02
4.962140000000000301e-02
1.932810000000000084e-02
-1.266079999999999983e-02
-2.858890000000000042e-02
-4.485039999999999860e-02
-6.821339999999999348e-02
-8.933290000000000675e-02
-9.807730000000000614e-02
-1.008460000000000051e-01
-1.019970000000000043e-01
-1.032890000000000058e-01
-1.014639999999999986e-01
-9.468790000000000540e-02
-7.184290000000000120e-02
-3.496969999999999940e-02
-2.917439999999999769e-04
3.406370000000000231e-02
6.758039999999999881e-02
1.015479999999999994e-01
1.202000000000000013e-01
1.185859999999999970e-01
1.094040000000000012e-01
9.383210000000000162e-02
7.561220000000000441e-02
5.898260000000000308e-02
3.814410000000000023e-02
1.955230000000000162e-02
6.965840000000000053e-03
1.973659999999999911e-03
1.714629999999999974e-03
4.485150000000000248e-03
2.091379999999999888e-03
-1.545939999999999988e-02
-4.443180000000000046e-02
-5.560989999999999683e-02
-4.813699999999999923e-02
-1.898510000000000128e-02
1.510650000000000014e-02
3.261619999999999797e-02
3.326679999999999915e-02
2.578739999999999852e-02
-1.568350000000000039e-03
-4.224460000000000021e-02
-7.370459999999999512e-02
-8.122550000000000603e-02
-6.977830000000000144e-02
-3.513379999999999975e-02
1.383580000000000053e-02
4.143270000000000286e-02
4.516239999999999838e-02
3.802799999999999930e-02
1.911730000000000027e-02
-5.500790000000000193e-03
-3.738790000000000169e-02
-6.344809999999999339e-02
-6.876290000000000180e-02
-6.336419999999999553e-02
-5.012679999999999914e-02
-3.988329999999999653e-02
-3.372649999999999954e-02
-1.903689999999999896e-02
1.037770000000000012e-02
2.855150000000000049e-02
3.259129999999999666e-02
3.143150000000000110e-02
2.860439999999999858e-02
2.778260000000000104e-02
3.613260000000000083e-02
4.753140000000000143e-02
5.070270000000000332e-02
4.540079999999999810e-02
3.636670000000000180e-02
1.585709999999999897e-02
-1.191339999999999934e-02
-4.464110000000000300e-02
-6.810919999999999475e-02
-7.162499999999999423e-02
-6.414469999999999894e-02
-3.829479999999999690e-02
-5.313059999999999658e-03
2.547119999999999940e-02
4.871520000000000017e-02
5.059600000000000208e-02
4.247519999999999768e-02
2.837059999999999929e-02
1.559540000000000058e-02
4.382660000000000028e-03
-1.266959999999999961e-02
-3.213470000000000215e-02
-3.916320000000000218e-02
-1.875380000000000102e-02
2.349180000000000018e-02
6.285630000000000384e-02
1.005410000000000054e-01
1.211509999999999948e-01
1.186949999999999950e-01
9.312460000000000182e-02
2.899219999999999922e-02
-3.666080000000000033e-02
-8.898380000000000178e-02
-1.054159999999999958e-01
-1.016139999999999960e-01
-9.471630000000000327e-02
-7.618840000000000334e-02
-4.216450000000000059e-02
-1.272340000000000059e-03
3.375840000000000091e-02
4.802870000000000056e-02
4.390150000000000302e-02
3.912039999999999962e-02
3.380989999999999690e-02
2.412860000000000005e-02
1.859079999999999934e-03
-3.667709999999999720e-02
-7.024080000000000601e-02
-8.729240000000000610e-02
-9.499660000000000049e-02
-5.957189999999999708e-02
1.094760000000000004e-02
8.045539999999999636e-02
1.054480000000000001e-01
8.880870000000000430e-02
3.846929999999999794e-02
-1.949649999999999994e-02
-6.842020000000000046e-02
-7.710069999999999424e-02
-6.266670000000000573e-02
-4.219030000000000002e-02
-1.168450000000000044e-02
2.452359999999999957e-02
6.088029999999999831e-02
9.742950000000000221e-02
1.141500000000000015e-01
1.100690000000000002e-01
8.121499999999999553e-02
3.622849999999999682e-02
1.181479999999999943e-03
-1.032719999999999992e-02
-9.037619999999999681e-03
-8.829570000000000127e-03
-1.602889999999999870e-02
-2.305710000000000051e-02
-1.709010000000000043e-02
-1.336179999999999963e-03
8.061409999999999756e-03
8.695880000000000233e-04
-1.360059999999999915e-02
-2.314880000000000063e-02
-2.422130000000000116e-02
-2.016029999999999905e-02
-7.648219999999999845e-03
1.391620000000000010e-02
3.616529999999999745e-02
4.425500000000000267e-02
3.612279999999999658e-02
1.548049999999999947e-02
-1.838050000000000100e-02
-4.638620000000000243e-02
-4.991999999999999910e-02
-3.906830000000000025e-02
-2.297170000000000115e-02
-1.226750000000000063e-02
4.540749999999999648e-03
3.149779999999999941e-02
6.400100000000000233e-02
9.230330000000000479e-02
1.075129999999999975e-01
1.075730000000000020e-01
9.918580000000000452e-02
7.980779999999999819e-02
5.537790000000000074e-02
2.857379999999999989e-02
2.298679999999999994e-03
-2.216589999999999880e-02
-4.226309999999999789e-02
-5.461370000000000113e-02
-6.518210000000000670e-02
-7.440589999999999704e-02
-8.279350000000000598e-02
-8.705970000000000375e-02
-8.556189999999999629e-02
-6.374470000000000136e-02
-2.270010000000000083e-02
1.677450000000000122e-02
5.242619999999999919e-02
7.020510000000000639e-02
6.750029999999999919e-02
4.727220000000000033e-02
1.493580000000000081e-02
-3.680049999999999814e-03
-5.577109999999999707e-03
5.917760000000000208e-03
1.944670000000000079e-02
2.507279999999999925e-02
2.369030000000000094e-02
1.666429999999999995e-02
-1.369599999999999984e-02
-5.247849999999999737e-02
-8.939199999999999924e-02
-1.107230000000000020e-01
-1.129560000000000008e-01
-1.047639999999999960e-01
-9.126950000000000340e-02
-5.809899999999999787e-02
-1.479109999999999973e-02
2.511549999999999894e-02
4.432010000000000116e-02
4.245179999999999787e-02
1.989869999999999833e-02
-1.187689999999999926e-02
-4.566510000000000014e-02
-7.158760000000000123e-02
-7.996860000000000079e-02
-7.454059999999999853e-02
-5.222500000000000059e-02
-1.615050000000000166e-02
2.026560000000000167e-02
4.998969999999999803e-02
6.214669999999999916e-02
6.107119999999999910e-02
5.153590000000000254e-02
3.494810000000000277e-02
2.804950000000000152e-02
3.186959999999999793e-02
4.293550000000000144e-02
4.689030000000000281e-02
2.909230000000000149e-02
5.634369999999999656e-04
-5.969750000000000230e-03
4.206389999999999955e-03
1.741329999999999961e-02
2.037279999999999994e-02
1.061690000000000030e-02
-9.786370000000000832e-03
-3.361780000000000324e-02
-4.564880000000000326e-02
-4.722260000000000346e-02
-4.057890000000000108e-02
-2.697230000000000114e-02
-9.265769999999999562e-03
9.783550000000000232e-03
2.264079999999999912e-02
2.270540000000000058e-02
1.324879999999999981e-02
-1.782560000000000047e-02
-5.199619999999999936e-02
-7.665239999999999554e-02
-8.523609999999999520e-02
-7.900290000000000090e-02
-6.106020000000000197e-02
-3.631319999999999687e-02
-1.282039999999999916e-02
1.436379999999999948e-02
4.830240000000000228e-02
8.743620000000000558e-02
1.053850000000000064e-01
1.048859999999999931e-01
9.700939999999999563e-02
9.025940000000000352e-02
7.188790000000000457e-02
4.423169999999999880e-02
-3.106219999999999815e-03
-4.838810000000000333e-02
-6.967909999999999382e-02
-7.711610000000000686e-02
-8.186630000000000296e-02
-8.576989999999999614e-02
-8.955079999999999985e-02
-9.065719999999999335e-02
-8.364449999999999663e-02
-5.143269999999999786e-02
-3.069860000000000210e-03
2.467259999999999939e-02
2.727490000000000123e-02
1.965930000000000108e-02
7.460310000000000379e-03
-5.746880000000000217e-03
-1.391709999999999996e-02
-2.290000000000000022e-02
-3.209970000000000184e-02
-3.267950000000000021e-02
-1.929420000000000093e-02
1.613250000000000101e-03
1.038769999999999971e-02
1.247239999999999981e-02
2.516950000000000090e-02
4.433390000000000247e-02
4.955729999999999857e-02
3.754060000000000036e-02
-3.827670000000000031e-03
-6.122820000000000346e-02
-9.469879999999999964e-02
-9.417860000000000120e-02
-7.001830000000000553e-02
-2.545089999999999852e-02
1.973019999999999982e-02
6.157839999999999842e-02
8.719169999999999698e-02
9.311070000000000457e-02
9.289390000000000147e-02
8.564869999999999428e-02
6.813170000000000337e-02
4.136469999999999730e-02
2.263110000000000122e-02
1.500169999999999976e-02
8.794710000000000721e-03
-2.348540000000000089e-03
-2.139430000000000151e-02
-3.863029999999999936e-02
-4.943659999999999721e-02
-5.181829999999999770e-02
-4.535730000000000317e-02
-4.121940000000000326e-02
-4.714979999999999866e-02
-6.030869999999999981e-02
-6.395689999999999709e-02
-5.035139999999999755e-02
-2.061930000000000013e-02
4.229980000000000372e-03
5.204460000000000162e-03
-7.132740000000000261e-03
-2.862550000000000164e-02
-3.479589999999999766e-02
-2.549270000000000008e-02
4.548510000000000400e-03
4.870889999999999942e-02
8.686320000000000152e-02
1.265139999999999876e-01
1.403179999999999983e-01
1.272909999999999875e-01
8.658100000000000518e-02
3.622630000000000294e-02
-3.977930000000000181e-03
-8.537039999999999212e-03
1.086029999999999981e-02
2.760730000000000128e-02
2.994979999999999865e-02
2.271919999999999842e-02
7.150530000000000427e-03
-1.326609999999999942e-02
-3.266970000000000290e-02
-4.450869999999999826e-02
-4.278110000000000246e-02
-1.650439999999999893e-02
2.902580000000000091e-02
6.198649999999999993e-02
6.612600000000000422e-02
5.710969999999999935e-02
3.860179999999999861e-02
7.821559999999999971e-03
-1.338409999999999947e-02
-1.600659999999999930e-02
-8.716399999999999149e-03
2.437889999999999849e-02
6.836830000000000684e-02
1.091329999999999939e-01
1.262139999999999929e-01
1.227560000000000040e-01
9.198299999999999532e-02
3.345530000000000032e-02
-2.177180000000000087e-02
-7.751299999999999857e-02
-9.995579999999999743e-02
-9.555740000000000067e-02
-8.634609999999999508e-02
-5.503380000000000077e-02
-5.814920000000000332e-03
4.553530000000000078e-02
7.666760000000000241e-02
7.607759999999999523e-02
4.389839999999999715e-02
-8.148839999999999209e-03
-5.246710000000000262e-02
-9.840150000000000285e-02
-1.244750000000000023e-01
-1.293189999999999895e-01
-1.279710000000000014e-01
-1.159599999999999936e-01
-8.200060000000000682e-02
-4.007789999999999964e-02
-2.713500000000000200e-03
3.675330000000000263e-02
6.394099999999999784e-02
6.782570000000000265e-02
5.886500000000000066e-02
2.804529999999999870e-02
-2.554000000000000020e-02
-7.898009999999999753e-02
-1.085470000000000046e-01
-1.087219999999999992e-01
-8.261229999999999962e-02
-4.228529999999999789e-02
2.681870000000000261e-04
1.939710000000000045e-02
1.300819999999999928e-02
-8.492960000000000786e-03
-2.697170000000000123e-02
-2.800810000000000105e-02
4.023660000000000084e-03
5.534309999999999924e-02
1.029820000000000041e-01
1.498490000000000100e-01
1.786399999999999932e-01
1.668060000000000098e-01
1.319500000000000117e-01
8.539040000000000519e-02
3.666760000000000158e-02
-7.829269999999999285e-03
-4.453549999999999870e-02
-5.835749999999999965e-02
-6.188810000000000144e-02
-6.157900000000000179e-02
-4.539649999999999935e-02
-8.976510000000000045e-03
1.336619999999999996e-02
1.281329999999999969e-02
-6.147610000000000401e-03
-4.455499999999999738e-02
-7.854490000000000083e-02
-8.389689999999999648e-02
-6.759830000000000005e-02
-1.898079999999999906e-02
4.305780000000000024e-02
9.817660000000000275e-02
1.476429999999999965e-01
1.573130000000000084e-01
1.362089999999999967e-01
9.718129999999999824e-02
5.609560000000000241e-02
3.124990000000000059e-02
1.393600000000000047e-02
-7.088080000000000075e-03
-2.601399999999999893e-02
-3.878209999999999991e-02
-4.269069999999999809e-02
-3.927339999999999998e-02
-3.448919999999999764e-02
-3.949890000000000345e-02
-6.403659999999999908e-02
-1.010530000000000039e-01
-1.154020000000000046e-01
-1.035200000000000009e-01
-5.400819999999999926e-02
1.691360000000000042e-03
5.598090000000000011e-02
8.967219999999999358e-02
9.023689999999999489e-02
6.781719999999999415e-02
1.807680000000000051e-02
-3.054760000000000114e-02
-8.118820000000000203e-02
-1.039619999999999989e-01
-9.697110000000000452e-02
-7.951329999999999509e-02
-4.428920000000000079e-02
-8.094040000000000262e-03
2.789459999999999856e-02
5.016659999999999869e-02
5.964719999999999744e-02
6.782280000000000253e-02
7.935989999999999711e-02
8.803389999999999826e-02
9.101170000000000093e-02
8.479739999999999500e-02
6.792950000000000377e-02
3.619660000000000238e-02
5.670019999999999574e-03
-1.379930000000000045e-02
-2.692049999999999998e-02
-3.704919999999999741e-02
-5.102190000000000197e-02
-6.327770000000000616e-02
-6.529939999999999356e-02
-5.827260000000000079e-02
-3.259949999999999654e-02
6.757399999999999778e-04
3.126770000000000244e-02
5.439250000000000335e-02
5.759969999999999674e-02
5.033870000000000011e-02
3.209830000000000322e-02
1.210699999999999971e-02
-7.711339999999999688e-03
-2.046069999999999833e-02
-2.437049999999999980e-02
-2.265230000000000021e-02
-2.059050000000000116e-02
-2.599349999999999924e-02
-5.192349999999999743e-02
-8.901180000000000203e-02
-9.656309999999999893e-02
-8.640190000000000370e-02
-6.448919999999999653e-02
-5.295509999999999801e-02
-5.959539999999999976e-02
-7.674949999999999828e-02
-8.200000000000000344e-02
-5.847490000000000326e-02
-7.035750000000000337e-03
4.564909999999999801e-02
9.583800000000000652e-02
1.363560000000000050e-01
1.385709999999999997e-01
1.284389999999999976e-01
8.490000000000000324e-02
3.207469999999999766e-02
2.172510000000000066e-02
2.611689999999999845e-02
3.866150000000000142e-02
5.481130000000000030e-02
5.409010000000000207e-02
4.575560000000000044e-02
3.880779999999999907e-03
-3.822729999999999878e-02
-4.591239999999999905e-02
-4.043410000000000060e-02
-1.761149999999999868e-02
7.882609999999999964e-03
1.205499999999999974e-02
1.434439999999999934e-03
-3.428019999999999678e-02
-6.905740000000000489e-02
-7.235529999999999740e-02
-6.278269999999999684e-02
-2.391060000000000060e-02
3.282439999999999664e-02
7.432709999999999317e-02
8.927490000000000425e-02
8.695440000000000114e-02
6.760760000000000380e-02
7.683889999999999644e-03
-6.454619999999999802e-02
-1.296980000000000077e-01
-1.971449999999999869e-01
-2.507510000000000017e-01
-2.697829999999999950e-01
-2.604429999999999801e-01
-2.368919999999999915e-01
-1.713419999999999943e-01
-9.144860000000000488e-02
-2.435560000000000155e-02
6.359639999999999738e-03
1.510659999999999954e-02
1.661790000000000142e-02
2.502030000000000139e-03
-2.420059999999999920e-02
-7.836079999999999435e-02
-1.308310000000000028e-01
-1.617840000000000111e-01
-1.743310000000000137e-01
-1.561150000000000038e-01
-4.043889999999999985e-02
1.076619999999999938e-01
2.327929999999999999e-01
3.686030000000000140e-01
4.650230000000000197e-01
4.638039999999999941e-01
4.072379999999999889e-01
3.270179999999999754e-01
2.459780000000000022e-01
1.656060000000000032e-01
8.610460000000000336e-02
1.430440000000000010e-02
-5.946939999999999865e-02
-1.339819999999999900e-01
-2.051389999999999880e-01
-2.720980000000000065e-01
-2.941309999999999758e-01
-2.011390000000000122e-01
-3.454009999999999719e-02
1.153269999999999990e-01
2.310429999999999984e-01
2.139749999999999985e-01
1.290239999999999998e-01
5.773890000000000272e-02
-1.760540000000000022e-02
-8.808230000000000226e-02
-1.631660000000000055e-01
-1.992039999999999922e-01
-1.985639999999999905e-01
-1.957299999999999873e-01
-1.746330000000000104e-01
-1.443859999999999866e-01
-1.004730000000000067e-01
-3.919229999999999936e-02
1.996440000000000020e-02
7.934439999999999549e-02
1.345989999999999964e-01
1.888670000000000071e-01
2.100770000000000137e-01
2.012839999999999907e-01
1.906269999999999909e-01
1.685329999999999884e-01
1.355719999999999981e-01
1.014359999999999984e-01
7.033470000000000000e-02
3.797319999999999862e-02
1.181650000000000061e-02
-4.378169999999999805e-03
-1.848580000000000015e-02
-3.878729999999999678e-02
-7.620219999999999771e-02
-1.148200000000000054e-01
-1.320389999999999897e-01
-1.112830000000000069e-01
-6.101199999999999679e-02
-2.403299999999999881e-02
-1.904820000000000124e-02
-2.828829999999999886e-02
-3.355489999999999862e-02
-2.645749999999999838e-02
1.164650000000000060e-02
6.477639999999999787e-02
1.108129999999999948e-01
1.613110000000000099e-01
1.970099999999999907e-01
1.982160000000000033e-01
1.657319999999999904e-01
1.246889999999999943e-01
8.570550000000000390e-02
4.639200000000000268e-02
2.224040000000000045e-02
-6.989780000000000125e-03
-5.068659999999999832e-02
-7.130999999999999839e-02
-7.257199999999999762e-02
-7.024020000000000263e-02
-6.974589999999999956e-02
-7.120990000000000653e-02
-7.871229999999999893e-02
-9.523040000000000671e-02
-1.243960000000000066e-01
-1.358109999999999873e-01
-1.258960000000000079e-01
-7.470609999999999751e-02
-6.514849999999999981e-03
5.622549999999999770e-02
9.347350000000000103e-02
9.496179999999999899e-02
8.319379999999999831e-02
5.806560000000000193e-02
2.185269999999999921e-02
-1.191930000000000073e-02
-2.059920000000000154e-02
-1.995550000000000102e-02
-2.069879999999999984e-02
-2.785699999999999982e-02
-5.014269999999999838e-02
-6.891100000000000003e-02
-6.564830000000000665e-02
-3.310810000000000142e-02
3.038220000000000157e-02
5.784650000000000208e-02
4.405699999999999894e-02
2.064390000000000149e-03
-4.871999999999999942e-02
-8.865499999999999770e-02
-9.772019999999999318e-02
-8.538840000000000319e-02
-6.454039999999999777e-02
-3.980720000000000092e-02
-2.202669999999999975e-02
-6.521120000000000042e-03
1.161009999999999993e-02
4.688429999999999681e-02
7.962579999999999658e-02
8.633810000000000096e-02
7.913520000000000276e-02
6.348180000000000489e-02
4.026509999999999811e-02
2.042300000000000018e-02
9.989710000000000603e-03
6.574430000000000031e-03
7.303490000000000155e-03
1.354009999999999936e-02
1.864760000000000029e-02
1.421840000000000083e-02
-1.082190000000000062e-02
-5.793199999999999739e-02
-1.010459999999999969e-01
-1.373850000000000071e-01
-1.494030000000000080e-01
-1.346769999999999912e-01
-9.405879999999999797e-02
-4.367100000000000148e-02
3.940220000000000354e-03
4.661959999999999715e-02
6.680469999999999464e-02
7.002809999999999591e-02
6.585589999999999500e-02
3.935820000000000290e-02
-5.938299999999999655e-03
-5.077240000000000225e-02
-7.854150000000000020e-02
-7.444030000000000091e-02
-4.834299999999999708e-02
-1.299639999999999997e-02
2.368479999999999891e-02
4.689190000000000025e-02
5.018009999999999832e-02
4.803090000000000137e-02
3.748300000000000243e-02
1.475199999999999949e-02
-2.916240000000000065e-03
-7.923829999999999762e-03
-8.006390000000000381e-03
-5.837690000000000413e-03
-1.078870000000000003e-03
3.863899999999999973e-03
6.610070000000000008e-03
5.346369999999999595e-03
5.969919999999999654e-04
-2.967519999999999967e-03
3.013269999999999968e-04
9.434849999999999834e-03
2.092489999999999975e-02
2.561230000000000104e-02
2.303579999999999864e-02
1.634290000000000048e-02
1.052780000000000035e-02
6.002490000000000082e-03
-5.316809999999999939e-04
-8.187399999999999192e-03
-2.093700000000000075e-02
-2.929980000000000084e-02
-2.817450000000000163e-02
-1.964890000000000039e-02
-9.413180000000000158e-03
-5.447800000000000038e-03
-7.173810000000000082e-03
-8.955660000000000703e-03
-9.098290000000000197e-03
-1.243619999999999969e-02
-2.371449999999999947e-02
-4.535009999999999736e-02
-6.057219999999999965e-02
-5.919130000000000225e-02
-3.991279999999999828e-02
1.800179999999999836e-02
8.851439999999999308e-02
1.112479999999999997e-01
1.035989999999999966e-01
8.588350000000000151e-02
5.484819999999999973e-02
2.080840000000000120e-02
-8.084809999999999566e-03
-2.472879999999999870e-02
-2.753469999999999876e-02
-2.523150000000000046e-02
-2.587400000000000116e-02
-3.314260000000000123e-02
-4.578009999999999718e-02
-5.090240000000000042e-02
-4.610929999999999890e-02
-3.135589999999999905e-02
-1.339929999999999941e-02
-1.371629999999999985e-03
-9.332680000000000099e-04
-7.175680000000000253e-03
-1.982439999999999897e-02
-2.781089999999999951e-02
-2.383949999999999958e-02
-6.993509999999999657e-03
2.212700000000000083e-02
5.234110000000000151e-02
7.382759999999999323e-02
8.246689999999999576e-02
7.809800000000000075e-02
6.721499999999999697e-02
4.238009999999999694e-02
1.389860000000000054e-02
-2.546829999999999927e-02
-5.882890000000000341e-02
-7.635100000000000220e-02
-8.692249999999999976e-02
-9.304540000000000033e-02
-9.433370000000000644e-02
-8.863769999999999982e-02
-7.569879999999999665e-02
-5.399029999999999802e-02
-2.404039999999999996e-02
4.514439999999999772e-03
1.859699999999999895e-02
2.107430000000000067e-02
1.808440000000000047e-02
1.513719999999999996e-02
1.705780000000000143e-02
2.662029999999999952e-02
3.983550000000000285e-02
5.559030000000000221e-02
6.540990000000000693e-02
6.527570000000000594e-02
5.647139999999999799e-02
4.068539999999999657e-02
2.375069999999999959e-02
1.135880000000000049e-02
2.054820000000000171e-03
-6.515169999999999816e-03
-1.455799999999999976e-02
-2.349959999999999896e-02
-3.497259999999999952e-02
-4.646150000000000280e-02
-5.181689999999999907e-02
-4.741739999999999844e-02
-3.184800000000000131e-02
-1.764900000000000019e-03
2.817710000000000006e-02
4.185620000000000313e-02
4.078140000000000237e-02
2.599660000000000165e-02
9.965659999999999449e-03
7.879340000000000302e-03
1.785319999999999963e-02
3.488999999999999740e-02
3.998560000000000308e-02
3.380629999999999746e-02
2.430509999999999962e-02
1.823949999999999877e-02
1.716029999999999986e-02
1.436300000000000077e-02
7.668809999999999863e-03
-4.033649999999999736e-03
-2.284759999999999916e-02
-5.937900000000000122e-02
-9.002240000000000242e-02
-9.962999999999999634e-02
-9.588330000000000464e-02
-7.922550000000000425e-02
-3.489790000000000253e-02
1.563869999999999844e-02
3.948360000000000064e-02
4.454149999999999776e-02
4.458399999999999863e-02
4.179589999999999694e-02
3.576580000000000037e-02
2.951900000000000010e-02
2.400379999999999875e-02
1.835070000000000104e-02
1.270660000000000019e-02
1.048430000000000022e-02
8.282279999999999504e-03
6.737179999999999731e-03
7.404499999999999624e-03
1.264209999999999987e-02
2.069460000000000049e-02
2.781990000000000157e-02
2.852259999999999865e-02
2.712430000000000049e-02
2.548879999999999896e-02
2.521740000000000093e-02
2.698740000000000167e-02
3.152130000000000210e-02
3.829740000000000227e-02
4.794179999999999969e-02
5.695549999999999918e-02
5.894200000000000134e-02
5.404570000000000207e-02
4.407139999999999669e-02
2.927220000000000169e-02
1.144530000000000027e-02
-6.998270000000000012e-03
-2.075689999999999827e-02
-2.656820000000000015e-02
-2.494129999999999958e-02
-1.659240000000000020e-02
-7.349529999999999952e-03
-1.799910000000000052e-03
-3.129719999999999898e-03
-1.319780000000000085e-02
-3.454390000000000238e-02
-5.621410000000000295e-02
-7.035679999999999712e-02
-7.413830000000000420e-02
-7.116229999999999778e-02
-6.511450000000000571e-02
-5.785330000000000333e-02
-5.150319999999999898e-02
-4.476659999999999667e-02
-3.320710000000000328e-02
-1.707120000000000165e-02
-3.036249999999999886e-03
1.270400000000000001e-02
3.090690000000000104e-02
5.841210000000000152e-02
8.203810000000000269e-02
9.550060000000000493e-02
9.574019999999999753e-02
8.395060000000000022e-02
6.369059999999999999e-02
4.591039999999999704e-02
3.806749999999999717e-02
3.375109999999999916e-02
2.946860000000000104e-02
2.523790000000000061e-02
1.831630000000000064e-02
7.289470000000000151e-03
-1.259580000000000075e-02
-3.693269999999999886e-02
-6.109030000000000016e-02
-7.726320000000000410e-02
-8.320460000000000356e-02
-8.566089999999999816e-02
-8.506049999999999722e-02
-8.029650000000000676e-02
-6.858640000000000569e-02
-4.709089999999999804e-02
-1.671080000000000135e-02
1.315389999999999962e-02
3.540639999999999760e-02
4.659019999999999828e-02
5.314010000000000261e-02
5.600689999999999835e-02
5.242580000000000157e-02
4.083069999999999755e-02
2.430650000000000172e-02
9.023540000000000033e-03
-4.489950000000000364e-03
-1.693060000000000051e-02
-2.389559999999999948e-02
-2.560240000000000085e-02
-2.265599999999999906e-02
-1.641199999999999951e-02
-1.365760000000000064e-02
-1.394650000000000056e-02
-1.488519999999999947e-02
-1.268110000000000070e-02
-6.002559999999999667e-03
7.233859999999999943e-03
2.093559999999999865e-02
3.388839999999999908e-02
4.696379999999999999e-02
5.568959999999999883e-02
5.371589999999999698e-02
4.115080000000000127e-02
1.252269999999999946e-02
-7.556979999999999600e-03
-1.213129999999999938e-02
-9.925279999999999866e-03
3.546399999999999900e-03
2.392680000000000154e-02
4.041430000000000022e-02
5.041410000000000335e-02
5.411599999999999744e-02
5.140320000000000306e-02
4.773140000000000022e-02
4.450579999999999814e-02
4.742720000000000269e-02
5.530270000000000324e-02
6.097070000000000267e-02
5.598739999999999967e-02
4.249739999999999768e-02
8.593979999999999328e-03
-3.139720000000000011e-02
-6.908019999999999439e-02
-8.636530000000000595e-02
-8.284969999999999835e-02
-6.733359999999999346e-02
-4.800109999999999794e-02
-3.135120000000000268e-02
-2.633920000000000011e-02
-2.835429999999999895e-02
-3.450820000000000276e-02
-4.269769999999999815e-02
-5.115290000000000115e-02
-5.575660000000000338e-02
-5.672800000000000065e-02
-5.137699999999999906e-02
-4.085350000000000092e-02
-2.584499999999999992e-02
-1.449789999999999933e-02
-7.943580000000000432e-03
-7.220370000000000260e-04
1.034870000000000061e-02
1.825130000000000155e-02
2.148790000000000075e-02
2.064300000000000163e-02
1.858529999999999904e-02
1.774109999999999923e-02
1.868879999999999847e-02
2.080179999999999876e-02
2.149650000000000172e-02
2.227149999999999963e-02
2.176490000000000022e-02
2.001750000000000057e-02
1.999460000000000126e-02
2.118530000000000066e-02
2.504030000000000145e-02
3.066769999999999913e-02
4.061590000000000339e-02
4.768100000000000116e-02
4.810260000000000230e-02
4.294309999999999794e-02
3.245739999999999736e-02
1.532200000000000055e-02
-1.076240000000000009e-02
-3.603470000000000284e-02
-5.277590000000000059e-02
-6.297700000000000520e-02
-6.189970000000000194e-02
-5.243899999999999950e-02
-3.585639999999999661e-02
-2.321360000000000090e-02
-1.977200000000000138e-02
-2.292459999999999984e-02
-3.048210000000000156e-02
-4.182319999999999788e-02
-4.865590000000000193e-02
-4.850299999999999750e-02
-4.176540000000000114e-02
-3.249479999999999730e-02
-2.862560000000000104e-02
-3.285310000000000313e-02
-4.491230000000000222e-02
-6.595360000000000111e-02
-8.474850000000000438e-02
-9.644279999999999520e-02
-9.620470000000000410e-02
-8.433229999999999893e-02
-5.560160000000000102e-02
-2.079730000000000120e-02
1.139450000000000011e-02
4.036710000000000298e-02
5.085689999999999655e-02
4.881289999999999935e-02
4.472539999999999849e-02
3.481569999999999804e-02
1.382899999999999928e-02
-9.481500000000000344e-03
-2.732640000000000069e-02
-3.434330000000000022e-02
-3.522750000000000187e-02
-3.571900000000000075e-02
-3.527600000000000180e-02
-3.615039999999999920e-02
-3.518319999999999781e-02
-3.241170000000000162e-02
-2.358110000000000067e-02
-1.249510000000000030e-02
1.361769999999999994e-02
3.009370000000000100e-02
1.982590000000000047e-02
1.702669999999999878e-02
2.309869999999999979e-02
2.126959999999999962e-02
1.212260000000000074e-02
4.640479999999999779e-03
4.384800000000000329e-03
1.443009999999999952e-02
3.176419999999999938e-02
4.911150000000000237e-02
5.816860000000000086e-02
5.973860000000000281e-02
5.920539999999999831e-02
5.820630000000000248e-02
5.894780000000000159e-02
6.322730000000000017e-02
7.274909999999999710e-02
8.626949999999999896e-02
1.001979999999999954e-01
1.091310000000000058e-01
1.122210000000000013e-01
1.081440000000000040e-01
1.003340000000000065e-01
9.210530000000000106e-02
8.527160000000000295e-02
7.803880000000000539e-02
6.802089999999999526e-02
5.283430000000000071e-02
3.078020000000000062e-02
8.474850000000000785e-03
-4.887210000000000339e-03
-8.386360000000000689e-03
-5.368290000000000388e-03
6.295620000000000036e-03
2.145899999999999891e-02
2.843559999999999838e-02
2.878709999999999949e-02
2.513500000000000109e-02
1.798249999999999849e-02
8.813899999999999513e-03
-3.092670000000000054e-03
-1.832299999999999901e-02
-3.859150000000000080e-02
-6.133340000000000319e-02
-7.747669999999999557e-02
-8.307900000000000007e-02
-8.074069999999999858e-02
-7.045279999999999598e-02
-5.413269999999999887e-02
-3.547850000000000309e-02
-1.767080000000000040e-02
4.207980000000000054e-04
1.806790000000000132e-02
3.027770000000000114e-02
3.330790000000000139e-02
3.098230000000000081e-02
2.432919999999999874e-02
1.620550000000000115e-02
6.574280000000000054e-03
-3.979830000000000173e-03
-1.812400000000000122e-02
-3.434670000000000084e-02
-5.354559999999999875e-02
-6.984210000000000418e-02
-8.720709999999999573e-02
-1.031510000000000066e-01
-1.125739999999999935e-01
-1.144799999999999984e-01
-1.110919999999999963e-01
-9.987630000000000119e-02
-8.506379999999999497e-02
-6.535799999999999943e-02
-4.371810000000000279e-02
-2.882940000000000155e-02
-2.247050000000000089e-02
-1.999420000000000017e-02
-1.823150000000000118e-02
-1.541189999999999921e-02
-1.036489999999999981e-02
-4.808999999999999907e-03
-3.182050000000000069e-04
5.466379999999999850e-03
1.292220000000000001e-02
2.272180000000000033e-02
3.066330000000000097e-02
3.102589999999999862e-02
2.842930000000000110e-02
2.526679999999999898e-02
2.662979999999999861e-02
3.238400000000000306e-02
4.119189999999999657e-02
4.397340000000000276e-02
4.045519999999999672e-02
2.627329999999999943e-02
5.156980000000000244e-03
-1.244490000000000006e-02
-2.215529999999999930e-02
-2.499389999999999945e-02
-1.962279999999999927e-02
-8.799390000000000683e-03
8.030050000000000382e-03
2.491610000000000005e-02
3.024690000000000017e-02
2.678149999999999975e-02
1.783339999999999925e-02
4.276420000000000395e-03
-4.960280000000000071e-03
-8.284210000000000185e-03
-4.000430000000000132e-03
7.411339999999999768e-03
2.327680000000000027e-02
3.417479999999999823e-02
3.502620000000000039e-02
2.872910000000000047e-02
1.830909999999999829e-02
3.468080000000000121e-03
-1.109010000000000030e-02
-2.516550000000000037e-02
-3.619639999999999663e-02
-3.969319999999999793e-02
-3.606899999999999690e-02
-2.419170000000000001e-02
-9.336699999999999861e-03
-2.858079999999999822e-03
-3.884750000000000182e-03
-7.674740000000000208e-03
-1.320729999999999994e-02
-1.880609999999999921e-02
-2.361519999999999939e-02
-2.556309999999999832e-02
-2.537589999999999985e-02
-2.477630000000000110e-02
-2.469640000000000030e-02
-2.511719999999999925e-02
-2.726100000000000051e-02
-2.956040000000000056e-02
-3.358719999999999761e-02
-4.167160000000000308e-02
-4.984500000000000042e-02
-5.267000000000000154e-02
-4.867110000000000186e-02
-3.729070000000000301e-02
-2.401659999999999906e-02
-1.731879999999999878e-02
-1.529469999999999962e-02
-1.455930000000000071e-02
-1.602169999999999983e-02
-2.066460000000000172e-02
-2.670600000000000057e-02
-3.164249999999999702e-02
-3.434279999999999972e-02
-3.576959999999999862e-02
-3.487090000000000328e-02
-3.049980000000000052e-02
-2.306710000000000010e-02
-9.251570000000000626e-03
5.887820000000000206e-03
1.560040000000000038e-02
2.142010000000000094e-02
2.584569999999999923e-02
2.741899999999999893e-02
2.621319999999999900e-02
2.464970000000000008e-02
2.211470000000000102e-02
2.091640000000000166e-02
2.106970000000000023e-02
2.556020000000000167e-02
2.993820000000000162e-02
3.824099999999999722e-02
4.638010000000000049e-02
4.845170000000000032e-02
4.377070000000000266e-02
3.060830000000000148e-02
1.392159999999999925e-02
2.306219999999999885e-03
-2.864489999999999918e-03
-2.778810000000000047e-03
-5.893899999999999660e-04
2.126499999999999918e-03
3.617379999999999901e-03
3.559259999999999854e-03
4.259469999999999576e-03
6.114139999999999679e-03
6.906780000000000384e-03
1.052349999999999987e-02
1.632520000000000152e-02
2.373329999999999884e-02
2.981610000000000163e-02
3.146689999999999904e-02
2.845579999999999984e-02
2.265170000000000031e-02
1.731579999999999925e-02
1.482250000000000061e-02
1.679109999999999978e-02
2.234339999999999937e-02
3.007040000000000060e-02
3.547750000000000209e-02
3.748499999999999749e-02
3.558479999999999976e-02
3.077799999999999980e-02
2.267339999999999980e-02
1.262789999999999919e-02
3.835209999999999921e-03
-5.319740000000000536e-04
2.328780000000000021e-04
3.826079999999999932e-03
8.547489999999999602e-03
1.375829999999999935e-02
1.621469999999999856e-02
1.532739999999999971e-02
1.303140000000000027e-02
1.056239999999999957e-02
8.119519999999999862e-03
7.236049999999999947e-03
4.615750000000000061e-03
4.178729999999999749e-04
-2.056179999999999900e-03
-4.486699999999999716e-03
-6.047059999999999935e-03
-3.900189999999999994e-03
-1.790160000000000058e-03
-1.420809999999999998e-03
-3.712500000000000088e-03
-1.015579999999999955e-02
-2.091629999999999878e-02
-3.012810000000000141e-02
-3.468099999999999655e-02
-3.371230000000000060e-02
-2.786809999999999982e-02
-1.986270000000000049e-02
-1.260979999999999913e-02
-8.809159999999999907e-03
-9.630369999999999209e-03
-1.027759999999999958e-02
-9.290889999999999566e-03
-5.990940000000000154e-03
-3.576800000000000205e-03
-1.799400000000000045e-03
-1.177529999999999983e-03
-1.388740000000000070e-03
-2.922319999999999952e-03
-2.838320000000000079e-03
-9.718419999999999967e-04
3.290379999999999867e-03
1.058060000000000077e-02
1.904640000000000152e-02
2.477719999999999922e-02
2.523119999999999877e-02
2.339369999999999991e-02
1.931539999999999993e-02
1.086110000000000027e-02
2.400500000000000073e-04
-8.743350000000000427e-03
-1.341550000000000034e-02
-1.201419999999999919e-02
-3.141600000000000035e-03
1.243359999999999951e-02
2.449430000000000010e-02
2.797619999999999968e-02
2.703650000000000150e-02
2.173380000000000103e-02
1.179359999999999957e-02
5.054690000000000355e-04
-8.730840000000000128e-03
-1.460469999999999997e-02
-1.523069999999999979e-02
-1.030640000000000028e-02
-2.601909999999999813e-03
5.239249999999999984e-03
9.933749999999999872e-03
1.096510000000000019e-02
7.706199999999999856e-03
2.415060000000000123e-03
-3.202159999999999902e-03
-8.348150000000000362e-03
-1.035559999999999953e-02
-6.382950000000000082e-03
2.514569999999999826e-03
1.262519999999999962e-02
1.897099999999999828e-02
2.031919999999999907e-02
1.995830000000000173e-02
1.914830000000000004e-02
1.562739999999999962e-02
1.260619999999999970e-02
1.120130000000000084e-02
9.341939999999999966e-03
8.867079999999999407e-03
7.650520000000000063e-03
6.022699999999999755e-03
5.825150000000000293e-03
6.748340000000000241e-03
8.979789999999999647e-03
1.293620000000000013e-02
1.578579999999999914e-02
1.314360000000000007e-02
7.619279999999999976e-03
-6.417299999999999914e-03
-1.974170000000000091e-02
-2.409870000000000068e-02
-2.310660000000000144e-02
-1.676779999999999937e-02
-8.520450000000000593e-03
-5.120129999999999647e-03
-5.922959999999999683e-03
-8.678339999999999665e-03
-1.159310000000000028e-02
-1.184540000000000072e-02
-6.983839999999999840e-03
4.208459999999999805e-03
1.700339999999999838e-02
2.146179999999999963e-02
2.000729999999999870e-02
1.770089999999999858e-02
1.719209999999999836e-02
1.635630000000000070e-02
1.425019999999999933e-02
1.206579999999999979e-02
7.292019999999999752e-03
-2.775409999999999856e-03
-1.494000000000000015e-02
-2.388169999999999876e-02
-2.520089999999999830e-02
-1.804980000000000126e-02
-1.334560000000000043e-03
1.557509999999999971e-02
2.619140000000000010e-02
2.894400000000000098e-02
2.607179999999999914e-02
1.933879999999999974e-02
1.368549999999999975e-02
1.090920000000000084e-02
1.252649999999999944e-02
2.008570000000000147e-02
3.405249999999999944e-02
4.586450000000000249e-02
5.196810000000000318e-02
5.229759999999999964e-02
4.909700000000000175e-02
3.907159999999999800e-02
2.231750000000000053e-02
4.345220000000000332e-03
-9.164059999999999914e-03
-1.639159999999999923e-02
-1.858459999999999973e-02
-1.759550000000000003e-02
-1.467790000000000067e-02
-1.264829999999999947e-02
-1.012550000000000082e-02
-6.442090000000000143e-03
-2.698199999999999991e-03
2.088240000000000051e-04
4.313990000000000186e-03
8.900359999999999522e-03
1.190160000000000003e-02
1.234640000000000043e-02
9.632820000000000271e-03
5.124550000000000285e-03
-2.798460000000000010e-03
-1.244499999999999947e-02
-2.294509999999999952e-02
-3.521459999999999868e-02
-4.451150000000000245e-02
-4.969670000000000337e-02
-5.044219999999999954e-02
-4.574960000000000138e-02
-3.716040000000000315e-02
-2.772260000000000002e-02
-1.967239999999999961e-02
-1.546389999999999917e-02
-1.457759999999999959e-02
-1.609340000000000076e-02
-1.813270000000000159e-02
-2.316729999999999831e-02
-2.848809999999999884e-02
-3.383950000000000152e-02
-3.735909999999999925e-02
-3.926299999999999929e-02
-3.888010000000000077e-02
-3.712120000000000003e-02
-3.228040000000000076e-02
-2.440130000000000077e-02
-1.864589999999999997e-02
-1.748910000000000048e-02
-2.028879999999999920e-02
-2.356789999999999927e-02
-2.661300000000000124e-02
-2.647719999999999935e-02
-2.338470000000000132e-02
-2.038529999999999856e-02
-1.670510000000000050e-02
-1.486299999999999948e-02
-1.520559999999999967e-02
-1.706550000000000081e-02
-1.897549999999999931e-02
-1.580700000000000160e-02
-7.375729999999999613e-03
3.637669999999999966e-03
1.448750000000000038e-02
2.294650000000000162e-02
2.535770000000000038e-02
2.162259999999999877e-02
1.280820000000000049e-02
2.774159999999999907e-03
-9.780599999999999971e-04
1.945040000000000094e-03
1.349470000000000010e-02
2.994679999999999911e-02
4.632019999999999887e-02
5.390799999999999759e-02
5.273800000000000016e-02
4.577969999999999956e-02
3.261920000000000097e-02
1.627409999999999968e-02
3.768520000000000029e-03
-3.867390000000000064e-03
-8.189079999999999623e-03
-8.908660000000000537e-03
-7.318220000000000280e-03
-6.011559999999999994e-03
-6.203840000000000396e-03
-5.871379999999999828e-03
-6.163489999999999767e-03
-3.900080000000000213e-03
1.500889999999999950e-03
8.470649999999999707e-03
1.550510000000000083e-02
2.103649999999999964e-02
2.172730000000000147e-02
1.771160000000000095e-02
8.953650000000000497e-03
-1.590110000000000048e-03
-1.014160000000000061e-02
-1.466710000000000062e-02
-1.351529999999999919e-02
-6.812849999999999635e-03
2.305440000000000180e-03
1.053549999999999973e-02
1.689770000000000161e-02
2.215670000000000139e-02
2.675910000000000094e-02
2.866209999999999938e-02
2.726349999999999954e-02
2.288919999999999844e-02
1.406789999999999950e-02
4.759310000000000103e-03
-2.566829999999999980e-03
-7.840299999999999700e-03
-1.076030000000000042e-02
-1.244299999999999920e-02
-1.334100000000000043e-02
-1.140419999999999975e-02
-9.426469999999999294e-03
-9.748780000000000293e-03
-1.170339999999999922e-02
-1.387039999999999974e-02
-1.499819999999999973e-02
-1.339880000000000064e-02
-9.488450000000000703e-03
-4.597389999999999810e-03
3.421820000000000113e-04
6.414360000000000027e-03
1.078059999999999956e-02
1.296910000000000077e-02
1.345629999999999916e-02
1.137130000000000085e-02
1.103669999999999998e-02
1.093300000000000001e-02
1.054760000000000073e-02
1.033740000000000006e-02
8.926999999999999172e-03
4.481180000000000406e-03
-9.213259999999999809e-04
-5.250989999999999651e-03
-4.413669999999999746e-03
-5.318519999999999758e-04
4.573990000000000000e-03
7.518679999999999808e-03
7.323170000000000374e-03
6.958520000000000157e-03
5.946980000000000148e-03
3.607019999999999844e-03
1.290689999999999936e-03
-2.340919999999999942e-05
1.164410000000000054e-03
3.275569999999999784e-03
4.562229999999999584e-03
4.323210000000000074e-03
4.415289999999999666e-03
4.332029999999999735e-03
6.319879999999999942e-03
1.043350000000000007e-02
1.676609999999999906e-02
2.088270000000000057e-02
2.338159999999999891e-02
2.445419999999999885e-02
2.333889999999999923e-02
1.850359999999999852e-02
1.271680000000000033e-02
6.159109999999999759e-03
-7.530899999999999877e-04
-6.339810000000000410e-03
-9.071799999999999656e-03
-8.882009999999999211e-03
-5.190550000000000372e-03
2.695229999999999848e-03
1.271219999999999989e-02
2.060549999999999882e-02
2.361600000000000157e-02
2.387020000000000114e-02
2.106210000000000027e-02
1.734609999999999971e-02
1.451359999999999977e-02
1.219970000000000082e-02
1.122790000000000073e-02
1.160950000000000003e-02
1.386199999999999932e-02
1.837060000000000082e-02
2.313449999999999881e-02
2.663180000000000061e-02
2.784939999999999985e-02
2.721389999999999920e-02
2.629899999999999946e-02
2.554510000000000114e-02
2.682599999999999915e-02
2.947680000000000092e-02
3.109059999999999949e-02
3.186839999999999812e-02
2.920880000000000004e-02
2.428299999999999903e-02
1.621770000000000156e-02
5.744899999999999833e-03
-3.607829999999999804e-03
-1.279100000000000029e-02
-1.910639999999999908e-02
-2.039590000000000153e-02
-1.965779999999999958e-02
-1.599099999999999827e-02
-1.055269999999999993e-02
-2.670930000000000179e-03
6.876320000000000002e-03
1.645030000000000103e-02
2.239029999999999840e-02
2.255369999999999944e-02
1.819619999999999918e-02
1.171490000000000031e-02
2.876810000000000044e-03
-8.101099999999999968e-03
-2.059779999999999944e-02
-2.886680000000000149e-02
-3.343970000000000276e-02
-3.495899999999999702e-02
-3.435760000000000203e-02
-3.397580000000000044e-02
-3.326189999999999702e-02
-3.281649999999999845e-02
-3.078070000000000112e-02
-2.608720000000000136e-02
-1.880120000000000055e-02
-1.050199999999999918e-02
-5.676620000000000277e-03
-5.743220000000000269e-03
-8.009429999999999675e-03
-1.111410000000000002e-02
-1.242329999999999997e-02
-1.245570000000000010e-02
-1.265800000000000085e-02
-1.407979999999999995e-02
-1.438940000000000011e-02
-1.534390000000000059e-02
-1.641070000000000029e-02
-1.917189999999999866e-02
-2.368939999999999935e-02
-2.768750000000000031e-02
-2.824559999999999918e-02
-2.750580000000000039e-02
-2.582479999999999845e-02
-2.343009999999999884e-02
-1.929099999999999912e-02
-1.117729999999999939e-02
-4.208910000000000060e-04
9.386069999999999830e-03
1.686489999999999864e-02
2.116140000000000035e-02
2.077100000000000127e-02
1.704960000000000156e-02
6.944679999999999950e-03
-6.679659999999999591e-03
-1.657319999999999974e-02
-2.188040000000000124e-02
-2.346099999999999922e-02
-2.332230000000000067e-02
-2.182380000000000084e-02
-1.871010000000000034e-02
-1.485629999999999937e-02
-1.113500000000000080e-02
-8.440359999999999183e-03
-8.994709999999999511e-03
-1.037270000000000032e-02
-9.001310000000000214e-03
-4.059000000000000108e-03
1.237049999999999955e-03
3.455029999999999994e-03
1.677619999999999893e-03
-2.180259999999999837e-03
-9.105379999999999724e-03
-1.469640000000000009e-02
-1.789479999999999890e-02
-1.743130000000000027e-02
-1.466749999999999998e-02
-1.161410000000000046e-02
-9.299470000000000652e-03
-8.907240000000000296e-03
-8.623870000000000494e-03
-9.034959999999999866e-03
-1.126399999999999971e-02
-1.406119999999999939e-02
-1.697450000000000001e-02
-2.102530000000000024e-02
-2.437649999999999886e-02
-2.717440000000000133e-02
-2.788250000000000103e-02
-2.612980000000000164e-02
-2.295219999999999899e-02
-1.919929999999999901e-02
-1.546389999999999917e-02
-1.113059999999999918e-02
-6.906250000000000062e-03
-4.018250000000000120e-03
-2.853280000000000139e-03
-4.541179999999999696e-03
-9.074950000000000030e-03
-1.591499999999999859e-02
-2.243300000000000155e-02
-2.535350000000000104e-02
-2.658980000000000024e-02
-2.605330000000000146e-02
-2.412529999999999883e-02
-1.977639999999999953e-02
-1.444669999999999982e-02
-1.035200000000000009e-02
-8.073439999999999436e-03
-7.258569999999999779e-03
-7.006280000000000147e-03
-6.195729999999999987e-03
-5.687600000000000121e-03
-6.522169999999999877e-03
-8.328620000000000120e-03
-9.534680000000000238e-03
-1.062429999999999972e-02
-1.304699999999999957e-02
-1.487699999999999960e-02
-1.573099999999999846e-02
-1.658540000000000014e-02
-1.618319999999999828e-02
-1.561880000000000039e-02
-1.682439999999999977e-02
-1.684280000000000152e-02
-1.572439999999999949e-02
-1.318180000000000046e-02
-8.342709999999999709e-03
-3.174399999999999965e-04
8.702780000000000238e-03
1.613720000000000085e-02
2.007870000000000141e-02
2.108540000000000067e-02
1.964410000000000114e-02
1.478070000000000078e-02
6.726550000000000411e-03
-1.265040000000000045e-03
-5.512360000000000003e-03
-8.715830000000000799e-03
-8.706310000000000091e-03
-4.767509999999999977e-03
1.600300000000000030e-03
8.597300000000000428e-03
1.727899999999999922e-02
2.295260000000000009e-02
2.572570000000000065e-02
2.559209999999999957e-02
2.505690000000000001e-02
2.169360000000000038e-02
1.614490000000000022e-02
1.021780000000000084e-02
8.511440000000000325e-03
7.705789999999999688e-03
7.537229999999999798e-03
8.140110000000000748e-03
1.079920000000000012e-02
1.452280000000000064e-02
1.760549999999999962e-02
1.916659999999999892e-02
1.895180000000000128e-02
1.595529999999999865e-02
1.222479999999999921e-02
8.734209999999999197e-03
5.620400000000000222e-03
2.131829999999999923e-03
9.187660000000000054e-04
1.019010000000000098e-03
2.782800000000000204e-03
4.473300000000000366e-03
6.014349999999999904e-03
6.042879999999999606e-03
5.965469999999999627e-03
6.266449999999999798e-03
6.637149999999999647e-03
5.675219999999999917e-03
3.940420000000000034e-03
1.321439999999999898e-03
-7.527369999999999591e-04
-2.997890000000000017e-03
-2.804070000000000087e-03
-1.854949999999999958e-03
1.860950000000000104e-03
5.144499999999999768e-03
9.427919999999999356e-03
1.145020000000000066e-02
1.380310000000000044e-02
1.564489999999999978e-02
1.826480000000000117e-02
2.106039999999999995e-02
2.518770000000000037e-02
2.929150000000000156e-02
3.417549999999999755e-02
3.383390000000000009e-02
3.093490000000000129e-02
2.519350000000000062e-02
2.450180000000000066e-02
4.113200000000000189e-02
4.794029999999999819e-02
-1.075429999999999962e-02
-2.382849999999999899e-02
9.040230000000000011e-04
4.974000000000000123e-03
9.476800000000000501e-03
1.790479999999999849e-02
2.453189999999999885e-02
2.543940000000000090e-02
2.528280000000000111e-02
2.293409999999999893e-02
2.137019999999999892e-02
1.984500000000000153e-02
2.080440000000000067e-02
2.269039999999999946e-02
2.473430000000000073e-02
2.582939999999999889e-02
2.695459999999999870e-02
2.608670000000000086e-02
2.440350000000000158e-02
2.001870000000000038e-02
1.267710000000000017e-02
3.435999999999999818e-03
-3.222309999999999931e-03
-8.599900000000000599e-03
-1.017099999999999949e-02
-8.344920000000000462e-03
-5.536260000000000313e-03
-2.038439999999999870e-03
1.927260000000000084e-03
4.650460000000000357e-03
4.428439999999999634e-03
-2.605769999999999956e-05
-5.348880000000000301e-03
-9.448500000000000301e-03
-1.272470000000000025e-02
-1.334280000000000015e-02
-1.275339999999999981e-02
-1.080629999999999959e-02
-6.877740000000000242e-03
-3.167419999999999784e-03
1.521700000000000017e-04
8.249929999999999937e-04
7.779549999999999877e-04
5.919589999999999748e-04
6.991080000000000428e-04
6.743349999999999735e-04
2.462150000000000189e-03
3.387250000000000070e-03
4.415350000000000177e-03
6.088409999999999829e-03
6.732850000000000293e-03
5.078489999999999741e-03
1.748570000000000072e-03
-9.148430000000000364e-04
-3.664600000000000062e-03
-5.640850000000000204e-03
-6.080770000000000099e-03
-5.108289999999999706e-03
-9.502049999999999733e-04
4.488950000000000232e-03
9.843219999999999748e-03
1.298780000000000073e-02
1.333029999999999979e-02
1.157719999999999930e-02
7.363390000000000039e-03
5.036560000000000039e-04
-3.802499999999999891e-03
-5.477540000000000360e-03
-3.047910000000000029e-03
-1.038679999999999942e-03
-1.029650000000000010e-03
-1.006149999999999926e-03
1.008160000000000051e-04
2.742560000000000115e-04
-5.983600000000000377e-04
-1.226230000000000028e-03
-1.295499999999999994e-03
-2.306980000000000142e-03
-8.497500000000000279e-04
7.971010000000000378e-04
3.335659999999999840e-03
4.912510000000000140e-03
6.099010000000000195e-03
7.932720000000000743e-03
8.286730000000000831e-03
7.895940000000000597e-03
6.637699999999999850e-03
4.299759999999999693e-03
-1.701400000000000048e-03
-8.220800000000000329e-03
-1.199519999999999927e-02
-1.493640000000000072e-02
-1.606240000000000098e-02
-1.579269999999999979e-02
-1.469999999999999953e-02
-1.251610000000000049e-02
-1.046539999999999970e-02
-9.622779999999999181e-03
-9.798279999999999490e-03
-1.100620000000000070e-02
-1.425550000000000081e-02
-1.751870000000000163e-02
-1.797400000000000039e-02
-1.543210000000000068e-02
-1.184960000000000006e-02
-8.172979999999999828e-03
-5.464639999999999775e-03
-3.669760000000000209e-03
-4.786059999999999967e-03
-9.162480000000000624e-03
-1.603800000000000017e-02
-2.436620000000000105e-02
-2.880519999999999955e-02
-3.093479999999999841e-02
-3.242300000000000043e-02
-3.323559999999999709e-02
-3.219690000000000052e-02
-2.991800000000000015e-02
-2.639829999999999954e-02
-2.325239999999999946e-02
-1.964669999999999958e-02
-1.650470000000000062e-02
-1.366159999999999944e-02
-1.055689999999999927e-02
-7.260899999999999820e-03
-4.915300000000000051e-03
-2.123770000000000085e-03
-4.110720000000000107e-04
1.053820000000000017e-03
1.640270000000000096e-03
-1.246210000000000050e-05
-1.016980000000000011e-03
-7.829669999999999729e-04
-8.347679999999999467e-04
-6.571549999999999787e-04
1.733919999999999906e-03
4.592960000000000098e-03
5.752150000000000145e-03
6.662419999999999627e-03
6.225819999999999965e-03
4.594339999999999709e-03
1.353199999999999932e-03
-2.945450000000000065e-04
-2.934640000000000078e-03
-6.442329999999999585e-03
-7.805999999999999571e-03
-8.305009999999999823e-03
-7.540970000000000138e-03
-4.958240000000000043e-03
-4.086280000000000294e-03
-4.249789999999999818e-03
-3.988789999999999870e-03
-5.445440000000000176e-03
-7.265869999999999794e-03
-7.274179999999999882e-03
-6.530919999999999954e-03
-4.462029999999999642e-03
-1.644209999999999899e-03
1.053530000000000005e-03
2.580890000000000181e-03
2.629610000000000107e-03
1.628710000000000010e-03
-1.900180000000000011e-03
-4.849319999999999846e-03
-7.119789999999999973e-03
-9.908369999999999678e-03
-1.208790000000000038e-02
-1.337039999999999930e-02
-1.254549999999999936e-02
-1.006149999999999926e-02
-8.182129999999999265e-03
-6.118489999999999866e-03
-4.372430000000000067e-03
-3.888389999999999815e-03
-3.591050000000000145e-03
-4.118100000000000406e-03
-3.859389999999999869e-03
-2.561180000000000141e-03
-5.641780000000000319e-04
3.737750000000000187e-03
8.992709999999999246e-03
1.349960000000000049e-02
1.683930000000000149e-02
1.519970000000000002e-02
1.127820000000000038e-02
6.267739999999999943e-03
9.235019999999999818e-04
-3.719469999999999894e-03
-7.580400000000000159e-03
-9.577139999999999612e-03
-9.040660000000000709e-03
-8.819580000000000475e-03
-6.941990000000000313e-03
-5.746369999999999777e-03
-4.226950000000000152e-03
-2.344100000000000003e-03
1.641450000000000081e-04
3.446480000000000030e-03
7.212370000000000066e-03
1.051359999999999968e-02
1.226290000000000019e-02
1.195869999999999919e-02
1.180699999999999979e-02
1.164789999999999923e-02
1.287740000000000065e-02
1.238309999999999932e-02
9.120520000000000016e-03
5.008519999999999812e-03
6.133240000000000523e-04
-3.172630000000000068e-03
-4.991869999999999814e-03
-4.886060000000000229e-03
-4.778919999999999869e-03
-4.714239999999999750e-03
-4.346299999999999990e-03
-3.838690000000000071e-03
-4.076060000000000273e-03
-4.075520000000000011e-03
-4.577030000000000161e-03
-5.108920000000000301e-03
-5.633009999999999927e-03
-6.014829999999999656e-03
-6.866269999999999839e-03
-9.473729999999999651e-03
-1.240669999999999967e-02
-1.432079999999999985e-02
-1.579790000000000014e-02
-1.560439999999999917e-02
-1.380969999999999941e-02
-9.389770000000000408e-03
-4.646390000000000242e-03
1.409220000000000036e-05
3.631570000000000197e-03
5.947840000000000245e-03
5.634619999999999906e-03
2.718540000000000192e-03
-6.272590000000000197e-04
-4.293149999999999918e-03
-7.721780000000000137e-03
-9.218679999999999930e-03
-9.490649999999999781e-03
-8.114659999999999235e-03
-5.092229999999999673e-03
-2.308099999999999995e-03
2.956850000000000016e-03
6.144049999999999859e-03
9.299389999999999393e-03
1.170030000000000028e-02
1.415740000000000054e-02
1.507350000000000009e-02
1.573120000000000074e-02
1.466800000000000048e-02
1.116389999999999917e-02
6.820020000000000422e-03
3.852829999999999797e-03
1.413200000000000090e-03
-5.991829999999999856e-04
-1.839790000000000002e-03
-3.256839999999999995e-03
-3.314300000000000058e-03
-2.650200000000000125e-03
-5.252679999999999589e-04
1.926769999999999958e-03
2.986159999999999856e-03
4.769009999999999742e-03
6.376210000000000211e-03
6.965119999999999992e-03
6.281169999999999982e-03
7.478789999999999917e-03
7.298279999999999872e-03
6.063439999999999802e-03
4.476579999999999969e-03
2.444060000000000069e-03
1.246970000000000023e-03
9.843589999999999719e-05
-6.739339999999999751e-05
1.969100000000000104e-03
2.266059999999999863e-03
2.748480000000000194e-03
4.790950000000000417e-03
6.216099999999999577e-03
4.621250000000000357e-03
2.472639999999999907e-03
-4.163060000000000220e-04
-2.643200000000000063e-03
-2.755249999999999887e-03
-6.570410000000000269e-04
2.999959999999999866e-03
6.450540000000000267e-03
1.015489999999999969e-02
1.124610000000000019e-02
8.876570000000000293e-03
4.704810000000000242e-03
-3.105340000000000053e-04
-4.407519999999999841e-03
-6.278259999999999917e-03
-5.231740000000000348e-03
-5.161000000000000223e-04
6.749589999999999756e-03
1.270750000000000005e-02
1.705160000000000009e-02
1.784000000000000169e-02
1.667510000000000173e-02
1.578960000000000086e-02
1.582739999999999841e-02
1.567259999999999834e-02
1.516209999999999954e-02
1.501949999999999986e-02
1.434219999999999939e-02
1.482490000000000023e-02
1.660510000000000111e-02
1.746829999999999911e-02
1.970970000000000014e-02
2.258939999999999906e-02
2.584059999999999829e-02
2.940289999999999918e-02
2.991720000000000143e-02
2.713240000000000096e-02
2.382810000000000136e-02
1.988279999999999909e-02
1.522890000000000008e-02
1.256849999999999981e-02
1.179539999999999929e-02
1.335519999999999936e-02
1.581489999999999979e-02
1.658439999999999914e-02
1.457450000000000065e-02
1.134210000000000079e-02
7.224770000000000150e-03
4.873950000000000157e-03
4.070749999999999716e-03
3.589510000000000183e-03
3.504730000000000172e-03
3.326359999999999994e-03
4.814940000000000192e-03
5.334939999999999821e-03
4.993870000000000080e-03
5.222740000000000021e-03
4.782090000000000125e-03
2.328520000000000156e-03
-1.118969999999999947e-03
-6.506180000000000296e-03
-1.199470000000000050e-02
-1.502249999999999940e-02
-1.516220000000000068e-02
-1.306730000000000044e-02
-8.257290000000000463e-03
-2.675429999999999909e-03
2.053409999999999871e-03
4.877040000000000021e-03
5.248449999999999990e-03
4.157100000000000378e-03
2.794959999999999979e-03
4.326459999999999854e-03
7.990219999999999267e-03
1.167990000000000000e-02
1.400069999999999960e-02
1.492899999999999956e-02
1.301710000000000020e-02
8.332819999999999463e-03
3.014329999999999961e-03
-1.582740000000000015e-03
-4.070060000000000344e-03
-4.290480000000000162e-03
-2.765549999999999866e-03
2.179659999999999931e-04
2.903370000000000169e-03
5.342429999999999575e-03
8.524739999999999401e-03
1.129900000000000002e-02
1.305579999999999935e-02
1.412580000000000086e-02
1.386109999999999946e-02
1.342589999999999929e-02
1.305169999999999941e-02
1.251410000000000022e-02
1.250620000000000030e-02
1.368020000000000000e-02
1.471319999999999920e-02
1.482179999999999956e-02
1.324320000000000011e-02
1.006510000000000044e-02
5.387359999999999892e-03
3.738270000000000243e-04
-4.403510000000000237e-03
-8.052200000000000676e-03
-1.199519999999999927e-02
-1.418849999999999972e-02
-1.566810000000000078e-02
-1.549679999999999981e-02
-1.404449999999999969e-02
-1.197400000000000027e-02
-9.532280000000000614e-03
-6.428940000000000175e-03
-3.858530000000000206e-03
-1.670529999999999932e-03
1.018379999999999936e-03
2.584850000000000082e-03
2.288730000000000105e-03
1.784240000000000088e-03
-9.295609999999999724e-04
-3.322020000000000181e-03
-4.648519999999999736e-03
-5.033239999999999589e-03
-4.846399999999999840e-03
-4.484280000000000210e-03
-5.087519999999999890e-03
-6.762520000000000163e-03
-9.837769999999999154e-03
-1.330360000000000049e-02
-1.614329999999999932e-02
-1.830419999999999964e-02
-1.976630000000000054e-02
-1.914290000000000089e-02
-1.565089999999999884e-02
-1.233169999999999926e-02
-9.905010000000000550e-03
-1.123659999999999937e-02
-1.311769999999999950e-02
-1.624290000000000109e-02
-1.935430000000000136e-02
-2.137119999999999992e-02
-2.179580000000000059e-02
-2.064279999999999934e-02
-1.819430000000000006e-02
-1.630209999999999992e-02
-1.463270000000000022e-02
-1.507069999999999937e-02
-1.700089999999999935e-02
-2.066669999999999965e-02
-2.285739999999999994e-02
-2.340580000000000091e-02
-2.178559999999999872e-02
-1.882450000000000095e-02
-1.394090000000000086e-02
-1.177489999999999960e-02
-1.201200000000000011e-02
-1.339970000000000050e-02
-1.586069999999999841e-02
-1.792660000000000087e-02
-2.017050000000000093e-02
-2.200589999999999838e-02
-2.326579999999999968e-02
-2.458729999999999943e-02
-2.418949999999999920e-02
-2.348839999999999956e-02
-2.180870000000000031e-02
-1.988559999999999980e-02
-1.813359999999999972e-02
-1.490789999999999997e-02
-1.233180000000000040e-02
-1.100420000000000044e-02
-1.095409999999999960e-02
-1.108710000000000077e-02
-9.766320000000000209e-03
-7.533429999999999814e-03
-4.249740000000000115e-03
-4.104630000000000171e-04
3.839130000000000060e-03
5.122879999999999795e-03
5.211859999999999583e-03
3.384639999999999958e-03
-1.889059999999999969e-04
-2.780579999999999944e-03
-3.238930000000000108e-03
-9.151510000000000070e-04
2.516459999999999878e-03
5.903539999999999656e-03
8.645560000000000050e-03
1.043840000000000046e-02
1.023980000000000029e-02
8.546120000000000799e-03
6.230580000000000319e-03
3.580339999999999998e-03
1.944909999999999998e-03
2.557540000000000074e-03
5.357009999999999723e-03
8.740269999999999637e-03
1.183780000000000075e-02
1.232789999999999928e-02
1.198429999999999981e-02
1.033040000000000000e-02
1.015309999999999997e-02
1.180959999999999996e-02
1.484800000000000009e-02
1.836549999999999988e-02
2.084180000000000060e-02
2.143650000000000069e-02
2.007060000000000094e-02
1.789730000000000140e-02
1.449830000000000042e-02
1.153960000000000055e-02
9.377389999999999337e-03
8.619820000000000260e-03
9.456650000000000472e-03
1.044490000000000002e-02
1.299239999999999944e-02
1.524829999999999935e-02
1.694999999999999979e-02
1.680469999999999881e-02
1.433099999999999999e-02
1.100139999999999972e-02
7.758209999999999759e-03
5.401669999999999909e-03
5.103319999999999731e-03
4.292259999999999999e-03
2.563070000000000192e-03
3.182420000000000040e-03
4.293250000000000191e-03
5.040570000000000293e-03
5.849960000000000403e-03
6.324660000000000178e-03
6.226330000000000406e-03
6.959790000000000421e-03
7.855070000000000455e-03
9.218920000000000239e-03
9.266939999999999553e-03
8.846190000000000303e-03
9.418730000000000158e-03
9.689800000000000149e-03
7.871430000000000440e-03
4.792860000000000349e-03
1.968160000000000048e-03
-2.192370000000000018e-04
-1.332269999999999982e-03
-1.086610000000000006e-03
1.170599999999999939e-04
6.536410000000000527e-04
4.591919999999999769e-04
-8.719109999999999534e-04
-3.060020000000000101e-03
-7.182339999999999731e-03
-1.187449999999999964e-02
-1.483040000000000053e-02
-1.636450000000000057e-02
-1.641590000000000063e-02
-1.620330000000000034e-02
-1.549449999999999959e-02
-1.483929999999999971e-02
-1.416970000000000035e-02
-1.247310000000000085e-02
-9.351790000000000450e-03
-5.978490000000000366e-03
-2.860160000000000046e-03
1.578349999999999957e-04
2.354750000000000072e-03
3.356810000000000002e-03
3.795170000000000054e-03
3.295469999999999997e-03
1.095309999999999947e-03
-1.491619999999999925e-03
-4.187520000000000131e-03
-6.960779999999999745e-03
-8.377020000000000646e-03
-7.923809999999999881e-03
-8.388730000000000492e-03
-8.814709999999999906e-03
-7.953200000000000547e-03
-6.573970000000000161e-03
-6.296859999999999610e-03
-6.083670000000000223e-03
-5.441679999999999955e-03
-3.770429999999999962e-03
-2.417030000000000133e-03
-1.091930000000000071e-03
-4.639310000000000005e-04
-6.214900000000000415e-04
-1.531680000000000107e-03
-2.036379999999999961e-03
-1.784299999999999949e-03
-1.866229999999999972e-03
-1.645760000000000018e-03
-1.140060000000000032e-03
-3.465149999999999849e-04
5.965750000000000133e-04
1.515260000000000044e-03
1.803130000000000011e-03
1.897599999999999938e-03
2.357849999999999877e-03
2.181059999999999856e-03
2.086569999999999831e-03
1.233090000000000054e-03
3.227419999999999942e-04
-1.534530000000000095e-03
-3.439719999999999844e-03
-4.972019999999999738e-03
-6.125740000000000178e-03
-6.087630000000000124e-03
-4.458900000000000016e-03
-1.647140000000000062e-03
1.099640000000000036e-03
3.771660000000000030e-03
4.250689999999999677e-03
3.625989999999999942e-03
1.536999999999999955e-03
-1.304679999999999902e-03
-3.402580000000000101e-03
-5.022070000000000006e-03
-5.388539999999999823e-03
-4.601820000000000389e-03
-2.931280000000000083e-03
-1.519429999999999999e-03
-8.879509999999999964e-04
-4.837280000000000009e-04
2.264420000000000115e-04
2.176520000000000093e-04
-1.096280000000000014e-04
-7.164450000000000159e-04
-1.120829999999999960e-03
-9.460679999999999958e-04
-5.729370000000000339e-04
1.219679999999999950e-04
9.120779999999999773e-04
1.236689999999999925e-03
1.321710000000000029e-03
1.409459999999999966e-03
1.313939999999999986e-03
5.100849999999999655e-04
-2.273619999999999960e-04
-7.298359999999999830e-04
-5.903069999999999845e-04
-1.044639999999999946e-04
9.229280000000000513e-04
1.820680000000000085e-03
2.337060000000000179e-03
2.460289999999999960e-03
2.269810000000000143e-03
1.719650000000000085e-03
1.186360000000000019e-03
9.065879999999999468e-04
1.158139999999999994e-03
1.984520000000000034e-03
2.607560000000000086e-03
3.027590000000000142e-03
3.108060000000000163e-03
3.122629999999999937e-03
3.228710000000000087e-03
3.153840000000000202e-03
3.036740000000000012e-03
2.959489999999999951e-03
2.952639999999999865e-03
3.097069999999999945e-03
2.985259999999999997e-03
2.872949999999999983e-03
2.754889999999999856e-03
2.700389999999999995e-03
2.734470000000000130e-03
2.805950000000000197e-03
2.852019999999999816e-03
2.789649999999999855e-03
2.603659999999999829e-03
2.540210000000000211e-03
2.256160000000000110e-03
2.026490000000000149e-03
1.854879999999999940e-03
1.491909999999999938e-03
1.094310000000000031e-03
7.197450000000000419e-04
4.230500000000000102e-04
2.295569999999999978e-04
1.377530000000000074e-04
6.903469999999999821e-05
9.221280000000000590e-05
1.603429999999999927e-04
2.072329999999999995e-04
2.431280000000000073e-04
1.909380000000000072e-04
1.880870000000000035e-04
2.288409999999999999e-04
2.982150000000000035e-04
3.246039999999999841e-04
3.897409999999999807e-04
4.386440000000000239e-04
4.584219999999999962e-04
4.774719999999999984e-04
4.850370000000000115e-04
4.469890000000000126e-04
4.423620000000000178e-04
4.666059999999999978e-04
4.634150000000000075e-04
5.057669999999999571e-04
5.336349999999999687e-04
5.325799999999999458e-04
5.094529999999999892e-04
4.684089999999999803e-04
4.217460000000000241e-04
3.813250000000000125e-04
3.556459999999999895e-04
3.559319999999999932e-04
3.915419999999999860e-04
4.272249999999999897e-04
4.442420000000000201e-04
4.447680000000000080e-04
4.186629999999999996e-04
3.797620000000000141e-04
3.333659999999999792e-04
2.885349999999999742e-04
2.365439999999999904e-04
1.909980000000000033e-04
1.477340000000000055e-04
1.106040000000000002e-04
7.411420000000000269e-05
4.436650000000000289e-05
1.662810000000000094e-05
-6.138130000000000132e-06
-2.991070000000000146e-05
-5.205919999999999786e-05
-7.294299999999999601e-05
-9.463890000000000626e-05
-1.178790000000000008e-04
-1.420460000000000017e-04
-1.658709999999999980e-04
-1.892250000000000052e-04
-2.113650000000000067e-04
-2.304700000000000075e-04
-2.481079999999999766e-04
-2.635800000000000209e-04
-2.766019999999999785e-04
-2.875479999999999920e-04
-2.971529999999999788e-04
-3.053260000000000240e-04
-3.121040000000000056e-04
-3.177070000000000263e-04
-3.218790000000000128e-04
-3.246149999999999947e-04
-3.260760000000000134e-04
-3.262009999999999758e-04
-3.251519999999999931e-04
-3.229570000000000184e-04
-3.196849999999999995e-04
-3.153769999999999859e-04
-3.100889999999999918e-04
-3.038609999999999966e-04
-2.967469999999999830e-04
-2.887860000000000231e-04
-2.800170000000000263e-04
-2.704699999999999769e-04
