1.026650000000000045e-03
8.050320000000000132e-04
3.477989999999999814e-04
1.402210000000000088e-03
1.550860000000000042e-03
1.399249999999999995e-04
-9.364450000000000508e-04
-1.284530000000000090e-03
-3.596620000000000134e-04
2.908310000000000214e-04
-5.264560000000000160e-04
2.203829999999999871e-05
-5.116870000000000359e-04
-7.669509999999999826e-04
6.067260000000000318e-04
-5.665369999999999868e-04
-1.315479999999999948e-03
-1.401420000000000009e-03
4.771609999999999806e-04
1.666219999999999941e-03
1.297739999999999918e-03
-5.497349999999999806e-04
-2.117729999999999960e-03
-1.311169999999999957e-03
-8.136639999999999671e-04
1.863580000000000098e-03
2.282549999999999944e-03
4.248750000000000139e-04
3.090229999999999719e-05
-1.270869999999999899e-03
-1.660760000000000057e-03
-1.438650000000000085e-03
-6.636990000000000164e-04
1.397470000000000049e-03
1.394159999999999974e-03
1.779479999999999951e-03
-1.024750000000000053e-03
-4.525630000000000104e-03
-2.613380000000000217e-03
3.882380000000000054e-04
2.058749999999999816e-03
2.558309999999999838e-03
1.742070000000000077e-03
1.560270000000000103e-03
5.869500000000000368e-04
-1.640970000000000059e-03
-1.828889999999999899e-03
-1.054950000000000028e-03
1.535619999999999910e-03
5.666380000000000375e-03
7.363419999999999861e-03
6.642050000000000037e-03
-4.420839999999999774e-04
-4.285680000000000045e-03
-1.396249999999999922e-03
-1.557639999999999893e-03
-1.510950000000000053e-03
-3.228860000000000063e-03
-6.059590000000000115e-03
-5.634479999999999870e-03
-3.738529999999999891e-03
1.572379999999999958e-03
4.064019999999999785e-03
-9.760290000000000025e-04
-4.403459999999999666e-03
-5.789859999999999972e-03
-1.011899999999999952e-02
-7.551849999999999709e-03
1.296430000000000108e-03
4.509209999999999607e-03
6.897829999999999760e-03
1.029120000000000035e-02
1.085599999999999933e-02
6.001610000000000104e-03
-3.460130000000000063e-03
-4.538480000000000118e-03
5.174389999999999632e-04
-3.602559999999999877e-03
6.609470000000000102e-03
7.751649999999999686e-03
-9.858799999999999595e-04
2.708349999999999994e-03
1.322980000000000076e-03
2.007629999999999886e-04
2.829089999999999817e-03
4.576140000000000242e-03
1.706669999999999975e-03
-2.800920000000000146e-03
-4.916600000000000137e-03
-4.078370000000000432e-03
-6.178760000000000155e-03
-1.022529999999999967e-02
-3.599590000000000168e-03
-2.052339999999999937e-04
-2.067960000000000197e-03
7.976799999999999169e-03
1.297970000000000027e-02
6.129169999999999757e-03
-4.276049999999999990e-03
-1.586749999999999966e-02
-1.702029999999999862e-02
-9.085950000000000623e-03
-7.537780000000000001e-03
-1.092639999999999931e-02
5.781999999999999813e-03
1.784229999999999844e-02
2.088469999999999910e-02
2.547860000000000055e-02
1.066800000000000040e-02
-1.496779999999999985e-02
-2.482530000000000153e-02
-1.339030000000000081e-02
-8.631130000000000746e-03
4.874780000000000107e-04
1.098820000000000005e-02
1.433670000000000083e-02
1.306249999999999946e-02
1.514509999999999988e-02
3.541429999999999925e-03
-3.758889999999999974e-03
-6.686479999999999854e-03
-2.106660000000000130e-02
-1.599329999999999849e-02
-7.956939999999999152e-03
3.330200000000000174e-03
2.477299999999999988e-03
8.449220000000000341e-03
1.177010000000000035e-02
4.284190000000000220e-03
7.597989999999999779e-03
1.402989999999999966e-02
1.520679999999999948e-02
-1.064419999999999950e-02
-2.907579999999999887e-02
-3.542340000000000072e-02
-1.034589999999999989e-02
6.801259999999999728e-04
-1.274830000000000060e-02
-1.893680000000000016e-03
1.944859999999999992e-02
3.521049999999999874e-02
1.198390000000000045e-02
-2.170889999999999972e-02
-1.848790000000000155e-02
1.314620000000000025e-02
1.721010000000000031e-03
-1.809269999999999975e-02
-6.571930000000000133e-03
-7.155540000000000164e-03
-4.218099999999999801e-03
1.376840000000000008e-02
1.346529999999999949e-02
2.609480000000000133e-02
1.273469999999999984e-02
-4.377029999999999636e-03
7.255900000000000023e-03
8.418540000000000398e-03
-4.718199999999999651e-03
-1.893819999999999878e-02
-2.014909999999999965e-02
-1.787060000000000037e-02
1.302200000000000059e-02
6.765170000000000038e-03
-1.208249999999999949e-02
-1.530590000000000075e-02
-5.941440000000000089e-03
2.168509999999999882e-02
1.171849999999999975e-02
-9.050870000000000790e-03
8.427689999999999834e-03
1.326289999999999934e-03
-2.857919999999999905e-02
1.850269999999999996e-03
2.976240000000000135e-02
-5.590939999999999972e-03
-1.384389999999999926e-02
5.103459999999999767e-03
-2.172349999999999975e-03
1.011029999999999915e-02
3.161789999999999740e-02
3.137700000000000211e-02
1.201210000000000081e-03
-7.090520000000000329e-03
-3.494850000000000192e-04
1.848490000000000051e-04
-3.517900000000000020e-03
4.001399999999999575e-03
3.891279999999999739e-02
5.431869999999999754e-02
6.375150000000000261e-02
6.805680000000000063e-02
5.561880000000000296e-02
9.629920000000000146e-03
-5.010239999999999833e-02
-5.381539999999999935e-02
-4.731099999999999889e-02
-8.919950000000000101e-02
-1.120079999999999965e-01
-3.697679999999999717e-02
1.150170000000000012e-02
2.910369999999999971e-02
5.644969999999999849e-02
7.276549999999999685e-02
9.360400000000000664e-02
7.358839999999999826e-02
2.220569999999999836e-02
-1.610249999999999876e-02
-6.583479999999999888e-02
-1.075539999999999968e-01
-8.165219999999999423e-02
-4.321060000000000179e-02
1.419380000000000034e-03
5.626359999999999695e-02
9.748779999999999946e-02
3.443330000000000002e-02
-1.288869999999999946e-02
1.882609999999999839e-02
-1.471979999999999990e-02
-6.431130000000000180e-02
-1.178450000000000053e-01
-1.229760000000000020e-01
-6.535109999999999530e-02
-2.807839999999999989e-02
3.387629999999999808e-02
1.119409999999999988e-01
1.226340000000000069e-01
1.163899999999999935e-01
1.032659999999999967e-01
7.630050000000000200e-03
-6.094469999999999749e-02
-8.983019999999999894e-02
-1.007640000000000063e-01
-1.076730000000000048e-01
-9.597809999999999675e-02
-4.260669999999999735e-02
3.911310000000000307e-03
4.088109999999999661e-02
6.274770000000000347e-02
7.802620000000000389e-02
9.058130000000000348e-02
6.228630000000000277e-02
-1.984110000000000040e-02
-6.765980000000000605e-02
-1.150349999999999984e-01
-9.560499999999999554e-02
-3.410010000000000124e-02
-7.989279999999999646e-03
-1.130850000000000084e-02
-9.057439999999999936e-03
-3.330290000000000333e-02
-6.553710000000000091e-02
-5.078389999999999987e-02
-1.591940000000000022e-02
4.341289999999999732e-02
8.634759999999999658e-02
1.176800000000000068e-01
1.175969999999999932e-01
1.160989999999999939e-01
8.792819999999999803e-02
7.219539999999999985e-03
-3.765949999999999853e-02
-4.809019999999999961e-02
-7.532529999999999781e-02
-6.376569999999999461e-02
-1.904880000000000071e-03
8.134880000000000583e-03
-5.158890000000000177e-03
-5.504769999999999976e-03
-2.294689999999999924e-02
-1.185240000000000078e-02
2.338130000000000069e-02
1.203369999999999961e-02
8.595210000000000697e-03
3.733870000000000244e-02
6.537129999999999330e-02
6.735299999999999621e-02
5.324330000000000035e-02
5.139490000000000031e-02
1.615079999999999988e-02
-2.720540000000000111e-02
-3.183939999999999687e-02
-1.231669999999999987e-02
-3.845230000000000176e-02
-5.762020000000000336e-02
-6.118440000000000163e-03
-6.771329999999999884e-03
-4.226329999999999670e-02
-4.984920000000000323e-02
-7.156709999999999461e-02
-5.231879999999999864e-02
1.014999999999999930e-02
3.047650000000000012e-02
1.866479999999999875e-02
-8.411200000000000621e-03
-5.267009999999999748e-02
-1.684070000000000011e-02
1.350630000000000060e-02
-3.707760000000000222e-02
-7.789100000000000190e-02
-1.414330000000000032e-01
-1.620219999999999994e-01
-1.445680000000000021e-01
-1.141520000000000035e-01
-1.133340000000000042e-02
1.007239999999999941e-01
1.739610000000000045e-01
2.238539999999999974e-01
2.134679999999999911e-01
7.845270000000000021e-02
-3.589239999999999792e-02
-6.404550000000000520e-02
-9.000249999999999917e-02
-7.669270000000000254e-02
7.626589999999999932e-03
7.320740000000000580e-02
9.494460000000000399e-02
1.501300000000000134e-01
1.624559999999999893e-01
1.135879999999999945e-01
2.230800000000000144e-02
-6.021930000000000338e-02
-1.521750000000000047e-01
-2.022249999999999881e-01
-1.544369999999999910e-01
-9.302280000000000271e-02
-4.114050000000000346e-02
-2.836920000000000067e-02
-3.210960000000000203e-02
-3.252990000000000048e-02
-2.006049999999999847e-02
2.319250000000000131e-02
9.585209999999999564e-02
1.424449999999999883e-01
7.597929999999999962e-02
-5.965009999999999757e-02
-9.028799999999999326e-02
-3.092299999999999910e-02
6.208770000000000261e-02
1.496709999999999985e-01
2.003610000000000113e-01
2.470350000000000046e-01
2.556800000000000184e-01
2.197290000000000076e-01
1.613209999999999922e-01
8.900500000000000078e-02
2.317110000000000003e-02
-9.821929999999999550e-03
-6.395850000000000146e-02
-1.128730000000000011e-01
-1.018469999999999931e-01
-9.077349999999999308e-02
-8.278290000000000648e-02
-8.999740000000000517e-02
-3.328339999999999771e-02
2.460359999999999978e-02
2.472080000000000111e-02
6.416520000000000556e-02
1.050119999999999942e-01
9.905819999999999903e-02
5.436479999999999785e-02
3.601089999999999847e-02
4.194970000000000122e-03
-6.250999999999999612e-02
-1.117810000000000054e-01
-1.564580000000000137e-01
-1.795229999999999881e-01
-1.789340000000000097e-01
-1.446669999999999900e-01
-5.739709999999999951e-02
-1.741660000000000126e-04
4.274429999999999896e-02
5.748120000000000313e-02
-6.280059999999999636e-03
-7.958750000000000546e-02
-1.228169999999999956e-01
-1.054900000000000004e-01
-5.692629999999999912e-02
-4.202519999999999867e-02
-4.969160000000000244e-02
-4.747010000000000118e-02
-2.552279999999999827e-02
-2.861509999999999835e-03
2.487019999999999856e-02
4.193270000000000330e-02
4.746609999999999718e-02
5.066679999999999795e-02
5.109419999999999934e-02
2.716999999999999971e-02
-8.514619999999999871e-04
4.097259999999999791e-02
8.821890000000000287e-02
1.019710000000000061e-01
1.196009999999999990e-01
1.488109999999999988e-01
6.453530000000000377e-02
-3.950469999999999676e-02
-6.126650000000000151e-02
-7.209179999999999755e-02
-7.945209999999999773e-02
-4.918059999999999793e-02
8.472789999999999142e-03
5.529579999999999912e-02
4.655340000000000172e-02
-3.119720000000000132e-02
-5.455220000000000208e-02
-6.381280000000000285e-02
-1.044889999999999985e-01
-1.295719999999999927e-01
-9.793799999999999728e-02
-5.320090000000000235e-02
-5.723910000000000109e-02
-4.086100000000000149e-02
1.737580000000000027e-02
6.344310000000000227e-02
7.727219999999999922e-02
8.296380000000000421e-02
4.085609999999999936e-02
-1.907510000000000108e-02
-3.874790000000000179e-02
4.628610000000000016e-03
5.424029999999999824e-02
8.211590000000000555e-02
1.145390000000000019e-01
1.343439999999999912e-01
1.013180000000000053e-01
1.034039999999999959e-02
-1.814620000000000122e-02
-4.168380000000000002e-02
-8.408010000000000483e-02
-6.044370000000000298e-02
6.706939999999999777e-03
4.468760000000000093e-02
1.096369999999999983e-01
1.333920000000000106e-01
1.097130000000000050e-01
7.164199999999999735e-02
2.207709999999999881e-02
2.690980000000000108e-02
7.575859999999999539e-02
1.061819999999999986e-01
1.080509999999999943e-01
9.565360000000000529e-02
8.185810000000000308e-02
5.811650000000000149e-02
-4.314710000000000073e-02
-9.556389999999999330e-02
-9.703269999999999951e-02
-1.086789999999999978e-01
-1.190729999999999983e-01
-1.211880000000000041e-01
-3.042479999999999837e-02
5.549180000000000085e-02
7.095500000000000418e-02
8.604589999999999461e-02
9.888049999999999617e-02
5.290700000000000264e-02
-3.798010000000000275e-02
-1.025370000000000031e-01
-1.384910000000000030e-01
-1.502400000000000124e-01
-1.406219999999999970e-01
-6.083949999999999775e-02
2.525049999999999864e-02
4.750080000000000274e-02
2.716400000000000065e-02
5.122800000000000270e-03
-4.443899999999999934e-02
-1.262840000000000074e-01
-1.747930000000000039e-01
-1.763079999999999925e-01
-1.259599999999999886e-01
-1.083999999999999964e-01
-9.777600000000000180e-02
-5.273379999999999734e-02
-1.948700000000000085e-02
2.755130000000000079e-02
9.319950000000000456e-02
8.709179999999999700e-02
2.149190000000000041e-03
-6.084090000000000331e-02
-9.856460000000000221e-02
-1.048440000000000066e-01
-6.416520000000000556e-02
-1.989620000000000104e-04
3.877930000000000266e-02
5.526860000000000106e-02
7.531459999999999544e-02
1.066860000000000031e-01
1.019499999999999990e-01
2.450019999999999976e-02
-2.778600000000000167e-02
-3.352150000000000268e-02
-4.323699999999999766e-02
-5.804340000000000194e-02
-2.417839999999999920e-02
-1.595580000000000089e-03
-1.515140000000000063e-02
-1.004010000000000059e-03
2.599430000000000143e-02
4.164930000000000021e-02
4.012539999999999857e-02
2.344330000000000025e-02
1.697950000000000154e-02
2.269250000000000086e-02
2.585859999999999895e-02
6.891679999999999855e-03
-4.661040000000000322e-02
-6.896069999999999978e-02
-4.374530000000000085e-02
1.499860000000000082e-02
7.296819999999999695e-02
1.198589999999999933e-01
1.506909999999999916e-01
1.480910000000000004e-01
7.543560000000000543e-02
-5.087110000000000243e-02
-1.322570000000000134e-01
-1.327339999999999909e-01
-4.865570000000000311e-02
6.514780000000000570e-02
1.595940000000000136e-01
1.965439999999999965e-01
1.786959999999999937e-01
1.553819999999999923e-01
1.100359999999999949e-01
3.145099999999999979e-02
-3.469400000000000261e-02
-8.503199999999999648e-02
-1.077110000000000012e-01
-7.695059999999999401e-02
-5.668419999999999709e-02
-5.900169999999999720e-02
-5.814590000000000036e-02
-5.413319999999999937e-02
-1.562720000000000081e-02
5.549529999999999741e-02
1.054469999999999991e-01
9.523760000000000558e-02
5.259339999999999848e-02
-2.364669999999999977e-04
-6.867130000000000456e-02
-1.166230000000000044e-01
-1.399559999999999971e-01
-1.506830000000000114e-01
-1.187040000000000040e-01
-6.470869999999999400e-02
-3.181060000000000137e-02
4.586040000000000429e-03
3.959750000000000075e-02
2.990349999999999953e-02
-1.066809999999999981e-02
-3.828560000000000296e-02
-6.733519999999999783e-02
-9.184380000000000321e-02
-1.013050000000000062e-01
-5.968620000000000175e-02
1.392000000000000008e-02
6.800040000000000251e-02
1.171999999999999986e-01
1.404320000000000013e-01
1.362669999999999992e-01
1.024290000000000062e-01
5.506069999999999715e-02
2.947699999999999973e-02
8.151900000000000118e-03
2.011749999999999997e-02
5.480360000000000092e-02
5.346229999999999732e-02
-2.187690000000000121e-02
-8.883889999999999842e-02
-1.072660000000000002e-01
-6.165999999999999953e-02
2.709840000000000165e-02
9.977949999999999320e-02
1.733870000000000133e-01
2.127169999999999894e-01
2.227010000000000101e-01
2.042889999999999984e-01
1.406810000000000005e-01
7.235579999999999790e-02
2.580810000000000048e-02
-2.800510000000000152e-02
-6.563190000000000690e-02
-7.799730000000000552e-02
-5.284620000000000289e-02
-2.786430000000000157e-02
-4.083459999999999868e-02
-6.773709999999999454e-02
-8.637759999999999883e-02
-8.621950000000000447e-02
-8.097060000000000368e-02
-7.566449999999999565e-02
-7.259839999999999349e-02
-5.541449999999999848e-02
-4.842239999999999739e-02
-5.873659999999999992e-02
-7.057470000000000410e-02
-8.063810000000000422e-02
-9.502209999999999823e-02
-1.025589999999999974e-01
-5.608660000000000034e-02
8.891450000000000395e-03
5.788410000000000083e-02
8.641150000000000220e-02
8.085449999999999582e-02
4.104080000000000228e-02
1.469220000000000075e-02
1.770120000000000027e-02
3.845819999999999794e-02
7.173369999999999747e-02
8.420220000000000482e-02
6.020160000000000095e-02
8.145889999999999381e-03
-2.121790000000000134e-02
-3.529179999999999817e-02
-6.419859999999999456e-02
-9.046559999999999324e-02
-1.095020000000000021e-01
-1.245669999999999972e-01
-1.208879999999999955e-01
-9.588489999999999513e-02
-6.620689999999999908e-02
-3.381069999999999909e-02
-1.202759999999999940e-02
-6.853119999999999871e-03
-1.161650000000000009e-02
-2.416149999999999895e-02
-3.157279999999999809e-02
-2.279259999999999967e-02
-2.064170000000000154e-03
1.078269999999999923e-02
1.645500000000000088e-02
1.371520000000000031e-02
-1.513650000000000065e-02
-4.674729999999999858e-02
-5.329360000000000347e-02
-4.743569999999999731e-02
-3.873719999999999941e-02
-6.662239999999999829e-03
2.284020000000000147e-02
2.247309999999999933e-02
2.058199999999999960e-02
2.316769999999999941e-02
2.538719999999999866e-02
1.024740000000000026e-02
-4.289649999999999887e-03
-1.218649999999999942e-02
-3.676129999999999676e-02
-5.376170000000000254e-02
-2.717129999999999893e-02
2.090440000000000006e-02
4.582510000000000056e-02
4.204089999999999910e-02
-1.228530000000000030e-03
-3.183459999999999762e-02
-2.892660000000000023e-02
-2.353380000000000055e-02
-5.950060000000000071e-03
1.917970000000000091e-02
3.649120000000000141e-02
3.527940000000000242e-02
2.846790000000000084e-02
2.205719999999999903e-02
3.163289999999999852e-02
5.501029999999999809e-02
6.579580000000000151e-02
6.889660000000000228e-02
6.463820000000000676e-02
4.632100000000000106e-02
3.981749999999999873e-02
4.987169999999999798e-02
5.527159999999999712e-02
5.484109999999999679e-02
5.304079999999999906e-02
5.539909999999999973e-02
5.421999999999999736e-02
3.412599999999999661e-02
3.461769999999999865e-03
-2.614369999999999888e-02
-4.373869999999999841e-02
-4.644469999999999849e-02
-4.675180000000000308e-02
-3.698010000000000186e-02
-2.730240000000000097e-02
-2.399449999999999847e-02
-2.069990000000000024e-02
-1.292310000000000073e-03
4.304410000000000180e-02
8.312500000000000444e-02
1.078029999999999961e-01
1.198960000000000026e-01
9.591280000000000638e-02
4.818390000000000173e-02
3.356529999999999930e-02
3.881319999999999909e-02
4.739750000000000213e-02
6.126240000000000158e-02
6.395929999999999671e-02
3.748830000000000218e-02
2.040130000000000068e-02
2.580119999999999983e-02
4.110319999999999946e-02
6.000489999999999990e-02
8.110150000000000692e-02
7.655130000000000268e-02
2.631019999999999887e-02
-1.119410000000000023e-02
-2.029450000000000004e-02
-1.658480000000000024e-02
-1.533930000000000016e-02
-2.519559999999999855e-02
-4.103110000000000090e-02
-5.888310000000000072e-02
-8.506850000000000522e-02
-1.075809999999999961e-01
-1.175120000000000053e-01
-1.143649999999999944e-01
-9.076510000000000133e-02
-7.770399999999999530e-02
-7.179820000000000646e-02
-5.088410000000000155e-02
-1.726079999999999975e-02
1.348820000000000054e-02
4.482459999999999917e-02
6.861609999999999931e-02
7.402620000000000033e-02
6.535420000000000118e-02
4.209410000000000235e-02
3.096089999999999953e-02
2.383930000000000077e-02
3.332170000000000184e-03
-1.913029999999999939e-02
-2.929860000000000103e-02
-4.055630000000000346e-02
-5.396619999999999889e-02
-7.269440000000000623e-02
-9.459589999999999665e-02
-1.039319999999999966e-01
-9.922559999999999714e-02
-8.070950000000000346e-02
-6.877550000000000330e-02
-6.625910000000000133e-02
-7.110099999999999754e-02
-8.120719999999999328e-02
-8.989759999999999418e-02
-8.833290000000000586e-02
-6.943119999999999847e-02
-3.974720000000000336e-02
-3.286229999999999794e-03
3.320120000000000016e-02
6.303519999999999956e-02
7.547919999999999630e-02
7.321790000000000243e-02
6.272930000000000172e-02
4.227929999999999883e-02
2.158360000000000140e-02
1.601030000000000161e-02
2.248319999999999833e-02
3.023939999999999961e-02
4.466110000000000219e-02
6.314759999999999818e-02
6.869039999999999868e-02
4.992649999999999866e-02
1.908270000000000105e-02
-3.788730000000000136e-03
-1.398669999999999948e-02
-1.668559999999999835e-02
-2.094709999999999975e-02
-2.299520000000000036e-02
-9.189519999999999633e-03
4.890590000000000215e-03
1.169609999999999921e-02
1.710820000000000049e-02
1.567210000000000131e-02
8.152639999999999193e-03
1.264600000000000056e-03
1.238260000000000055e-02
3.428819999999999785e-02
5.790019999999999889e-02
7.389479999999999660e-02
7.534019999999999606e-02
5.623149999999999676e-02
2.192080000000000070e-02
-1.164029999999999926e-02
-3.873240000000000016e-02
-4.679760000000000170e-02
-4.882120000000000209e-02
-4.175559999999999689e-02
-2.132099999999999967e-02
-1.135249999999999974e-02
-1.252239999999999950e-02
-1.586589999999999875e-02
-1.296300000000000056e-02
-2.553849999999999870e-03
5.989689999999999771e-03
8.358159999999999895e-03
2.439119999999999917e-03
-7.858779999999999238e-03
-3.237129999999999955e-03
1.431709999999999927e-02
3.579929999999999918e-02
5.777530000000000165e-02
7.231129999999999503e-02
6.631270000000000220e-02
3.969480000000000230e-02
1.257300000000000084e-02
-1.152139999999999935e-02
-2.584519999999999873e-02
-3.829020000000000340e-02
-5.048629999999999785e-02
-5.843820000000000264e-02
-5.845449999999999952e-02
-4.683670000000000194e-02
-3.585130000000000261e-02
-3.083999999999999936e-02
-3.160899999999999821e-02
-3.619490000000000207e-02
-3.789010000000000294e-02
-3.705780000000000185e-02
-3.067359999999999878e-02
-1.978299999999999850e-02
-1.612119999999999873e-02
-2.336519999999999916e-02
-2.837440000000000101e-02
-2.604060000000000055e-02
-3.080710000000000046e-02
-4.000850000000000239e-02
-4.315619999999999873e-02
-3.612420000000000214e-02
-2.171879999999999991e-02
-4.910160000000000219e-03
5.525480000000000148e-03
8.614069999999999713e-03
-4.974349999999999779e-03
-1.953070000000000153e-02
-1.641159999999999841e-02
6.847530000000000110e-03
3.601850000000000190e-02
6.347490000000000077e-02
8.838129999999999598e-02
9.456050000000000566e-02
8.603539999999999799e-02
6.735610000000000208e-02
4.692759999999999987e-02
3.315860000000000335e-02
2.924080000000000082e-02
3.039239999999999997e-02
3.825970000000000065e-02
4.721539999999999765e-02
5.111179999999999890e-02
3.887179999999999802e-02
1.450500000000000053e-02
-3.414289999999999946e-03
-1.391009999999999990e-02
-1.629380000000000064e-02
-3.854859999999999884e-03
1.821489999999999915e-02
2.673800000000000135e-02
3.113530000000000117e-02
2.055689999999999948e-02
-2.511390000000000063e-03
-1.832539999999999863e-02
-3.122429999999999997e-02
-3.966179999999999706e-02
-3.865799999999999792e-02
-2.162299999999999986e-02
-1.135459999999999942e-02
-9.391119999999999329e-03
-3.442450000000000111e-03
8.016250000000000805e-03
1.356510000000000007e-02
1.043059999999999994e-02
7.319670000000000343e-03
7.597129999999999682e-03
9.953359999999999638e-03
1.021649999999999989e-02
1.103460000000000031e-02
1.461989999999999991e-02
1.925179999999999947e-02
1.433030000000000068e-02
-9.654969999999999481e-05
-1.065450000000000078e-02
-2.551180000000000114e-02
-3.801899999999999724e-02
-4.655340000000000172e-02
-5.344449999999999895e-02
-5.321290000000000048e-02
-4.082090000000000024e-02
-3.073920000000000124e-02
-3.293730000000000269e-02
-4.146339999999999748e-02
-4.912869999999999737e-02
-5.053119999999999834e-02
-3.999450000000000227e-02
-1.063380000000000054e-02
1.708979999999999874e-02
3.505309999999999676e-02
3.946360000000000146e-02
3.621180000000000232e-02
2.898409999999999875e-02
2.218180000000000152e-02
2.240920000000000065e-02
2.677790000000000031e-02
3.264500000000000041e-02
3.890880000000000033e-02
4.588160000000000155e-02
5.226270000000000221e-02
5.130910000000000332e-02
4.594290000000000179e-02
4.007279999999999870e-02
3.401499999999999663e-02
2.414960000000000023e-02
6.981000000000000226e-03
-3.451539999999999903e-03
-1.133200000000000006e-02
-1.570579999999999893e-02
-1.586490000000000122e-02
-1.553640000000000056e-02
-1.596169999999999881e-02
-1.499980000000000063e-02
-1.054339999999999965e-02
-2.007029999999999925e-03
1.018709999999999928e-02
2.011479999999999865e-02
2.755770000000000094e-02
3.014959999999999862e-02
3.127869999999999956e-02
2.838809999999999945e-02
2.374810000000000115e-02
1.812899999999999928e-02
9.082629999999999523e-03
-3.860080000000000217e-04
-7.986000000000000043e-03
-1.301459999999999943e-02
-1.539519999999999951e-02
-1.586540000000000172e-02
-1.421509999999999961e-02
-1.267689999999999963e-02
-1.235860000000000083e-02
-1.224639999999999930e-02
-1.425069999999999983e-02
-1.182710000000000011e-02
-2.474710000000000191e-03
5.649109999999999722e-04
-4.247429999999999956e-03
-9.612600000000000658e-03
-1.315200000000000050e-02
-1.620479999999999837e-02
-2.323060000000000055e-02
-2.666589999999999933e-02
-2.458919999999999856e-02
-2.180860000000000090e-02
-2.281940000000000010e-02
-2.435649999999999968e-02
-2.590690000000000007e-02
-3.250220000000000192e-02
-3.851709999999999856e-02
-3.843040000000000345e-02
-2.797739999999999949e-02
-1.372289999999999968e-02
-4.737680000000000190e-03
-2.590559999999999998e-03
-4.242939999999999733e-03
-2.773100000000000131e-03
7.246380000000000182e-03
2.054009999999999864e-02
2.875619999999999912e-02
3.454170000000000157e-02
3.384910000000000002e-02
2.733129999999999935e-02
1.760460000000000150e-02
9.807760000000000436e-03
3.917280000000000414e-03
-9.003040000000000348e-03
-2.114610000000000101e-02
-2.787500000000000047e-02
-3.290459999999999913e-02
-4.061479999999999951e-02
-4.651650000000000229e-02
-4.737530000000000213e-02
-4.351759999999999656e-02
-3.549429999999999946e-02
-2.996180000000000024e-02
-1.992089999999999833e-02
-1.046449999999999984e-02
-5.726550000000000390e-03
-8.193080000000000371e-04
4.651989999999999945e-03
8.923769999999999272e-03
1.011719999999999980e-02
9.753070000000000836e-03
8.069069999999999368e-03
7.778389999999999610e-03
8.143569999999999282e-03
9.255390000000000492e-03
6.712550000000000287e-03
9.638550000000000069e-04
-9.570689999999999753e-03
-1.983390000000000153e-02
-2.367419999999999941e-02
-2.347420000000000062e-02
-8.070189999999999655e-03
4.746130000000000314e-03
7.667430000000000252e-03
6.350630000000000337e-03
-7.485490000000000459e-04
-1.065679999999999926e-02
-2.049269999999999911e-02
-2.373319999999999944e-02
-2.158809999999999896e-02
-8.133249999999999855e-03
9.388330000000000286e-03
2.070519999999999999e-02
2.415489999999999998e-02
1.875809999999999977e-02
8.386760000000000048e-03
-1.420519999999999986e-03
-9.051119999999999305e-03
-1.260380000000000007e-02
-9.929310000000000219e-03
-1.079770000000000079e-03
6.856870000000000152e-03
1.121939999999999917e-02
1.347980000000000012e-02
1.281979999999999925e-02
9.403879999999999878e-03
6.606039999999999655e-03
6.073620000000000060e-03
8.563450000000000228e-03
1.249759999999999933e-02
1.330240000000000068e-02
1.447750000000000078e-02
1.415409999999999932e-02
1.098909999999999991e-02
6.778560000000000314e-03
-2.680909999999999890e-03
-1.244939999999999936e-02
-1.371009999999999937e-02
-9.883070000000000743e-03
-2.894020000000000186e-03
4.629519999999999816e-03
7.632410000000000062e-03
3.880869999999999806e-03
-6.319110000000000178e-03
-1.539910000000000063e-02
-1.966069999999999970e-02
-2.022780000000000064e-02
-1.353659999999999933e-02
4.489909999999999735e-03
2.192169999999999883e-02
2.940850000000000061e-02
2.990529999999999924e-02
2.505829999999999863e-02
2.052340000000000067e-02
1.788160000000000097e-02
1.797239999999999949e-02
2.054479999999999848e-02
2.142200000000000007e-02
1.817639999999999881e-02
1.370069999999999968e-02
1.108130000000000052e-02
1.048160000000000064e-02
1.074070000000000059e-02
9.900209999999999566e-03
7.838809999999999875e-03
7.601160000000000035e-03
9.320900000000000019e-03
1.050719999999999953e-02
9.699340000000000739e-03
7.829700000000000201e-03
3.582430000000000163e-03
-3.894159999999999809e-03
-1.072610000000000056e-02
-1.322000000000000085e-02
-1.399620000000000031e-02
-1.248250000000000054e-02
-4.427549999999999715e-03
8.033800000000000663e-03
2.357760000000000064e-02
3.182839999999999975e-02
3.275349999999999789e-02
3.214260000000000034e-02
2.837370000000000170e-02
2.393259999999999832e-02
2.174370000000000122e-02
2.337880000000000166e-02
2.358179999999999998e-02
2.166010000000000157e-02
2.185600000000000043e-02
2.131129999999999830e-02
2.075130000000000030e-02
2.141840000000000063e-02
2.178360000000000019e-02
1.930700000000000124e-02
1.041060000000000076e-02
-4.442620000000000423e-03
-2.277509999999999951e-02
-3.769150000000000278e-02
-4.606570000000000109e-02
-4.763649999999999829e-02
-4.274250000000000271e-02
-2.748029999999999917e-02
-1.190890000000000004e-02
-3.052270000000000157e-03
5.233200000000000351e-03
8.686930000000000693e-03
6.435800000000000201e-03
3.495139999999999879e-03
6.427650000000000030e-03
9.109239999999999352e-03
1.332799999999999957e-02
1.837599999999999997e-02
2.066590000000000094e-02
2.210310000000000052e-02
2.252430000000000057e-02
2.119120000000000031e-02
1.556689999999999983e-02
1.027519999999999996e-02
7.628290000000000244e-03
7.039750000000000001e-03
4.297999999999999737e-03
-2.206529999999999950e-03
-8.005220000000000391e-03
-1.501979999999999982e-02
-1.980969999999999953e-02
-2.411920000000000036e-02
-2.381420000000000065e-02
-1.887840000000000004e-02
-1.421389999999999980e-02
-8.733450000000000241e-03
-5.898859999999999694e-03
-4.400470000000000076e-03
-6.132430000000000346e-03
-8.732399999999999538e-03
-9.816649999999999682e-03
-8.755850000000000785e-03
-9.004720000000000779e-03
-1.162099999999999939e-02
-1.577440000000000092e-02
-2.033079999999999957e-02
-2.212700000000000083e-02
-2.325719999999999871e-02
-2.242989999999999914e-02
-2.228919999999999860e-02
-2.515030000000000043e-02
-2.759829999999999922e-02
-2.936389999999999834e-02
-3.256769999999999804e-02
-3.500650000000000289e-02
-3.628959999999999825e-02
-3.558889999999999970e-02
-3.331739999999999702e-02
-2.819589999999999944e-02
-1.811319999999999944e-02
-5.341799999999999847e-03
2.336759999999999792e-03
2.663159999999999920e-03
-1.389290000000000056e-03
-7.054369999999999911e-03
-1.173820000000000072e-02
-1.357219999999999954e-02
-1.290299999999999954e-02
-1.205340000000000057e-02
-1.115269999999999977e-02
-1.151579999999999965e-02
-8.195730000000000029e-03
-5.339720000000000057e-03
-2.103260000000000025e-03
2.963079999999999881e-03
8.136529999999999457e-03
1.005520000000000025e-02
1.044480000000000061e-02
1.190130000000000007e-02
1.515209999999999994e-02
2.121599999999999875e-02
2.720540000000000111e-02
3.110289999999999930e-02
2.938110000000000027e-02
2.419340000000000032e-02
5.298899999999999617e-03
-1.209209999999999972e-02
-1.849670000000000133e-02
-2.100689999999999849e-02
-1.763680000000000109e-02
-1.271330000000000029e-02
-5.864989999999999613e-03
-3.370080000000000124e-03
-2.541840000000000072e-03
-8.353769999999999946e-04
1.363740000000000004e-03
5.749739999999999712e-03
8.209980000000000402e-03
7.946820000000000273e-03
5.888459999999999875e-03
5.200980000000000013e-03
5.546760000000000405e-03
7.063500000000000334e-03
9.618599999999999720e-03
1.106700000000000045e-02
1.140260000000000058e-02
1.132000000000000020e-02
1.136990000000000049e-02
1.134749999999999995e-02
1.156169999999999941e-02
1.139440000000000071e-02
9.952120000000000064e-03
8.745460000000000039e-03
5.617109999999999811e-03
1.079129999999999976e-03
-5.247929999999999609e-03
-8.994399999999999618e-03
-8.282440000000000288e-03
-4.933779999999999590e-03
1.007709999999999986e-03
5.187670000000000128e-03
5.354949999999999814e-03
9.077430000000000264e-04
-6.526020000000000432e-03
-1.189939999999999921e-02
-8.241669999999999552e-03
8.363249999999999591e-04
9.923500000000000029e-03
1.509390000000000037e-02
1.921979999999999869e-02
2.181160000000000043e-02
2.334870000000000001e-02
2.477880000000000013e-02
2.407089999999999924e-02
2.573450000000000043e-02
2.495930000000000024e-02
2.220219999999999833e-02
1.846189999999999984e-02
1.510099999999999984e-02
1.400039999999999965e-02
1.344859999999999979e-02
1.393510000000000061e-02
1.398300000000000064e-02
1.463380000000000063e-02
1.593630000000000047e-02
1.509779999999999976e-02
1.283549999999999969e-02
8.748330000000000342e-03
3.995130000000000382e-03
-7.285009999999999966e-04
-3.688550000000000075e-03
-2.272800000000000167e-03
-4.786249999999999923e-04
-9.019339999999999606e-04
-3.772220000000000174e-03
-7.823669999999999583e-03
-1.166700000000000029e-02
-1.393549999999999997e-02
-1.438230000000000064e-02
-1.118159999999999987e-02
-1.085209999999999994e-02
-1.335320000000000083e-02
-1.590110000000000134e-02
-1.874899999999999831e-02
-1.387949999999999948e-02
-7.187289999999999825e-03
-3.273560000000000011e-03
-1.085669999999999951e-03
-2.955339999999999877e-03
-3.914149999999999921e-03
-2.205659999999999912e-03
-3.205269999999999891e-05
-6.522239999999999678e-04
-3.651029999999999987e-03
-5.673710000000000211e-03
-3.624539999999999880e-03
-5.839309999999999900e-04
1.938520000000000000e-03
3.264509999999999981e-03
3.939729999999999795e-03
2.250600000000000170e-03
1.329529999999999991e-03
6.573400000000000456e-05
-2.988160000000000122e-03
-4.344770000000000403e-03
-5.962499999999999918e-03
-6.413359999999999894e-03
-8.459490000000000065e-03
-9.908929999999999821e-03
-8.628840000000000468e-03
-8.660469999999999974e-03
-1.040980000000000030e-02
-1.248140000000000013e-02
-1.575769999999999949e-02
-1.463979999999999969e-02
-8.664629999999999554e-03
-3.331059999999999837e-03
-1.301279999999999928e-03
-3.637089999999999941e-03
-8.726909999999999182e-03
-1.221430000000000085e-02
-1.093930000000000076e-02
-6.372799999999999646e-03
-2.043929999999999792e-03
1.772890000000000056e-03
6.556669999999999686e-03
9.262720000000000328e-03
1.220339999999999966e-02
1.411579999999999953e-02
1.756239999999999885e-02
2.034899999999999903e-02
1.816419999999999840e-02
1.349559999999999996e-02
5.280520000000000352e-03
3.304399999999999872e-04
-5.172480000000000133e-03
-1.009600000000000081e-02
-1.022349999999999995e-02
-8.800670000000000021e-03
-5.268430000000000162e-03
1.273500000000000055e-04
5.671029999999999648e-03
9.679609999999999950e-03
9.900930000000000494e-03
4.317429999999999705e-03
-7.336270000000000421e-04
-3.628409999999999882e-03
-3.909949999999999710e-03
-9.856269999999999875e-04
1.906050000000000062e-03
4.312210000000000348e-03
5.515789999999999582e-03
6.961110000000000388e-03
7.045749999999999930e-03
8.139169999999999391e-03
7.360890000000000141e-03
2.258829999999999866e-03
-1.979289999999999869e-03
-7.095640000000000280e-03
-1.022600000000000071e-02
-9.118340000000000820e-03
-5.550399999999999605e-03
-9.012650000000000522e-04
1.113209999999999894e-03
1.523229999999999983e-03
8.897869999999999564e-04
-4.729560000000000166e-04
-1.172700000000000044e-03
-9.932020000000001039e-04
-1.691919999999999969e-03
-9.075689999999999973e-04
5.846669999999999775e-04
4.009799999999999996e-03
9.372939999999999744e-03
1.618139999999999856e-02
2.194339999999999832e-02
2.505840000000000151e-02
2.489830000000000168e-02
1.788369999999999890e-02
1.258989999999999936e-02
8.799529999999999852e-03
7.529600000000000008e-03
7.510189999999999921e-03
7.513230000000000082e-03
7.954859999999999362e-03
4.026820000000000399e-03
-1.078310000000000076e-03
-6.241580000000000045e-03
-8.310160000000000463e-03
-7.092310000000000107e-03
-4.728999999999999697e-03
-1.833240000000000086e-03
-2.777699999999999917e-04
-1.560959999999999908e-03
-5.680769999999999917e-03
-1.216800000000000000e-02
-1.608789999999999873e-02
-1.715890000000000123e-02
-2.079929999999999973e-02
-2.416019999999999973e-02
-2.658380000000000118e-02
-2.637880000000000086e-02
-2.381250000000000033e-02
-2.187659999999999952e-02
-1.726820000000000091e-02
-1.264969999999999983e-02
-9.114429999999999754e-03
-6.988779999999999992e-03
-6.439030000000000101e-03
-2.108140000000000101e-03
4.622319999999999749e-04
9.569010000000000189e-04
1.821829999999999977e-03
1.655540000000000050e-03
-1.057690000000000019e-03
-4.485939999999999893e-03
-7.220589999999999821e-03
-8.947480000000000711e-03
-9.152540000000000675e-03
-9.451430000000000248e-03
-9.962479999999999253e-03
-7.522670000000000398e-03
-3.512060000000000008e-03
8.014839999999999855e-04
5.206829999999999965e-03
8.195400000000000254e-03
9.687629999999999159e-03
5.340349999999999785e-03
-1.653820000000000073e-03
-6.511089999999999760e-03
-7.771850000000000286e-03
-6.770240000000000286e-03
-2.681090000000000122e-03
1.184670000000000081e-03
2.706479999999999823e-03
2.268860000000000147e-03
-7.758710000000000259e-04
-5.554609999999999756e-03
-1.244579999999999992e-02
-1.516720000000000047e-02
-1.322410000000000078e-02
-7.629430000000000413e-03
-4.037019999999999671e-03
-3.101720000000000085e-03
-2.137850000000000167e-03
-9.893700000000000497e-04
1.277029999999999962e-03
5.109139999999999862e-03
1.112909999999999941e-02
1.590269999999999878e-02
1.799879999999999883e-02
1.792329999999999965e-02
1.664109999999999895e-02
1.158389999999999941e-02
7.704779999999999615e-03
4.834459999999999626e-03
4.263219999999999857e-03
4.244819999999999843e-03
3.283949999999999890e-03
6.946729999999999919e-03
1.077269999999999964e-02
1.020560000000000044e-02
3.998810000000000212e-03
-2.903270000000000004e-04
-4.052130000000000142e-03
-7.299850000000000089e-03
-6.283969999999999834e-03
-3.599359999999999799e-03
-1.469639999999999922e-03
-5.863650000000000416e-04
-9.107650000000000121e-04
-2.355649999999999986e-04
1.045509999999999929e-03
2.972250000000000066e-03
5.737429999999999961e-03
8.735170000000000434e-03
1.015089999999999916e-02
1.112600000000000047e-02
1.127889999999999969e-02
1.000690000000000086e-02
1.010690000000000026e-02
1.000690000000000086e-02
9.921140000000000167e-03
9.343779999999999447e-03
7.977949999999999278e-03
6.951790000000000226e-03
6.137789999999999739e-03
2.641189999999999857e-03
-4.751820000000000349e-03
-6.703119999999999912e-03
-3.052580000000000050e-03
-2.415080000000000059e-04
2.726650000000000167e-03
4.245379999999999987e-03
5.703940000000000225e-03
5.201039999999999656e-03
4.342150000000000350e-03
2.769269999999999891e-03
1.352439999999999892e-03
1.611479999999999987e-03
2.425899999999999931e-04
-6.336350000000000142e-04
2.144800000000000092e-03
2.900569999999999884e-03
1.882570000000000077e-03
1.255220000000000034e-03
-5.594050000000000151e-04
-2.968689999999999957e-03
-4.594619999999999781e-03
-6.268479999999999885e-03
-9.458070000000000713e-03
-1.012210000000000019e-02
-6.401229999999999941e-03
-4.363309999999999585e-03
-1.886799999999999892e-03
-7.760689999999999993e-04
-5.423240000000000179e-03
-1.204000000000000035e-02
-1.565189999999999984e-02
-1.633019999999999958e-02
-1.502769999999999974e-02
-1.354469999999999980e-02
-1.185049999999999992e-02
-1.002169999999999971e-02
-7.185170000000000272e-03
-4.616860000000000408e-03
-4.062030000000000328e-03
-2.167940000000000145e-03
-2.308750000000000038e-03
-4.300860000000000100e-03
-2.904529999999999786e-03
-5.442959999999999942e-04
1.660889999999999936e-03
6.673120000000000267e-03
1.199440000000000055e-02
1.532569999999999939e-02
1.446779999999999941e-02
1.095390000000000079e-02
9.505410000000000595e-03
1.001130000000000075e-02
1.131680000000000012e-02
1.345569999999999926e-02
1.540790000000000042e-02
1.541810000000000055e-02
1.312709999999999919e-02
9.834499999999999492e-03
4.789530000000000176e-03
1.416329999999999933e-03
-1.694720000000000037e-03
-2.555650000000000022e-03
-2.231350000000000000e-03
-2.032500000000000018e-03
1.141689999999999892e-03
1.947429999999999994e-03
1.535300000000000076e-03
-1.020880000000000051e-03
-5.582369999999999693e-03
-8.622029999999999278e-03
-9.765499999999999875e-03
-6.863659999999999727e-03
-2.244129999999999996e-03
2.109520000000000091e-04
1.068569999999999969e-04
-1.611900000000000095e-03
-2.630940000000000015e-03
-1.827230000000000000e-03
1.717210000000000047e-03
5.406499999999999848e-03
7.135340000000000432e-03
6.784400000000000326e-03
8.437770000000000686e-03
9.949349999999999167e-03
1.204030000000000031e-02
1.516860000000000083e-02
1.592839999999999881e-02
1.312639999999999987e-02
8.244639999999999261e-03
5.020359999999999753e-03
3.061900000000000212e-03
2.678330000000000034e-03
4.681549999999999601e-03
6.714350000000000006e-03
6.792829999999999702e-03
3.487969999999999959e-03
8.723140000000000646e-05
-3.592989999999999899e-03
-6.538809999999999935e-03
-5.410749999999999761e-03
-3.444249999999999829e-03
-8.034730000000000236e-05
-2.099469999999999874e-04
-1.390149999999999936e-03
-5.158089999999999724e-03
-9.971529999999999283e-03
-1.167600000000000061e-02
-1.286540000000000079e-02
-1.051739999999999967e-02
-9.491350000000000828e-03
-1.029719999999999941e-02
-1.229039999999999994e-02
-1.208539999999999962e-02
-1.002609999999999960e-02
-7.916779999999999998e-03
-5.687120000000000369e-03
-4.022549999999999737e-03
-2.060129999999999861e-03
-3.269910000000000004e-03
-5.496639999999999686e-03
-7.883499999999999883e-03
-7.438840000000000383e-03
-8.455850000000000866e-03
-8.869010000000000088e-03
-7.977589999999999681e-03
-6.868919999999999713e-03
-4.425059999999999757e-03
-4.862710000000000123e-03
-4.883170000000000045e-03
-4.749609999999999596e-03
-5.903300000000000214e-03
-9.175519999999999510e-03
-1.055159999999999952e-02
-1.161749999999999935e-02
-1.212249999999999960e-02
-1.017329999999999970e-02
-7.299049999999999636e-03
-4.065720000000000098e-03
-1.049639999999999905e-03
-6.642950000000000493e-05
-2.417599999999999784e-03
-4.766720000000000332e-03
-6.157049999999999849e-03
-5.855199999999999641e-03
-4.902580000000000132e-03
-6.936529999999999779e-03
-7.882139999999999286e-03
-7.521120000000000062e-03
-6.044230000000000262e-03
-3.358639999999999976e-03
-9.647679999999999624e-04
9.188400000000000322e-05
-1.634019999999999917e-03
-3.937249999999999778e-03
-5.630519999999999969e-03
-4.251549999999999774e-03
-1.938260000000000026e-03
1.558230000000000075e-03
5.173040000000000277e-03
7.258869999999999732e-03
6.685560000000000114e-03
4.409869999999999762e-03
1.804730000000000049e-03
9.957950000000000568e-04
7.142049999999999831e-04
1.364900000000000054e-03
3.467039999999999792e-03
4.498190000000000001e-03
4.843899999999999942e-03
3.667769999999999884e-03
4.262359999999999760e-03
8.461629999999999499e-03
1.256600000000000078e-02
1.500789999999999937e-02
1.762410000000000018e-02
1.874699999999999978e-02
1.868270000000000000e-02
1.833579999999999932e-02
1.616110000000000116e-02
1.094069999999999938e-02
7.363459999999999624e-03
3.486369999999999920e-03
2.171970000000000010e-04
-2.819419999999999999e-03
-5.389889999999999612e-03
-7.337139999999999808e-03
-8.087940000000000060e-03
-5.646130000000000072e-03
-1.901780000000000050e-03
2.418860000000000107e-03
4.710729999999999779e-03
6.691489999999999591e-03
6.909700000000000390e-03
7.836809999999999610e-03
9.064809999999999535e-03
9.422760000000000510e-03
1.281720000000000081e-02
1.502749999999999919e-02
1.537119999999999979e-02
1.374829999999999976e-02
9.910959999999999909e-03
5.241319999999999833e-03
2.399529999999999979e-03
2.125709999999999948e-04
-1.857090000000000043e-03
-2.287599999999999877e-03
-1.420679999999999903e-03
8.783260000000000199e-04
3.832170000000000194e-03
8.702589999999999631e-03
1.207669999999999924e-02
1.207049999999999963e-02
1.196430000000000063e-02
1.090649999999999953e-02
1.020569999999999984e-02
7.419989999999999572e-03
5.812389999999999744e-03
5.946950000000000326e-03
3.932370000000000136e-03
3.864980000000000065e-03
3.627239999999999891e-03
4.338100000000000116e-03
6.111799999999999698e-03
6.883860000000000326e-03
8.639199999999999657e-03
9.393920000000000048e-03
9.403019999999999781e-03
6.877420000000000408e-03
1.949720000000000055e-03
-1.642800000000000033e-03
-5.863639999999999824e-03
-8.401479999999999365e-03
-1.047730000000000015e-02
-1.090780000000000048e-02
-1.313250000000000008e-02
-1.333960000000000007e-02
-1.165360000000000007e-02
-9.886060000000000333e-03
-9.114000000000000573e-03
-1.149370000000000079e-02
-1.333490000000000023e-02
-1.418469999999999974e-02
-1.416839999999999940e-02
-1.321989999999999971e-02
-1.116570000000000062e-02
-8.451570000000000263e-03
-5.218259999999999739e-03
-4.936819999999999750e-03
-3.494619999999999931e-03
-1.639320000000000100e-03
-2.310570000000000072e-03
-4.627069999999999621e-03
-7.190410000000000378e-03
-9.936340000000000103e-03
-1.043930000000000032e-02
-1.102080000000000073e-02
-1.011409999999999913e-02
-8.150650000000000603e-03
-7.808009999999999777e-03
-7.607159999999999964e-03
-7.738820000000000421e-03
-7.292139999999999907e-03
-7.377909999999999677e-03
-7.611569999999999794e-03
-9.592500000000000332e-03
-1.049119999999999914e-02
-1.162550000000000042e-02
-1.293330000000000000e-02
-1.186740000000000017e-02
-1.081999999999999976e-02
-1.102820000000000016e-02
-1.098230000000000040e-02
-9.214760000000000659e-03
-7.226869999999999822e-03
-5.217549999999999619e-03
-5.237020000000000217e-03
-6.621250000000000399e-03
-9.742529999999999246e-03
-1.060859999999999928e-02
-9.047060000000000865e-03
-6.114650000000000120e-03
-2.342780000000000036e-03
1.025169999999999944e-03
3.691369999999999808e-03
4.884679999999999751e-03
6.051469999999999766e-03
6.818420000000000383e-03
6.016620000000000301e-03
5.946149999999999873e-03
5.502360000000000410e-03
4.262969999999999607e-03
6.741480000000000215e-03
9.909519999999999787e-03
1.353859999999999959e-02
1.488289999999999925e-02
1.484809999999999949e-02
1.540590000000000015e-02
1.466229999999999964e-02
1.174799999999999976e-02
8.689989999999999867e-03
5.431000000000000064e-03
4.348689999999999674e-03
5.078919999999999789e-03
4.357690000000000001e-03
3.254990000000000140e-03
1.572920000000000004e-03
-6.109950000000000277e-04
-2.061519999999999846e-03
-2.434930000000000080e-03
-2.619649999999999843e-03
-1.453880000000000059e-03
-1.139809999999999999e-03
-3.514379999999999783e-04
8.928710000000000509e-04
1.803640000000000018e-03
4.864570000000000352e-03
7.172740000000000365e-03
8.391549999999999357e-03
8.371059999999999612e-03
6.903180000000000080e-03
6.612390000000000108e-03
7.481340000000000386e-03
8.245229999999999226e-03
5.625770000000000423e-03
1.981220000000000116e-03
-2.301849999999999816e-03
-5.073280000000000324e-03
-4.368559999999999631e-03
-2.203189999999999836e-03
1.897119999999999970e-03
3.794220000000000058e-03
3.541170000000000168e-03
3.886859999999999794e-03
3.029969999999999886e-03
8.001520000000000464e-04
9.122590000000000083e-04
2.188180000000000073e-03
4.385169999999999867e-03
6.560080000000000251e-03
5.466529999999999827e-03
3.862739999999999924e-03
2.043749999999999994e-03
-9.322399999999999784e-04
-1.304779999999999959e-03
5.733389999999999667e-04
1.430760000000000105e-03
4.302229999999999770e-03
4.218750000000000278e-03
3.772680000000000044e-03
3.959169999999999703e-03
4.258500000000000132e-03
5.023470000000000366e-03
5.178900000000000170e-03
6.109670000000000205e-03
6.285429999999999837e-03
5.502090000000000279e-03
4.980949999999999614e-03
4.207459999999999672e-03
2.761920000000000174e-03
5.159829999999999799e-03
6.606820000000000227e-03
9.168700000000000114e-03
1.029240000000000016e-02
8.994890000000000177e-03
6.678100000000000182e-03
6.050999999999999955e-03
7.579190000000000406e-03
8.808750000000000607e-03
8.627370000000000524e-03
7.312520000000000304e-03
7.274890000000000002e-03
7.529329999999999877e-03
8.958930000000000365e-03
9.233540000000000150e-03
8.677229999999999319e-03
6.234810000000000352e-03
2.073189999999999929e-03
-2.314969999999999962e-03
-5.231770000000000170e-03
-6.639270000000000067e-03
-8.673210000000000641e-03
-1.124409999999999993e-02
-1.230750000000000073e-02
-1.159600000000000040e-02
-9.507379999999999304e-03
-6.881560000000000107e-03
-4.760529999999999796e-03
-4.516280000000000121e-03
-5.928250000000000360e-03
-8.236210000000000753e-03
-9.399630000000000832e-03
-8.502430000000000057e-03
-6.618429999999999799e-03
-6.518730000000000357e-03
-6.162510000000000383e-03
-7.442780000000000402e-03
-8.549579999999999333e-03
-8.082789999999999420e-03
-8.185160000000000352e-03
-7.650149999999999659e-03
-8.675600000000000325e-03
-1.113570000000000011e-02
-1.296540000000000019e-02
-1.446829999999999991e-02
-1.507520000000000041e-02
-1.348410000000000060e-02
-1.086619999999999947e-02
-8.794400000000000828e-03
-7.167800000000000213e-03
-5.534110000000000071e-03
-3.687300000000000126e-03
-3.102090000000000056e-03
-2.915159999999999973e-03
-3.442010000000000122e-03
-4.500660000000000077e-03
-4.637770000000000260e-03
-5.435719999999999788e-03
-6.540989999999999999e-03
-7.457730000000000088e-03
-7.105389999999999623e-03
-7.405089999999999589e-03
-6.788029999999999585e-03
-5.795520000000000185e-03
-4.678139999999999903e-03
-3.695969999999999811e-03
-3.270159999999999820e-03
-2.391309999999999790e-03
-2.528499999999999932e-03
-1.365359999999999924e-03
-1.182789999999999970e-03
-7.239390000000000495e-04
4.725040000000000013e-04
1.195429999999999930e-03
2.449090000000000121e-03
2.475989999999999962e-03
2.530549999999999900e-03
2.548860000000000015e-03
2.367919999999999921e-03
2.146840000000000120e-03
2.104180000000000200e-03
1.435920000000000035e-03
1.985840000000000001e-03
2.934539999999999805e-03
2.980369999999999981e-03
3.077760000000000131e-03
2.251809999999999923e-03
1.913449999999999917e-03
1.954130000000000103e-03
2.462639999999999881e-03
3.582870000000000152e-03
4.186160000000000402e-03
4.321010000000000129e-03
4.816550000000000172e-03
5.285019999999999649e-03
6.035350000000000090e-03
7.104730000000000073e-03
7.625739999999999776e-03
7.904430000000000484e-03
7.732179999999999956e-03
7.190900000000000070e-03
6.853429999999999765e-03
6.654460000000000063e-03
6.487320000000000413e-03
6.327089999999999624e-03
5.933189999999999645e-03
5.353209999999999739e-03
4.129070000000000309e-03
3.158670000000000141e-03
2.849529999999999858e-03
2.713140000000000170e-03
2.622139999999999801e-03
3.020160000000000032e-03
3.341100000000000059e-03
3.006190000000000164e-03
2.641319999999999953e-03
2.043459999999999981e-03
1.385970000000000040e-03
6.374230000000000260e-04
-6.778190000000000235e-05
-4.124110000000000059e-04
-8.101099999999999534e-04
-1.302489999999999898e-03
-1.285099999999999958e-03
-1.092539999999999917e-03
-8.951099999999999595e-04
-5.789420000000000417e-04
-3.092840000000000021e-04
2.708450000000000131e-05
1.062009999999999951e-04
1.198039999999999968e-05
-3.080110000000000161e-04
-5.599980000000000279e-04
-6.721350000000000284e-04
-6.972000000000000332e-04
-6.996580000000000290e-04
-8.185510000000000442e-04
-7.956929999999999862e-04
-9.178839999999999959e-04
-1.026589999999999968e-03
-1.083699999999999941e-03
-1.167059999999999929e-03
-1.219589999999999997e-03
-1.169899999999999976e-03
-9.838500000000000890e-04
-8.532420000000000412e-04
-7.932959999999999751e-04
-7.649770000000000181e-04
-7.914900000000000537e-04
-8.921099999999999950e-04
-9.756170000000000207e-04
-9.994489999999999104e-04
-9.607180000000000537e-04
-9.505019999999999875e-04
-9.111119999999999462e-04
-8.444060000000000194e-04
-7.933629999999999459e-04
-7.413440000000000090e-04
-6.720990000000000037e-04
-5.883130000000000304e-04
-5.525270000000000311e-04
-5.000910000000000338e-04
-4.553860000000000069e-04
-4.321209999999999917e-04
-4.073270000000000254e-04
-3.656139999999999998e-04
-3.196900000000000241e-04
-2.728249999999999773e-04
-2.289389999999999980e-04
-1.849970000000000043e-04
-1.463600000000000014e-04
-1.030809999999999978e-04
-6.305660000000000204e-05
-2.894030000000000140e-05
9.250829999999999993e-07
3.044780000000000010e-05
6.281640000000000390e-05
9.748240000000000030e-05
1.345800000000000024e-04
