-2.780990000000000076e-07
5.995580000000000116e-06
1.555889999999999938e-06
8.505620000000000059e-06
1.199739999999999969e-05
3.339749999999999999e-05
1.988700000000000119e-05
1.078599999999999973e-05
9.728949999999999407e-06
2.177259999999999886e-05
1.820530000000000000e-05
6.225139999999999829e-05
1.053590000000000055e-04
1.298869999999999983e-04
5.078760000000000143e-05
-3.303469999999999730e-05
-6.010820000000000160e-05
-7.325029999999999898e-05
-1.660529999999999838e-05
7.331660000000000206e-05
1.616540000000000078e-04
1.734759999999999905e-04
2.359210000000000067e-05
9.836269999999999931e-05
2.204530000000000118e-04
2.165389999999999947e-04
2.921730000000000095e-04
1.452640000000000105e-04
-2.264289999999999966e-04
-4.798040000000000161e-04
-5.021999999999999555e-04
-4.872809999999999989e-04
-5.980889999999999991e-04
-5.195430000000000230e-04
-2.135369999999999987e-04
-1.781370000000000056e-04
-2.738729999999999984e-04
-7.439120000000000021e-05
8.411799999999999659e-05
2.418750000000000110e-04
1.343079999999999968e-03
2.320229999999999949e-03
1.868789999999999948e-03
2.627349999999999976e-04
-1.281870000000000058e-03
-1.369970000000000085e-03
-1.291019999999999928e-03
-9.346060000000000435e-04
-1.740210000000000064e-04
5.274430000000000524e-04
9.463009999999999781e-04
5.124949999999999645e-04
-3.128939999999999760e-04
2.408359999999999960e-04
1.423140000000000039e-03
1.824169999999999958e-03
1.466450000000000002e-03
3.538389999999999981e-04
-1.654880000000000066e-03
-2.395770000000000191e-03
-1.252529999999999963e-03
8.229760000000000027e-04
2.173700000000000198e-03
3.553349999999999825e-03
2.481179999999999931e-03
-6.637330000000000096e-04
-3.150019999999999903e-03
-2.778730000000000089e-03
-1.032659999999999915e-03
5.029159999999999534e-04
1.990440000000000004e-03
3.846609999999999873e-03
4.630890000000000353e-03
4.267869999999999997e-03
3.554509999999999875e-03
2.090550000000000047e-03
1.226969999999999970e-03
1.880019999999999933e-04
-1.432300000000000066e-03
-3.227709999999999954e-03
-4.049839999999999864e-03
-2.845410000000000040e-03
-3.660660000000000151e-04
5.506950000000000256e-04
1.865600000000000027e-04
3.105760000000000161e-04
1.577319999999999894e-03
3.576399999999999978e-03
2.718869999999999967e-03
-6.811919999999999521e-04
-3.134660000000000050e-03
-4.831639999999999893e-03
-6.813220000000000040e-03
-6.836499999999999695e-03
-2.058100000000000207e-03
2.387849999999999955e-03
4.173890000000000412e-03
3.380030000000000230e-04
-6.619919999999999624e-03
-8.915589999999999279e-03
-9.249320000000000111e-03
-5.963910000000000218e-03
-1.606250000000000039e-03
2.649970000000000190e-03
6.671810000000000240e-03
1.084229999999999916e-02
1.182060000000000055e-02
8.245540000000000855e-03
3.402300000000000029e-03
-9.332060000000000095e-04
-3.244439999999999911e-03
-4.184320000000000053e-03
-2.876239999999999960e-03
-9.546140000000000051e-05
1.606290000000000018e-03
5.200640000000000297e-03
7.862839999999999413e-03
8.295049999999999993e-03
5.526050000000000233e-03
3.494569999999999795e-03
2.366940000000000103e-03
4.831200000000000229e-04
-4.712580000000000068e-04
3.643519999999999918e-03
1.073679999999999947e-02
1.352910000000000050e-02
7.206559999999999876e-03
-2.220600000000000091e-03
-6.767300000000000398e-03
-7.203310000000000095e-03
-5.610340000000000119e-03
-4.287270000000000143e-03
-3.769680000000000079e-03
-5.458940000000000287e-05
6.501010000000000425e-04
-1.840950000000000052e-03
-6.435289999999999760e-03
-1.025749999999999926e-02
-6.476950000000000415e-03
-3.543409999999999876e-04
2.206459999999999932e-03
3.769409999999999948e-03
1.996920000000000119e-03
5.721100000000000230e-04
-7.841610000000000160e-04
-5.048320000000000238e-03
-9.470040000000000749e-03
-9.986260000000000275e-03
-8.641019999999999257e-03
-4.706749999999999996e-03
1.558450000000000070e-03
4.528800000000000360e-03
5.776559999999999594e-04
-3.629700000000000027e-03
-4.015730000000000341e-03
-2.944969999999999880e-03
-8.724660000000000184e-04
-9.321419999999999532e-04
-1.332669999999999992e-03
-2.703030000000000038e-04
5.635829999999999659e-03
1.062339999999999986e-02
1.152889999999999991e-02
8.234609999999999846e-03
3.253080000000000208e-03
-1.585269999999999952e-04
-6.844969999999999700e-03
-9.873619999999999619e-03
-9.518459999999999421e-03
-1.072159999999999953e-02
-9.030550000000000035e-03
-5.528789999999999573e-03
-2.328039999999999971e-03
1.393319999999999975e-03
2.583540000000000055e-03
3.852549999999999833e-04
2.415610000000000001e-04
3.603560000000000010e-03
3.203140000000000154e-03
5.084230000000000346e-04
-2.186269999999999923e-04
-3.772059999999999931e-04
2.047910000000000008e-03
-9.521990000000000358e-04
-5.447200000000000132e-03
-6.713199999999999897e-03
-6.502899999999999826e-03
-3.416259999999999956e-03
-2.644919999999999823e-03
-6.116099999999999532e-04
5.887220000000000300e-03
9.108569999999999861e-03
1.044870000000000000e-02
9.545820000000000000e-03
3.879280000000000141e-03
-1.642940000000000069e-03
-3.458080000000000095e-03
-7.323100000000000139e-04
1.222940000000000051e-03
2.161520000000000000e-04
3.165739999999999949e-05
1.309030000000000089e-03
-1.543299999999999945e-04
-3.063469999999999995e-03
-3.890139999999999831e-03
-5.244030000000000219e-03
-5.227329999999999650e-03
-4.591610000000000309e-03
-1.379140000000000053e-03
3.381639999999999993e-03
3.277609999999999812e-03
2.783030000000000139e-03
1.781250000000000064e-03
4.455989999999999734e-04
3.094599999999999868e-03
6.256920000000000016e-03
6.409149999999999743e-03
2.840570000000000161e-03
-4.064670000000000262e-03
-8.389890000000000542e-03
-8.922050000000000813e-03
-5.690119999999999900e-03
-4.167320000000000074e-04
1.937509999999999927e-03
7.702059999999999506e-04
4.589870000000000018e-04
8.504689999999999646e-04
1.862299999999999893e-03
3.360259999999999896e-03
2.167140000000000125e-03
1.822119999999999990e-03
-4.993950000000000255e-04
-8.796610000000000063e-04
-7.118060000000000489e-04
-1.596179999999999995e-03
-1.724009999999999996e-03
-1.469940000000000092e-03
-7.037360000000000533e-04
-4.032269999999999800e-04
-5.400259999999999609e-03
-9.358180000000000665e-03
-8.546830000000000052e-03
-3.620799999999999973e-03
-4.762209999999999929e-05
-7.007079999999999732e-04
-2.201960000000000202e-03
-1.616870000000000069e-03
1.190859999999999965e-03
3.277729999999999966e-03
2.350999999999999791e-03
1.632949999999999875e-04
1.771529999999999893e-03
6.024009999999999782e-03
7.465470000000000092e-03
5.587789999999999598e-03
1.627280000000000046e-03
-3.245930000000000169e-03
-6.816629999999999738e-03
-6.680779999999999878e-03
-2.756760000000000026e-03
1.012099999999999935e-03
3.298759999999999974e-03
5.859279999999999697e-03
9.115810000000000232e-03
1.490840000000000047e-02
1.605989999999999848e-02
1.207100000000000013e-02
1.030460000000000056e-02
1.037500000000000054e-02
9.850400000000000475e-03
9.236319999999999253e-03
8.937940000000000121e-03
8.608090000000000533e-03
7.839000000000000482e-03
4.698650000000000396e-03
-6.780420000000000110e-04
-3.387709999999999940e-03
8.023840000000000201e-07
3.127839999999999787e-03
4.080920000000000034e-03
3.421350000000000086e-03
-1.238769999999999932e-03
-3.894170000000000183e-03
-6.160630000000000273e-03
-8.164740000000000192e-03
-7.577679999999999833e-03
-6.989509999999999994e-03
-6.481999999999999915e-03
-5.730350000000000374e-03
-7.728480000000000245e-03
-1.013469999999999996e-02
-1.377289999999999938e-02
-1.980229999999999838e-02
-2.350729999999999834e-02
-1.974849999999999869e-02
-1.240890000000000049e-02
-5.767350000000000081e-03
8.507229999999999523e-04
7.286400000000000168e-03
1.364379999999999933e-02
1.736419999999999977e-02
9.213980000000000087e-03
1.171359999999999979e-03
-5.423210000000000140e-04
-2.454759999999999841e-03
-4.474099999999999952e-03
-4.770700000000000114e-03
-3.408060000000000082e-03
-3.436149999999999795e-03
-4.843939999999999704e-03
-6.267980000000000253e-03
-5.247619999999999715e-03
-2.664790000000000214e-03
-1.063109999999999923e-03
-2.438029999999999885e-03
-8.064959999999999490e-03
-2.123150000000000037e-02
-4.033079999999999998e-02
-5.361889999999999712e-02
-5.757330000000000086e-02
-5.506429999999999658e-02
-4.659800000000000053e-02
-3.476909999999999723e-02
-1.615120000000000097e-02
5.975330000000000051e-03
2.259560000000000041e-02
2.843400000000000094e-02
2.727850000000000066e-02
2.378890000000000171e-02
2.085690000000000113e-02
2.328650000000000164e-02
3.760489999999999666e-02
5.510369999999999852e-02
6.974660000000000581e-02
7.914770000000000139e-02
8.049620000000000386e-02
7.561569999999999403e-02
5.870140000000000080e-02
2.813929999999999904e-02
-4.730700000000000009e-03
-2.491749999999999868e-02
-3.090640000000000054e-02
-2.909859999999999877e-02
-1.849639999999999965e-02
-1.725390000000000040e-03
6.695519999999999944e-03
3.692579999999999994e-03
-9.989329999999999390e-03
-2.931989999999999943e-02
-4.653870000000000229e-02
-5.758789999999999742e-02
-6.005030000000000090e-02
-5.664609999999999784e-02
-4.469250000000000306e-02
-2.676879999999999885e-02
-1.047829999999999942e-02
-8.514010000000000024e-04
-1.843409999999999970e-03
-1.247299999999999971e-02
-2.531550000000000120e-02
-3.428459999999999841e-02
-3.119040000000000007e-02
-1.334360000000000060e-02
1.802870000000000167e-02
4.438750000000000334e-02
5.920809999999999962e-02
6.520660000000000345e-02
6.430139999999999467e-02
6.033319999999999655e-02
5.025190000000000212e-02
3.347610000000000169e-02
1.824529999999999902e-02
1.227699999999999972e-02
1.415800000000000045e-02
1.877879999999999827e-02
2.318250000000000172e-02
2.436829999999999899e-02
2.003140000000000129e-02
1.117579999999999962e-02
2.340089999999999965e-03
-1.254219999999999901e-03
2.153309999999999860e-03
4.526269999999999773e-03
2.645579999999999807e-03
-2.150449999999999931e-03
-6.129039999999999662e-03
-1.876169999999999921e-03
2.835189999999999932e-02
6.410520000000000107e-02
8.229859999999999953e-02
8.820909999999999862e-02
8.163090000000000623e-02
6.562990000000000490e-02
4.054019999999999846e-02
9.465960000000000693e-03
-1.785439999999999944e-02
-4.233019999999999838e-02
-7.175600000000000034e-02
-1.008980000000000016e-01
-1.154919999999999974e-01
-1.176829999999999959e-01
-1.135710000000000053e-01
-9.979100000000000470e-02
-7.197560000000000069e-02
-2.907059999999999853e-02
1.181100000000000032e-02
2.636509999999999895e-02
2.537079999999999891e-02
1.686700000000000005e-02
3.152349999999999727e-05
-1.975359999999999963e-02
-4.426050000000000123e-02
-6.650300000000000655e-02
-7.598670000000000424e-02
-7.917169999999999763e-02
-7.708529999999999549e-02
-6.281140000000000334e-02
-2.310939999999999869e-02
3.776970000000000327e-02
9.476460000000000439e-02
1.291049999999999975e-01
1.285789999999999988e-01
1.044479999999999992e-01
5.197170000000000262e-02
1.145670000000000022e-02
-2.180210000000000134e-03
-6.044220000000000322e-03
-8.112519999999999801e-03
-1.001610000000000000e-02
-1.308490000000000000e-02
-1.566690000000000096e-02
-1.544659999999999957e-02
-1.102840000000000070e-02
-4.630190000000000174e-03
1.613279999999999977e-04
-8.871320000000000301e-05
-4.067710000000000423e-03
-9.412929999999999908e-03
-1.068500000000000005e-02
-9.410609999999999808e-03
-7.681020000000000209e-03
-7.655999999999999611e-03
-7.420559999999999656e-03
-4.610379999999999860e-03
6.957340000000000226e-03
2.253039999999999904e-02
3.058340000000000017e-02
3.178729999999999750e-02
2.636629999999999877e-02
4.830390000000000378e-03
-2.349319999999999881e-02
-3.630200000000000093e-02
-3.761369999999999991e-02
-3.658549999999999996e-02
-3.323969999999999703e-02
-2.947750000000000023e-02
-2.525269999999999945e-02
-2.062730000000000119e-02
-1.072810000000000083e-02
2.243160000000000119e-03
1.440239999999999923e-02
2.943000000000000130e-02
4.557039999999999702e-02
6.128259999999999957e-02
7.218449999999999867e-02
7.362209999999999588e-02
7.170379999999999809e-02
6.597100000000000186e-02
4.800809999999999800e-02
1.174829999999999972e-02
-2.419819999999999957e-02
-5.869309999999999805e-02
-9.344220000000000304e-02
-1.091079999999999967e-01
-1.105050000000000060e-01
-1.045360000000000039e-01
-7.162380000000000135e-02
-2.152880000000000071e-02
2.073679999999999968e-02
4.704640000000000211e-02
5.414220000000000144e-02
4.329120000000000190e-02
1.308819999999999949e-02
-2.982160000000000019e-02
-7.242679999999999951e-02
-9.658799999999999331e-02
-1.021829999999999961e-01
-9.294389999999999596e-02
-5.420169999999999849e-02
-3.536399999999999873e-03
3.696490000000000192e-02
4.998760000000000009e-02
4.879649999999999960e-02
4.168469999999999814e-02
2.234080000000000094e-02
3.604210000000000053e-03
1.324469999999999901e-03
1.357949999999999956e-02
3.788500000000000201e-02
5.042680000000000079e-02
4.901409999999999795e-02
4.711830000000000185e-02
4.497740000000000071e-02
4.636139999999999706e-02
5.089690000000000186e-02
5.466089999999999838e-02
5.353490000000000332e-02
4.635659999999999781e-02
3.671610000000000151e-02
3.037400000000000169e-02
3.217439999999999883e-02
4.822560000000000041e-02
7.305169999999999719e-02
8.366650000000000476e-02
8.149389999999999412e-02
7.270989999999999398e-02
5.953379999999999783e-02
4.667539999999999883e-02
3.784239999999999826e-02
3.231130000000000113e-02
2.594049999999999828e-02
1.552919999999999995e-02
4.790459999999999857e-03
-1.595089999999999963e-03
-4.996040000000000203e-03
-7.031420000000000031e-03
-8.827549999999999980e-03
-1.022170000000000023e-02
-1.274250000000000035e-02
-2.044970000000000121e-02
-3.798379999999999812e-02
-6.325569999999999804e-02
-8.284569999999999435e-02
-9.427399999999999669e-02
-1.070910000000000056e-01
-1.169240000000000002e-01
-1.226700000000000013e-01
-1.230590000000000017e-01
-1.191839999999999983e-01
-1.076659999999999978e-01
-9.005159999999999554e-02
-6.421979999999999356e-02
-4.470110000000000056e-02
-3.492169999999999996e-02
-2.926489999999999994e-02
-2.587400000000000116e-02
-2.091430000000000025e-02
-9.379860000000000281e-03
9.715490000000000237e-03
3.209669999999999884e-02
4.782249999999999696e-02
5.248230000000000256e-02
5.151010000000000311e-02
4.564669999999999839e-02
3.755039999999999767e-02
2.607100000000000042e-02
1.113489999999999966e-02
-4.458089999999999622e-03
-1.712939999999999949e-02
-2.166840000000000085e-02
-2.058600000000000013e-02
-1.639049999999999882e-02
-1.072399999999999916e-02
-9.269390000000000615e-03
-1.248450000000000081e-02
-1.690030000000000004e-02
-1.674679999999999919e-02
-4.472359999999999877e-03
2.638489999999999933e-02
5.259899999999999992e-02
5.677320000000000283e-02
5.276000000000000134e-02
4.458600000000000063e-02
3.564090000000000313e-02
3.003029999999999936e-02
2.907869999999999899e-02
3.300050000000000205e-02
3.810499999999999998e-02
3.720199999999999896e-02
2.876139999999999947e-02
1.402349999999999951e-02
3.450079999999999900e-03
-8.336720000000000371e-04
-4.994619999999999962e-03
-1.132750000000000076e-02
-1.838050000000000100e-02
-2.239779999999999896e-02
-1.849639999999999965e-02
-1.006289999999999962e-03
2.414749999999999883e-02
4.773530000000000134e-02
6.788239999999999552e-02
7.580140000000000489e-02
7.213459999999999317e-02
5.475590000000000318e-02
2.700019999999999851e-02
3.999080000000000343e-03
-1.800119999999999845e-02
-4.003090000000000120e-02
-5.137680000000000025e-02
-5.099320000000000241e-02
-3.320739999999999803e-02
-7.487899999999999591e-03
3.228060000000000044e-03
-2.197529999999999948e-04
-9.592109999999999179e-03
-1.704110000000000000e-02
-1.397849999999999961e-02
1.555359999999999989e-03
1.929159999999999903e-02
2.165450000000000014e-02
4.751159999999999932e-03
-2.570880000000000040e-02
-5.863809999999999856e-02
-8.351419999999999677e-02
-9.249069999999999514e-02
-9.069409999999999972e-02
-8.326899999999999580e-02
-7.114280000000000603e-02
-5.424570000000000086e-02
-3.506259999999999932e-02
-1.868229999999999891e-02
-1.463069999999999909e-03
1.893519999999999925e-02
3.071149999999999922e-02
3.796859999999999818e-02
4.583229999999999943e-02
4.044099999999999778e-02
1.587500000000000022e-02
-1.176130000000000057e-03
-2.230540000000000040e-03
5.368669999999999866e-03
1.750430000000000041e-02
3.541829999999999978e-02
5.389030000000000209e-02
7.707590000000000274e-02
9.707469999999999988e-02
1.021180000000000004e-01
9.604820000000000024e-02
8.145579999999999488e-02
6.101489999999999692e-02
3.570190000000000169e-02
6.275420000000000303e-03
-2.488109999999999974e-02
-4.952499999999999958e-02
-6.290890000000000370e-02
-6.296910000000000007e-02
-4.951889999999999764e-02
-1.277320000000000018e-02
3.446520000000000139e-02
5.957309999999999689e-02
5.895190000000000152e-02
4.269599999999999784e-02
7.555830000000000359e-03
-3.020050000000000165e-02
-5.671450000000000102e-02
-7.249179999999999513e-02
-7.654750000000000443e-02
-7.418869999999999632e-02
-6.918390000000000650e-02
-6.317639999999999367e-02
-5.666550000000000059e-02
-4.317440000000000166e-02
-2.121750000000000025e-02
1.493420000000000077e-03
1.459769999999999991e-02
1.692499999999999907e-02
7.587090000000000327e-03
-3.924139999999999573e-03
-9.451779999999999904e-03
-5.382549999999999835e-03
4.613500000000000413e-03
1.960620000000000071e-02
4.077639999999999737e-02
5.216459999999999847e-02
5.153449999999999698e-02
4.454330000000000095e-02
3.061480000000000104e-02
1.519369999999999922e-02
-1.248320000000000029e-03
-2.408760000000000068e-02
-4.719960000000000128e-02
-5.892880000000000340e-02
-5.888430000000000053e-02
-5.049569999999999753e-02
-3.033419999999999866e-02
-2.814249999999999911e-03
1.354649999999999951e-02
1.868130000000000138e-02
2.132289999999999880e-02
2.412699999999999914e-02
2.579700000000000049e-02
2.403189999999999840e-02
1.449660000000000011e-02
-1.000260000000000038e-02
-3.980390000000000317e-02
-6.062239999999999990e-02
-7.078109999999999957e-02
-7.182009999999999783e-02
-6.225979999999999709e-02
-3.987860000000000016e-02
-6.897610000000000199e-03
2.424739999999999882e-02
3.730080000000000201e-02
3.896190000000000070e-02
3.364520000000000011e-02
1.592839999999999881e-02
-9.438459999999999211e-03
-2.744660000000000155e-02
-3.374599999999999822e-02
-3.229529999999999901e-02
-2.539169999999999969e-02
-1.107340000000000060e-02
9.189350000000000643e-03
3.092970000000000094e-02
4.833540000000000059e-02
5.278420000000000334e-02
4.562630000000000158e-02
2.492619999999999905e-02
-3.955310000000000184e-04
-1.583220000000000113e-02
-2.131190000000000168e-02
-1.874920000000000059e-02
6.352820000000000342e-04
3.082560000000000161e-02
5.395509999999999889e-02
6.167569999999999997e-02
5.977210000000000162e-02
5.380619999999999847e-02
4.510800000000000226e-02
3.728739999999999832e-02
2.919460000000000111e-02
1.286499999999999970e-02
-1.008700000000000048e-02
-2.847560000000000022e-02
-3.742489999999999706e-02
-3.692399999999999849e-02
-2.996009999999999993e-02
-1.455009999999999984e-02
2.302289999999999805e-03
1.453819999999999939e-02
2.213729999999999865e-02
3.001090000000000008e-02
3.497979999999999839e-02
3.598690000000000222e-02
3.268309999999999965e-02
2.664750000000000105e-02
1.974810000000000107e-02
1.496519999999999968e-02
1.097889999999999977e-02
2.726489999999999816e-03
-1.023169999999999982e-02
-1.953310000000000116e-02
-2.060009999999999966e-02
-1.918140000000000123e-02
-1.880830000000000002e-02
-1.627199999999999827e-02
-1.267479999999999996e-02
-4.016010000000000413e-03
8.087230000000000807e-03
2.067590000000000053e-02
2.716460000000000055e-02
2.188450000000000117e-02
8.139749999999999416e-03
-1.843890000000000112e-02
-4.784109999999999752e-02
-6.567820000000000602e-02
-7.429910000000000680e-02
-7.038070000000000437e-02
-5.082989999999999731e-02
-1.079190000000000010e-02
3.438829999999999665e-02
6.319809999999999317e-02
7.665160000000000029e-02
7.911010000000000264e-02
7.488630000000000286e-02
6.183999999999999914e-02
3.748139999999999805e-02
8.777300000000000033e-03
-1.947779999999999997e-02
-4.219679999999999959e-02
-5.674690000000000289e-02
-5.968389999999999807e-02
-4.592859999999999998e-02
-9.602720000000000353e-03
3.599279999999999841e-02
7.068430000000000546e-02
8.105279999999999430e-02
7.465789999999999926e-02
4.637109999999999843e-02
-8.680830000000000490e-03
-6.439179999999999904e-02
-1.004570000000000046e-01
-1.149669999999999997e-01
-1.137699999999999961e-01
-1.012610000000000038e-01
-7.626109999999999833e-02
-5.151560000000000167e-02
-2.979729999999999879e-02
-6.829140000000000037e-03
1.084219999999999975e-02
1.656439999999999996e-02
1.386719999999999967e-02
1.455230000000000065e-03
-1.274759999999999956e-02
-2.592240000000000169e-02
-3.105739999999999890e-02
-2.367429999999999882e-02
-1.082890000000000068e-02
6.635379999999999751e-03
3.386480000000000046e-02
5.201940000000000036e-02
5.606309999999999766e-02
5.308090000000000031e-02
3.780649999999999983e-02
1.254199999999999933e-02
-2.224330000000000057e-02
-4.927109999999999823e-02
-5.675630000000000258e-02
-4.558969999999999689e-02
-1.767010000000000108e-02
1.917620000000000088e-02
5.506010000000000071e-02
7.553609999999999491e-02
7.826569999999999361e-02
7.059210000000000484e-02
5.040490000000000248e-02
1.993280000000000052e-02
-6.308470000000000050e-03
-3.040500000000000147e-02
-5.545300000000000229e-02
-7.319739999999999580e-02
-8.077829999999999733e-02
-8.039899999999999824e-02
-7.559899999999999953e-02
-6.082570000000000338e-02
-3.755850000000000161e-02
-1.792780000000000068e-02
-8.328659999999999883e-03
-6.922420000000000309e-03
-1.292800000000000026e-02
-2.443340000000000095e-02
-3.803709999999999730e-02
-4.830870000000000303e-02
-5.452250000000000152e-02
-5.888789999999999997e-02
-5.812849999999999961e-02
-5.534039999999999793e-02
-5.032269999999999799e-02
-3.873950000000000310e-02
-1.995169999999999930e-02
2.086810000000000141e-03
1.511969999999999981e-02
1.914590000000000042e-02
1.981339999999999837e-02
1.915820000000000023e-02
1.824220000000000008e-02
1.984309999999999893e-02
2.817400000000000113e-02
4.921400000000000080e-02
8.470049999999999801e-02
1.312889999999999890e-01
1.724219999999999919e-01
2.001149999999999873e-01
2.103069999999999939e-01
2.078959999999999975e-01
2.010979999999999990e-01
1.939200000000000090e-01
1.880560000000000009e-01
1.808389999999999997e-01
1.710270000000000123e-01
1.563910000000000022e-01
1.350709999999999966e-01
1.056210000000000065e-01
7.416929999999999357e-02
4.486720000000000291e-02
1.169639999999999916e-02
-2.144510000000000166e-02
-4.926640000000000186e-02
-6.738629999999999620e-02
-7.449200000000000266e-02
-7.074519999999999420e-02
-5.879630000000000273e-02
-3.857649999999999968e-02
-2.120549999999999866e-02
-1.354690000000000061e-02
-1.389969999999999921e-02
-1.814920000000000075e-02
-2.672110000000000110e-02
-3.814979999999999760e-02
-5.138319999999999693e-02
-6.847090000000000121e-02
-8.885560000000000680e-02
-1.113220000000000043e-01
-1.400830000000000131e-01
-1.724390000000000089e-01
-1.890820000000000001e-01
-1.905040000000000067e-01
-1.869840000000000113e-01
-1.834359999999999880e-01
-1.796800000000000064e-01
-1.769409999999999872e-01
-1.680979999999999974e-01
-1.487420000000000131e-01
-1.112360000000000015e-01
-6.819319999999999549e-02
-2.653869999999999840e-02
1.357700000000000053e-02
3.516330000000000150e-02
3.739119999999999944e-02
3.437899999999999984e-02
2.584550000000000042e-02
1.510769999999999995e-02
8.812590000000000354e-03
1.489219999999999954e-02
4.018900000000000250e-02
8.981730000000000269e-02
1.444159999999999888e-01
1.868400000000000061e-01
2.080589999999999939e-01
2.097370000000000068e-01
2.018260000000000054e-01
1.837340000000000084e-01
1.476409999999999945e-01
9.521880000000000621e-02
3.947490000000000027e-02
-1.624750000000000152e-02
-6.861749999999999794e-02
-1.042990000000000028e-01
-1.179489999999999983e-01
-1.106520000000000004e-01
-8.219060000000000255e-02
-3.732499999999999707e-02
-7.054890000000000293e-03
-2.112979999999999980e-03
-1.212739999999999999e-02
-3.663439999999999752e-02
-5.969170000000000031e-02
-6.741149999999999920e-02
-6.383780000000000010e-02
-5.135080000000000200e-02
-2.625500000000000056e-02
-1.332130000000000000e-04
1.011989999999999938e-02
9.758479999999999932e-03
6.261440000000000278e-04
-2.136460000000000095e-02
-4.827139999999999903e-02
-6.670710000000000528e-02
-8.037890000000000312e-02
-8.952409999999999535e-02
-9.288440000000000585e-02
-8.680140000000000078e-02
-6.791070000000000439e-02
-3.345950000000000313e-02
8.309640000000000082e-03
4.724389999999999840e-02
6.493909999999999960e-02
6.034339999999999843e-02
3.702840000000000298e-02
-3.057560000000000182e-04
-2.922270000000000076e-02
-4.122340000000000032e-02
-4.198049999999999699e-02
-3.294579999999999731e-02
-1.199910000000000039e-02
1.185280000000000014e-02
3.315739999999999660e-02
5.350850000000000051e-02
6.701780000000000237e-02
6.879409999999999692e-02
5.923500000000000293e-02
3.889390000000000208e-02
8.326850000000000224e-03
-1.889390000000000167e-02
-4.433730000000000310e-02
-6.246759999999999813e-02
-7.195350000000000357e-02
-7.812360000000000138e-02
-8.086619999999999919e-02
-7.742369999999999808e-02
-6.453929999999999390e-02
-4.074740000000000306e-02
-1.376690000000000032e-02
9.100399999999999809e-03
2.550219999999999917e-02
3.980929999999999885e-02
5.218070000000000347e-02
6.278809999999999947e-02
6.801809999999999801e-02
6.397319999999999396e-02
5.242320000000000313e-02
2.960679999999999909e-02
5.457100000000000319e-03
-9.118930000000000785e-03
-1.552979999999999985e-02
-1.654129999999999837e-02
-9.158329999999999249e-03
3.391529999999999805e-03
1.926020000000000162e-02
3.293340000000000156e-02
4.436160000000000103e-02
5.821280000000000204e-02
7.922440000000000038e-02
1.065019999999999994e-01
1.283880000000000021e-01
1.400190000000000046e-01
1.403989999999999960e-01
1.291799999999999893e-01
1.093729999999999980e-01
8.716939999999999411e-02
7.136579999999999313e-02
6.074340000000000295e-02
5.056859999999999827e-02
3.976779999999999898e-02
3.014990000000000031e-02
2.157169999999999921e-02
1.558089999999999996e-02
1.203380000000000075e-02
6.435080000000000140e-03
3.076830000000000016e-04
-8.911000000000000518e-03
-2.266719999999999846e-02
-3.815790000000000154e-02
-4.820619999999999766e-02
-4.820010000000000266e-02
-3.714569999999999678e-02
-1.171540000000000081e-02
1.903049999999999881e-02
4.641839999999999855e-02
6.253319999999999712e-02
6.494500000000000273e-02
5.734329999999999983e-02
4.134209999999999968e-02
1.921080000000000010e-02
-2.026870000000000061e-03
-1.893040000000000000e-02
-2.943700000000000136e-02
-3.568500000000000144e-02
-3.746529999999999999e-02
-3.662109999999999671e-02
-3.441749999999999671e-02
-3.134510000000000074e-02
-2.975939999999999835e-02
-3.255620000000000042e-02
-4.052510000000000140e-02
-5.387560000000000265e-02
-7.391430000000000222e-02
-9.080580000000000596e-02
-9.803839999999999777e-02
-9.582340000000000302e-02
-8.662519999999999942e-02
-7.446569999999999578e-02
-6.341629999999999490e-02
-5.308050000000000268e-02
-4.204650000000000054e-02
-3.184580000000000050e-02
-2.472279999999999964e-02
-1.871619999999999881e-02
-1.615029999999999938e-02
-1.568340000000000012e-02
-1.574909999999999852e-02
-1.605380000000000001e-02
-1.481730000000000026e-02
-1.087809999999999992e-02
-3.595140000000000141e-03
8.496099999999999486e-03
2.144039999999999835e-02
2.803539999999999852e-02
3.205729999999999691e-02
2.935820000000000096e-02
1.822000000000000008e-02
-3.057960000000000192e-03
-2.323300000000000018e-02
-4.013780000000000125e-02
-5.362669999999999937e-02
-6.190070000000000294e-02
-6.592729999999999424e-02
-6.659729999999999817e-02
-6.434270000000000267e-02
-5.855160000000000226e-02
-5.043530000000000235e-02
-3.448149999999999826e-02
-1.367200000000000013e-02
5.759339999999999946e-03
2.219720000000000026e-02
3.307519999999999905e-02
4.133819999999999856e-02
4.879340000000000066e-02
5.281589999999999896e-02
5.221930000000000321e-02
4.790130000000000082e-02
4.168050000000000227e-02
3.375380000000000047e-02
2.649040000000000075e-02
1.705310000000000159e-02
3.555399999999999793e-03
-1.560369999999999986e-02
-3.669100000000000139e-02
-5.061020000000000102e-02
-5.430560000000000248e-02
-5.239390000000000019e-02
-4.341629999999999795e-02
-2.810179999999999970e-02
-9.176300000000000082e-03
6.110639999999999648e-03
1.545870000000000057e-02
2.235360000000000125e-02
2.737639999999999865e-02
3.361159999999999842e-02
4.090049999999999936e-02
4.915900000000000131e-02
5.514079999999999676e-02
5.778719999999999690e-02
5.662940000000000335e-02
5.295720000000000288e-02
5.044980000000000298e-02
4.866560000000000330e-02
4.716209999999999847e-02
4.525599999999999762e-02
4.226760000000000239e-02
3.367690000000000267e-02
1.711959999999999871e-02
-5.327909999999999938e-03
-2.476659999999999973e-02
-3.472349999999999742e-02
-3.842090000000000088e-02
-4.029579999999999967e-02
-4.210860000000000297e-02
-4.498719999999999802e-02
-4.693420000000000231e-02
-4.595439999999999942e-02
-4.015749999999999875e-02
-3.052500000000000005e-02
-1.693029999999999882e-02
-8.460910000000000306e-03
-2.544900000000000113e-03
3.917659999999999892e-03
1.414250000000000056e-02
2.597980000000000081e-02
4.330520000000000203e-02
5.797739999999999838e-02
6.386229999999999685e-02
6.548229999999999329e-02
6.183480000000000226e-02
5.219329999999999803e-02
3.459109999999999963e-02
1.115859999999999942e-02
-1.269299999999999942e-02
-2.638110000000000108e-02
-3.034030000000000060e-02
-2.755660000000000054e-02
-1.698469999999999841e-02
8.537939999999999505e-04
2.123239999999999850e-02
3.881729999999999903e-02
4.789879999999999832e-02
4.909220000000000250e-02
4.685059999999999919e-02
3.860029999999999711e-02
2.845519999999999994e-02
2.038979999999999959e-02
1.279959999999999952e-02
4.934149999999999994e-03
1.866749999999999920e-03
6.919390000000000089e-03
1.149539999999999937e-02
1.082259999999999993e-02
4.861790000000000382e-03
-5.600759999999999766e-03
-1.726089999999999916e-02
-2.533289999999999847e-02
-2.826220000000000121e-02
-2.782830000000000026e-02
-2.706160000000000163e-02
-2.786490000000000147e-02
-3.081539999999999974e-02
-3.301529999999999743e-02
-3.301439999999999930e-02
-3.184139999999999887e-02
-2.768390000000000087e-02
-2.260380000000000028e-02
-1.620589999999999878e-02
-9.370699999999999169e-03
-4.180060000000000199e-03
5.410369999999999633e-04
1.616699999999999995e-03
1.307900000000000078e-03
2.339959999999999870e-04
-6.868779999999999678e-03
-1.618069999999999925e-02
-2.559820000000000151e-02
-3.179250000000000131e-02
-3.345259999999999900e-02
-3.412790000000000268e-02
-3.409650000000000181e-02
-3.266709999999999753e-02
-2.997709999999999958e-02
-2.484659999999999994e-02
-1.424549999999999948e-02
1.857200000000000040e-03
1.842589999999999853e-02
3.116560000000000163e-02
3.904679999999999956e-02
4.103210000000000190e-02
4.155709999999999960e-02
4.129800000000000137e-02
3.988320000000000060e-02
3.756570000000000048e-02
3.340169999999999945e-02
2.682810000000000056e-02
1.552860000000000004e-02
5.220379999999999509e-04
-1.047849999999999997e-02
-1.746910000000000129e-02
-2.177209999999999909e-02
-2.204760000000000053e-02
-2.113999999999999907e-02
-2.028030000000000110e-02
-1.932750000000000093e-02
-1.937600000000000086e-02
-2.176600000000000062e-02
-2.581340000000000023e-02
-2.851949999999999971e-02
-2.869680000000000147e-02
-2.729619999999999963e-02
-2.644410000000000163e-02
-2.346449999999999925e-02
-1.933669999999999833e-02
-1.486059999999999985e-02
-1.078299999999999918e-02
-7.782500000000000355e-03
-7.313230000000000425e-03
-7.766379999999999811e-03
-7.750280000000000016e-03
-7.252630000000000361e-03
-5.926569999999999928e-03
-4.471870000000000185e-03
-4.283140000000000384e-03
-3.809819999999999787e-03
-3.362589999999999937e-03
-1.810119999999999915e-03
3.016920000000000192e-03
1.079489999999999963e-02
1.704140000000000169e-02
2.006140000000000007e-02
1.801809999999999870e-02
1.594409999999999925e-02
1.444959999999999994e-02
1.391889999999999968e-02
1.508280000000000037e-02
1.621210000000000012e-02
1.874119999999999953e-02
1.885270000000000001e-02
1.854410000000000086e-02
1.974930000000000088e-02
2.139699999999999935e-02
2.131370000000000139e-02
2.162990000000000052e-02
2.013380000000000031e-02
1.631070000000000089e-02
1.131700000000000067e-02
8.738950000000000537e-03
8.882289999999999283e-03
1.346870000000000012e-02
2.383350000000000052e-02
3.542540000000000272e-02
4.531700000000000311e-02
5.219660000000000272e-02
5.399940000000000295e-02
5.221470000000000278e-02
4.497349999999999959e-02
3.082390000000000130e-02
1.389789999999999949e-02
-1.472049999999999921e-03
-1.457579999999999987e-02
-2.290570000000000106e-02
-2.699709999999999957e-02
-2.785690000000000041e-02
-2.375630000000000103e-02
-1.637040000000000023e-02
-8.376750000000000515e-03
-3.806589999999999887e-03
-3.836439999999999989e-03
-6.424489999999999715e-03
-1.291169999999999991e-02
-2.137580000000000036e-02
-3.082549999999999873e-02
-3.644710000000000311e-02
-3.802559999999999968e-02
-3.648370000000000085e-02
-3.154520000000000240e-02
-2.304230000000000167e-02
-1.583700000000000038e-02
-1.136589999999999996e-02
-8.822909999999999781e-03
-8.735259999999999900e-03
-7.890809999999999838e-03
-7.121999999999999859e-03
-8.136370000000000408e-03
-1.084959999999999918e-02
-1.594040000000000040e-02
-2.170470000000000038e-02
-2.505720000000000169e-02
-2.492940000000000086e-02
-2.125590000000000118e-02
-1.570049999999999918e-02
-7.257200000000000109e-03
3.420959999999999800e-03
1.567290000000000003e-02
3.014750000000000069e-02
3.944349999999999939e-02
4.367710000000000342e-02
4.391470000000000096e-02
4.022010000000000168e-02
3.515349999999999725e-02
2.851010000000000003e-02
2.070210000000000106e-02
1.332689999999999916e-02
8.773609999999999395e-03
8.431799999999999712e-03
1.163720000000000032e-02
1.652409999999999990e-02
2.331120000000000067e-02
2.625359999999999847e-02
2.448679999999999954e-02
1.843010000000000134e-02
9.689849999999999852e-03
-3.445340000000000186e-04
-9.867749999999999785e-03
-1.886770000000000114e-02
-2.900290000000000160e-02
-3.827760000000000190e-02
-4.492120000000000141e-02
-4.784440000000000220e-02
-4.691580000000000056e-02
-4.374689999999999829e-02
-3.785750000000000226e-02
-3.154789999999999678e-02
-2.659279999999999977e-02
-2.218120000000000161e-02
-1.714850000000000055e-02
-1.300600000000000020e-02
-1.139779999999999960e-02
-1.349449999999999955e-02
-1.679380000000000109e-02
-2.105560000000000070e-02
-2.471970000000000070e-02
-2.506540000000000157e-02
-2.048929999999999849e-02
-1.251490000000000068e-02
-1.204030000000000058e-04
9.834600000000000633e-03
1.518609999999999925e-02
1.717000000000000123e-02
1.565389999999999837e-02
1.098389999999999957e-02
1.826310000000000043e-03
-8.685899999999999871e-03
-1.628809999999999980e-02
-1.917639999999999970e-02
-1.811799999999999869e-02
-1.148850000000000045e-02
-3.370530000000000054e-03
4.545740000000000371e-03
8.640029999999999932e-03
1.118240000000000033e-02
1.163729999999999973e-02
1.003070000000000003e-02
6.653430000000000108e-03
3.751720000000000055e-03
2.817140000000000095e-03
4.850860000000000241e-03
9.602670000000000650e-03
1.906149999999999858e-02
3.048400000000000068e-02
3.786269999999999913e-02
4.164670000000000177e-02
4.265109999999999735e-02
4.022470000000000212e-02
3.619549999999999851e-02
3.186440000000000106e-02
2.784729999999999844e-02
2.277260000000000048e-02
1.665389999999999926e-02
1.045369999999999980e-02
5.129459999999999749e-03
1.666579999999999971e-03
9.793169999999999480e-04
1.913779999999999908e-03
5.321460000000000079e-03
1.002779999999999991e-02
1.558979999999999914e-02
2.228870000000000157e-02
2.810359999999999941e-02
3.042860000000000009e-02
3.106669999999999918e-02
2.938359999999999930e-02
2.446639999999999926e-02
1.652620000000000131e-02
4.312909999999999661e-03
-8.501830000000000151e-03
-1.988380000000000009e-02
-2.800559999999999855e-02
-3.217420000000000002e-02
-3.361870000000000136e-02
-3.259789999999999910e-02
-3.027120000000000158e-02
-2.723429999999999948e-02
-2.331949999999999995e-02
-2.024070000000000036e-02
-1.813930000000000056e-02
-1.624039999999999859e-02
-1.408350000000000053e-02
-1.311200000000000039e-02
-1.239389999999999936e-02
-1.210669999999999975e-02
-1.319589999999999999e-02
-1.377530000000000074e-02
-1.282209999999999947e-02
-8.920789999999999623e-03
-2.733859999999999849e-03
4.656020000000000297e-03
1.105030000000000075e-02
1.512050000000000026e-02
1.823980000000000046e-02
2.081459999999999907e-02
2.380060000000000162e-02
2.612489999999999951e-02
2.777479999999999880e-02
2.834329999999999836e-02
2.874660000000000062e-02
2.819090000000000137e-02
2.561489999999999947e-02
2.156639999999999946e-02
1.328370000000000072e-02
2.021279999999999865e-03
-9.452699999999999644e-03
-2.039499999999999993e-02
-3.004690000000000139e-02
-3.812070000000000042e-02
-4.497519999999999990e-02
-5.110859999999999709e-02
-5.458579999999999682e-02
-5.479289999999999855e-02
-5.089180000000000093e-02
-4.341140000000000276e-02
-3.327170000000000127e-02
-2.288870000000000141e-02
-1.517699999999999952e-02
-9.977690000000000864e-03
-7.053089999999999707e-03
-5.039830000000000351e-03
-3.510790000000000178e-03
-2.334559999999999847e-03
3.216459999999999762e-04
3.375509999999999969e-03
6.289689999999999691e-03
8.457680000000000406e-03
7.055999999999999772e-03
4.683109999999999877e-03
2.007029999999999925e-03
-2.950299999999999993e-04
-3.592839999999999923e-03
-6.397350000000000432e-03
-8.386130000000000320e-03
-1.046979999999999959e-02
-1.203049999999999953e-02
-9.996980000000000796e-03
-5.182250000000000224e-03
2.929129999999999841e-03
1.396050000000000069e-02
2.571719999999999909e-02
3.305570000000000036e-02
3.629170000000000312e-02
3.833910000000000096e-02
3.991900000000000309e-02
4.326850000000000140e-02
4.696630000000000249e-02
4.890590000000000215e-02
4.791959999999999970e-02
4.353869999999999962e-02
3.647360000000000185e-02
2.718450000000000033e-02
1.766250000000000112e-02
9.838120000000000545e-03
3.903160000000000136e-03
-2.398509999999999965e-03
-8.425619999999999984e-03
-1.537849999999999981e-02
-2.164500000000000104e-02
-2.706619999999999859e-02
-2.918369999999999992e-02
-2.812330000000000038e-02
-2.504570000000000060e-02
-1.789260000000000156e-02
-1.026909999999999976e-02
-4.154989999999999899e-03
-1.670980000000000078e-03
-9.067219999999999967e-04
-9.394250000000000256e-04
-9.171049999999999819e-04
7.805719999999999933e-04
2.989219999999999898e-03
3.118070000000000130e-03
2.851520000000000183e-03
9.933710000000000543e-04
-2.001440000000000163e-03
-4.000300000000000036e-03
-6.132119999999999585e-03
-9.472609999999999364e-03
-1.494020000000000070e-02
-2.042609999999999912e-02
-2.547349999999999962e-02
-2.984109999999999888e-02
-3.120190000000000116e-02
-2.927499999999999894e-02
-2.540349999999999900e-02
-1.793300000000000102e-02
-8.820240000000000025e-03
-2.771039999999999788e-03
-1.277729999999999979e-04
7.326970000000000358e-04
1.237339999999999968e-03
4.575990000000000266e-03
9.925830000000000070e-03
2.028539999999999857e-02
3.252150000000000180e-02
4.163019999999999915e-02
4.716290000000000066e-02
4.940520000000000328e-02
4.882240000000000191e-02
4.580010000000000331e-02
4.022169999999999912e-02
3.113789999999999961e-02
1.861470000000000138e-02
7.551809999999999946e-03
9.937760000000000343e-04
-2.508990000000000005e-03
-3.331100000000000033e-03
-1.780160000000000032e-03
1.136470000000000102e-03
3.410269999999999968e-03
4.778349999999999785e-03
4.515629999999999644e-03
1.412730000000000062e-03
-3.352009999999999885e-03
-7.897180000000000172e-03
-1.063899999999999915e-02
-1.169229999999999922e-02
-1.055430000000000083e-02
-8.457579999999999265e-03
-4.617460000000000314e-03
-3.241529999999999846e-03
-2.816930000000000042e-03
-3.184160000000000115e-03
-6.345609999999999792e-03
-1.318240000000000037e-02
-2.094729999999999856e-02
-3.092709999999999904e-02
-4.021630000000000343e-02
-4.595439999999999942e-02
-4.635569999999999968e-02
-4.217980000000000340e-02
-3.807850000000000124e-02
-3.406850000000000156e-02
-3.004630000000000148e-02
-2.607390000000000055e-02
-2.242960000000000093e-02
-1.873719999999999899e-02
-1.529980000000000055e-02
-1.180110000000000013e-02
-8.582789999999999864e-03
-5.426040000000000030e-03
-2.667039999999999862e-03
-5.944669999999999989e-04
2.042430000000000027e-03
4.638350000000000285e-03
6.214650000000000382e-03
6.693079999999999689e-03
6.260680000000000238e-03
4.853790000000000188e-03
2.896169999999999994e-03
-3.952919999999999958e-04
-2.815160000000000145e-03
-3.679850000000000135e-03
-6.179070000000000049e-03
-6.825369999999999875e-03
-8.739600000000000146e-03
-1.139730000000000083e-02
-1.457780000000000013e-02
-1.748119999999999882e-02
-1.956839999999999968e-02
-2.067489999999999953e-02
-2.147119999999999931e-02
-1.968699999999999964e-02
-1.429079999999999934e-02
-8.213289999999999827e-03
-1.081900000000000006e-03
4.161950000000000198e-03
6.384520000000000299e-03
6.385580000000000075e-03
5.437599999999999899e-03
3.812030000000000106e-03
2.992439999999999857e-03
3.472310000000000153e-03
5.244279999999999602e-03
5.830740000000000055e-03
5.223089999999999677e-03
2.422890000000000026e-03
-2.833710000000000135e-03
-7.428350000000000231e-03
-1.070620000000000079e-02
-1.243520000000000042e-02
-1.371340000000000059e-02
-1.386049999999999956e-02
-1.241190000000000002e-02
-1.039870000000000030e-02
-7.657549999999999947e-03
-4.655389999999999702e-03
-2.662209999999999924e-03
-2.422950000000000104e-03
-1.692600000000000051e-03
-1.356680000000000082e-03
-1.490720000000000066e-03
-3.163860000000000110e-03
-4.651390000000000038e-03
-5.531349999999999982e-03
-7.986669999999999534e-03
-7.739349999999999875e-03
-6.868209999999999593e-03
-4.350060000000000211e-03
4.175639999999999886e-04
7.527240000000000146e-03
1.407929999999999945e-02
2.123869999999999925e-02
2.687290000000000165e-02
3.046449999999999853e-02
3.168010000000000270e-02
3.010509999999999922e-02
2.819469999999999962e-02
2.492439999999999933e-02
2.270650000000000099e-02
2.222299999999999970e-02
2.218749999999999889e-02
2.310080000000000119e-02
2.432109999999999828e-02
2.427170000000000022e-02
2.314630000000000160e-02
2.424590000000000078e-02
2.417189999999999964e-02
2.339710000000000054e-02
2.118719999999999978e-02
1.879619999999999902e-02
1.500070000000000049e-02
1.198109999999999974e-02
9.249020000000000158e-03
6.792659999999999844e-03
5.217130000000000378e-03
4.471759999999999971e-03
3.945439999999999711e-03
4.103070000000000328e-03
6.220250000000000085e-03
1.000209999999999988e-02
1.838679999999999828e-02
2.676999999999999866e-02
3.379299999999999665e-02
3.755929999999999686e-02
3.815349999999999991e-02
3.779389999999999833e-02
3.463709999999999706e-02
2.995439999999999908e-02
2.454020000000000160e-02
1.815740000000000062e-02
1.145340000000000073e-02
5.265419999999999823e-03
2.495690000000000061e-03
2.117219999999999953e-03
4.106170000000000132e-03
6.377719999999999917e-03
8.649739999999999512e-03
9.776989999999999292e-03
7.555789999999999729e-03
3.537629999999999941e-03
-3.303879999999999924e-03
-1.147469999999999914e-02
-1.825649999999999842e-02
-2.147900000000000156e-02
-2.140670000000000073e-02
-1.803309999999999982e-02
-1.201179999999999956e-02
-3.940980000000000177e-03
4.277880000000000398e-03
9.052189999999999889e-03
1.079650000000000054e-02
1.034569999999999934e-02
8.152339999999999240e-03
5.020659999999999706e-03
2.897509999999999843e-04
-5.667349999999999818e-03
-1.350280000000000057e-02
-2.214839999999999864e-02
-3.090870000000000076e-02
-3.645110000000000017e-02
-3.834629999999999983e-02
-3.833480000000000221e-02
-3.680209999999999732e-02
-3.387439999999999896e-02
-2.959300000000000125e-02
-2.455649999999999847e-02
-1.958119999999999999e-02
-1.398059999999999928e-02
-9.208920000000000647e-03
-6.141190000000000364e-03
-5.127119999999999768e-03
-5.387450000000000225e-03
-7.616249999999999756e-03
-8.638230000000000214e-03
-8.519370000000000068e-03
-8.295500000000000790e-03
-7.502550000000000191e-03
-5.169739999999999926e-03
-2.143280000000000012e-03
1.315699999999999942e-03
5.278180000000000371e-03
6.897239999999999795e-03
9.259130000000000832e-03
1.233949999999999977e-02
1.388759999999999994e-02
1.637560000000000057e-02
1.761389999999999831e-02
1.764639999999999959e-02
1.614379999999999982e-02
1.313120000000000086e-02
1.031609999999999992e-02
8.353239999999999624e-03
7.484550000000000404e-03
9.010630000000000375e-03
1.136479999999999956e-02
1.264679999999999971e-02
1.286890000000000082e-02
1.189420000000000061e-02
8.454100000000000850e-03
4.940489999999999639e-03
-2.263090000000000045e-04
-3.971979999999999955e-03
-7.792079999999999840e-03
-1.203249999999999979e-02
-1.483499999999999923e-02
-1.637200000000000114e-02
-1.586229999999999932e-02
-1.548869999999999934e-02
-1.339330000000000034e-02
-1.054740000000000018e-02
-8.699379999999999613e-03
-7.984009999999999718e-03
-8.928820000000000506e-03
-8.498830000000000620e-03
-8.165789999999999160e-03
-5.448269999999999849e-03
-8.836379999999999582e-04
5.755099999999999973e-03
1.240100000000000056e-02
1.659679999999999836e-02
2.040990000000000165e-02
2.387119999999999867e-02
2.738490000000000021e-02
2.940440000000000068e-02
3.121250000000000066e-02
3.198100000000000248e-02
3.002610000000000001e-02
2.619859999999999897e-02
2.152439999999999909e-02
1.412549999999999917e-02
7.223239999999999696e-03
3.439779999999999921e-04
-5.920299999999999868e-03
-9.145030000000000173e-03
-1.136209999999999998e-02
-1.236130000000000041e-02
-1.144049999999999928e-02
-9.843549999999999522e-03
-8.080050000000000079e-03
-6.337970000000000062e-03
-4.359649999999999637e-03
-2.085479999999999799e-03
-1.316490000000000130e-04
1.696040000000000004e-03
1.579040000000000088e-03
1.676640000000000075e-03
8.061330000000000015e-04
-3.774469999999999930e-04
-3.266620000000000027e-03
-4.871559999999999606e-03
-6.244279999999999622e-03
-7.717950000000000331e-03
-9.190369999999999789e-03
-9.323569999999999774e-03
-9.103399999999999340e-03
-9.111380000000000520e-03
-9.027759999999999257e-03
-8.845439999999999553e-03
-8.858039999999999317e-03
-8.430200000000000540e-03
-1.036839999999999984e-02
-1.267929999999999925e-02
-1.256350000000000001e-02
-1.236879999999999924e-02
-1.194369999999999980e-02
-9.900350000000000469e-03
-7.788840000000000000e-03
-7.007130000000000303e-03
-6.766789999999999958e-03
-6.698929999999999642e-03
-6.497359999999999768e-03
-6.515619999999999745e-03
-6.643829999999999875e-03
-6.366140000000000167e-03
-6.342239999999999857e-03
-6.192320000000000289e-03
-5.779630000000000010e-03
-6.594759999999999858e-03
-6.816209999999999630e-03
-6.306700000000000153e-03
-5.522090000000000332e-03
-5.355219999999999946e-03
-4.118150000000000109e-03
-6.077440000000000142e-04
4.367779999999999926e-03
8.734320000000000278e-03
1.344249999999999959e-02
1.695189999999999891e-02
1.812410000000000063e-02
1.765790000000000068e-02
1.507799999999999939e-02
1.061780000000000015e-02
6.112959999999999748e-03
1.244810000000000057e-03
-1.528319999999999896e-03
-2.241729999999999938e-03
-8.098800000000000183e-04
1.632259999999999961e-03
4.807480000000000260e-03
7.622610000000000149e-03
9.880869999999999931e-03
1.035050000000000033e-02
1.057729999999999955e-02
9.813670000000000032e-03
7.554459999999999821e-03
4.959729999999999868e-03
3.011729999999999789e-03
2.041059999999999923e-03
1.374800000000000024e-03
5.295309999999999687e-04
-5.000119999999999825e-04
-1.928840000000000025e-03
-4.166790000000000077e-03
-6.858910000000000180e-03
-8.732979999999999562e-03
-1.215109999999999975e-02
-1.538840000000000000e-02
-1.804930000000000076e-02
-1.812770000000000006e-02
-1.699099999999999916e-02
-1.551429999999999997e-02
-1.245650000000000056e-02
-1.101869999999999933e-02
-9.975599999999999398e-03
-8.782190000000000482e-03
-8.857999999999999555e-03
-8.273610000000000686e-03
-6.690269999999999898e-03
-5.308470000000000029e-03
-5.270010000000000319e-03
-5.473190000000000173e-03
-6.974649999999999773e-03
-7.653019999999999962e-03
-8.492879999999999527e-03
-9.677059999999999482e-03
-1.078400000000000018e-02
-1.229960000000000081e-02
-1.413509999999999940e-02
-1.574810000000000099e-02
-1.628759999999999930e-02
-1.561530000000000036e-02
-1.323679999999999995e-02
-9.781490000000000323e-03
-6.657609999999999570e-03
-3.360750000000000022e-03
-9.103509999999999987e-04
-9.089589999999999823e-04
-1.345150000000000035e-03
-1.541899999999999911e-03
-1.924310000000000040e-03
-2.189589999999999939e-03
-2.789610000000000093e-03
-2.714659999999999816e-03
-2.341530000000000087e-03
-2.176580000000000008e-03
-2.147440000000000026e-03
-1.841240000000000010e-04
4.679230000000000260e-04
2.381919999999999990e-04
3.272279999999999915e-04
4.003349999999999812e-04
3.201529999999999957e-04
3.438199999999999980e-04
2.941789999999999900e-04
4.223289999999999878e-04
1.485940000000000047e-03
3.456120000000000025e-03
4.870249999999999579e-03
7.558729999999999616e-03
9.126520000000000812e-03
8.669110000000000704e-03
8.351370000000000321e-03
7.962059999999999971e-03
6.227629999999999624e-03
5.179549999999999779e-03
6.426359999999999885e-03
7.462619999999999670e-03
1.007130000000000004e-02
1.321680000000000077e-02
1.598770000000000052e-02
1.786650000000000044e-02
1.818000000000000171e-02
1.626570000000000099e-02
1.267959999999999920e-02
8.749359999999999429e-03
3.603879999999999844e-03
-1.165819999999999921e-03
-4.167820000000000032e-03
-5.894449999999999863e-03
-7.058100000000000311e-03
-7.756490000000000433e-03
-6.381060000000000031e-03
-4.774839999999999814e-03
-4.290089999999999876e-03
-4.822830000000000172e-03
-4.603050000000000024e-03
-6.240619999999999674e-03
-7.121849999999999882e-03
-6.488579999999999869e-03
-6.514019999999999706e-03
-5.450489999999999675e-03
-3.518929999999999975e-03
-1.522039999999999895e-03
-7.932380000000000377e-04
1.041089999999999941e-03
8.486119999999999991e-04
2.023570000000000143e-03
3.079389999999999992e-03
2.788860000000000210e-03
1.806639999999999982e-03
5.019920000000000415e-04
-1.210480000000000106e-03
-1.919410000000000083e-03
-2.337600000000000008e-03
-2.496570000000000039e-03
-1.657430000000000101e-03
-1.808879999999999906e-03
-1.579719999999999952e-03
-1.767469999999999935e-03
-1.512399999999999899e-03
-3.089530000000000054e-03
-4.536199999999999781e-03
-5.446119999999999607e-03
-4.214719999999999925e-03
-2.366140000000000083e-03
6.377169999999999931e-04
3.503630000000000199e-03
6.371970000000000238e-03
8.449979999999999297e-03
8.532700000000000701e-03
7.615659999999999791e-03
5.894100000000000207e-03
3.200440000000000142e-03
3.849950000000000095e-04
-2.020849999999999817e-03
-9.129469999999999990e-04
2.067470000000000072e-03
5.955229999999999725e-03
1.187859999999999958e-02
1.768170000000000158e-02
2.091780000000000028e-02
2.238980000000000137e-02
2.225869999999999932e-02
1.892179999999999904e-02
1.363119999999999957e-02
8.300240000000000395e-03
4.285609999999999593e-03
4.230060000000000222e-04
-3.285010000000000100e-03
-6.184249999999999643e-03
-8.208220000000000446e-03
-9.555440000000000114e-03
-1.132610000000000040e-02
-1.306640000000000058e-02
-1.306580000000000068e-02
-1.222630000000000071e-02
-9.410599999999999868e-03
-5.337459999999999601e-03
-1.178540000000000056e-03
2.366120000000000202e-03
4.713509999999999749e-03
5.913599999999999760e-03
3.680370000000000082e-03
1.641600000000000004e-03
-6.737629999999999661e-04
-3.014900000000000045e-03
-5.316910000000000212e-03
-6.489410000000000144e-03
-5.996330000000000236e-03
-3.808559999999999897e-03
-1.938440000000000041e-03
7.792430000000000201e-05
2.610980000000000158e-03
5.590340000000000066e-03
6.313830000000000310e-03
5.730009999999999791e-03
4.540370000000000170e-03
2.072549999999999935e-04
-3.761070000000000038e-03
-7.227130000000000012e-03
-9.569750000000000131e-03
-1.089829999999999965e-02
-1.212350000000000060e-02
-1.233749999999999951e-02
-1.176639999999999978e-02
-1.133089999999999965e-02
-1.093459999999999918e-02
-1.016069999999999994e-02
-8.341080000000000716e-03
-6.165760000000000164e-03
-4.755849999999999834e-03
-4.464199999999999766e-03
-4.333899999999999905e-03
-3.883639999999999835e-03
-3.938330000000000303e-03
-2.959129999999999920e-03
-2.935239999999999985e-03
-2.489009999999999834e-03
-1.741659999999999910e-03
-2.548639999999999912e-04
1.781089999999999930e-03
5.051179999999999733e-03
8.187430000000000749e-03
1.051619999999999985e-02
1.074109999999999995e-02
1.024470000000000068e-02
9.022719999999999699e-03
5.513139999999999707e-03
3.048400000000000155e-03
-2.086350000000000108e-04
-3.692260000000000160e-03
-7.480660000000000087e-03
-1.026039999999999938e-02
-1.284049999999999948e-02
-1.322549999999999941e-02
-1.438150000000000019e-02
-1.269829999999999917e-02
-1.076610000000000067e-02
-7.071860000000000125e-03
-4.111270000000000202e-03
-1.629430000000000071e-03
1.955790000000000124e-05
2.155729999999999799e-03
3.763310000000000179e-03
4.651090000000000085e-03
5.059939999999999750e-03
3.828600000000000145e-03
1.184649999999999983e-03
-1.372020000000000054e-03
-3.584770000000000144e-03
-4.691080000000000250e-03
-5.879979999999999929e-03
-6.607639999999999694e-03
-7.003070000000000128e-03
-7.221380000000000333e-03
-6.657449999999999653e-03
-5.769039999999999585e-03
-3.292460000000000091e-03
8.337420000000000551e-05
5.566370000000000172e-03
1.218319999999999993e-02
1.880350000000000077e-02
2.467439999999999911e-02
2.950269999999999976e-02
3.274719999999999714e-02
3.548980000000000190e-02
3.498579999999999746e-02
3.325850000000000334e-02
2.876089999999999897e-02
2.090559999999999988e-02
1.221910000000000010e-02
4.772880000000000178e-03
-3.031059999999999809e-04
-2.466009999999999817e-03
-3.514900000000000056e-03
-3.809120000000000041e-03
-2.383559999999999846e-03
-1.222510000000000003e-03
2.820729999999999809e-04
3.218819999999999841e-03
6.378280000000000061e-03
8.411760000000000764e-03
8.196709999999999413e-03
7.824080000000000618e-03
5.536349999999999778e-03
2.599939999999999803e-03
6.919709999999999923e-04
1.019030000000000033e-04
-9.585859999999999867e-04
-3.005819999999999963e-05
1.637099999999999894e-04
8.962920000000000305e-04
1.289130000000000094e-03
1.689959999999999900e-03
2.250149999999999807e-03
7.944879999999999868e-04
-4.483299999999999850e-04
-2.173420000000000126e-03
-2.636959999999999825e-03
-1.862520000000000104e-03
-5.839589999999999972e-04
1.936149999999999980e-03
5.713349999999999852e-03
9.759320000000000148e-03
1.400790000000000021e-02
1.695570000000000063e-02
1.875419999999999865e-02
1.846990000000000090e-02
1.771359999999999948e-02
1.675609999999999947e-02
1.448020000000000036e-02
1.155720000000000011e-02
1.016270000000000021e-02
8.736719999999999903e-03
8.637699999999999892e-03
8.705199999999999744e-03
8.628099999999999659e-03
9.619030000000000635e-03
1.006750000000000006e-02
1.041399999999999965e-02
1.044579999999999988e-02
9.976429999999999673e-03
8.924839999999999857e-03
8.327470000000000011e-03
5.915329999999999894e-03
2.134599999999999952e-03
-1.700420000000000013e-03
-6.317530000000000021e-03
-1.133580000000000004e-02
-1.641039999999999860e-02
-1.945010000000000142e-02
-2.025779999999999942e-02
-1.908889999999999892e-02
-1.663800000000000001e-02
-1.277359999999999954e-02
-7.641890000000000141e-03
-2.870680000000000020e-03
2.354319999999999915e-04
3.456410000000000038e-03
4.967469999999999872e-03
5.922750000000000063e-03
6.779290000000000316e-03
6.325609999999999740e-03
5.678469999999999698e-03
6.579810000000000172e-03
6.906729999999999814e-03
6.188970000000000235e-03
5.151359999999999793e-03
2.438459999999999933e-03
-6.237939999999999436e-05
-2.647829999999999889e-03
-5.255730000000000124e-03
-6.726499999999999840e-03
-7.008689999999999712e-03
-6.975109999999999644e-03
-7.743129999999999978e-03
-6.809530000000000270e-03
-5.504969999999999655e-03
-5.118410000000000321e-03
-5.241250000000000249e-03
-5.906220000000000220e-03
-8.204309999999999381e-03
-9.621189999999999951e-03
-1.145440000000000000e-02
-1.271100000000000008e-02
-1.191509999999999965e-02
-1.094290000000000020e-02
-9.359519999999999645e-03
-7.881890000000000771e-03
-7.678749999999999812e-03
-7.655709999999999599e-03
-7.460650000000000094e-03
-7.325929999999999595e-03
-6.881140000000000000e-03
-5.464809999999999633e-03
-4.059000000000000108e-03
-2.341230000000000134e-03
6.471250000000000223e-04
4.336689999999999816e-03
6.731179999999999802e-03
9.166099999999999942e-03
1.047200000000000041e-02
9.857090000000000643e-03
9.140489999999999379e-03
6.806030000000000239e-03
1.797109999999999983e-03
-2.823009999999999929e-03
-5.186689999999999877e-03
-7.347120000000000387e-03
-9.649410000000000626e-03
-1.162599999999999918e-02
-1.360390000000000037e-02
-1.486950000000000077e-02
-1.357219999999999954e-02
-1.052170000000000015e-02
-8.675930000000000100e-03
-7.450990000000000217e-03
-7.503750000000000003e-03
-7.218399999999999817e-03
-8.003859999999999794e-03
-8.879079999999999265e-03
-1.008060000000000032e-02
-1.160160000000000011e-02
-1.083139999999999971e-02
-8.591390000000000832e-03
-5.557760000000000131e-03
-1.866210000000000091e-03
1.564980000000000104e-03
3.157940000000000139e-03
4.202609999999999853e-03
5.209079999999999613e-03
5.384850000000000053e-03
4.863450000000000065e-03
3.559559999999999808e-03
2.381310000000000197e-03
2.087830000000000154e-03
2.893890000000000091e-03
2.245449999999999963e-03
2.896479999999999888e-03
4.037149999999999767e-03
4.288639999999999813e-03
4.124730000000000063e-03
5.121409999999999851e-03
5.952340000000000408e-03
6.218829999999999844e-03
7.062500000000000201e-03
6.850679999999999617e-03
6.295539999999999643e-03
4.307850000000000221e-03
1.916020000000000049e-03
4.515330000000000016e-04
-2.173120000000000173e-03
-4.426880000000000225e-03
-5.932340000000000356e-03
-6.714559999999999626e-03
-6.351309999999999768e-03
-5.078550000000000252e-03
-3.045620000000000185e-03
-1.461010000000000000e-03
1.173569999999999946e-04
2.794860000000000139e-03
4.416530000000000108e-03
4.380499999999999845e-03
4.041549999999999657e-03
2.821390000000000009e-03
-9.431550000000000187e-05
-3.172560000000000050e-03
-7.689350000000000178e-03
-1.196490000000000054e-02
-1.578339999999999951e-02
-1.888230000000000117e-02
-2.139280000000000001e-02
-2.242939999999999864e-02
-2.237099999999999853e-02
-2.035290000000000016e-02
-1.743149999999999908e-02
-1.498159999999999943e-02
-1.212440000000000045e-02
-9.693830000000000502e-03
-8.321860000000000368e-03
-4.904379999999999851e-03
-3.707189999999999964e-03
-1.966400000000000092e-03
-1.802149999999999976e-03
-1.492849999999999993e-03
-2.368739999999999821e-03
-3.655740000000000205e-03
-5.287260000000000223e-03
-7.798720000000000305e-03
-9.567710000000000103e-03
-1.052089999999999970e-02
-1.075860000000000011e-02
-8.236850000000000421e-03
-5.641939999999999802e-03
-3.267200000000000052e-03
-8.801570000000000097e-04
1.090810000000000000e-03
1.858059999999999920e-03
9.202919999999999634e-04
-4.027249999999999770e-05
-4.216159999999999830e-04
-2.675469999999999780e-04
4.457959999999999852e-04
2.689609999999999831e-03
6.844489999999999949e-03
1.153569999999999943e-02
1.546879999999999956e-02
1.750820000000000154e-02
1.811750000000000166e-02
1.711410000000000015e-02
1.467820000000000062e-02
1.095050000000000016e-02
7.696780000000000288e-03
4.672820000000000272e-03
4.285589999999999712e-03
4.694270000000000387e-03
5.185949999999999935e-03
7.019219999999999626e-03
8.121549999999999950e-03
8.285169999999999688e-03
8.107770000000000254e-03
5.522130000000000094e-03
2.717520000000000178e-03
-2.837350000000000202e-04
-2.305890000000000110e-03
-2.239919999999999845e-03
-2.182719999999999973e-03
-2.670379999999999976e-03
-1.571539999999999960e-03
4.391730000000000048e-04
1.453920000000000039e-03
2.117389999999999810e-03
2.707660000000000188e-03
2.492719999999999918e-03
3.191820000000000161e-03
4.146320000000000214e-03
5.471140000000000204e-03
6.095829999999999999e-03
7.257259999999999753e-03
8.804309999999999220e-03
8.889970000000000511e-03
7.442609999999999677e-03
5.257040000000000150e-03
3.208429999999999963e-03
9.615929999999999530e-04
-8.110570000000000106e-04
2.227449999999999960e-04
1.640949999999999961e-03
3.103649999999999898e-03
3.502610000000000185e-03
3.551129999999999998e-03
2.483439999999999953e-03
1.221560000000000007e-03
-1.070610000000000051e-03
-2.136279999999999950e-03
-3.514760000000000020e-03
-4.463530000000000275e-03
-4.443129999999999996e-03
-3.055490000000000116e-03
-1.654859999999999968e-03
-6.597779999999999704e-04
1.305380000000000082e-03
2.691990000000000008e-03
3.453519999999999854e-03
4.244180000000000175e-03
4.316569999999999609e-03
3.891799999999999947e-03
2.494829999999999964e-03
1.471370000000000056e-03
1.531870000000000063e-03
6.967590000000000285e-04
-1.441510000000000014e-03
-2.529580000000000023e-03
-3.299540000000000112e-03
-3.455070000000000190e-03
-3.311520000000000089e-03
-1.720380000000000086e-03
-5.603010000000000282e-04
5.324270000000000305e-04
1.236050000000000039e-03
1.452219999999999943e-03
1.095419999999999944e-03
1.245019999999999948e-04
-2.353969999999999934e-03
-6.072769999999999904e-03
-9.575540000000000440e-03
-1.232989999999999954e-02
-1.328580000000000039e-02
-1.396640000000000034e-02
-1.336560000000000005e-02
-1.153269999999999990e-02
-1.044909999999999936e-02
-1.010220000000000042e-02
-8.370280000000000775e-03
-5.697360000000000271e-03
-3.582479999999999866e-03
-1.423199999999999899e-03
1.229459999999999982e-04
6.456489999999999842e-04
1.248540000000000023e-03
9.452129999999999777e-04
8.221860000000000323e-04
9.224940000000000483e-04
6.742000000000000163e-04
-5.167919999999999811e-05
-3.616280000000000145e-04
4.720330000000000120e-04
1.037010000000000102e-03
2.359650000000000029e-03
5.058919999999999736e-03
7.313720000000000117e-03
9.391369999999999579e-03
9.863890000000000158e-03
9.435070000000000262e-03
1.033230000000000086e-02
9.331769999999999649e-03
8.234870000000000037e-03
7.022429999999999645e-03
5.013000000000000095e-03
4.541009999999999838e-03
3.013340000000000202e-03
2.526710000000000154e-03
3.655779999999999967e-03
4.683849999999999819e-03
5.463370000000000379e-03
6.579220000000000207e-03
7.432629999999999966e-03
8.694459999999999342e-03
1.002059999999999930e-02
9.911349999999999327e-03
9.275159999999999308e-03
9.087889999999999510e-03
7.561840000000000228e-03
5.698289999999999952e-03
4.687860000000000291e-03
4.268160000000000009e-03
4.936389999999999702e-03
4.923929999999999974e-03
6.219249999999999952e-03
6.638869999999999841e-03
6.065039999999999841e-03
5.812930000000000007e-03
4.992830000000000185e-03
2.230660000000000195e-03
1.677890000000000024e-04
-1.492540000000000099e-03
-3.391780000000000055e-03
-3.994949999999999717e-03
-4.550150000000000201e-03
-4.670200000000000219e-03
-4.511700000000000432e-03
-4.457270000000000156e-03
-5.435159999999999644e-03
-8.670469999999999566e-03
-1.108409999999999951e-02
-1.405610000000000019e-02
-1.633309999999999970e-02
-1.773869999999999961e-02
-1.724180000000000157e-02
-1.547149999999999914e-02
-1.348369999999999951e-02
-1.110049999999999926e-02
-8.644469999999999585e-03
-5.999159999999999909e-03
-4.344449999999999701e-03
-3.222379999999999949e-03
-1.439149999999999935e-03
-1.458000000000000095e-03
-8.909449999999999748e-04
3.091039999999999868e-04
1.090599999999999946e-03
1.930700000000000038e-03
3.082269999999999802e-03
3.944340000000000172e-03
3.600640000000000004e-03
3.220460000000000076e-03
1.506940000000000016e-03
1.319880000000000055e-03
1.384339999999999963e-03
2.181020000000000094e-03
3.558509999999999972e-03
4.784939999999999680e-03
6.285220000000000216e-03
7.470609999999999924e-03
8.059659999999999741e-03
8.222659999999999692e-03
6.920639999999999604e-03
4.991279999999999849e-03
2.246129999999999828e-03
-9.260439999999999991e-04
-3.322279999999999938e-03
-4.549110000000000306e-03
-5.592699999999999928e-03
-4.843189999999999822e-03
-3.674380000000000094e-03
-2.534250000000000044e-03
-6.190990000000000165e-04
1.826019999999999976e-04
1.469929999999999935e-03
2.402790000000000134e-03
1.890259999999999944e-03
2.121510000000000062e-03
4.616120000000000249e-04
-4.729509999999999921e-04
-1.300520000000000105e-03
-2.175509999999999857e-03
-2.069339999999999808e-03
-1.206529999999999929e-03
-3.273889999999999786e-04
-6.978180000000000331e-05
-1.399229999999999951e-04
1.737180000000000061e-03
2.823420000000000096e-03
4.288720000000000206e-03
4.443479999999999652e-03
4.169609999999999810e-03
4.067999999999999568e-03
3.926999999999999935e-03
3.764379999999999896e-03
3.597180000000000169e-03
3.480089999999999920e-03
2.103729999999999836e-03
-9.892309999999999211e-04
-2.956460000000000164e-03
-5.150039999999999826e-03
-5.993150000000000040e-03
-5.569880000000000143e-03
-3.715480000000000171e-03
-9.199679999999999577e-04
1.900079999999999955e-03
3.235150000000000005e-03
4.598770000000000288e-03
5.708399999999999759e-03
7.061510000000000009e-03
8.031440000000000801e-03
8.318350000000000397e-03
5.818600000000000161e-03
4.049470000000000326e-03
2.522229999999999871e-03
2.076460000000000024e-03
2.003679999999999871e-03
1.821829999999999977e-03
2.001100000000000014e-03
2.570419999999999910e-03
1.816109999999999903e-03
2.497819999999999988e-03
3.163860000000000110e-03
3.058899999999999814e-03
1.754490000000000043e-03
7.623159999999999702e-04
3.122019999999999765e-04
-1.041449999999999971e-03
-3.116789999999999925e-03
-4.563189999999999955e-03
-4.826869999999999598e-03
-4.718439999999999961e-03
-5.246859999999999892e-03
-4.222019999999999940e-03
-3.448679999999999975e-03
-2.438849999999999785e-03
-6.507820000000000315e-04
8.737099999999999814e-04
1.190309999999999979e-03
9.706600000000000341e-04
1.326460000000000009e-03
1.229789999999999920e-03
1.143179999999999934e-03
1.007690000000000105e-03
1.007890000000000001e-03
8.206570000000000271e-04
8.899609999999999856e-04
5.557090000000000423e-04
1.443510000000000062e-03
1.520019999999999965e-03
1.767939999999999963e-03
1.127329999999999955e-03
6.100200000000000311e-05
1.195170000000000011e-04
-1.209280000000000050e-04
-1.042799999999999977e-03
-1.416850000000000097e-03
-3.206610000000000254e-04
-3.270540000000000030e-05
5.024120000000000408e-04
2.239420000000000213e-03
3.255539999999999910e-03
3.526070000000000072e-03
4.050340000000000364e-03
3.178620000000000057e-03
3.452649999999999816e-03
1.814049999999999994e-03
1.012199999999999992e-03
8.158160000000000238e-04
1.489000000000000089e-03
1.440160000000000008e-03
1.974089999999999959e-03
2.583900000000000086e-03
1.238139999999999987e-03
-2.778980000000000014e-04
-1.170849999999999972e-03
-2.484590000000000062e-03
-3.401260000000000134e-03
-4.357599999999999668e-03
-3.608670000000000020e-03
-2.562769999999999805e-03
-1.136110000000000071e-03
-3.367539999999999813e-04
1.552720000000000001e-04
1.246090000000000045e-03
1.040059999999999986e-03
-2.829169999999999884e-04
-2.572150000000000044e-03
-3.094509999999999969e-03
-4.090159999999999803e-03
-4.202530000000000328e-03
-4.066189999999999909e-03
-2.877059999999999861e-03
-2.815139999999999830e-03
-1.729279999999999923e-03
-4.753569999999999822e-04
9.918050000000000358e-05
1.005150000000000010e-03
1.685239999999999959e-03
1.565989999999999960e-03
1.428629999999999961e-03
8.146359999999999843e-04
-1.502859999999999960e-03
-3.882529999999999922e-03
-5.864180000000000087e-03
-7.675949999999999961e-03
-8.329879999999999576e-03
-9.030569999999999917e-03
-8.776849999999999236e-03
-7.356170000000000417e-03
-6.146640000000000090e-03
-3.447079999999999936e-03
-1.355269999999999999e-03
1.212259999999999944e-03
2.785650000000000192e-03
2.916649999999999798e-03
2.897579999999999861e-03
2.590419999999999962e-03
2.302830000000000068e-03
2.212979999999999808e-03
2.029800000000000007e-03
1.952490000000000085e-03
1.755150000000000026e-03
2.572940000000000123e-03
5.026860000000000182e-03
6.192880000000000433e-03
7.528619999999999757e-03
9.703180000000000485e-03
9.642360000000000861e-03
9.128219999999999390e-03
8.211009999999999490e-03
5.800660000000000018e-03
3.048980000000000180e-03
2.471360000000000137e-03
1.315940000000000035e-03
1.671629999999999904e-03
1.918180000000000015e-03
2.544970000000000131e-03
3.790280000000000038e-03
5.352720000000000047e-03
5.588619999999999872e-03
5.152379999999999807e-03
3.371669999999999789e-03
4.425950000000000001e-04
-2.062790000000000110e-03
-5.142510000000000310e-03
-8.739059999999999884e-03
-1.099209999999999944e-02
-1.186809999999999948e-02
-1.156549999999999939e-02
-1.115900000000000052e-02
-1.054229999999999924e-02
-1.053439999999999932e-02
-1.069909999999999958e-02
-1.193349999999999966e-02
-1.197100000000000074e-02
-1.130500000000000081e-02
-1.110230000000000071e-02
-9.456390000000000282e-03
-6.647649999999999740e-03
-5.091739999999999981e-03
-2.390559999999999907e-03
-3.467349999999999794e-04
8.510460000000000507e-04
1.871679999999999915e-03
2.369819999999999913e-03
3.590879999999999853e-03
3.601399999999999827e-03
3.380590000000000157e-03
3.146669999999999849e-03
3.059029999999999909e-03
2.798489999999999832e-03
2.612300000000000125e-03
2.220530000000000073e-03
1.340950000000000041e-03
6.400090000000000585e-05
-1.269800000000000074e-04
-2.432219999999999966e-04
-5.876660000000000347e-04
-3.213070000000000054e-04
-2.287760000000000065e-04
-4.085180000000000213e-04
-4.488389999999999763e-04
-1.940619999999999997e-04
8.071190000000000222e-04
5.012099999999999802e-04
9.245650000000000493e-05
-6.756969999999999513e-04
-1.389269999999999958e-03
-1.803530000000000020e-03
-1.317889999999999947e-03
-9.267190000000000020e-04
7.280249999999999829e-04
1.162760000000000096e-03
2.148670000000000094e-03
3.144999999999999792e-03
2.849299999999999923e-03
2.871410000000000021e-03
3.107330000000000161e-03
2.825999999999999953e-03
3.104640000000000091e-03
3.364810000000000197e-03
3.440710000000000036e-03
3.354980000000000028e-03
2.908249999999999811e-03
2.867999999999999890e-03
2.210189999999999898e-03
2.104620000000000189e-03
1.425609999999999898e-03
1.015250000000000012e-04
-1.678280000000000093e-03
-2.319700000000000061e-03
-2.997689999999999903e-03
-4.044050000000000422e-03
-4.120859999999999627e-03
-3.192539999999999788e-03
-1.821719999999999980e-03
-9.526030000000000001e-04
1.156230000000000062e-03
1.816069999999999924e-03
1.525300000000000050e-03
2.015269999999999995e-03
2.630869999999999997e-03
2.645610000000000062e-03
2.337679999999999966e-03
2.178869999999999852e-03
2.481290000000000145e-03
2.744379999999999823e-03
2.623959999999999834e-03
2.818339999999999908e-03
2.657080000000000032e-03
1.737320000000000097e-03
5.857790000000000306e-04
-4.591609999999999767e-04
-1.539180000000000019e-03
-1.947380000000000074e-03
-3.211059999999999956e-03
-4.877330000000000033e-03
-4.951670000000000030e-03
-5.621570000000000213e-03
-6.325869999999999931e-03
-6.627010000000000019e-03
-6.502870000000000004e-03
-6.350800000000000195e-03
-6.206190000000000317e-03
-6.151300000000000170e-03
-6.299319999999999746e-03
-6.728760000000000296e-03
-7.152859999999999600e-03
-6.598070000000000150e-03
-6.036579999999999724e-03
-5.663109999999999845e-03
-5.090130000000000002e-03
-4.243229999999999745e-03
-4.472440000000000269e-03
-4.761829999999999882e-03
-5.260850000000000075e-03
-5.023050000000000258e-03
-5.632449999999999783e-03
-5.452339999999999964e-03
-4.864379999999999746e-03
-3.460790000000000047e-03
-2.351939999999999847e-03
-6.558280000000000099e-04
2.012289999999999912e-03
4.680089999999999598e-03
6.931220000000000089e-03
8.249960000000000626e-03
8.965920000000000487e-03
8.827220000000000205e-03
7.787510000000000092e-03
6.636539999999999800e-03
5.561159999999999888e-03
4.256420000000000342e-03
2.997759999999999921e-03
2.138650000000000186e-03
1.459460000000000097e-03
1.146370000000000071e-03
6.811659999999999764e-04
6.129259999999999656e-04
6.255769999999999907e-04
1.328509999999999923e-04
-7.122499999999999925e-04
-1.280059999999999965e-03
-1.021070000000000007e-03
-8.596839999999999907e-04
-3.150529999999999802e-04
6.374199999999999788e-04
1.336820000000000066e-03
1.992869999999999885e-03
2.978549999999999948e-03
3.609259999999999986e-03
3.967100000000000314e-03
4.207179999999999601e-03
4.349920000000000175e-03
3.893779999999999897e-03
3.565860000000000123e-03
3.363510000000000111e-03
3.213890000000000063e-03
3.140249999999999812e-03
3.139499999999999930e-03
2.808580000000000191e-03
2.286129999999999933e-03
1.869980000000000036e-03
1.518889999999999954e-03
1.321509999999999916e-03
9.442689999999999678e-04
6.100730000000000389e-04
5.242439999999999904e-04
5.419809999999999732e-04
5.334889999999999468e-04
5.371040000000000536e-04
5.235059999999999714e-04
5.351009999999999578e-04
5.253499999999999490e-04
3.642629999999999783e-04
3.993499999999999763e-04
4.815449999999999982e-04
3.307189999999999891e-04
5.064930000000000040e-04
7.475929999999999555e-04
8.186860000000000014e-04
8.643939999999999914e-04
1.037860000000000041e-03
9.796570000000000972e-04
1.063729999999999927e-03
1.119159999999999903e-03
1.177550000000000081e-03
1.139510000000000045e-03
1.038880000000000055e-03
9.738869999999999949e-04
8.904050000000000376e-04
8.790830000000000128e-04
8.837800000000000256e-04
9.616419999999999656e-04
9.061810000000000438e-04
7.813120000000000438e-04
7.771609999999999543e-04
7.690699999999999533e-04
6.335610000000000417e-04
4.748670000000000191e-04
3.742889999999999802e-04
2.780230000000000179e-04
2.064749999999999908e-04
1.508869999999999938e-04
8.405090000000000532e-05
3.090470000000000245e-05
-1.576730000000000064e-05
-1.001129999999999951e-04
-2.306479999999999913e-04
-2.435519999999999883e-04
-2.562560000000000076e-04
-3.196839999999999838e-04
-3.046200000000000210e-04
-2.795830000000000233e-04
-2.743509999999999894e-04
-2.851020000000000225e-04
-3.499430000000000205e-04
-4.227710000000000083e-04
-4.399520000000000188e-04
-4.871930000000000227e-04
-4.857080000000000056e-04
-4.687100000000000034e-04
-4.369929999999999952e-04
-4.309170000000000079e-04
-4.248860000000000245e-04
-4.007939999999999984e-04
-4.091640000000000012e-04
-4.039889999999999974e-04
-3.844729999999999762e-04
-3.853069999999999889e-04
-3.762460000000000023e-04
-3.569879999999999776e-04
-3.333599999999999931e-04
-3.430759999999999929e-04
-3.284170000000000101e-04
-3.411299999999999814e-04
-3.542349999999999991e-04
-3.703180000000000143e-04
-3.928779999999999881e-04
-4.089639999999999964e-04
-4.319270000000000271e-04
-4.419550000000000063e-04
-4.392619999999999966e-04
-4.339939999999999922e-04
-4.318160000000000141e-04
-4.215420000000000104e-04
-4.102409999999999911e-04
-3.991879999999999734e-04
-3.899889999999999824e-04
-3.851950000000000144e-04
-3.770029999999999952e-04
-3.692650000000000229e-04
-3.641690000000000161e-04
-3.594819999999999982e-04
-3.500420000000000072e-04
-3.410770000000000143e-04
-3.299159999999999766e-04
-3.152890000000000098e-04
-3.008970000000000026e-04
-2.862590000000000252e-04
-2.706489999999999764e-04
-2.551629999999999827e-04
-2.405929999999999918e-04
-2.263380000000000003e-04
-2.119830000000000065e-04
-1.981420000000000013e-04
-1.844629999999999989e-04
-1.705529999999999915e-04
-1.564039999999999886e-04
-1.421469999999999928e-04
-1.280719999999999895e-04
-1.140639999999999975e-04
-1.004839999999999954e-04
-8.724360000000000611e-05
-7.440440000000000205e-05
-6.195879999999999368e-05
-4.991459999999999810e-05
-3.826369999999999755e-05
-2.699910000000000040e-05
-1.615530000000000099e-05
-5.714490000000000238e-06
4.328720000000000290e-06
1.397940000000000036e-05
2.323619999999999955e-05
3.209609999999999921e-05
4.055310000000000311e-05
