2.839140000000000061e-05
2.570580000000000044e-05
2.796239999999999845e-05
2.082079999999999893e-05
3.059039999999999768e-05
3.963339999999999902e-05
4.863159999999999700e-05
4.675389999999999971e-05
5.792040000000000198e-05
5.960569999999999752e-05
6.999169999999999600e-05
7.276479999999999830e-05
6.672240000000000343e-05
3.109850000000000049e-05
4.070189999999999735e-05
3.970669999999999712e-05
4.635829999999999964e-05
3.974940000000000266e-05
5.162969999999999799e-05
4.495900000000000102e-05
6.471130000000000502e-05
1.605979999999999962e-04
3.257620000000000025e-04
2.817079999999999801e-04
1.962649999999999920e-04
2.016859999999999931e-04
2.412509999999999980e-04
2.320310000000000016e-04
1.501499999999999905e-04
-1.753489999999999910e-04
-2.015560000000000062e-04
-2.080739999999999868e-04
-2.038049999999999909e-04
-2.575049999999999952e-04
-2.037180000000000035e-04
-2.847270000000000269e-04
9.682869999999999672e-05
4.653009999999999959e-04
9.950029999999999465e-04
1.218069999999999917e-03
1.272700000000000090e-03
8.920999999999999460e-04
4.154879999999999901e-04
-1.236210000000000011e-04
-5.585139999999999723e-04
-7.999559999999999961e-04
-5.499329999999999540e-04
-4.852470000000000112e-04
-8.263549999999999715e-04
-1.475249999999999999e-03
-1.174319999999999965e-03
-5.214189999999999624e-04
-7.615400000000000305e-05
1.012059999999999956e-03
1.536889999999999958e-03
9.730570000000000452e-04
5.709759999999999489e-04
-7.622450000000000449e-04
-2.183109999999999825e-03
-2.260289999999999869e-03
-1.689050000000000100e-03
-7.503549999999999673e-04
-3.833579999999999979e-05
-5.676249999999999872e-04
-4.762650000000000217e-04
7.721170000000000073e-04
1.313949999999999927e-03
1.185279999999999927e-03
1.034849999999999919e-03
3.516519999999999867e-04
2.167519999999999874e-04
-2.656879999999999810e-04
-9.818680000000001070e-04
-9.543760000000000524e-04
-2.005670000000000196e-03
-2.566820000000000039e-03
-9.305080000000000295e-04
-6.819190000000000147e-04
-2.547010000000000268e-04
4.264439999999999984e-04
5.568940000000000522e-04
1.544110000000000014e-03
1.779640000000000085e-03
1.653659999999999939e-03
1.614519999999999931e-03
1.600080000000000035e-03
1.109460000000000047e-03
-9.193979999999999818e-04
-1.928690000000000048e-03
-3.297050000000000154e-03
-4.350800000000000153e-03
-4.205569999999999621e-03
-3.953820000000000251e-03
-2.114759999999999817e-03
1.446830000000000078e-03
4.492359999999999930e-03
4.210160000000000118e-03
2.907290000000000078e-05
-1.638549999999999902e-03
-9.534230000000000092e-04
-1.267670000000000038e-03
-1.315299999999999933e-03
-2.385550000000000170e-03
-4.216110000000000343e-03
-4.756970000000000122e-03
-4.462569999999999905e-03
-4.082419999999999799e-03
-1.842450000000000034e-03
-6.849220000000000265e-04
5.389050000000000047e-04
2.549189999999999789e-03
3.535599999999999854e-03
4.600479999999999674e-03
4.033609999999999973e-03
2.646659999999999898e-03
2.853689999999999873e-03
2.665299999999999787e-03
1.735320000000000048e-03
-2.526880000000000012e-03
-7.320779999999999822e-03
-1.059019999999999927e-02
-1.102209999999999995e-02
-8.981700000000000447e-03
-5.355880000000000363e-03
-3.345959999999999820e-03
-3.940260000000000117e-04
-2.598580000000000182e-04
2.398850000000000114e-03
4.509990000000000179e-03
5.549250000000000363e-03
5.875850000000000170e-03
5.708399999999999759e-03
5.603499999999999974e-03
3.764630000000000146e-03
-5.604260000000000448e-04
-4.583760000000000091e-03
-9.888900000000000814e-03
-1.078409999999999959e-02
-8.778440000000000201e-03
-5.794279999999999743e-03
-7.280610000000000076e-04
4.530240000000000184e-05
-1.148330000000000032e-04
-1.662479999999999980e-04
2.814210000000000149e-03
6.389459999999999584e-03
8.523269999999999458e-03
7.342780000000000140e-03
4.330279999999999720e-03
5.419990000000000398e-04
-5.631950000000000151e-03
-8.937479999999999383e-03
-8.955710000000000406e-03
-8.949300000000000310e-03
-7.081180000000000287e-03
-3.968759999999999996e-03
-1.014710000000000048e-03
4.285879999999999725e-03
7.513729999999999715e-03
9.141319999999999654e-03
9.118720000000000298e-03
9.050380000000000230e-03
7.384390000000000225e-03
4.331549999999999984e-03
-8.575769999999999379e-05
-3.076119999999999896e-03
-5.489080000000000348e-03
-5.621059999999999772e-03
-4.230509999999999826e-03
-4.310160000000000380e-03
-4.414719999999999582e-03
-3.645910000000000036e-03
-2.169040000000000158e-05
5.281039999999999866e-03
1.029099999999999980e-02
1.280079999999999933e-02
1.093329999999999996e-02
7.096510000000000318e-03
4.108810000000000066e-03
4.052410000000000213e-03
3.997220000000000113e-03
2.796569999999999959e-03
-2.880720000000000025e-04
-2.756139999999999805e-03
-5.035089999999999878e-03
-5.202169999999999885e-03
-4.927550000000000159e-03
-4.715119999999999728e-03
-8.793619999999999605e-04
5.047489999999999963e-03
6.436070000000000332e-03
5.922089999999999646e-03
5.698329999999999715e-03
3.875770000000000170e-03
-1.051569999999999962e-04
-2.900010000000000174e-03
-5.484479999999999911e-03
-7.494599999999999700e-03
-6.803110000000000233e-03
-4.371599999999999792e-03
-2.369019999999999893e-03
-3.504249999999999986e-03
-3.087420000000000008e-03
3.327160000000000013e-03
9.952509999999999482e-03
1.415330000000000060e-02
1.126399999999999971e-02
4.228110000000000201e-03
-2.603649999999999780e-04
-2.437540000000000193e-03
-4.744710000000000073e-03
-5.197049999999999934e-03
-4.973209999999999610e-03
-2.511540000000000040e-03
-3.857789999999999939e-04
-3.948379999999999598e-03
-7.647489999999999843e-03
-7.181700000000000063e-03
-1.394599999999999963e-03
1.176460000000000006e-02
2.140159999999999979e-02
1.868710000000000163e-02
1.107159999999999915e-02
4.027919999999999938e-03
1.279220000000000129e-04
-2.635209999999999810e-03
-3.310940000000000064e-03
-1.754439999999999906e-03
-1.144169999999999909e-03
-1.519390000000000020e-03
-1.194619999999999970e-03
-1.261790000000000047e-03
-1.358760000000000089e-03
-2.851540000000000064e-03
8.856699999999999686e-04
7.615069999999999825e-03
1.118320000000000078e-02
8.158040000000000083e-03
2.551229999999999817e-03
-2.574900000000000192e-03
-6.669239999999999891e-03
-9.457170000000000853e-03
-9.023710000000000758e-03
-7.573110000000000085e-03
-6.084599999999999904e-03
-4.180530000000000010e-03
-2.355009999999999938e-04
4.330749999999999964e-04
-2.517999999999999839e-03
-3.303219999999999941e-03
-1.548859999999999994e-03
4.475550000000000014e-03
1.011620000000000054e-02
1.229889999999999976e-02
1.031170000000000003e-02
5.436980000000000111e-03
-2.167930000000000096e-04
-7.170639999999999827e-03
-1.028820000000000082e-02
-9.752330000000000026e-03
-5.015040000000000123e-03
1.064620000000000063e-03
2.548840000000000133e-03
2.747529999999999764e-04
-1.182520000000000055e-03
1.978020000000000039e-03
5.597969999999999856e-03
7.295560000000000413e-03
7.320750000000000000e-03
8.170560000000000322e-03
8.306529999999999470e-03
3.716459999999999989e-03
-1.335239999999999908e-03
-1.234220000000000065e-03
3.875360000000000003e-03
8.777719999999999273e-03
1.336889999999999953e-02
1.491370000000000022e-02
1.235149999999999963e-02
7.168420000000000000e-03
2.524069999999999786e-03
6.940600000000000328e-04
5.738470000000000506e-04
-2.869309999999999916e-03
-8.196429999999999341e-03
-1.045160000000000013e-02
-8.395130000000000647e-03
-4.482090000000000206e-03
-5.376480000000000538e-04
2.723140000000000196e-03
3.185379999999999809e-03
2.338590000000000200e-03
1.278250000000000035e-04
-1.424160000000000053e-03
-1.266509999999999988e-03
-3.282049999999999898e-03
-5.760989999999999688e-03
-1.043990000000000022e-02
-1.620569999999999997e-02
-1.870430000000000009e-02
-1.854990000000000111e-02
-1.362490000000000055e-02
-7.446020000000000243e-03
-5.408140000000000299e-04
3.887390000000000116e-03
6.269959999999999770e-03
5.686669999999999572e-03
2.607389999999999795e-03
-1.112570000000000009e-03
-1.835880000000000021e-03
-4.315939999999999881e-04
1.813900000000000018e-03
2.769590000000000159e-03
2.489639999999999995e-03
2.013070000000000050e-03
3.112389999999999927e-04
-8.016190000000000511e-04
-3.225550000000000205e-03
-2.335970000000000147e-03
1.060989999999999937e-03
4.460320000000000257e-03
4.657719999999999742e-03
4.350119999999999855e-03
4.543580000000000188e-03
4.435650000000000183e-03
4.274270000000000153e-03
4.072749999999999981e-03
3.988949999999999788e-03
3.878749999999999819e-03
3.776900000000000136e-03
3.678750000000000162e-03
3.549740000000000013e-03
4.119880000000000243e-03
7.473070000000000060e-03
1.259120000000000031e-02
1.557530000000000026e-02
1.553749999999999923e-02
1.460569999999999924e-02
1.127030000000000046e-02
5.635440000000000241e-03
2.194490000000000058e-04
-3.003660000000000010e-03
-3.588029999999999865e-03
-2.194409999999999937e-03
6.639560000000000514e-04
1.906130000000000021e-03
4.214149999999999840e-03
5.036170000000000403e-03
4.702689999999999822e-03
4.556359999999999751e-03
4.551600000000000264e-03
3.044289999999999843e-03
1.828879999999999959e-03
1.310959999999999903e-03
-4.241489999999999670e-03
-1.333729999999999985e-02
-1.489320000000000054e-02
-1.275570000000000002e-02
-1.164300000000000057e-02
-1.376540000000000055e-02
-1.905559999999999893e-02
-1.804990000000000067e-02
-1.466540000000000031e-02
-1.038859999999999957e-02
-5.058439999999999985e-03
5.393610000000000288e-04
4.083370000000000229e-03
6.084270000000000130e-03
9.845329999999999360e-03
1.071509999999999997e-02
8.153099999999999931e-03
2.001070000000000192e-03
-7.022689999999999835e-03
-1.547620000000000072e-02
-1.866630000000000025e-02
-1.941060000000000008e-02
-2.016369999999999968e-02
-1.956159999999999843e-02
-1.828379999999999936e-02
-1.383020000000000083e-02
-7.862519999999999579e-03
2.329879999999999885e-03
9.003000000000000586e-03
1.038859999999999957e-02
8.406169999999999268e-03
3.231770000000000129e-03
-1.811559999999999982e-04
-1.043249999999999907e-03
-3.089320000000000000e-03
-7.207579999999999890e-03
-1.091070000000000061e-02
-1.474179999999999935e-02
-1.910339999999999955e-02
-1.950500000000000150e-02
-1.420440000000000071e-02
-1.751710000000000073e-03
1.133220000000000061e-02
1.622209999999999971e-02
1.731500000000000053e-02
1.582739999999999841e-02
1.265690000000000044e-02
1.093060000000000039e-02
9.323710000000000678e-03
6.278739999999999669e-03
3.288730000000000125e-03
7.674420000000000157e-04
-3.740579999999999860e-03
-1.053570000000000027e-02
-1.396179999999999991e-02
-1.485599999999999941e-02
-1.094479999999999932e-02
-4.997380000000000051e-03
2.119049999999999981e-05
5.290320000000000265e-03
8.374980000000000618e-03
9.341759999999999300e-03
1.210040000000000074e-02
2.271549999999999958e-02
3.405350000000000044e-02
3.899040000000000145e-02
3.858319999999999805e-02
3.328590000000000021e-02
2.389149999999999954e-02
1.313190000000000017e-02
8.881559999999999715e-04
-9.233210000000000375e-03
-1.633350000000000080e-02
-2.369620000000000060e-02
-2.943350000000000133e-02
-2.921349999999999988e-02
-1.869770000000000112e-02
-1.080030000000000052e-03
1.146480000000000068e-02
2.002970000000000098e-02
2.903510000000000119e-02
3.488209999999999922e-02
3.699270000000000336e-02
3.968060000000000337e-02
4.055589999999999890e-02
3.682110000000000244e-02
2.910640000000000102e-02
1.481979999999999929e-02
-1.310279999999999952e-02
-3.447420000000000345e-02
-4.640269999999999812e-02
-5.449520000000000058e-02
-5.670599999999999946e-02
-5.224519999999999859e-02
-4.235719999999999763e-02
-2.297530000000000058e-02
-2.299990000000000021e-03
9.438890000000000127e-03
1.001909999999999953e-02
6.458519999999999713e-03
6.635770000000000036e-03
9.374010000000000328e-03
1.573190000000000005e-02
2.101249999999999993e-02
2.162120000000000014e-02
2.586849999999999913e-02
3.229730000000000101e-02
3.681589999999999863e-02
3.587039999999999673e-02
3.146639999999999854e-02
1.746699999999999989e-02
3.005640000000000178e-04
-1.231499999999999956e-02
-1.944600000000000148e-02
-2.588369999999999907e-02
-3.221179999999999877e-02
-3.660229999999999734e-02
-3.996290000000000259e-02
-4.873489999999999767e-02
-6.228800000000000309e-02
-7.180730000000000446e-02
-6.673980000000000190e-02
-5.252459999999999768e-02
-2.163179999999999964e-02
1.428899999999999962e-02
3.747960000000000180e-02
4.774180000000000090e-02
4.779760000000000258e-02
3.644469999999999654e-02
2.227950000000000069e-02
7.637569999999999776e-03
-5.112239999999999666e-03
-8.032380000000000422e-03
-7.473770000000000240e-03
-5.220699999999999993e-03
-9.866429999999999385e-04
-4.509349999999999779e-05
-4.463130000000000049e-03
-1.288120000000000064e-02
-2.543950000000000031e-02
-3.780540000000000289e-02
-4.632159999999999750e-02
-5.191660000000000025e-02
-5.276449999999999890e-02
-4.869269999999999848e-02
-3.812410000000000104e-02
-2.190409999999999927e-02
-6.122210000000000325e-04
2.203400000000000150e-02
4.582039999999999724e-02
5.919680000000000081e-02
6.100719999999999754e-02
5.340919999999999696e-02
4.184249999999999775e-02
2.776999999999999955e-02
1.492809999999999970e-02
6.326830000000000301e-03
-4.362580000000000234e-04
-3.510339999999999815e-03
-6.289720000000000380e-03
-1.063180000000000028e-02
-1.299200000000000008e-02
-1.054079999999999948e-02
-6.494129999999999868e-03
-1.357410000000000084e-03
8.552409999999999873e-03
2.545299999999999993e-02
5.172580000000000233e-02
7.422270000000000256e-02
8.285579999999999334e-02
8.721529999999999561e-02
8.380640000000000311e-02
7.260679999999999912e-02
5.546340000000000298e-02
4.279170000000000196e-02
4.155770000000000297e-02
4.416010000000000074e-02
4.767489999999999922e-02
5.500859999999999778e-02
5.308630000000000293e-02
3.315280000000000310e-02
5.131649999999999753e-03
-2.613930000000000073e-02
-5.761290000000000161e-02
-7.766499999999999793e-02
-9.328369999999999718e-02
-9.905629999999999991e-02
-9.663199999999999568e-02
-8.674880000000000091e-02
-6.956800000000000483e-02
-4.118610000000000326e-02
-1.717149999999999926e-02
-1.971800000000000061e-04
1.497290000000000079e-02
2.498759999999999870e-02
3.020400000000000168e-02
3.561670000000000114e-02
4.171880000000000033e-02
5.198699999999999849e-02
6.213899999999999979e-02
6.716969999999999885e-02
6.451709999999999390e-02
5.171739999999999671e-02
1.987809999999999924e-02
-2.109199999999999964e-02
-5.459019999999999845e-02
-8.050269999999999648e-02
-8.906239999999999990e-02
-9.218579999999999830e-02
-8.826499999999999624e-02
-7.711560000000000636e-02
-5.648330000000000017e-02
-4.181429999999999869e-02
-3.463870000000000143e-02
-3.601010000000000322e-02
-4.039299999999999835e-02
-3.318249999999999672e-02
-2.805830000000000130e-02
-2.936779999999999946e-02
-3.358909999999999674e-02
-3.613809999999999939e-02
-2.690040000000000139e-02
-1.739790000000000086e-02
-1.533540000000000077e-02
-1.520700000000000003e-02
-1.642050000000000107e-02
-1.486050000000000045e-02
-8.531989999999999713e-03
-1.878740000000000054e-03
4.435709999999999827e-03
8.673699999999999466e-03
1.092330000000000037e-02
1.177390000000000034e-02
1.098559999999999988e-02
7.810540000000000364e-03
4.404560000000000072e-03
6.896470000000000031e-03
1.528909999999999991e-02
2.365980000000000166e-02
3.053979999999999889e-02
3.686570000000000125e-02
4.272139999999999965e-02
4.739460000000000200e-02
6.015149999999999664e-02
7.439289999999999792e-02
7.362159999999999538e-02
6.877869999999999817e-02
6.265790000000000248e-02
4.684880000000000294e-02
1.389029999999999952e-02
-1.965990000000000099e-02
-4.870599999999999929e-02
-7.665339999999999654e-02
-1.076799999999999979e-01
-1.283829999999999971e-01
-1.421570000000000056e-01
-1.441890000000000116e-01
-1.376429999999999876e-01
-1.216079999999999939e-01
-1.015339999999999993e-01
-7.493339999999999723e-02
-3.714950000000000196e-02
-7.592859999999999887e-03
2.035040000000000113e-02
4.155629999999999741e-02
4.993369999999999753e-02
4.760430000000000217e-02
3.099019999999999900e-02
1.248860000000000074e-02
-3.650089999999999932e-03
-1.038530000000000009e-02
-1.565050000000000122e-02
-1.413629999999999921e-02
-3.175009999999999812e-03
1.893919999999999979e-02
5.765010000000000273e-02
1.021559999999999968e-01
1.182389999999999969e-01
1.311890000000000001e-01
1.451689999999999925e-01
1.491580000000000128e-01
1.411280000000000034e-01
1.321700000000000097e-01
1.080919999999999936e-01
9.366560000000000163e-02
7.949230000000000185e-02
5.236400000000000082e-02
2.613450000000000148e-02
1.675669999999999937e-02
9.111070000000000627e-03
3.601179999999999833e-03
4.475370000000000216e-03
1.176549999999999992e-02
2.107049999999999895e-02
3.452700000000000213e-02
4.665119999999999684e-02
5.051830000000000209e-02
5.324829999999999841e-02
5.233990000000000170e-02
4.471230000000000343e-02
1.951419999999999891e-02
-2.514430000000000137e-02
-6.532430000000000181e-02
-9.706049999999999400e-02
-1.103699999999999959e-01
-1.113699999999999968e-01
-1.077530000000000016e-01
-9.936680000000000512e-02
-7.704379999999999562e-02
-3.732880000000000226e-02
1.526889999999999931e-03
2.847759999999999875e-02
3.984750000000000097e-02
3.856249999999999956e-02
3.338030000000000164e-02
3.299370000000000080e-02
3.065700000000000022e-02
2.422950000000000104e-02
7.453089999999999889e-03
-1.919939999999999841e-02
-3.759049999999999891e-02
-4.851919999999999844e-02
-5.473480000000000012e-02
-5.194420000000000287e-02
-4.828989999999999672e-02
-4.745239999999999875e-02
-4.548869999999999997e-02
-4.476959999999999967e-02
-4.619600000000000095e-02
-4.754930000000000268e-02
-4.657970000000000166e-02
-4.221609999999999946e-02
-3.921449999999999936e-02
-3.414999999999999980e-02
-2.995410000000000086e-02
-3.294539999999999969e-02
-3.918520000000000336e-02
-5.051289999999999947e-02
-5.857169999999999738e-02
-5.700159999999999949e-02
-4.837430000000000202e-02
-3.222130000000000133e-02
-3.244770000000000119e-03
2.303080000000000058e-02
3.961379999999999763e-02
4.834440000000000265e-02
4.739419999999999744e-02
3.924419999999999992e-02
2.435609999999999858e-02
7.040870000000000288e-03
-9.846749999999999600e-03
-2.175300000000000150e-02
-2.690700000000000036e-02
-2.568389999999999909e-02
-1.374159999999999965e-02
2.369350000000000102e-03
1.022389999999999931e-02
9.911230000000000040e-03
4.799780000000000019e-03
-1.044629999999999951e-03
-7.834110000000000032e-03
-1.244819999999999954e-02
-1.435499999999999970e-02
-1.498799999999999959e-02
-1.073479999999999920e-02
-3.659490000000000052e-03
1.102999999999999987e-02
1.786839999999999956e-02
1.461709999999999919e-02
1.013140000000000047e-02
5.092389999999999591e-03
3.568720000000000052e-03
6.854410000000000017e-03
1.211339999999999986e-02
1.340429999999999920e-02
1.249319999999999944e-02
4.737810000000000285e-03
-1.165710000000000010e-02
-2.961530000000000065e-02
-4.276959999999999790e-02
-4.777039999999999759e-02
-3.907929999999999737e-02
-1.585100000000000051e-02
1.366419999999999961e-02
4.105219999999999703e-02
7.910159999999999414e-02
9.909479999999999678e-02
1.108350000000000030e-01
1.202539999999999998e-01
1.242329999999999962e-01
1.177829999999999988e-01
1.001989999999999964e-01
6.283500000000000196e-02
2.161849999999999883e-02
-1.156279999999999981e-02
-4.228760000000000158e-02
-7.044540000000000524e-02
-9.145040000000000113e-02
-1.136660000000000031e-01
-1.293700000000000128e-01
-1.290880000000000083e-01
-1.215050000000000019e-01
-9.312819999999999432e-02
-5.260789999999999911e-02
-1.743760000000000102e-02
1.069230000000000007e-02
3.377750000000000197e-02
5.001359999999999834e-02
4.932469999999999910e-02
4.183869999999999950e-02
3.584930000000000061e-02
3.039309999999999928e-02
2.686869999999999883e-02
2.224910000000000082e-02
1.768029999999999949e-02
9.842939999999999676e-03
5.673769999999999855e-04
-5.964679999999999982e-03
-7.875639999999999724e-03
-3.152209999999999908e-03
1.899709999999999940e-02
4.483820000000000167e-02
5.151660000000000267e-02
4.441500000000000309e-02
3.058179999999999926e-02
9.914549999999999405e-03
-9.134190000000000365e-03
-2.281860000000000138e-02
-3.352220000000000200e-02
-4.129209999999999825e-02
-4.950600000000000139e-02
-5.892909999999999815e-02
-6.569579999999999864e-02
-6.687360000000000526e-02
-6.502969999999999584e-02
-6.304490000000000094e-02
-5.823620000000000185e-02
-4.608109999999999984e-02
-3.018360000000000140e-02
-2.118139999999999953e-02
-1.597300000000000109e-02
-1.196589999999999980e-02
-1.037420000000000009e-02
-7.565960000000000046e-03
-4.546810000000000088e-03
-3.076779999999999880e-03
-6.318950000000000261e-03
-1.041210000000000052e-02
-1.098889999999999936e-02
-7.441279999999999770e-03
1.224770000000000025e-03
2.035210000000000144e-02
3.698180000000000217e-02
4.307049999999999768e-02
4.805210000000000037e-02
5.186890000000000250e-02
5.467419999999999919e-02
5.632050000000000251e-02
5.915610000000000313e-02
6.163930000000000103e-02
5.475689999999999724e-02
3.521350000000000174e-02
-2.973120000000000103e-03
-3.563859999999999945e-02
-4.812389999999999723e-02
-5.211360000000000298e-02
-4.798229999999999856e-02
-3.937709999999999821e-02
-2.912330000000000127e-02
-2.185869999999999827e-02
-1.726890000000000022e-02
-1.309279999999999992e-02
-8.908940000000000609e-03
3.212310000000000013e-04
1.652160000000000087e-02
4.262679999999999941e-02
7.069440000000000446e-02
8.184199999999999808e-02
8.213249999999999718e-02
7.801279999999999326e-02
5.600959999999999966e-02
2.962470000000000034e-02
1.960210000000000077e-02
1.722809999999999966e-02
1.603440000000000074e-02
1.930339999999999834e-02
2.816089999999999913e-02
3.683150000000000313e-02
4.608339999999999659e-02
5.237870000000000026e-02
5.291760000000000214e-02
4.604389999999999872e-02
3.520329999999999987e-02
2.103040000000000118e-02
6.788289999999999776e-03
-2.372120000000000131e-03
-1.351890000000000036e-02
-2.676359999999999850e-02
-3.789850000000000163e-02
-4.365650000000000086e-02
-4.790259999999999657e-02
-5.216269999999999935e-02
-5.644550000000000262e-02
-6.002160000000000134e-02
-6.339789999999999315e-02
-6.004810000000000009e-02
-5.230470000000000258e-02
-3.576200000000000212e-02
-1.428659999999999999e-02
7.977939999999999988e-04
1.219450000000000048e-02
2.068410000000000040e-02
2.638729999999999895e-02
3.080250000000000002e-02
3.715750000000000303e-02
4.364930000000000199e-02
4.791480000000000045e-02
5.412600000000000050e-02
6.582240000000000313e-02
6.859669999999999657e-02
6.712269999999999348e-02
6.384299999999999697e-02
4.926169999999999854e-02
3.697009999999999880e-02
2.891650000000000123e-02
1.389759999999999954e-02
1.564319999999999903e-03
-5.786859999999999574e-03
-1.168809999999999988e-02
-1.270010000000000062e-02
-8.879150000000000584e-03
-2.263760000000000078e-03
4.390500000000000305e-03
5.389599999999999599e-03
-4.114510000000000042e-03
-2.273040000000000130e-02
-4.167150000000000021e-02
-5.199700000000000155e-02
-5.505489999999999690e-02
-5.416510000000000075e-02
-5.709129999999999761e-02
-6.029140000000000194e-02
-5.868729999999999780e-02
-5.005439999999999889e-02
-3.531059999999999754e-02
-1.396189999999999931e-02
7.387180000000000135e-03
1.765600000000000155e-02
1.690250000000000086e-02
9.650870000000000629e-03
2.465540000000000006e-03
-6.135500000000000329e-04
2.587470000000000134e-03
1.049660000000000003e-02
2.039470000000000172e-02
2.821960000000000093e-02
3.385309999999999708e-02
3.763840000000000241e-02
3.549100000000000171e-02
3.071310000000000012e-02
2.498660000000000117e-02
2.389689999999999870e-02
2.333469999999999989e-02
2.157490000000000102e-02
7.752649999999999819e-03
-1.653960000000000152e-02
-3.863280000000000186e-02
-5.723190000000000222e-02
-7.156270000000000686e-02
-8.006399999999999628e-02
-7.981489999999999418e-02
-7.640199999999999769e-02
-7.008390000000000453e-02
-6.304490000000000094e-02
-5.607600000000000084e-02
-5.305180000000000312e-02
-5.496949999999999753e-02
-6.672649999999999415e-02
-7.911609999999999476e-02
-8.337579999999999991e-02
-7.808850000000000513e-02
-6.658619999999999817e-02
-4.122569999999999707e-02
7.666570000000000155e-04
3.883640000000000009e-02
6.991940000000000655e-02
9.255410000000000026e-02
1.050190000000000012e-01
1.160800000000000026e-01
1.233940000000000037e-01
1.176429999999999976e-01
1.148519999999999958e-01
1.196310000000000012e-01
1.206610000000000044e-01
1.195480000000000015e-01
1.044000000000000067e-01
7.975390000000000257e-02
5.657310000000000116e-02
3.951289999999999664e-02
1.615609999999999963e-02
-8.662970000000000739e-03
-1.647590000000000166e-02
-1.737779999999999880e-02
-2.049029999999999949e-02
-2.461050000000000043e-02
-2.591720000000000135e-02
-2.537999999999999978e-02
-2.227550000000000016e-02
-1.571679999999999952e-02
5.802049999999999786e-04
1.201529999999999959e-02
1.433609999999999919e-02
1.074289999999999967e-02
1.353730000000000037e-03
-1.687229999999999980e-02
-3.619180000000000313e-02
-5.963799999999999657e-02
-8.957239999999999647e-02
-1.184560000000000057e-01
-1.443290000000000128e-01
-1.606450000000000100e-01
-1.617159999999999986e-01
-1.572669999999999901e-01
-1.437799999999999911e-01
-1.203670000000000018e-01
-8.928049999999999875e-02
-4.970170000000000143e-02
1.474190000000000049e-02
6.784690000000000165e-02
1.091010000000000035e-01
1.386670000000000125e-01
1.552840000000000054e-01
1.365679999999999950e-01
8.324620000000000630e-02
4.479149999999999798e-02
-1.009769999999999938e-02
-5.863120000000000137e-02
-7.795889999999999764e-02
-8.350190000000000390e-02
-7.162140000000000173e-02
-4.945270000000000221e-02
-3.317019999999999691e-02
-1.794029999999999930e-02
6.209970000000000420e-03
2.754559999999999995e-02
5.025639999999999968e-02
7.054359999999999797e-02
8.251269999999999438e-02
8.370089999999999475e-02
8.201419999999999544e-02
7.773770000000000679e-02
6.690599999999999326e-02
4.061909999999999826e-02
1.881999999999999992e-02
-1.589499999999999984e-03
-1.013280000000000083e-03
1.725060000000000135e-02
3.485270000000000035e-02
3.390230000000000327e-02
2.730559999999999932e-02
3.843259999999999732e-02
5.881080000000000335e-02
7.777230000000000254e-02
9.561350000000000404e-02
1.032740000000000047e-01
1.060060000000000030e-01
1.098650000000000043e-01
9.995410000000000406e-02
8.372920000000000362e-02
6.489200000000000523e-02
3.215350000000000152e-02
-1.798119999999999927e-02
-5.439039999999999847e-02
-7.918160000000000476e-02
-8.912290000000000489e-02
-8.658499999999999530e-02
-8.268349999999999311e-02
-8.150930000000000675e-02
-8.118350000000000566e-02
-8.931250000000000300e-02
-9.729290000000000160e-02
-1.009469999999999951e-01
-1.013499999999999956e-01
-9.792639999999999678e-02
-9.094689999999999719e-02
-8.303800000000000070e-02
-7.454800000000000315e-02
-6.101609999999999673e-02
-4.225700000000000289e-02
-2.041290000000000118e-02
9.013719999999999372e-03
3.654210000000000097e-02
5.502599999999999852e-02
7.225270000000000303e-02
8.144600000000000450e-02
9.661699999999999455e-02
1.242090000000000000e-01
1.390520000000000089e-01
1.502320000000000044e-01
1.552399999999999891e-01
1.454729999999999912e-01
1.226089999999999958e-01
8.150670000000000137e-02
4.266609999999999847e-02
9.614420000000000258e-03
-3.413359999999999832e-03
1.198550000000000049e-03
1.661100000000000076e-02
3.210079999999999878e-02
3.604220000000000340e-02
3.428470000000000129e-02
2.526470000000000105e-02
1.173210000000000051e-02
-6.814589999999999710e-03
-2.832109999999999836e-02
-5.369229999999999836e-02
-7.892280000000000129e-02
-1.003629999999999939e-01
-1.268299999999999983e-01
-1.393149999999999944e-01
-1.367949999999999999e-01
-1.320959999999999912e-01
-1.217710000000000042e-01
-1.065969999999999973e-01
-8.321520000000000306e-02
-4.921240000000000336e-02
-1.508420000000000073e-02
1.984069999999999931e-02
3.417619999999999686e-02
3.335570000000000201e-02
3.046170000000000128e-02
1.941199999999999870e-02
2.227429999999999861e-03
-1.069640000000000001e-02
-2.501449999999999854e-02
-4.959329999999999988e-02
-7.338359999999999328e-02
-9.740690000000000459e-02
-1.216779999999999945e-01
-1.358459999999999945e-01
-1.314349999999999963e-01
-1.161660000000000054e-01
-8.135870000000000601e-02
-3.498310000000000308e-02
3.044649999999999874e-03
3.806770000000000292e-02
6.163119999999999710e-02
8.269450000000000411e-02
1.000989999999999935e-01
1.054049999999999987e-01
1.032700000000000007e-01
9.437429999999999430e-02
8.255619999999999625e-02
6.392730000000000634e-02
3.749340000000000311e-02
2.323530000000000040e-02
1.514740000000000010e-02
7.792050000000000018e-03
8.048100000000000739e-03
1.153610000000000052e-02
1.763270000000000115e-02
2.607179999999999914e-02
3.173970000000000263e-02
3.516760000000000025e-02
3.772919999999999746e-02
3.815090000000000148e-02
3.469930000000000236e-02
2.787310000000000135e-02
1.635050000000000045e-02
-9.855090000000000378e-03
-3.515440000000000231e-02
-5.936840000000000173e-02
-8.025949999999999751e-02
-9.329600000000000393e-02
-9.869890000000000607e-02
-9.904939999999999578e-02
-9.467240000000000377e-02
-8.679270000000000040e-02
-7.218890000000000029e-02
-4.562220000000000164e-02
-1.420839999999999950e-02
1.343259999999999940e-02
4.086669999999999886e-02
6.080030000000000157e-02
6.619500000000000384e-02
6.470940000000000025e-02
5.980080000000000118e-02
5.304430000000000256e-02
4.580859999999999793e-02
3.660259999999999903e-02
2.957339999999999969e-02
2.402110000000000009e-02
2.127849999999999880e-02
2.194219999999999851e-02
2.363749999999999879e-02
3.167079999999999895e-02
4.128190000000000331e-02
4.504169999999999702e-02
4.951830000000000120e-02
5.312420000000000336e-02
6.061609999999999915e-02
6.807069999999999788e-02
7.239310000000000189e-02
7.029150000000000675e-02
6.762089999999999768e-02
6.346190000000000164e-02
6.084110000000000212e-02
4.594630000000000242e-02
3.351529999999999787e-02
1.417380000000000029e-02
-1.263060000000000051e-02
-2.616560000000000066e-02
-3.666259999999999658e-02
-5.110429999999999834e-02
-6.115620000000000084e-02
-6.406430000000000458e-02
-6.363149999999999362e-02
-6.128200000000000314e-02
-5.757740000000000080e-02
-5.364680000000000143e-02
-5.169710000000000277e-02
-5.003620000000000290e-02
-4.666449999999999765e-02
-4.228590000000000126e-02
-3.336120000000000058e-02
-1.462579999999999956e-02
9.382659999999999265e-03
3.031630000000000089e-02
4.311569999999999986e-02
4.956719999999999876e-02
4.797570000000000306e-02
3.635359999999999980e-02
1.847499999999999837e-02
5.351899999999999713e-03
7.913520000000000493e-04
2.713759999999999957e-03
1.396099999999999945e-02
2.557560000000000042e-02
2.560569999999999860e-02
2.094949999999999937e-02
7.361450000000000285e-03
-1.139010000000000022e-02
-2.265040000000000109e-02
-2.705130000000000035e-02
-2.685159999999999977e-02
-2.496030000000000124e-02
-2.684900000000000134e-02
-3.060610000000000067e-02
-3.870980000000000254e-02
-5.568349999999999689e-02
-6.887880000000000391e-02
-7.646360000000000656e-02
-7.967409999999999770e-02
-8.063770000000000659e-02
-8.210420000000000218e-02
-7.925609999999999600e-02
-7.135070000000000301e-02
-5.932409999999999767e-02
-4.317909999999999804e-02
-2.726500000000000104e-02
-1.050530000000000040e-02
5.726160000000000104e-03
2.355830000000000077e-02
3.416809999999999986e-02
3.771970000000000184e-02
3.599490000000000328e-02
2.775949999999999945e-02
1.448359999999999925e-02
2.885940000000000033e-03
-5.857269999999999708e-04
1.238069999999999969e-03
8.352359999999999646e-03
1.936830000000000149e-02
3.101500000000000090e-02
3.720070000000000321e-02
3.992810000000000109e-02
4.011329999999999757e-02
3.919279999999999986e-02
3.844079999999999719e-02
3.737959999999999894e-02
3.583460000000000117e-02
2.779140000000000083e-02
1.521650000000000086e-02
8.397210000000000438e-03
2.611309999999999933e-03
-7.547550000000000092e-03
-2.188719999999999902e-02
-3.867600000000000204e-02
-4.892830000000000096e-02
-5.449980000000000102e-02
-5.624370000000000064e-02
-5.468490000000000156e-02
-5.248359999999999831e-02
-4.723279999999999840e-02
-4.002159999999999745e-02
-2.757019999999999957e-02
-1.419250000000000025e-02
3.555179999999999799e-03
2.620039999999999869e-02
5.090469999999999717e-02
7.155290000000000261e-02
8.307119999999999782e-02
8.736449999999999771e-02
9.042319999999999525e-02
8.710310000000000275e-02
7.973230000000000595e-02
7.024980000000000113e-02
6.198510000000000131e-02
4.263490000000000335e-02
2.074929999999999830e-02
5.914609999999999833e-03
-1.143830000000000020e-02
-2.681290000000000062e-02
-3.558299999999999658e-02
-3.723259999999999764e-02
-3.566659999999999969e-02
-2.945800000000000154e-02
-1.271609999999999928e-02
1.091529999999999931e-02
2.856360000000000149e-02
3.712200000000000222e-02
3.841739999999999738e-02
3.778460000000000152e-02
3.549220000000000153e-02
2.844729999999999828e-02
1.674000000000000141e-02
-1.312229999999999950e-03
-2.883259999999999990e-02
-4.930579999999999685e-02
-6.011930000000000052e-02
-6.331530000000000491e-02
-5.793759999999999882e-02
-5.018279999999999963e-02
-3.850579999999999975e-02
-3.032289999999999985e-02
-2.596089999999999856e-02
-2.744100000000000011e-02
-3.416899999999999799e-02
-4.229689999999999839e-02
-4.618950000000000139e-02
-4.656010000000000010e-02
-4.558029999999999721e-02
-4.310250000000000192e-02
-3.783460000000000295e-02
-3.511519999999999919e-02
-3.232240000000000113e-02
-2.930709999999999912e-02
-2.832049999999999845e-02
-2.741690000000000099e-02
-2.323899999999999924e-02
-1.680140000000000106e-02
-9.533039999999999570e-03
-4.142709999999999969e-03
-2.303379999999999837e-03
-3.071410000000000112e-03
-5.578289999999999638e-03
-7.748709999999999799e-03
-8.639549999999999313e-03
-4.179289999999999568e-03
3.109339999999999934e-03
1.092770000000000026e-02
1.589549999999999991e-02
1.888969999999999885e-02
1.964259999999999964e-02
2.220269999999999883e-02
2.617200000000000082e-02
2.927619999999999875e-02
3.230899999999999744e-02
3.421249999999999986e-02
3.641029999999999961e-02
3.929760000000000197e-02
3.994579999999999659e-02
4.100890000000000091e-02
4.584970000000000018e-02
5.146989999999999899e-02
5.514469999999999789e-02
6.174600000000000227e-02
6.989879999999999705e-02
6.857929999999999582e-02
6.115360000000000240e-02
5.513989999999999864e-02
4.960099999999999926e-02
4.576609999999999706e-02
4.152949999999999697e-02
3.429360000000000047e-02
2.776419999999999930e-02
2.401280000000000081e-02
2.883929999999999827e-02
3.719309999999999977e-02
4.468899999999999956e-02
4.021330000000000043e-02
2.932030000000000053e-02
2.265719999999999887e-02
1.263230000000000082e-02
3.942649999999999801e-03
-1.292610000000000026e-03
-7.619650000000000381e-03
-1.580760000000000151e-02
-2.502230000000000079e-02
-3.472580000000000111e-02
-4.514150000000000107e-02
-5.585740000000000149e-02
-6.232730000000000214e-02
-6.486609999999999598e-02
-6.490410000000000623e-02
-6.362220000000000375e-02
-6.139089999999999825e-02
-5.695709999999999662e-02
-5.187900000000000150e-02
-3.901199999999999807e-02
-2.163930000000000020e-02
-4.575280000000000145e-03
1.076099999999999973e-02
1.834130000000000135e-02
1.890500000000000166e-02
1.725370000000000029e-02
1.486129999999999916e-02
1.016030000000000058e-02
8.202569999999999306e-03
8.979720000000000063e-03
1.295840000000000013e-02
1.782519999999999938e-02
2.002280000000000032e-02
1.906149999999999858e-02
1.597389999999999921e-02
6.415429999999999744e-03
-5.096019999999999717e-03
-1.565760000000000068e-02
-2.343709999999999891e-02
-2.908940000000000137e-02
-3.023709999999999939e-02
-2.942120000000000152e-02
-2.911870000000000083e-02
-2.849240000000000106e-02
-2.785009999999999916e-02
-2.710529999999999884e-02
-2.664379999999999873e-02
-2.490650000000000155e-02
-2.055039999999999992e-02
-1.687889999999999877e-02
-1.559720000000000030e-02
-1.539519999999999951e-02
-1.799869999999999942e-02
-1.982770000000000019e-02
-2.354979999999999921e-02
-2.677409999999999859e-02
-2.322990000000000124e-02
-2.046519999999999936e-02
-2.069539999999999921e-02
-1.895149999999999960e-02
-1.502970000000000000e-02
-1.219499999999999924e-02
-7.179890000000000404e-03
-4.718059999999999615e-03
-7.172369999999999961e-03
-1.232100000000000035e-02
-2.277159999999999948e-02
-3.301919999999999855e-02
-3.985169999999999685e-02
-4.165470000000000284e-02
-3.977850000000000136e-02
-3.423729999999999829e-02
-2.507269999999999985e-02
-1.280019999999999943e-02
-1.820290000000000016e-03
5.972719999999999939e-03
1.329860000000000070e-02
1.979579999999999881e-02
2.543710000000000068e-02
2.792450000000000140e-02
3.101299999999999890e-02
3.246349999999999930e-02
2.745039999999999980e-02
2.100089999999999943e-02
1.208019999999999927e-02
3.753390000000000112e-03
-4.292329999999999583e-03
-1.287240000000000086e-02
-1.780570000000000069e-02
-1.702209999999999834e-02
-1.417880000000000008e-02
-1.003420000000000006e-02
-7.436940000000000391e-03
-3.800260000000000183e-03
2.381460000000000174e-03
1.003290000000000085e-02
1.681190000000000115e-02
2.167080000000000048e-02
2.388799999999999951e-02
2.614220000000000085e-02
2.748329999999999870e-02
2.601389999999999952e-02
2.798609999999999987e-02
2.967130000000000115e-02
3.198949999999999710e-02
3.487509999999999916e-02
3.831629999999999758e-02
4.096650000000000291e-02
4.319730000000000097e-02
3.930270000000000291e-02
3.270470000000000321e-02
2.480649999999999869e-02
1.564050000000000162e-02
5.636020000000000266e-03
-3.592740000000000083e-03
-1.257229999999999979e-02
-1.493599999999999962e-02
-1.436839999999999992e-02
-1.423519999999999994e-02
-1.433249999999999975e-02
-1.128419999999999944e-02
-8.715240000000000833e-03
-9.062680000000000041e-03
-1.084650000000000024e-02
-1.374129999999999970e-02
-1.852459999999999871e-02
-2.332470000000000029e-02
-2.943159999999999873e-02
-3.453309999999999713e-02
-3.672750000000000320e-02
-3.749159999999999993e-02
-3.794709999999999750e-02
-3.810790000000000011e-02
-3.685080000000000300e-02
-3.138660000000000061e-02
-2.370979999999999963e-02
-1.669649999999999954e-02
-1.169929999999999928e-02
-9.764919999999999850e-03
-6.715030000000000304e-03
-5.442800000000000242e-03
-5.268319999999999947e-03
-6.650920000000000269e-03
-9.235429999999999334e-03
-7.288860000000000304e-03
-4.367580000000000247e-03
-3.733919999999999947e-03
-3.128600000000000044e-03
-2.245490000000000078e-05
1.505470000000000072e-03
4.305319999999999633e-03
8.142190000000000538e-03
1.064090000000000001e-02
1.238269999999999996e-02
1.250210000000000037e-02
1.111720000000000069e-02
6.706250000000000405e-03
-5.823990000000000460e-04
-7.779679999999999755e-03
-1.294299999999999964e-02
-1.758900000000000047e-02
-2.127940000000000040e-02
-2.317059999999999953e-02
-2.644080000000000041e-02
-2.666249999999999870e-02
-2.394189999999999860e-02
-1.692290000000000114e-02
-6.958090000000000108e-03
4.778089999999999594e-03
1.434619999999999992e-02
2.013790000000000024e-02
2.155129999999999893e-02
2.378250000000000156e-02
2.496980000000000033e-02
2.621760000000000063e-02
2.797720000000000068e-02
2.805819999999999842e-02
2.529769999999999935e-02
2.222429999999999892e-02
1.909419999999999867e-02
1.701559999999999878e-02
1.617060000000000025e-02
1.252080000000000033e-02
1.175600000000000082e-02
1.195479999999999980e-02
1.161440000000000042e-02
1.139790000000000074e-02
1.078199999999999992e-02
8.261859999999999343e-03
5.433580000000000354e-03
2.896230000000000072e-03
-1.337249999999999897e-03
-6.762299999999999735e-03
-1.042369999999999929e-02
-1.056619999999999955e-02
-7.751219999999999638e-03
-9.516839999999999501e-04
7.734920000000000163e-03
1.898120000000000016e-02
2.933030000000000012e-02
3.642730000000000273e-02
4.244200000000000056e-02
4.542410000000000198e-02
4.842099999999999876e-02
4.748920000000000224e-02
4.287719999999999726e-02
3.960290000000000338e-02
3.239210000000000006e-02
2.344790000000000069e-02
1.767219999999999902e-02
1.644589999999999941e-02
1.617470000000000019e-02
1.527700000000000065e-02
1.497990000000000085e-02
1.495660000000000045e-02
1.900750000000000009e-02
2.511270000000000169e-02
3.190969999999999918e-02
3.771700000000000053e-02
4.069980000000000125e-02
4.136909999999999893e-02
4.023940000000000156e-02
3.806620000000000142e-02
3.196820000000000217e-02
2.808650000000000035e-02
2.444100000000000092e-02
1.857289999999999983e-02
1.675750000000000156e-02
1.659309999999999952e-02
1.567460000000000034e-02
1.488800000000000019e-02
1.117549999999999967e-02
4.688020000000000208e-03
-4.133030000000000211e-03
-1.258450000000000020e-02
-2.129280000000000062e-02
-3.274300000000000127e-02
-4.072540000000000188e-02
-4.754039999999999655e-02
-5.455139999999999989e-02
-6.136010000000000075e-02
-6.639390000000000569e-02
-6.827980000000000160e-02
-6.719210000000000460e-02
-6.569650000000000489e-02
-6.403019999999999545e-02
-6.239419999999999689e-02
-5.761750000000000205e-02
-5.215229999999999866e-02
-4.630109999999999781e-02
-3.958380000000000232e-02
-3.036499999999999963e-02
-1.616400000000000128e-02
-7.265589999999999722e-03
-6.749570000000000092e-04
5.639449999999999845e-03
1.102689999999999920e-02
1.624919999999999837e-02
2.092660000000000006e-02
2.238470000000000043e-02
2.159339999999999871e-02
2.033120000000000066e-02
1.397900000000000011e-02
6.612830000000000097e-03
2.776640000000000033e-04
-1.930159999999999992e-03
-2.003859999999999886e-04
2.579349999999999785e-03
4.015129999999999567e-03
6.361610000000000181e-03
1.103600000000000067e-02
1.641209999999999891e-02
2.427549999999999847e-02
3.325399999999999884e-02
4.037229999999999985e-02
4.568149999999999988e-02
4.916500000000000037e-02
4.927240000000000092e-02
4.687199999999999700e-02
4.452779999999999933e-02
4.196840000000000293e-02
4.147619999999999779e-02
4.356430000000000025e-02
4.809490000000000293e-02
5.335859999999999909e-02
5.616199999999999665e-02
6.353649999999999576e-02
7.364199999999999913e-02
7.266209999999999336e-02
6.952719999999999734e-02
6.083159999999999956e-02
4.541739999999999666e-02
3.578920000000000018e-02
2.602120000000000127e-02
1.917380000000000126e-02
1.467470000000000059e-02
1.103050000000000037e-02
1.016859999999999986e-02
9.721759999999999430e-03
7.815630000000000493e-03
4.214569999999999948e-03
2.132610000000000061e-03
-1.949180000000000010e-03
-7.788920000000000392e-03
-1.143599999999999998e-02
-1.634110000000000076e-02
-2.176679999999999934e-02
-2.807250000000000023e-02
-3.425600000000000173e-02
-4.110840000000000327e-02
-4.742819999999999675e-02
-4.878160000000000135e-02
-4.672330000000000233e-02
-4.192690000000000305e-02
-3.775490000000000096e-02
-3.446430000000000327e-02
-3.253740000000000104e-02
-3.309290000000000148e-02
-3.273500000000000021e-02
-3.056820000000000023e-02
-3.257739999999999941e-02
-3.343689999999999857e-02
-3.293680000000000219e-02
-3.500969999999999777e-02
-3.553169999999999940e-02
-3.460860000000000325e-02
-3.387289999999999746e-02
-3.329759999999999664e-02
-3.449250000000000232e-02
-3.788810000000000094e-02
-3.948949999999999683e-02
-4.342030000000000195e-02
-4.663590000000000096e-02
-4.593629999999999936e-02
-4.173580000000000345e-02
-3.564769999999999744e-02
-2.786080000000000154e-02
-2.083640000000000145e-02
-1.276940000000000019e-02
-4.484669999999999629e-03
2.205560000000000073e-03
3.997159999999999602e-03
4.661880000000000190e-03
3.728180000000000209e-03
3.276110000000000046e-03
2.007049999999999806e-03
-7.105160000000000121e-04
-1.263100000000000073e-03
-1.752349999999999958e-03
-4.640599999999999933e-03
-5.962799999999999871e-03
-7.203890000000000120e-03
-1.019340000000000003e-02
-1.576469999999999955e-02
-2.349959999999999896e-02
-2.927010000000000028e-02
-3.324649999999999828e-02
-3.385570000000000246e-02
-3.286019999999999913e-02
-3.047199999999999909e-02
-2.430770000000000153e-02
-2.145789999999999850e-02
-1.951639999999999972e-02
-1.824049999999999977e-02
-1.670889999999999875e-02
-1.481670000000000036e-02
-1.128179999999999981e-02
-5.684169999999999674e-03
-2.169030000000000177e-03
-3.925630000000000157e-04
2.124660000000000085e-05
-2.631450000000000022e-03
-5.082480000000000331e-03
-7.209329999999999905e-03
-8.399359999999999812e-03
-4.058110000000000189e-03
9.629989999999999731e-04
4.928619999999999876e-03
5.996979999999999845e-03
6.030350000000000293e-03
6.938439999999999712e-03
9.700790000000000801e-03
8.540950000000000278e-03
6.016480000000000265e-03
5.472119999999999589e-03
7.850690000000000446e-03
1.032959999999999955e-02
1.337709999999999941e-02
1.826300000000000145e-02
2.076630000000000142e-02
1.906000000000000055e-02
1.748480000000000173e-02
1.425960000000000075e-02
1.014080000000000016e-02
8.202809999999999616e-03
6.823740000000000014e-03
5.313919999999999755e-03
3.800050000000000129e-03
2.444439999999999981e-03
1.267679999999999979e-03
-2.036239999999999871e-04
-1.314470000000000091e-03
-3.012939999999999976e-03
-5.633840000000000202e-03
-9.979729999999999157e-03
-1.249280000000000009e-02
-1.466179999999999914e-02
-1.400589999999999995e-02
-1.218250000000000062e-02
-7.472050000000000046e-03
-3.379210000000000113e-03
-8.104139999999999695e-04
3.248619999999999806e-03
5.638970000000000093e-03
6.783840000000000182e-03
8.078709999999999364e-03
8.602550000000000474e-03
6.929249999999999646e-03
5.605879999999999717e-03
4.545099999999999835e-03
5.711840000000000146e-03
6.029969999999999948e-03
5.717800000000000313e-03
5.986059999999999645e-03
7.345360000000000431e-03
8.993829999999999533e-03
1.085039999999999963e-02
1.347910000000000080e-02
1.728160000000000113e-02
2.045620000000000077e-02
2.288209999999999897e-02
2.768249999999999877e-02
3.007289999999999963e-02
2.909959999999999977e-02
2.649069999999999897e-02
2.090090000000000003e-02
1.347639999999999949e-02
7.607599999999999953e-03
4.742230000000000056e-03
4.850900000000000004e-03
8.509380000000000416e-03
1.554250000000000076e-02
2.086700000000000013e-02
2.530109999999999998e-02
3.139220000000000205e-02
3.650260000000000310e-02
3.708140000000000047e-02
3.737080000000000263e-02
3.795799999999999869e-02
3.809139999999999748e-02
3.674299999999999788e-02
3.216460000000000152e-02
2.476679999999999854e-02
1.371550000000000026e-02
-2.589310000000000049e-04
-9.395590000000000538e-03
-1.584939999999999960e-02
-1.975510000000000113e-02
-2.216840000000000130e-02
-2.352539999999999840e-02
-2.423689999999999872e-02
-2.486560000000000159e-02
-2.415700000000000139e-02
-2.374050000000000119e-02
-2.313810000000000172e-02
-2.371650000000000147e-02
-2.447109999999999910e-02
-2.690949999999999939e-02
-2.999879999999999908e-02
-3.094919999999999963e-02
-3.048230000000000037e-02
-2.715499999999999858e-02
-2.126410000000000106e-02
-1.589389999999999900e-02
-1.368439999999999934e-02
-8.763989999999999281e-03
-2.940569999999999989e-03
2.358610000000000134e-03
4.629979999999999686e-03
7.488680000000000163e-03
8.770530000000000340e-03
8.163580000000000142e-03
7.249740000000000177e-03
4.354819999999999698e-03
3.107350000000000043e-03
1.347950000000000103e-03
-2.056740000000000044e-03
-5.225770000000000241e-03
-7.481520000000000184e-03
-9.696470000000000436e-03
-9.572409999999999947e-03
-8.434820000000000859e-03
-4.309920000000000070e-03
1.483149999999999920e-03
4.459349999999999946e-03
6.899960000000000121e-03
8.971440000000000664e-03
8.637630000000000308e-03
8.456550000000000178e-03
8.347959999999999756e-03
8.208220000000000446e-03
7.873619999999999577e-03
7.681630000000000055e-03
7.514060000000000357e-03
6.790250000000000279e-03
5.046629999999999866e-03
4.757840000000000159e-03
4.603819999999999787e-03
4.527409999999999941e-03
4.330920000000000256e-03
4.360120000000000315e-03
4.058090000000000308e-03
5.123189999999999689e-03
6.359700000000000249e-03
9.314269999999999494e-03
1.462270000000000063e-02
1.839860000000000106e-02
1.742199999999999999e-02
1.535130000000000002e-02
1.650000000000000078e-02
1.716360000000000108e-02
1.669910000000000144e-02
1.781200000000000144e-02
1.783020000000000091e-02
1.607690000000000161e-02
1.165109999999999930e-02
4.344709999999999891e-03
-4.013290000000000086e-03
-1.418630000000000065e-02
-2.132710000000000161e-02
-2.110010000000000011e-02
-2.052290000000000017e-02
-2.055109999999999923e-02
-2.017489999999999908e-02
-1.844689999999999871e-02
-1.500399999999999998e-02
-1.224060000000000079e-02
-6.928939999999999752e-03
-1.276070000000000025e-03
3.548710000000000059e-03
8.788519999999999319e-03
1.394109999999999967e-02
1.691669999999999979e-02
1.627889999999999893e-02
1.566609999999999878e-02
1.232010000000000050e-02
9.437400000000000302e-03
6.483059999999999691e-03
5.605689999999999978e-03
5.724980000000000173e-03
5.186890000000000424e-03
4.656369999999999953e-03
2.867480000000000267e-04
-4.563209999999999836e-03
-8.143730000000000066e-03
-1.296890000000000022e-02
-1.803559999999999885e-02
-2.115329999999999988e-02
-2.546700000000000005e-02
-2.868400000000000116e-02
-3.049090000000000134e-02
-3.218429999999999902e-02
-3.293759999999999744e-02
-3.134209999999999774e-02
-2.923140000000000113e-02
-2.363989999999999841e-02
-1.679280000000000009e-02
-1.243059999999999998e-02
-8.302739999999999426e-03
-3.815069999999999833e-03
1.488409999999999907e-03
4.148609999999999624e-03
2.389490000000000190e-03
-4.397129999999999962e-04
-1.374849999999999944e-03
-3.824220000000000137e-03
-4.558099999999999825e-03
-3.832729999999999904e-03
-1.322590000000000007e-03
3.962829999999999868e-04
4.110900000000000231e-04
3.665920000000000029e-04
6.757020000000000300e-04
5.555140000000000078e-04
7.701350000000000253e-04
5.957370000000000460e-04
3.347650000000000192e-03
6.999299999999999966e-03
8.893399999999999223e-03
9.794640000000000291e-03
1.034090000000000009e-02
8.895590000000000094e-03
8.594179999999999875e-03
8.670570000000000707e-03
8.038129999999999234e-03
6.170020000000000018e-03
4.841179999999999616e-03
3.455440000000000161e-03
3.269960000000000141e-03
1.680059999999999930e-03
8.504190000000000447e-04
1.042500000000000024e-03
1.039259999999999967e-03
-3.482359999999999774e-04
-4.228420000000000095e-03
-9.292860000000000009e-03
-1.192020000000000059e-02
-1.622909999999999978e-02
-2.389449999999999907e-02
-2.893379999999999910e-02
-3.007050000000000001e-02
-3.231180000000000163e-02
-3.418029999999999680e-02
-3.582769999999999705e-02
-3.546230000000000215e-02
-3.171709999999999807e-02
-2.709050000000000000e-02
-2.130519999999999983e-02
-1.116900000000000011e-02
3.167870000000000148e-04
7.577920000000000142e-03
1.125229999999999980e-02
1.341129999999999926e-02
1.207699999999999919e-02
1.286490000000000029e-02
1.336359999999999978e-02
1.383249999999999931e-02
1.628380000000000105e-02
1.688330000000000039e-02
1.476680000000000006e-02
1.341760000000000001e-02
1.188690000000000059e-02
1.258379999999999915e-02
1.539910000000000063e-02
1.884979999999999989e-02
2.007449999999999860e-02
2.097989999999999924e-02
2.004699999999999885e-02
1.791850000000000040e-02
1.464370000000000081e-02
8.917259999999999770e-03
5.854159999999999746e-03
3.049150000000000037e-03
4.608400000000000126e-04
-3.632830000000000087e-03
-5.275209999999999795e-03
-3.338279999999999893e-03
-4.813160000000000246e-04
2.173720000000000079e-03
4.693570000000000207e-03
7.782050000000000425e-03
1.113019999999999982e-02
1.392449999999999938e-02
1.806670000000000151e-02
2.046500000000000055e-02
2.400089999999999862e-02
2.565819999999999906e-02
2.802170000000000008e-02
2.810040000000000107e-02
2.717280000000000043e-02
2.525029999999999983e-02
2.142710000000000101e-02
1.717050000000000173e-02
1.448039999999999917e-02
1.046180000000000027e-02
7.130909999999999853e-03
6.045189999999999765e-03
5.968539999999999610e-03
5.529349999999999717e-03
7.179439999999999607e-03
1.103230000000000009e-02
1.354190000000000081e-02
1.676010000000000000e-02
1.828520000000000145e-02
1.809900000000000050e-02
1.659580000000000083e-02
1.304830000000000052e-02
7.221449999999999918e-03
2.549870000000000088e-03
4.079159999999999752e-04
-2.529179999999999796e-03
-3.033580000000000131e-03
-1.303679999999999986e-03
6.850299999999999922e-04
-1.105389999999999932e-03
-3.337479999999999874e-03
-3.074640000000000012e-03
-4.381490000000000037e-03
-7.044749999999999797e-03
-7.712140000000000141e-03
-7.151320000000000073e-03
-7.449260000000000083e-03
-5.086649999999999852e-03
-2.521699999999999983e-03
-2.834680000000000012e-03
-2.757190000000000075e-03
-3.930300000000000286e-03
-6.899230000000000119e-03
-7.118209999999999815e-03
-8.222639999999999810e-03
-1.119359999999999973e-02
-1.339689999999999978e-02
-1.654419999999999849e-02
-1.931329999999999852e-02
-1.899879999999999972e-02
-1.833419999999999842e-02
-1.820000000000000090e-02
-1.758710000000000134e-02
-1.718909999999999882e-02
-1.665379999999999985e-02
-1.634999999999999995e-02
-1.579279999999999920e-02
-1.551699999999999954e-02
-1.494140000000000051e-02
-1.480300000000000019e-02
-1.433519999999999933e-02
-1.373279999999999987e-02
-9.945290000000000727e-03
-7.976149999999999560e-03
-5.807210000000000150e-03
-1.647220000000000021e-03
3.588850000000000200e-03
5.386150000000000139e-03
7.178010000000000293e-03
9.234710000000000141e-03
1.110339999999999938e-02
1.348350000000000069e-02
1.316909999999999956e-02
1.272030000000000036e-02
1.263500000000000040e-02
1.219800000000000051e-02
1.197089999999999960e-02
9.406950000000000728e-03
6.673570000000000196e-03
6.552370000000000069e-03
4.845219999999999909e-03
3.376300000000000048e-03
1.829239999999999989e-03
1.568979999999999984e-03
1.633719999999999964e-03
1.420449999999999968e-03
1.488540000000000002e-03
3.385220000000000091e-04
-2.733279999999999824e-03
-3.194139999999999827e-03
-2.724489999999999985e-03
-4.516189999999999788e-03
-6.986309999999999916e-03
-6.395089999999999976e-03
-2.796299999999999827e-03
-1.607729999999999923e-03
1.707460000000000054e-03
7.188159999999999862e-03
1.065999999999999934e-02
1.471180000000000057e-02
1.910390000000000005e-02
2.153520000000000087e-02
2.333179999999999976e-02
2.535590000000000066e-02
2.571220000000000103e-02
2.541840000000000072e-02
2.795600000000000168e-02
2.817439999999999875e-02
2.687070000000000083e-02
2.635819999999999830e-02
2.390890000000000029e-02
2.085680000000000173e-02
1.870109999999999828e-02
1.518109999999999946e-02
1.364899999999999967e-02
1.376430000000000015e-02
1.012489999999999918e-02
7.452270000000000422e-03
3.541110000000000091e-03
-2.274410000000000147e-03
-6.127060000000000145e-03
-6.146129999999999649e-03
-6.183039999999999890e-03
-6.436159999999999798e-03
-5.924210000000000066e-03
-2.073830000000000031e-03
8.586530000000000204e-04
3.739319999999999970e-03
6.446780000000000045e-03
6.131479999999999916e-03
5.749269999999999901e-03
5.643740000000000388e-03
4.394930000000000017e-03
-6.712530000000000189e-04
-5.359830000000000323e-03
-8.713040000000000021e-03
-1.404949999999999949e-02
-1.732229999999999881e-02
-1.944310000000000135e-02
-2.109990000000000129e-02
-2.142720000000000041e-02
-1.868150000000000019e-02
-1.586540000000000172e-02
-1.277550000000000040e-02
-1.028600000000000000e-02
-7.399310000000000088e-03
-4.898869999999999614e-03
-7.768280000000000237e-04
4.860490000000000296e-03
6.758229999999999620e-03
6.344690000000000052e-03
5.580270000000000022e-03
3.115479999999999899e-03
-2.407700000000000031e-03
-7.579550000000000003e-03
-1.375239999999999969e-02
-1.992609999999999867e-02
-2.430010000000000156e-02
-2.564510000000000053e-02
-2.837829999999999867e-02
-2.775079999999999908e-02
-2.431950000000000084e-02
-2.263209999999999875e-02
-2.073049999999999893e-02
-1.561839999999999930e-02
-1.029509999999999974e-02
-7.410570000000000004e-03
-5.000659999999999654e-03
-3.182009999999999873e-03
-5.911979999999999839e-03
-7.872989999999999849e-03
-7.837270000000000347e-03
-1.213090000000000002e-02
-1.588880000000000153e-02
-1.760760000000000103e-02
-1.967469999999999983e-02
-1.924529999999999991e-02
-1.896540000000000031e-02
-1.739069999999999852e-02
-1.417329999999999979e-02
-1.101479999999999994e-02
-8.624520000000000103e-03
-5.429889999999999717e-03
-3.576520000000000133e-03
-3.747750000000000213e-03
-3.598319999999999904e-03
-3.389450000000000015e-03
-3.319449999999999831e-03
-3.298629999999999878e-03
-3.170800000000000094e-03
-3.164650000000000189e-03
-2.954899999999999888e-03
-3.857230000000000120e-03
-5.136169999999999798e-03
-6.416919999999999569e-03
-7.398199999999999742e-03
-9.030679999999999263e-03
-1.106550000000000068e-02
-1.082140000000000012e-02
-1.061349999999999967e-02
-1.044800000000000069e-02
-1.167690000000000047e-02
-1.235789999999999979e-02
-1.355379999999999953e-02
-1.364779999999999986e-02
-1.310590000000000019e-02
-1.278609999999999990e-02
-1.147980000000000007e-02
-9.219099999999999170e-03
-6.683989999999999897e-03
-1.609060000000000048e-03
1.719929999999999940e-03
3.034900000000000098e-03
2.734180000000000117e-03
1.951620000000000047e-03
1.154220000000000072e-03
-1.773030000000000092e-03
-4.216840000000000345e-03
-6.497890000000000089e-03
-7.815870000000000803e-03
-8.304310000000000511e-03
-8.569570000000000312e-03
-9.208539999999999434e-03
-7.082689999999999993e-03
-2.706029999999999894e-03
2.404509999999999894e-03
5.998980000000000111e-03
8.712269999999999390e-03
1.255760000000000036e-02
1.269050000000000039e-02
1.232560000000000079e-02
1.218900000000000018e-02
1.159439999999999950e-02
7.989660000000000858e-03
5.625849999999999948e-03
1.850080000000000040e-03
-1.016140000000000012e-03
-4.805489999999999935e-03
-6.400170000000000164e-03
-5.440160000000000308e-03
-2.888009999999999883e-03
-1.365600000000000017e-03
1.222530000000000101e-03
3.755559999999999801e-03
7.547779999999999594e-03
1.172169999999999983e-02
1.338289999999999966e-02
1.602779999999999830e-02
1.577479999999999855e-02
1.386030000000000074e-02
1.271820000000000069e-02
1.290050000000000051e-02
1.224979999999999992e-02
1.322160000000000002e-02
1.404230000000000061e-02
1.373180000000000060e-02
1.324009999999999944e-02
1.255569999999999950e-02
9.566800000000000304e-03
5.639769999999999679e-03
2.331409999999999960e-04
-1.551279999999999933e-03
-5.502540000000000209e-03
-9.493470000000000381e-03
-1.168920000000000028e-02
-1.248759999999999974e-02
-1.111610000000000029e-02
-8.601330000000000781e-03
-4.897580000000000336e-03
-2.276230000000000180e-03
4.196320000000000237e-04
9.355389999999999887e-04
7.798009999999999968e-04
2.289629999999999964e-03
1.112890000000000060e-03
5.597350000000000068e-04
7.345919999999999490e-04
-1.734290000000000094e-03
-6.973369999999999569e-03
-8.625249999999999237e-03
-1.142609999999999980e-02
-1.186800000000000008e-02
-1.145930000000000039e-02
-8.455209999999999462e-03
-5.959189999999999626e-03
-2.854730000000000201e-03
-9.052409999999999884e-04
1.313979999999999966e-03
3.196510000000000063e-03
4.233390000000000070e-03
5.394839999999999705e-03
4.928919999999999829e-03
5.951370000000000098e-03
5.449899999999999710e-03
2.710970000000000046e-03
2.435570000000000183e-03
2.855649999999999942e-03
2.963059999999999999e-03
4.723220000000000196e-03
4.813659999999999987e-03
4.660430000000000128e-03
4.544989999999999621e-03
4.840920000000000292e-03
6.247420000000000057e-03
6.796090000000000290e-03
6.280540000000000254e-03
6.483430000000000096e-03
6.254290000000000023e-03
7.744789999999999661e-03
7.480999999999999803e-03
6.176209999999999686e-03
6.128109999999999981e-03
5.440290000000000403e-03
1.800079999999999909e-03
1.485299999999999945e-03
5.920190000000000521e-04
-7.238309999999999753e-04
-4.451190000000000051e-04
-5.398720000000000515e-04
2.552759999999999730e-04
9.413359999999999740e-04
-2.731880000000000007e-04
-2.022250000000000176e-03
-6.038260000000000155e-03
-8.905170000000000446e-03
-1.121089999999999934e-02
-1.254159999999999997e-02
-1.342789999999999956e-02
-1.414520000000000013e-02
-1.361290000000000069e-02
-1.327069999999999986e-02
-1.216749999999999950e-02
-1.026230000000000024e-02
-8.520450000000000593e-03
-5.551470000000000189e-03
-2.290910000000000168e-03
2.186950000000000005e-03
4.602120000000000342e-03
4.515749999999999799e-03
4.649750000000000237e-03
4.708610000000000226e-03
4.816110000000000183e-03
4.152630000000000036e-03
2.748780000000000147e-03
1.437080000000000085e-03
4.753089999999999854e-04
-1.062199999999999906e-03
-3.368159999999999817e-03
-3.814740000000000058e-03
-3.161479999999999933e-03
-3.328419999999999903e-03
-4.557979999999999888e-04
3.484230000000000053e-03
6.018759999999999735e-03
1.081050000000000066e-02
1.537640000000000014e-02
1.778990000000000085e-02
2.005159999999999929e-02
2.229019999999999960e-02
2.252130000000000104e-02
2.182999999999999871e-02
2.152540000000000009e-02
2.004950000000000135e-02
1.694520000000000054e-02
1.536610000000000059e-02
1.214119999999999956e-02
9.948429999999999426e-03
7.822509999999999533e-03
5.634469999999999930e-03
5.832470000000000189e-03
5.862799999999999609e-03
9.127549999999999900e-03
9.893310000000000645e-03
9.499620000000000286e-03
9.247359999999999608e-03
1.054289999999999915e-02
9.764409999999999409e-03
7.817400000000000390e-03
4.707870000000000284e-03
3.894420000000000000e-03
3.003599999999999933e-03
-3.586359999999999998e-05
-7.597619999999999808e-04
-7.468810000000000206e-04
6.598990000000000324e-04
3.458559999999999846e-03
6.107010000000000390e-03
1.086939999999999955e-02
1.619529999999999928e-02
2.083959999999999979e-02
2.454239999999999894e-02
2.410899999999999849e-02
2.580879999999999980e-02
2.769210000000000074e-02
2.686950000000000102e-02
2.732040000000000163e-02
2.561290000000000094e-02
2.438059999999999880e-02
2.146560000000000135e-02
1.562340000000000083e-02
9.826770000000000296e-03
5.228840000000000224e-03
2.928630000000000209e-03
-2.545269999999999976e-04
-7.810410000000000052e-04
-2.146749999999999787e-03
-5.103950000000000327e-03
-7.739979999999999603e-03
-9.305390000000000189e-03
-1.135070000000000003e-02
-1.384849999999999970e-02
-1.364660000000000005e-02
-1.353009999999999977e-02
-1.477589999999999980e-02
-1.321079999999999997e-02
-1.243000000000000008e-02
-1.131210000000000028e-02
-9.696780000000000330e-03
-8.128079999999999333e-03
-7.283500000000000044e-03
-6.079860000000000299e-03
-2.555850000000000136e-03
-2.567390000000000123e-03
-1.417389999999999926e-03
-1.841469999999999999e-03
-3.410779999999999975e-03
-7.229049999999999886e-03
-9.890909999999999286e-03
-1.318979999999999979e-02
-1.553620000000000001e-02
-1.484010000000000017e-02
-1.478119999999999955e-02
-1.328449999999999943e-02
-9.968190000000000037e-03
-8.156560000000000199e-03
-5.753570000000000385e-03
-4.196870000000000114e-03
-2.483509999999999971e-03
2.271920000000000094e-05
-4.833609999999999957e-05
-7.896680000000000431e-06
-2.767840000000000144e-03
-4.651080000000000145e-03
-4.175510000000000332e-03
-4.119069999999999850e-03
-4.326840000000000200e-03
-4.171440000000000217e-03
-3.930549999999999669e-03
-2.391990000000000088e-03
-1.457139999999999998e-03
-1.807900000000000089e-03
-7.352049999999999514e-04
-3.154669999999999935e-04
-1.691929999999999910e-03
-3.167829999999999951e-03
-3.864170000000000105e-03
-3.478619999999999976e-03
-3.693469999999999913e-03
-2.530430000000000179e-03
-1.192820000000000035e-03
3.188849999999999801e-04
1.049929999999999917e-03
8.920770000000000175e-04
9.489589999999999788e-04
9.365940000000000116e-04
8.505480000000000158e-04
7.872029999999999913e-04
4.825049999999999890e-04
-2.158039999999999958e-03
-7.153259999999999827e-03
-1.222490000000000035e-02
-1.564859999999999862e-02
-1.782660000000000147e-02
-2.023590000000000111e-02
-2.134890000000000052e-02
-1.889290000000000067e-02
-1.439370000000000059e-02
-1.049300000000000059e-02
-7.470459999999999948e-03
-4.490290000000000080e-03
1.000669999999999945e-03
2.036930000000000164e-03
-2.202060000000000042e-03
-2.322149999999999822e-03
-3.156009999999999892e-03
-5.859149999999999602e-03
-6.574019999999999864e-03
-8.697319999999999704e-03
-1.000219999999999929e-02
-9.673130000000000270e-03
-7.640980000000000341e-03
-5.251630000000000187e-03
-3.937340000000000111e-03
-2.617389999999999821e-03
-8.628349999999999475e-04
3.682569999999999811e-04
1.904850000000000033e-03
2.680070000000000108e-03
1.864210000000000042e-03
4.290399999999999986e-04
-1.763349999999999900e-03
-6.806050000000000121e-03
-8.688559999999999686e-03
-9.578339999999999424e-03
-9.391419999999999282e-03
-6.505640000000000034e-03
-3.611150000000000037e-03
-9.450010000000000007e-04
1.619720000000000057e-03
4.436660000000000256e-03
6.297529999999999968e-03
7.367040000000000047e-03
8.504120000000000429e-03
8.610239999999999908e-03
7.991250000000000089e-03
6.460920000000000205e-03
4.222140000000000094e-03
1.518419999999999926e-03
9.531969999999999473e-05
-7.807340000000000503e-04
-8.222229999999999643e-04
-1.892739999999999906e-04
2.011619999999999988e-03
4.792870000000000290e-03
7.239390000000000061e-03
9.593739999999999907e-03
1.014810000000000018e-02
9.170420000000000307e-03
7.629129999999999592e-03
6.264370000000000008e-03
4.987970000000000424e-03
4.931299999999999573e-03
4.763820000000000207e-03
4.767989999999999728e-03
3.719549999999999853e-03
2.298750000000000012e-03
2.249570000000000215e-03
2.363019999999999964e-03
2.031310000000000147e-03
2.789970000000000123e-03
4.141539999999999978e-03
5.473269999999999698e-03
6.359749999999999952e-03
6.250480000000000098e-03
6.074689999999999777e-03
6.015190000000000120e-03
5.797410000000000237e-03
5.715040000000000224e-03
5.562629999999999832e-03
5.397489999999999580e-03
5.716210000000000215e-03
7.223659999999999803e-03
7.218060000000000101e-03
8.223680000000000573e-03
9.193230000000000152e-03
8.797120000000000287e-03
8.516050000000000703e-03
8.328669999999999823e-03
8.124070000000000596e-03
7.881459999999999855e-03
7.701460000000000250e-03
6.557740000000000270e-03
3.156879999999999929e-03
1.682410000000000069e-03
-5.193609999999999763e-04
-2.074589999999999854e-03
-1.767260000000000098e-03
-1.934849999999999895e-03
-1.928550000000000013e-03
-2.010669999999999992e-03
-1.803310000000000026e-03
-1.961549999999999839e-03
-1.836160000000000092e-03
-1.951730000000000045e-03
-1.642339999999999946e-03
-1.846460000000000072e-03
-1.645439999999999967e-03
-1.600779999999999998e-03
1.722720000000000067e-03
2.820749999999999907e-03
2.612890000000000091e-03
3.911720000000000149e-04
-2.189099999999999813e-03
-5.062170000000000385e-03
-8.142790000000000444e-03
-8.931180000000000369e-03
-1.018669999999999992e-02
-1.033339999999999953e-02
-1.002349999999999942e-02
-9.778369999999999770e-03
-9.614060000000000661e-03
-9.266500000000000431e-03
-9.876970000000000541e-03
-9.991599999999999787e-03
-8.445549999999999585e-03
-8.260860000000000078e-03
-8.208200000000000565e-03
-7.930649999999999158e-03
-7.609330000000000087e-03
-7.489950000000000427e-03
-7.267100000000000296e-03
-7.146429999999999623e-03
-6.412310000000000058e-03
-4.131069999999999708e-03
-1.930580000000000100e-03
-2.045509999999999950e-03
7.841880000000000074e-04
2.940889999999999824e-03
2.577579999999999889e-03
2.413220000000000209e-03
2.617840000000000184e-03
1.296630000000000005e-03
-1.354460000000000039e-03
-5.492870000000000391e-03
-8.096410000000000065e-03
-8.726299999999999335e-03
-9.959390000000000256e-03
-1.002590000000000078e-02
-9.597440000000000485e-03
-9.238579999999999709e-03
-6.900339999999999599e-03
-4.606139999999999887e-03
-4.233370000000000188e-03
-4.142909999999999648e-03
-2.409019999999999998e-03
-1.010009999999999988e-03
3.381069999999999800e-04
1.754759999999999957e-03
2.980420000000000118e-03
4.418700000000000232e-03
5.265739999999999657e-03
5.163570000000000139e-03
4.432290000000000188e-03
2.912399999999999885e-03
2.688920000000000025e-03
2.964759999999999878e-03
4.371479999999999637e-03
7.539790000000000207e-03
1.179649999999999969e-02
1.342999999999999923e-02
1.403820000000000068e-02
1.658290000000000111e-02
1.711499999999999827e-02
1.602560000000000096e-02
1.407979999999999995e-02
1.299059999999999972e-02
1.099229999999999999e-02
8.785849999999999563e-03
6.189449999999999986e-03
3.854610000000000068e-03
2.615230000000000072e-03
1.250529999999999914e-03
-2.344129999999999933e-04
-1.220500000000000014e-03
-1.134840000000000024e-03
-1.697189999999999897e-03
-3.234219999999999890e-03
-4.380170000000000070e-03
-5.418300000000000026e-03
-5.499180000000000214e-03
-7.396139999999999833e-03
-9.571029999999999469e-03
-9.317809999999999288e-03
-1.007669999999999920e-02
-1.127530000000000025e-02
-1.233899999999999927e-02
-1.260460000000000053e-02
-1.340949999999999954e-02
-1.632629999999999845e-02
-1.622229999999999853e-02
-1.538609999999999978e-02
-1.509779999999999976e-02
-1.478229999999999995e-02
-1.431570000000000065e-02
-1.388580000000000023e-02
-1.342510000000000057e-02
-1.307340000000000065e-02
-1.267450000000000000e-02
-1.226119999999999988e-02
-1.236059999999999937e-02
-1.453770000000000062e-02
-1.552949999999999990e-02
-1.498000000000000026e-02
-1.619670000000000137e-02
-1.833919999999999995e-02
-1.774600000000000136e-02
-1.898580000000000059e-02
-2.122220000000000009e-02
-2.051060000000000036e-02
-1.959349999999999981e-02
-1.930439999999999934e-02
-1.846920000000000159e-02
-1.786559999999999884e-02
-1.475450000000000025e-02
-1.034479999999999948e-02
-5.491349999999999877e-03
9.609800000000000048e-05
5.075230000000000019e-03
6.700389999999999645e-03
9.275550000000000461e-03
1.163770000000000082e-02
1.157410000000000036e-02
1.150739999999999923e-02
1.158080000000000047e-02
1.161599999999999959e-02
1.133619999999999940e-02
9.742199999999999471e-03
6.854400000000000076e-03
4.596040000000000021e-03
1.890369999999999941e-03
7.614539999999999503e-04
-4.435420000000000031e-04
-1.171560000000000093e-03
-5.903160000000000178e-04
1.984490000000000212e-03
3.857070000000000203e-03
5.276190000000000047e-03
6.645830000000000140e-03
8.245489999999999417e-03
9.091359999999999719e-03
8.722650000000000195e-03
9.764639999999999778e-03
1.106749999999999921e-02
1.234419999999999962e-02
1.309860000000000017e-02
1.306019999999999924e-02
1.218739999999999928e-02
1.064889999999999934e-02
1.045420000000000030e-02
1.045130000000000017e-02
1.052239999999999946e-02
1.196490000000000054e-02
1.294649999999999967e-02
1.396799999999999951e-02
1.507789999999999998e-02
1.723780000000000104e-02
1.803909999999999889e-02
1.939350000000000102e-02
2.118719999999999978e-02
2.054699999999999929e-02
2.125099999999999906e-02
2.176169999999999841e-02
2.115099999999999966e-02
1.999110000000000123e-02
1.735959999999999934e-02
1.422370000000000058e-02
1.029910000000000027e-02
5.158450000000000188e-03
3.515540000000000158e-03
2.093929999999999923e-03
2.373360000000000140e-03
3.737770000000000068e-03
4.953830000000000212e-03
7.172150000000000400e-03
9.594059999999999741e-03
1.151600000000000019e-02
1.378200000000000085e-02
1.453430000000000000e-02
1.522480000000000014e-02
1.419959999999999972e-02
1.234500000000000007e-02
8.651590000000000669e-03
5.637790000000000162e-03
2.219469999999999863e-03
-3.870759999999999782e-04
-1.342480000000000062e-03
-2.221089999999999783e-03
-1.918409999999999950e-03
-2.264500000000000020e-03
-9.729139999999999620e-04
1.218109999999999930e-05
2.632859999999999888e-03
4.373529999999999605e-03
6.824829999999999612e-03
6.936150000000000301e-03
6.438880000000000124e-03
3.707509999999999799e-03
3.855959999999999856e-04
-1.952750000000000059e-03
-6.216179999999999969e-03
-1.053540000000000032e-02
-1.340590000000000011e-02
-1.370539999999999953e-02
-1.494119999999999997e-02
-1.621859999999999968e-02
-1.588919999999999916e-02
-1.415369999999999996e-02
-1.271760000000000078e-02
-1.227250000000000042e-02
-1.180570000000000057e-02
-1.116230000000000000e-02
-1.078879999999999943e-02
-9.243899999999999340e-03
-7.840220000000000175e-03
-6.086079999999999789e-03
-4.097459999999999818e-03
-3.096090000000000127e-03
-9.496660000000000518e-04
1.207619999999999961e-03
3.251430000000000032e-03
5.195380000000000310e-03
7.056250000000000022e-03
8.671750000000000638e-03
9.333269999999999414e-03
9.001540000000000583e-03
9.617920000000000288e-03
8.483589999999999187e-03
7.136430000000000030e-03
5.154800000000000181e-03
2.973099999999999788e-03
1.240680000000000081e-03
4.277020000000000192e-04
-1.119409999999999936e-03
-2.438849999999999785e-03
-1.446149999999999996e-03
3.647440000000000166e-04
7.650429999999999731e-04
4.739620000000000269e-04
5.812820000000000226e-04
5.878980000000000013e-04
5.422320000000000221e-04
4.465909999999999802e-04
1.060580000000000068e-04
-9.130850000000000034e-04
-1.672129999999999971e-03
-2.373740000000000051e-03
-2.340070000000000084e-03
-2.265039999999999849e-03
-2.239210000000000159e-03
-2.151160000000000051e-03
-1.485779999999999913e-03
1.391750000000000083e-04
8.537189999999999623e-04
2.626959999999999799e-03
4.529019999999999921e-03
5.541970000000000229e-03
6.801889999999999672e-03
7.009510000000000046e-03
6.533330000000000387e-03
6.104199999999999730e-03
5.094300000000000390e-03
2.934809999999999936e-03
2.602279999999999784e-03
8.275990000000000429e-04
-1.374119999999999942e-03
-2.454070000000000036e-03
-2.560199999999999889e-03
-2.623939999999999953e-03
-2.651629999999999873e-03
-2.595590000000000050e-03
-1.518459999999999905e-03
-5.255270000000000254e-04
-6.076049999999999941e-04
-8.417589999999999751e-04
-9.206690000000000446e-04
-2.444800000000000011e-03
-3.135259999999999957e-03
-3.173389999999999891e-03
-4.333659999999999596e-03
-4.921380000000000372e-03
-4.695709999999999641e-03
-4.575740000000000016e-03
-4.420880000000000296e-03
-4.345680000000000202e-03
-3.288800000000000143e-03
-1.644789999999999924e-03
-7.412299999999999488e-04
2.063149999999999923e-04
8.228820000000000405e-04
7.353929999999999842e-04
4.284569999999999807e-04
2.454050000000000263e-04
-1.084160000000000028e-03
-1.805079999999999922e-03
-2.552990000000000207e-03
-3.128099999999999978e-03
-3.925800000000000123e-03
-4.571060000000000054e-03
-4.316409999999999692e-03
-4.208680000000000233e-03
-4.054130000000000407e-03
-4.245520000000000023e-03
-4.108930000000000221e-03
-3.607509999999999970e-03
-3.488719999999999842e-03
-3.409310000000000031e-03
-3.277980000000000217e-03
-3.128240000000000014e-03
-3.022910000000000180e-03
-2.261949999999999985e-03
-1.721789999999999952e-03
-1.600499999999999926e-03
-8.719510000000000411e-04
-3.603869999999999903e-04
6.112439999999999367e-05
-2.199890000000000040e-05
4.692809999999999950e-04
5.541949999999999481e-04
2.730079999999999855e-04
1.093690000000000027e-04
-2.510209999999999807e-04
-8.482259999999999930e-04
-1.165149999999999996e-03
-1.722140000000000042e-03
-1.999939999999999964e-03
-2.313840000000000167e-03
-2.513210000000000097e-03
-2.805670000000000126e-03
-2.975359999999999810e-03
-2.790729999999999947e-03
-2.691189999999999988e-03
-2.574789999999999978e-03
-2.333930000000000119e-03
-1.907740000000000000e-03
-1.705439999999999907e-03
-1.324019999999999971e-03
-1.192640000000000020e-03
-1.291360000000000077e-03
-1.485449999999999922e-03
-1.538749999999999970e-03
-1.464419999999999914e-03
-1.582419999999999964e-03
-1.668369999999999966e-03
-1.583619999999999993e-03
-1.471330000000000077e-03
-1.480989999999999954e-03
-1.447949999999999932e-03
-1.419190000000000078e-03
-1.336909999999999965e-03
-1.210600000000000044e-03
-1.101159999999999899e-03
-9.861270000000000539e-04
-8.861700000000000349e-04
-7.839900000000000341e-04
-6.911180000000000058e-04
-5.946770000000000528e-04
-5.108689999999999499e-04
-4.253959999999999773e-04
-3.487399999999999983e-04
-2.654080000000000176e-04
-1.968980000000000112e-04
-1.242790000000000073e-04
-8.920459999999999631e-05
-5.330580000000000046e-05
-1.953610000000000088e-05
3.627280000000000277e-05
8.411859999999999791e-05
9.147000000000000345e-05
1.553860000000000061e-04
2.102589999999999939e-04
2.342450000000000044e-04
2.917470000000000241e-04
3.593089999999999847e-04
4.237190000000000270e-04
5.012420000000000504e-04
5.578809999999999802e-04
5.923439999999999652e-04
6.392519999999999843e-04
6.824819999999999888e-04
7.007740000000000366e-04
7.212289999999999890e-04
7.413300000000000054e-04
7.489159999999999697e-04
7.564170000000000052e-04
7.671940000000000140e-04
7.713589999999999986e-04
7.770360000000000461e-04
7.769609999999999494e-04
7.734260000000000180e-04
7.679870000000000316e-04
7.615309999999999701e-04
7.502169999999999629e-04
7.381039999999999520e-04
7.287679999999999722e-04
7.165560000000000289e-04
7.046360000000000210e-04
6.938639999999999825e-04
6.802450000000000033e-04
6.653730000000000278e-04
6.503490000000000442e-04
6.349980000000000077e-04
6.197579999999999843e-04
6.042960000000000432e-04
5.888780000000000360e-04
5.727380000000000448e-04
5.563540000000000065e-04
5.393019999999999672e-04
5.220140000000000067e-04
5.042020000000000356e-04
4.860500000000000237e-04
4.674559999999999913e-04
4.484569999999999789e-04
4.289809999999999912e-04
4.091009999999999851e-04
3.887779999999999968e-04
3.680700000000000183e-04
3.469780000000000108e-04
3.255379999999999992e-04
3.037630000000000256e-04
2.816760000000000184e-04
