7.283150000000000225e-05
7.167670000000000443e-05
7.437139999999999745e-05
8.110279999999999876e-05
8.274389999999999903e-05
6.857259999999999463e-05
5.013200000000000045e-05
6.027979999999999840e-05
5.897519999999999737e-05
5.792290000000000069e-05
7.521369999999999445e-05
1.664469999999999871e-04
9.400739999999999715e-05
1.324930000000000035e-05
1.368049999999999887e-04
2.478809999999999803e-04
1.513870000000000059e-04
6.152030000000000118e-05
2.273160000000000103e-05
9.220270000000000408e-05
2.596419999999999783e-04
3.485559999999999744e-04
2.325220000000000075e-04
-1.346309999999999922e-04
-1.693890000000000142e-05
-1.811420000000000014e-05
-1.547700000000000106e-04
2.248499999999999902e-05
2.901949999999999820e-04
3.325170000000000014e-04
-8.965409999999999937e-05
-2.092080000000000068e-04
-1.773920000000000119e-04
1.530830000000000114e-04
4.678560000000000010e-04
7.324479999999999370e-05
1.450630000000000035e-05
2.391070000000000131e-04
7.843140000000000398e-04
-4.457749999999999799e-04
-1.539229999999999939e-03
-1.150809999999999941e-03
-6.632160000000000008e-04
6.146900000000000389e-05
1.366110000000000024e-03
1.890399999999999980e-03
1.396019999999999987e-03
7.818939999999999918e-04
-9.833619999999999948e-04
-8.022389999999999469e-04
-5.802199999999999979e-04
1.639730000000000050e-03
3.913609999999999658e-03
4.274779999999999726e-03
-3.619370000000000009e-04
-7.404069999999999575e-03
-5.987379999999999612e-03
1.370970000000000001e-03
4.019629999999999731e-03
-7.329940000000000500e-04
-4.054389999999999730e-03
-5.151049999999999900e-03
-2.105210000000000154e-03
1.694750000000000076e-03
9.320440000000000365e-04
2.547590000000000184e-03
-1.519319999999999948e-04
-6.696999999999999611e-04
4.276099999999999693e-03
8.009540000000000756e-03
8.844299999999999384e-03
-1.078399999999999975e-03
-9.532280000000000614e-03
-6.814360000000000209e-03
1.337389999999999933e-03
3.863329999999999889e-04
-2.255370000000000031e-03
-3.797689999999999833e-03
-3.057339999999999971e-03
7.338579999999999930e-04
7.236079999999999336e-05
-3.246129999999999849e-03
-6.500340000000000285e-03
-2.647350000000000137e-03
3.840070000000000115e-03
1.273209999999999967e-02
1.143800000000000025e-02
1.383949999999999894e-03
-1.055709999999999982e-02
-1.414239999999999942e-02
-8.472330000000000139e-03
-1.075159999999999918e-03
8.409089999999999274e-03
5.335239999999999774e-03
-1.390820000000000077e-03
-2.052619999999999792e-03
-8.514899999999999943e-04
6.249570000000000299e-03
9.399920000000000844e-03
8.752289999999999376e-03
1.376950000000000049e-02
3.101159999999999941e-03
-1.089350000000000041e-02
-1.123550000000000069e-02
-7.880969999999999295e-03
-5.009890000000000350e-03
7.467409999999999846e-04
6.382129999999999748e-03
-8.060200000000000004e-03
-1.599099999999999827e-02
-1.103829999999999915e-02
2.266409999999999952e-03
1.142899999999999992e-02
1.890750000000000069e-03
2.618749999999999984e-03
1.258199999999999943e-02
6.412939999999999786e-03
-8.107029999999999445e-03
-9.724049999999999708e-03
-3.314619999999999893e-03
-3.174039999999999934e-03
-2.009389999999999787e-03
-1.660699999999999980e-03
-5.730739999999999792e-03
-5.412769999999999908e-03
-4.783660000000000342e-03
-2.218599999999999826e-03
4.389859999999999769e-03
7.056009999999999713e-03
-4.432670000000000100e-04
-3.509579999999999991e-03
2.029800000000000007e-03
1.068539999999999941e-02
9.411209999999999715e-03
-5.193289999999999712e-03
-1.095559999999999937e-02
-1.914509999999999910e-03
-1.043590000000000056e-03
-7.000630000000000091e-04
6.910989999999999668e-03
9.087549999999999795e-03
5.367360000000000056e-04
-1.357309999999999940e-02
-1.091020000000000011e-02
-1.626360000000000089e-03
-9.278269999999999920e-04
1.592959999999999873e-04
1.314770000000000045e-03
3.658549999999999996e-03
4.037790000000000303e-03
9.394649999999999182e-03
1.407530000000000066e-02
5.521540000000000128e-03
-5.790499999999999640e-03
-1.012869999999999916e-02
-6.354000000000000273e-03
5.685650000000000426e-04
-5.123179999999999748e-03
-1.607509999999999842e-02
-1.750140000000000029e-02
-7.219019999999999604e-03
7.825870000000000395e-03
1.647529999999999828e-02
1.190569999999999996e-02
8.568960000000000032e-04
-8.854699999999999637e-04
-2.781800000000000071e-03
-3.330759999999999884e-03
3.599950000000000198e-03
7.101500000000000173e-03
-9.366460000000000063e-03
-2.760030000000000122e-02
-2.136340000000000114e-02
9.646429999999999241e-03
2.319720000000000115e-02
-2.125300000000000106e-03
-1.102410000000000022e-02
5.956600000000000263e-03
1.594630000000000006e-02
1.978859999999999994e-02
1.900819999999999940e-02
1.156010000000000024e-02
-1.220189999999999990e-02
-2.415969999999999923e-02
-2.459460000000000118e-02
-2.680119999999999812e-03
1.224860000000000011e-02
4.058879999999999953e-03
2.202229999999999899e-03
4.878500000000000024e-03
1.515179999999999999e-02
1.882179999999999964e-02
2.466729999999999964e-02
2.482739999999999947e-02
-7.599490000000000411e-03
-3.178709999999999869e-02
-2.107449999999999948e-02
1.833699999999999913e-02
6.493369999999999698e-02
5.531849999999999962e-02
1.949719999999999925e-02
-2.141320000000000029e-02
-5.788059999999999733e-02
-4.640009999999999968e-02
-1.536760000000000079e-03
3.488759999999999778e-02
2.994389999999999986e-03
-3.028120000000000030e-03
4.355320000000000025e-02
7.437179999999999833e-03
-1.652700000000000002e-02
1.107190000000000084e-02
2.319569999999999965e-02
-1.058790000000000078e-02
-7.327550000000000383e-03
6.099410000000000248e-02
7.582769999999999788e-02
-3.110270000000000049e-02
-1.212189999999999934e-01
-3.719639999999999752e-02
7.758349999999999969e-02
5.870129999999999793e-02
-7.998460000000000292e-02
-1.289909999999999946e-01
-5.103160000000000335e-02
1.544949999999999969e-02
5.562680000000000402e-03
-2.779999999999999919e-03
1.948750000000000135e-02
3.417869999999999936e-02
-1.895579999999999835e-02
-6.808590000000000475e-02
-2.568930000000000172e-02
1.800660000000000108e-02
1.527509999999999979e-02
2.133070000000000105e-02
3.109409999999999952e-02
5.114130000000000065e-02
1.012270000000000010e-02
-6.677900000000000502e-02
-3.986220000000000041e-02
3.040879999999999972e-02
2.760019999999999835e-02
-2.466890000000000055e-02
-1.022829999999999963e-03
2.510249999999999981e-02
2.859120000000000064e-02
-3.424479999999999885e-02
-7.775890000000000579e-02
-3.976960000000000217e-02
3.196439999999999698e-02
9.345269999999999966e-02
8.496910000000000573e-02
2.118969999999999881e-02
-1.848500000000000143e-02
2.383870000000000086e-02
7.442479999999999929e-02
8.246309999999999751e-02
2.671629999999999838e-02
-2.684330000000000049e-02
6.892009999999999630e-03
2.426669999999999869e-02
-2.086400000000000060e-02
-9.750119999999999620e-02
-1.178420000000000023e-01
-2.824000000000000121e-02
4.987960000000000310e-02
7.127450000000000452e-02
5.095849999999999685e-02
-1.312510000000000066e-02
-5.665189999999999809e-02
-4.550789999999999697e-02
-4.595489999999999992e-02
-4.182190000000000213e-02
-1.489949999999999955e-02
7.635680000000000245e-02
1.395210000000000061e-01
9.688399999999999790e-02
3.371559999999999835e-02
-8.759559999999999569e-03
-9.941890000000000102e-03
-2.324990000000000043e-02
-5.668360000000000065e-02
-5.076309999999999850e-02
1.624549999999999952e-02
3.245789999999999786e-02
-2.703650000000000150e-02
-5.517380000000000201e-02
-3.702720000000000317e-02
-2.791949999999999987e-02
-5.009519999999999945e-02
-1.183670000000000000e-01
-1.380369999999999930e-01
-6.415840000000000432e-02
4.369490000000000179e-02
1.254740000000000022e-01
1.287339999999999873e-01
3.494919999999999971e-02
-7.706319999999999837e-02
-9.950810000000000211e-02
-9.048960000000000337e-02
-1.054889999999999994e-01
-1.078210000000000002e-01
-7.776199999999999606e-03
6.411580000000000057e-02
5.745139999999999969e-02
2.475139999999999979e-02
1.333729999999999985e-02
4.044999999999999984e-02
7.565389999999999962e-03
-3.972930000000000211e-02
-3.283880000000000132e-02
2.094220000000000109e-02
1.009550000000000031e-01
1.784519999999999995e-01
1.947810000000000097e-01
5.869980000000000336e-02
-1.246400000000000008e-01
-1.376390000000000113e-01
-6.338040000000000340e-02
-4.206349999999999673e-02
3.823590000000000322e-02
1.331990000000000118e-01
1.298640000000000072e-01
3.773060000000000302e-02
-9.322669999999999568e-02
-1.295280000000000042e-01
-6.876559999999999617e-02
-6.232460000000000430e-03
-2.694349999999999870e-02
2.546340000000000062e-02
1.166319999999999996e-01
1.248360000000000025e-01
1.230750000000000038e-01
6.784959999999999603e-02
-5.390820000000000334e-02
-1.295850000000000057e-01
-9.021049999999999902e-02
1.856290000000000023e-02
5.716450000000000004e-02
-6.991119999999999973e-03
-5.694919999999999843e-02
-4.769219999999999710e-02
-1.223750000000000011e-02
5.749569999999999681e-02
8.999630000000000130e-02
8.191289999999999683e-02
1.186969999999999970e-01
1.328830000000000011e-01
1.219340000000000007e-01
2.920700000000000032e-02
-1.214340000000000003e-01
-1.639190000000000091e-01
-1.505559999999999954e-01
-1.235570000000000002e-01
-6.707589999999999386e-02
-5.601479999999999654e-02
-8.806210000000000426e-02
-1.220259999999999956e-01
-1.306090000000000029e-01
-1.191900000000000043e-01
-6.681140000000000689e-02
2.622729999999999853e-02
9.529120000000000645e-02
1.373610000000000109e-01
1.170380000000000031e-01
2.246290000000000092e-02
-3.295150000000000162e-02
1.196640000000000030e-02
7.880520000000000580e-02
8.492230000000000611e-02
7.856779999999999320e-02
1.118969999999999965e-01
1.516840000000000133e-01
1.400339999999999918e-01
3.797310000000000269e-02
-1.220939999999999942e-01
-1.860330000000000039e-01
-1.117979999999999946e-01
-1.794720000000000083e-03
-1.543850000000000083e-02
-7.570770000000000277e-02
-2.540130000000000166e-02
2.990169999999999981e-02
4.494709999999999678e-02
-4.706550000000000317e-03
-3.618500000000000189e-02
9.524019999999999361e-03
6.625870000000000370e-02
2.779999999999999832e-02
-5.559610000000000246e-02
-8.637839999999999407e-02
-5.576350000000000057e-02
-1.331290000000000077e-02
-4.092710000000000098e-02
-7.263909999999999811e-02
-9.585159999999999514e-02
-9.659760000000000568e-02
-5.691820000000000213e-02
1.317019999999999996e-02
4.661819999999999853e-02
4.122669999999999807e-02
3.052380000000000024e-02
4.737720000000000126e-02
8.399339999999999584e-02
6.080399999999999694e-02
3.535369999999999919e-03
-3.881849999999999884e-02
-4.216450000000000059e-02
-4.715969999999999884e-02
1.143869999999999956e-02
6.621330000000000271e-02
2.597160000000000094e-02
2.747009999999999817e-03
-8.312109999999999291e-03
1.307909999999999975e-02
5.252470000000000055e-02
6.295729999999999382e-02
5.554219999999999990e-02
5.284960000000000005e-03
-6.651100000000000068e-02
-7.775429999999999842e-02
1.844909999999999953e-02
1.267979999999999940e-01
1.651330000000000020e-01
1.360059999999999880e-01
8.194269999999999332e-02
1.808879999999999863e-02
-8.265949999999999687e-02
-1.356030000000000013e-01
-1.535610000000000031e-01
-1.030179999999999985e-01
5.060440000000000250e-03
5.024320000000000175e-02
1.920730000000000007e-02
-5.830649999999999722e-02
-1.130879999999999941e-01
-1.208489999999999981e-01
-7.978780000000000594e-02
-3.082179999999999989e-02
9.538190000000000210e-03
7.978369999999999906e-02
1.370010000000000117e-01
1.655659999999999910e-01
1.436949999999999894e-01
7.880479999999999430e-02
3.247850000000000042e-02
8.201109999999999303e-03
1.908639999999999989e-02
2.874869999999999856e-02
1.724820000000000172e-02
1.377279999999999997e-02
5.156580000000000191e-02
6.973630000000000106e-02
4.190200000000000174e-02
2.118779999999999969e-02
-7.044520000000000295e-03
-4.187260000000000287e-02
-7.269079999999999986e-02
-8.843399999999999872e-02
-9.224060000000000592e-02
-1.125590000000000063e-01
-1.422990000000000088e-01
-1.808289999999999897e-01
-2.122280000000000000e-01
-2.262619999999999909e-01
-2.011920000000000097e-01
-8.500810000000000310e-02
1.407379999999999916e-02
2.571179999999999993e-02
9.358069999999999583e-03
2.066030000000000004e-04
2.692900000000000155e-02
7.887249999999999817e-02
1.315340000000000120e-01
1.945179999999999965e-01
2.313649999999999873e-01
1.858279999999999932e-01
8.040120000000000600e-02
-2.361589999999999870e-02
-7.668220000000000591e-02
-8.606360000000000399e-02
-8.759200000000000319e-02
-8.493760000000000199e-02
-2.144140000000000108e-03
9.427290000000000669e-02
1.100980000000000014e-01
8.891830000000000567e-02
4.149359999999999854e-02
2.147879999999999928e-02
-1.718090000000000025e-03
-1.338540000000000042e-02
3.013450000000000156e-02
5.160880000000000328e-02
5.378440000000000304e-02
7.734259999999999746e-02
1.139949999999999991e-01
1.002770000000000050e-01
2.963009999999999949e-02
6.173660000000000085e-03
8.859159999999999605e-03
2.388749999999999901e-02
5.510790000000000133e-02
4.990950000000000247e-02
-6.570440000000000308e-03
-6.964170000000000083e-02
-7.438980000000000592e-02
-6.889039999999999921e-03
7.640059999999999907e-02
6.225739999999999746e-02
-2.197069999999999926e-02
-5.262390000000000123e-02
-2.564920000000000047e-02
-2.460640000000000049e-02
-7.054829999999999435e-02
-7.675429999999999753e-02
-2.405420000000000127e-02
2.682560000000000153e-02
4.867500000000000299e-02
4.233399999999999663e-02
-4.152310000000000202e-03
-5.605829999999999841e-02
-7.378099999999999936e-02
-6.855390000000000095e-02
1.563539999999999982e-03
7.638390000000000457e-02
8.031330000000000413e-02
5.475349999999999662e-02
3.625479999999999675e-02
2.134840000000000002e-02
-4.809390000000000193e-03
-3.506179999999999714e-02
-2.285270000000000010e-02
4.115830000000000183e-02
6.374770000000000436e-02
4.557869999999999977e-02
4.733270000000000359e-03
-8.039100000000000412e-02
-1.408919999999999895e-01
-1.395740000000000036e-01
-9.118709999999999316e-02
-4.318480000000000235e-02
-3.499290000000000039e-02
-5.014210000000000195e-02
-9.316560000000000119e-02
-1.407480000000000120e-01
-1.643199999999999938e-01
-1.460619999999999974e-01
-8.055959999999999510e-02
-2.160429999999999989e-02
5.128770000000000377e-03
1.998839999999999992e-02
4.050870000000000165e-02
4.271520000000000178e-02
2.794659999999999853e-02
1.765890000000000168e-02
3.310649999999999704e-02
6.298950000000000382e-02
9.727990000000000248e-02
1.157650000000000068e-01
1.102820000000000050e-01
5.858010000000000300e-02
3.977549999999999836e-03
-4.837649999999999763e-03
-7.912910000000000429e-03
-1.010810000000000007e-02
-6.489199999999999656e-03
5.352939999999999608e-03
1.645579999999999959e-02
1.402939999999999916e-02
-2.726380000000000123e-02
-7.465130000000000376e-02
-9.877039999999999431e-02
-1.128969999999999974e-01
-1.263579999999999981e-01
-1.329950000000000021e-01
-1.261349999999999971e-01
-9.237330000000000541e-02
-5.159919999999999785e-02
-2.156399999999999983e-02
1.352989999999999922e-02
2.936880000000000046e-02
1.605470000000000161e-02
-1.644279999999999917e-03
7.434269999999999767e-03
4.874019999999999742e-02
9.741640000000000021e-02
1.388449999999999962e-01
1.613020000000000009e-01
1.531150000000000011e-01
1.187119999999999981e-01
8.240279999999999827e-02
6.060530000000000084e-02
5.360360000000000125e-02
6.217059999999999947e-02
8.277149999999999785e-02
9.006790000000000629e-02
7.032480000000000675e-02
3.684149999999999925e-02
1.898719999999999922e-02
1.256840000000000040e-02
9.312290000000000845e-03
1.386659999999999976e-02
2.127070000000000002e-02
3.334150000000000308e-02
4.409129999999999994e-02
3.669789999999999858e-02
-5.634110000000000333e-03
-6.955939999999999346e-02
-1.337450000000000028e-01
-1.586420000000000052e-01
-1.430579999999999907e-01
-9.044049999999999312e-02
-4.877530000000000060e-02
-4.683829999999999938e-02
-4.932109999999999966e-02
-4.113069999999999921e-02
-1.086409999999999980e-02
1.435249999999999894e-03
-2.280890000000000001e-02
-5.426290000000000280e-02
-3.574120000000000075e-02
2.837169999999999970e-02
6.030780000000000168e-02
2.434520000000000087e-02
-3.195800000000000030e-02
-6.360770000000000313e-02
-6.836639999999999384e-02
-5.874290000000000067e-02
-5.050339999999999691e-02
-4.474480000000000124e-02
-2.504359999999999919e-02
-1.888640000000000024e-03
8.749180000000000498e-03
1.168070000000000046e-02
1.271919999999999995e-02
1.130240000000000064e-02
1.258770000000000028e-02
-1.153910000000000005e-02
-4.061669999999999864e-02
-3.748880000000000268e-02
-5.775770000000000383e-03
3.611029999999999796e-02
4.795289999999999969e-02
4.175430000000000114e-02
3.221120000000000233e-02
4.653580000000000216e-02
7.282669999999999422e-02
6.304510000000000669e-02
3.403620000000000256e-02
2.796900000000000081e-02
5.165650000000000103e-02
7.608249999999999735e-02
7.867040000000000144e-02
6.002600000000000297e-02
4.064299999999999857e-02
5.419870000000000243e-02
7.398449999999999471e-02
7.760169999999999568e-02
5.555859999999999965e-02
2.743929999999999980e-02
1.584469999999999976e-02
2.399029999999999913e-02
3.650069999999999704e-02
3.971890000000000143e-02
3.684640000000000137e-02
4.447299999999999864e-02
6.460780000000000689e-02
7.807319999999999538e-02
5.849769999999999970e-02
2.058270000000000065e-03
-9.112270000000000439e-03
2.866710000000000178e-03
3.734690000000000145e-03
-9.837129999999999486e-03
-3.479159999999999892e-02
-5.949979999999999852e-02
-9.463689999999999602e-02
-1.240330000000000044e-01
-1.335820000000000063e-01
-1.319750000000000090e-01
-1.218550000000000050e-01
-9.244639999999999802e-02
-7.200860000000000594e-02
-6.431699999999999917e-02
-5.453109999999999902e-02
-3.786049999999999832e-02
-1.377210000000000066e-02
3.490300000000000000e-03
2.918010000000000048e-02
5.263609999999999817e-02
5.959690000000000126e-02
5.846900000000000014e-02
5.060900000000000121e-02
4.020520000000000344e-02
2.761140000000000122e-02
9.868599999999999942e-03
-4.863410000000000302e-03
-7.059529999999999625e-03
-3.549819999999999972e-03
-6.587299999999999926e-03
-1.529209999999999944e-02
-2.220050000000000148e-02
-2.949989999999999904e-02
-3.347900000000000181e-02
-2.593399999999999872e-02
-1.438560000000000012e-02
-7.477130000000000234e-03
5.012560000000000539e-04
1.164169999999999962e-02
1.692650000000000057e-02
1.030679999999999964e-02
9.850970000000000993e-04
-8.535579999999999209e-03
-1.886089999999999989e-02
-3.793189999999999756e-02
-5.523739999999999900e-02
-6.329659999999999453e-02
-5.251659999999999662e-02
-3.020720000000000002e-02
-2.218180000000000152e-02
-1.788850000000000162e-02
-8.819799999999999168e-03
2.331960000000000109e-03
7.807340000000000287e-03
7.277020000000000363e-03
4.514909999999999583e-03
-2.077310000000000181e-03
-7.402790000000000238e-03
-7.448739999999999702e-03
-2.115179999999999925e-03
-3.379889999999999978e-03
-8.626899999999999846e-03
-4.776510000000000304e-03
1.854469999999999990e-03
3.858180000000000116e-04
-8.924730000000000510e-03
-1.913400000000000170e-02
-1.125879999999999936e-02
1.201559999999999954e-02
2.185559999999999933e-02
2.889469999999999886e-02
3.053600000000000064e-02
3.059430000000000135e-02
2.492729999999999946e-02
1.520670000000000008e-02
8.232980000000000853e-03
4.398810000000000393e-03
-6.574179999999999781e-03
-3.783729999999999732e-02
-4.400060000000000082e-02
-3.204739999999999672e-02
-2.321950000000000056e-02
-2.272679999999999839e-02
-1.409799999999999942e-02
2.087879999999999944e-02
4.449600000000000083e-02
5.337019999999999958e-02
5.583769999999999706e-02
5.479649999999999799e-02
5.696199999999999875e-02
6.040659999999999780e-02
6.106059999999999960e-02
5.986740000000000117e-02
5.571509999999999657e-02
4.610469999999999846e-02
3.609550000000000258e-02
2.823869999999999852e-02
2.404140000000000096e-02
1.843209999999999987e-02
9.258260000000000794e-03
1.337800000000000100e-03
2.434319999999999800e-03
6.188840000000000140e-03
4.798649999999999791e-03
5.105619999999999950e-03
8.077020000000000727e-03
2.549630000000000212e-03
-1.664349999999999857e-02
-3.321980000000000072e-02
-3.870839999999999698e-02
-3.912779999999999730e-02
-4.029259999999999786e-02
-4.327929999999999972e-02
-4.877809999999999785e-02
-5.731039999999999746e-02
-6.232370000000000271e-02
-6.067659999999999720e-02
-5.042159999999999698e-02
-4.336319999999999758e-02
-4.042570000000000191e-02
-3.393340000000000245e-02
-3.075519999999999990e-02
-3.420669999999999961e-02
-3.670269999999999783e-02
-3.643350000000000061e-02
-3.820019999999999666e-02
-3.717829999999999746e-02
-3.038739999999999844e-02
-1.747719999999999829e-02
-5.602479999999999960e-03
2.279209999999999830e-03
1.471489999999999951e-02
3.423269999999999785e-02
4.852299999999999669e-02
5.467579999999999663e-02
5.170360000000000233e-02
4.320100000000000329e-02
3.601710000000000328e-02
3.254289999999999961e-02
3.330990000000000339e-02
3.593650000000000316e-02
3.891490000000000227e-02
3.964829999999999743e-02
3.918939999999999924e-02
3.711489999999999928e-02
3.081650000000000014e-02
1.967800000000000105e-02
6.995249999999999732e-03
4.237000000000000315e-03
1.490610000000000025e-02
2.927280000000000160e-02
3.397719999999999907e-02
2.543170000000000153e-02
1.908429999999999849e-02
2.379250000000000115e-02
2.997779999999999889e-02
2.818270000000000150e-02
1.939540000000000014e-02
1.291220000000000041e-02
1.086009999999999927e-02
3.331530000000000082e-03
-1.191949999999999954e-02
-2.580379999999999827e-02
-2.884559999999999902e-02
-9.710619999999999669e-03
8.300609999999999933e-03
5.310040000000000246e-03
-2.617280000000000040e-03
-1.330800000000000038e-02
-1.781030000000000113e-02
-2.525940000000000130e-02
-2.842039999999999844e-02
-3.302490000000000286e-02
-1.285269999999999989e-02
2.800149999999999861e-02
3.544579999999999953e-02
1.775109999999999882e-02
-1.568229999999999971e-02
-3.560100000000000070e-02
-4.459749999999999825e-02
-4.611549999999999677e-02
-3.634319999999999912e-02
-3.068840000000000196e-03
2.001810000000000048e-02
9.044260000000000146e-03
-2.046009999999999843e-02
-4.427319999999999867e-02
-5.323510000000000048e-02
-5.679109999999999714e-02
-4.899760000000000226e-02
-2.717989999999999989e-02
-1.330180000000000078e-02
-1.236229999999999968e-02
-1.604869999999999908e-02
-5.850740000000000107e-03
2.178000000000000075e-02
3.137129999999999780e-02
3.130920000000000231e-02
2.806770000000000098e-02
2.810450000000000101e-02
2.562709999999999988e-02
1.464589999999999989e-02
1.271319999999999883e-04
-5.377909999999999635e-03
-2.092549999999999879e-03
-4.302870000000000306e-03
-1.137969999999999954e-02
-2.045160000000000033e-02
-2.367500000000000160e-02
-2.047840000000000077e-02
-1.470220000000000034e-02
-1.057639999999999969e-02
-5.262209999999999804e-03
7.214319999999999761e-03
2.093439999999999884e-02
2.483089999999999950e-02
1.792670000000000027e-02
9.265900000000000525e-03
5.344999999999999925e-03
4.882980000000000306e-03
1.206360000000000017e-04
-9.144160000000000135e-03
-1.085080000000000072e-02
-2.460319999999999781e-04
1.055700000000000041e-02
1.448699999999999988e-02
1.852209999999999968e-02
2.618840000000000057e-02
3.205859999999999960e-02
2.915059999999999873e-02
2.239709999999999965e-02
2.435439999999999827e-02
3.424850000000000116e-02
4.029930000000000317e-02
3.324189999999999784e-02
2.376510000000000081e-02
2.073770000000000127e-02
2.347339999999999843e-02
2.248199999999999851e-02
1.424659999999999989e-02
6.998429999999999929e-03
6.613889999999999873e-03
3.486509999999999956e-03
-4.346019999999999918e-03
-1.108519999999999991e-02
-2.009079999999999894e-02
-2.749619999999999842e-02
-2.982599999999999835e-02
-2.244350000000000164e-02
-9.657839999999999134e-03
1.330610000000000083e-03
1.707219999999999918e-02
3.259780000000000316e-02
4.031119999999999842e-02
3.207390000000000241e-02
3.768140000000000118e-03
-1.349260000000000043e-02
-2.185259999999999980e-02
-2.422010000000000135e-02
-1.880300000000000027e-02
-1.072569999999999947e-02
-4.596399999999999618e-03
-5.783609999999999793e-03
-9.542200000000000681e-03
-1.684340000000000143e-02
-2.832959999999999992e-02
-4.213739999999999847e-02
-5.131449999999999900e-02
-5.390969999999999790e-02
-4.610790000000000027e-02
-3.177900000000000169e-02
-1.835379999999999998e-02
-1.213979999999999920e-02
-1.186440000000000064e-02
-1.125540000000000047e-02
-1.229889999999999976e-02
-1.669920000000000085e-02
-1.782639999999999919e-02
-1.196660000000000085e-02
-3.565909999999999826e-03
2.941769999999999802e-03
3.820060000000000122e-03
5.041020000000000223e-03
6.545630000000000198e-03
-2.318119999999999903e-03
-1.665420000000000095e-02
-3.094260000000000066e-02
-3.516350000000000031e-02
-3.444069999999999770e-02
-1.257319999999999965e-02
1.939079999999999970e-02
2.872080000000000119e-02
3.012870000000000131e-02
2.030819999999999848e-02
5.529469999999999871e-03
-7.868299999999999947e-03
-1.050519999999999926e-02
-5.372599999999999945e-03
-4.370930000000000301e-03
-6.894430000000000003e-03
-5.372619999999999826e-03
-1.667969999999999956e-03
-5.798949999999999765e-03
-1.288500000000000062e-02
-1.253220000000000028e-02
-3.942829999999999599e-03
3.816400000000000174e-03
4.640629999999999755e-03
2.125380000000000064e-03
-2.023259999999999870e-04
-3.747889999999999815e-03
-3.730659999999999792e-03
-9.654760000000000512e-04
4.256850000000000390e-03
1.103580000000000012e-02
1.408159999999999967e-02
1.103089999999999973e-02
6.786590000000000331e-03
2.187329999999999917e-03
-5.702399999999999830e-03
-1.269260000000000006e-02
-1.377489999999999964e-02
-1.101270000000000027e-02
-9.411299999999999180e-03
-1.271609999999999928e-02
-1.619229999999999975e-02
-1.699109999999999857e-02
-1.374880000000000026e-02
-3.124519999999999988e-03
1.023429999999999999e-02
2.068429999999999921e-02
2.537220000000000100e-02
2.788660000000000097e-02
3.012039999999999856e-02
3.403319999999999956e-02
3.624050000000000188e-02
3.858360000000000262e-02
4.071140000000000175e-02
4.128149999999999875e-02
4.062059999999999976e-02
3.223850000000000326e-02
1.653560000000000099e-02
4.032299999999999947e-03
1.245489999999999922e-03
5.378400000000000195e-03
7.911120000000000652e-03
1.519839999999999950e-03
-6.308720000000000300e-03
-4.714639999999999977e-03
4.935430000000000199e-03
9.612149999999999861e-03
6.009600000000000358e-03
1.141160000000000004e-03
-2.261609999999999836e-03
-3.235769999999999792e-03
-2.763579999999999856e-03
2.127409999999999881e-04
3.973420000000000077e-03
9.076439999999999855e-03
1.725979999999999875e-02
2.560959999999999973e-02
3.305149999999999755e-02
3.553619999999999696e-02
3.345030000000000225e-02
2.786479999999999860e-02
1.981799999999999881e-02
1.659269999999999842e-02
1.767799999999999927e-02
2.125820000000000140e-02
2.129599999999999896e-02
1.593879999999999950e-02
1.490969999999999969e-02
1.905590000000000062e-02
2.463539999999999827e-02
2.240659999999999874e-02
1.572159999999999877e-02
8.911040000000000280e-03
8.623020000000000121e-04
-1.014359999999999914e-02
-2.110039999999999832e-02
-3.051620000000000027e-02
-3.475530000000000286e-02
-3.677099999999999813e-02
-3.947289999999999827e-02
-4.314119999999999761e-02
-4.754049999999999943e-02
-4.940289999999999959e-02
-4.956819999999999976e-02
-4.470589999999999981e-02
-3.665109999999999896e-02
-2.696520000000000167e-02
-1.756189999999999835e-02
-1.115320000000000027e-02
-1.145410000000000005e-02
-1.683149999999999924e-02
-2.121759999999999965e-02
-2.054440000000000086e-02
-1.829340000000000133e-02
-1.420319999999999916e-02
-9.205299999999999594e-03
-3.788070000000000152e-03
2.388629999999999931e-04
1.339460000000000000e-03
2.074840000000000104e-03
-8.652159999999999506e-05
-3.511750000000000115e-03
-3.163979999999999831e-03
1.087290000000000088e-03
7.815219999999999459e-03
1.433910000000000046e-02
1.870880000000000112e-02
1.567139999999999853e-02
5.372459999999999909e-03
-5.248830000000000336e-03
-1.363639999999999991e-02
-1.818770000000000109e-02
-1.842250000000000137e-02
-1.447520000000000057e-02
-1.185270000000000074e-02
-8.887650000000000411e-03
-1.488579999999999981e-03
8.277849999999999792e-03
1.398779999999999989e-02
1.174590000000000009e-02
5.991070000000000249e-03
1.830459999999999900e-03
-1.400940000000000041e-03
-3.707189999999999964e-03
-5.742139999999999744e-03
-6.229769999999999926e-03
-5.036409999999999845e-03
-3.665589999999999821e-03
-2.900610000000000081e-03
-4.095060000000000193e-03
-6.579790000000000291e-03
-6.504389999999999651e-03
-8.811679999999999903e-04
4.423790000000000361e-03
7.611279999999999782e-03
9.207560000000000050e-03
9.403440000000000756e-03
5.333639999999999735e-03
2.107309999999999826e-03
-6.836060000000000411e-05
-1.364839999999999977e-03
-1.071150000000000097e-03
-1.508809999999999969e-03
1.367500000000000009e-03
5.191519999999999815e-03
5.923910000000000113e-03
3.543199999999999822e-03
7.800319999999999476e-04
-3.754899999999999818e-03
-1.179460000000000057e-02
-1.737510000000000096e-02
-1.849309999999999843e-02
-1.872069999999999984e-02
-1.312909999999999945e-02
-8.138279999999999473e-03
-2.135680000000000044e-03
5.239950000000000163e-03
9.511689999999999728e-03
9.232239999999999197e-03
3.880290000000000215e-03
-2.272349999999999804e-03
-4.591969999999999906e-03
-7.986560000000000187e-04
5.229440000000000130e-03
9.831710000000000449e-03
1.238779999999999916e-02
1.419729999999999950e-02
1.248870000000000015e-02
1.290280000000000073e-02
1.692870000000000139e-02
2.127089999999999884e-02
2.131069999999999839e-02
1.945940000000000170e-02
1.592100000000000112e-02
9.774430000000000618e-03
5.961590000000000118e-03
8.390240000000000198e-03
1.184600000000000063e-02
1.012099999999999979e-02
9.568180000000000782e-03
8.573630000000000487e-03
8.168639999999999582e-03
7.874799999999999509e-03
9.273170000000000718e-03
1.149470000000000006e-02
1.623559999999999934e-02
2.037270000000000053e-02
2.247290000000000051e-02
2.151109999999999828e-02
1.632950000000000026e-02
7.779809999999999851e-03
-3.112779999999999887e-03
-7.434660000000000053e-03
-3.571990000000000148e-03
8.415010000000000328e-04
7.252019999999999864e-04
-1.693260000000000034e-03
-4.004630000000000342e-03
-2.322750000000000162e-03
2.748640000000000111e-03
8.842120000000000188e-03
9.117590000000000069e-03
2.669110000000000146e-03
-4.863560000000000279e-03
-1.076850000000000029e-02
-1.267489999999999936e-02
-1.367669999999999997e-02
-1.439170000000000033e-02
-1.427549999999999999e-02
-1.572190000000000046e-02
-1.732430000000000081e-02
-1.866980000000000028e-02
-1.955629999999999868e-02
-1.728170000000000053e-02
-1.320280000000000065e-02
-6.293380000000000328e-03
-2.396960000000000063e-03
-6.268890000000000053e-03
-1.081810000000000063e-02
-1.587529999999999844e-02
-1.652930000000000024e-02
-1.337859999999999917e-02
-7.712580000000000130e-03
-9.980239999999999164e-04
6.043100000000000034e-03
1.159800000000000067e-02
1.235480000000000085e-02
1.182030000000000060e-02
9.782340000000000479e-03
8.234939999999999621e-03
8.923399999999999735e-03
8.624490000000000281e-03
1.083989999999999954e-02
1.520849999999999980e-02
1.848170000000000021e-02
2.037279999999999994e-02
1.881829999999999961e-02
1.394270000000000058e-02
7.857340000000000851e-03
2.329969999999999784e-03
-1.874559999999999942e-03
-2.417229999999999813e-03
-6.803290000000000032e-03
-9.978620000000000545e-03
-1.065289999999999987e-02
-7.954110000000000347e-03
-2.927599999999999821e-03
9.146760000000000090e-04
4.142960000000000219e-03
5.255740000000000064e-03
7.796520000000000360e-03
6.502189999999999706e-03
2.486420000000000036e-03
-1.248860000000000074e-03
-3.747949999999999893e-03
-4.641529999999999614e-03
-4.827230000000000062e-03
-1.944779999999999903e-03
3.164389999999999998e-03
6.064260000000000136e-03
8.236890000000000184e-03
4.349719999999999628e-03
-7.069250000000000013e-03
-1.454800000000000017e-02
-1.832009999999999889e-02
-1.976239999999999941e-02
-2.028579999999999967e-02
-1.926690000000000000e-02
-1.417110000000000071e-02
-8.496949999999999642e-03
-2.155690000000000037e-03
3.353249999999999894e-03
9.052100000000000424e-03
1.233760000000000065e-02
1.019660000000000011e-02
6.264569999999999687e-03
-6.122719999999999682e-04
-9.589280000000000373e-03
-1.609899999999999873e-02
-2.162439999999999848e-02
-2.337799999999999948e-02
-2.066389999999999894e-02
-1.720409999999999995e-02
-1.484279999999999974e-02
-1.786509999999999834e-02
-1.985119999999999940e-02
-1.745429999999999898e-02
-1.385989999999999965e-02
-1.293880000000000030e-02
-1.487179999999999926e-02
-1.449650000000000070e-02
-1.199150000000000042e-02
-8.856040000000000786e-03
-5.326939999999999627e-03
-9.358539999999999611e-04
2.010839999999999850e-03
2.297469999999999807e-03
2.060769999999999963e-03
2.288230000000000038e-03
4.605569999999999803e-03
9.046639999999999890e-03
1.522570000000000000e-02
1.990240000000000065e-02
2.050530000000000061e-02
1.854099999999999845e-02
1.444460000000000015e-02
9.519849999999999840e-03
5.897789999999999977e-03
4.807340000000000224e-03
4.835869999999999926e-03
4.804160000000000028e-03
4.215570000000000081e-03
5.484410000000000326e-03
8.492370000000000821e-03
1.123410000000000034e-02
9.684699999999999212e-03
5.538340000000000103e-03
2.010109999999999848e-03
3.168269999999999940e-04
9.042889999999999609e-04
2.722920000000000201e-03
4.677210000000000222e-03
5.466640000000000041e-03
6.142879999999999868e-03
5.404380000000000295e-03
3.667269999999999818e-03
5.612910000000000035e-04
-2.874110000000000033e-03
-2.697730000000000180e-03
-2.632489999999999917e-03
-1.651310000000000017e-03
-1.755379999999999961e-03
-1.239319999999999918e-03
1.017880000000000087e-03
3.425010000000000034e-03
4.480729999999999609e-03
-1.334300000000000069e-03
-8.871119999999999700e-03
-1.498709999999999973e-02
-1.787580000000000072e-02
-1.590729999999999922e-02
-9.427380000000000829e-03
-1.057280000000000069e-03
4.804619999999999898e-03
5.275850000000000331e-03
5.898979999999999849e-03
7.111710000000000254e-03
6.584330000000000217e-03
6.573080000000000242e-03
1.114159999999999977e-02
1.665979999999999892e-02
1.650789999999999896e-02
1.074289999999999967e-02
4.540210000000000252e-03
5.947230000000000181e-04
1.074059999999999945e-03
3.814609999999999854e-04
-5.344859999999999889e-03
-1.042870000000000082e-02
-9.710720000000000809e-03
-2.593250000000000069e-03
4.941459999999999950e-03
8.309499999999999179e-03
1.008320000000000050e-02
1.153470000000000016e-02
9.831239999999999771e-03
3.720409999999999950e-03
-6.067539999999999739e-03
-4.988529999999999701e-03
4.958449999999999663e-03
1.495649999999999931e-02
1.959750000000000034e-02
1.691789999999999961e-02
1.243909999999999981e-02
5.823309999999999945e-03
2.561549999999999895e-04
-3.969780000000000010e-03
-6.093499999999999958e-03
-4.069910000000000368e-03
1.640769999999999946e-04
4.214459999999999734e-03
5.607759999999999828e-03
2.750670000000000198e-03
-8.010050000000000330e-04
-5.053460000000000070e-03
-7.763660000000000352e-03
-6.255110000000000357e-03
-3.284909999999999827e-03
3.299089999999999748e-04
3.196080000000000015e-03
2.858429999999999912e-03
1.405949999999999995e-03
-2.205910000000000162e-03
-5.985060000000000380e-03
-5.640369999999999585e-03
-7.528400000000000196e-03
-1.050790000000000057e-02
-1.277550000000000040e-02
-1.235640000000000002e-02
-1.067959999999999916e-02
-1.068889999999999944e-02
-1.113970000000000064e-02
-9.641320000000000098e-03
-7.082210000000000241e-03
-5.576720000000000288e-03
-3.992739999999999831e-03
-1.517249999999999936e-03
2.499429999999999968e-03
7.534169999999999756e-03
1.138980000000000027e-02
1.150400000000000034e-02
7.695369999999999988e-03
2.672840000000000112e-03
8.061649999999999632e-04
-1.809199999999999958e-03
-4.193009999999999619e-03
-5.680229999999999654e-03
-4.920420000000000002e-03
-5.477540000000000143e-04
2.782450000000000114e-03
8.851440000000000349e-03
1.375350000000000010e-02
1.644019999999999856e-02
1.539369999999999974e-02
1.109030000000000085e-02
7.100069999999999992e-03
1.806260000000000070e-03
-1.915730000000000037e-03
-2.193270000000000202e-03
-2.842100000000000182e-03
-5.615539999999999594e-03
-6.861029999999999733e-03
-4.877199999999999938e-03
6.235760000000000348e-04
4.759659999999999759e-03
3.852879999999999933e-03
2.924649999999999993e-03
4.511710000000000373e-03
3.511030000000000054e-03
-7.148299999999999576e-04
-5.566009999999999708e-03
-4.550170000000000083e-03
-1.008800000000000018e-03
2.861040000000000024e-03
4.658269999999999945e-03
4.061559999999999650e-03
2.881390000000000166e-03
-3.428269999999999755e-04
-2.813309999999999856e-03
-5.253200000000000404e-03
-7.661489999999999967e-03
-1.213529999999999991e-02
-1.379080000000000063e-02
-1.208850000000000029e-02
-8.309530000000000735e-03
-3.642079999999999797e-03
-3.729820000000000010e-04
3.417330000000000107e-03
4.827999999999999826e-03
2.389210000000000118e-03
-2.955020000000000042e-04
-2.371260000000000034e-03
-5.401760000000000242e-03
-8.526060000000000236e-03
-1.093739999999999990e-02
-1.106189999999999951e-02
-9.735950000000000160e-03
-9.643199999999999342e-03
-1.005230000000000012e-02
-1.180879999999999951e-02
-1.216680000000000018e-02
-8.809070000000000442e-03
-2.737059999999999927e-03
3.283920000000000068e-03
6.087880000000000374e-03
5.160679999999999955e-03
2.688170000000000143e-03
2.665680000000000133e-03
4.685260000000000119e-03
6.903740000000000224e-03
6.860970000000000089e-03
6.690579999999999791e-03
9.112979999999999692e-03
1.146400000000000023e-02
1.092139999999999951e-02
1.038279999999999932e-02
9.531110000000000623e-03
7.635969999999999737e-03
3.656930000000000076e-03
2.990380000000000056e-04
-6.629049999999999830e-04
2.017559999999999840e-03
5.998540000000000122e-03
9.443019999999999886e-03
1.042530000000000019e-02
4.910239999999999744e-03
-1.732030000000000071e-03
-8.969980000000000661e-03
-1.110700000000000055e-02
-9.518920000000000159e-03
-9.111990000000000367e-03
-1.138869999999999987e-02
-9.550770000000000093e-03
-4.100979999999999730e-03
-1.740720000000000071e-03
-2.201789999999999910e-03
-3.953159999999999834e-03
-2.618010000000000042e-03
-1.755089999999999949e-03
-4.602939999999999809e-03
-8.286240000000000272e-03
-9.445040000000000033e-03
-8.100730000000000430e-03
-7.017520000000000181e-03
-6.724769999999999706e-03
-6.356579999999999696e-03
-3.795380000000000108e-03
-1.377050000000000106e-03
6.343190000000000503e-04
2.997619999999999885e-03
4.796899999999999775e-03
6.770580000000000001e-03
7.202019999999999950e-03
6.840930000000000274e-03
5.251760000000000282e-03
6.400150000000000283e-03
7.129329999999999695e-03
8.045220000000000496e-03
9.624270000000000741e-03
9.016410000000000743e-03
8.634910000000000849e-03
5.368910000000000175e-03
1.918240000000000093e-03
-6.378570000000000290e-04
-3.598000000000000070e-03
-5.591149999999999592e-03
-8.913370000000000321e-03
-1.024360000000000027e-02
-8.975759999999999295e-03
-4.642920000000000033e-03
1.832040000000000057e-03
4.772679999999999631e-03
7.260439999999999949e-03
9.441190000000000346e-03
9.118950000000000666e-03
5.044049999999999576e-03
2.970260000000000174e-03
5.672169999999999816e-03
7.097140000000000046e-03
6.063889999999999732e-03
4.876570000000000210e-03
2.772290000000000171e-03
1.154480000000000046e-03
1.260540000000000098e-03
1.166680000000000017e-03
2.073510000000000197e-03
1.011670000000000104e-03
-3.133669999999999967e-04
-2.314730000000000086e-03
-5.278820000000000040e-03
-9.651679999999999288e-03
-1.286879999999999968e-02
-1.463539999999999980e-02
-1.539440000000000079e-02
-1.571770000000000111e-02
-1.415199999999999965e-02
-1.075949999999999997e-02
-9.923200000000000076e-03
-9.494860000000000799e-03
-1.182459999999999935e-02
-1.289049999999999918e-02
-1.179909999999999987e-02
-9.119610000000000216e-03
-5.179389999999999862e-03
-2.026589999999999989e-03
5.161929999999999687e-04
2.765040000000000076e-04
-1.522829999999999974e-03
-1.746230000000000091e-03
-1.562680000000000102e-03
-1.249550000000000096e-03
8.281539999999999995e-04
2.631510000000000099e-03
5.098799999999999687e-03
6.432959999999999720e-03
7.173429999999999737e-03
7.717070000000000353e-03
7.792539999999999710e-03
9.863190000000000845e-03
1.189089999999999939e-02
1.294660000000000082e-02
1.234479999999999952e-02
9.487829999999999181e-03
7.193820000000000076e-03
4.245989999999999834e-03
1.220680000000000029e-03
-5.235209999999999907e-04
-2.139209999999999896e-03
-2.943030000000000125e-03
-2.405549999999999789e-03
1.056300000000000034e-03
3.865330000000000155e-03
6.883470000000000040e-03
9.164179999999999202e-03
1.001179999999999952e-02
9.457969999999999572e-03
7.264950000000000054e-03
7.045619999999999834e-03
6.932409999999999961e-03
6.491720000000000303e-03
4.939220000000000242e-03
3.524470000000000033e-03
2.853300000000000020e-03
1.400800000000000005e-03
2.144329999999999847e-03
3.462170000000000091e-03
2.395239999999999869e-03
1.117149999999999914e-03
9.661510000000000540e-04
2.983669999999999899e-03
4.888009999999999924e-03
4.655440000000000272e-03
3.837380000000000044e-03
3.250879999999999829e-03
4.043470000000000397e-03
5.235880000000000048e-03
5.805030000000000086e-03
5.980479999999999824e-03
4.122029999999999618e-03
-7.934030000000000336e-05
-4.458260000000000348e-03
-7.049109999999999925e-03
-6.775800000000000226e-03
-5.177479999999999929e-03
-2.858009999999999804e-03
-2.325600000000000096e-04
2.387799999999999818e-03
4.372680000000000317e-03
7.037889999999999771e-03
9.953019999999999923e-03
9.925559999999999938e-03
8.130389999999999492e-03
6.051589999999999921e-03
5.990399999999999892e-03
7.324549999999999984e-03
7.944710000000000660e-03
7.987509999999999749e-03
4.729679999999999995e-03
1.055619999999999952e-03
-1.585159999999999954e-03
-2.402210000000000109e-03
-3.048869999999999966e-03
-5.192920000000000175e-03
-8.063249999999999237e-03
-9.498499999999999999e-03
-7.211730000000000397e-03
-4.723980000000000019e-03
-3.085839999999999850e-03
-1.759799999999999949e-03
-1.322159999999999959e-03
-2.030989999999999879e-03
-4.164799999999999752e-03
-6.830089999999999599e-03
-7.806269999999999702e-03
-5.883600000000000114e-03
-4.451509999999999669e-03
-3.941499999999999691e-03
-4.900319999999999676e-03
-6.061119999999999702e-03
-4.223089999999999657e-03
-2.417690000000000117e-03
6.382179999999999668e-04
3.540160000000000095e-03
4.392909999999999870e-03
1.395149999999999949e-03
-5.157280000000000197e-03
-1.156289999999999922e-02
-1.383350000000000031e-02
-1.311239999999999975e-02
-1.106219999999999946e-02
-9.038559999999999303e-03
-9.642390000000000683e-03
-9.506719999999999754e-03
-7.562619999999999933e-03
-5.767429999999999606e-03
-4.395600000000000375e-03
-3.030839999999999923e-03
-1.104079999999999905e-03
1.501090000000000063e-03
3.880799999999999788e-03
3.555439999999999989e-03
1.797999999999999902e-03
8.249190000000000212e-04
5.556229999999999893e-04
9.656540000000000349e-04
2.311049999999999823e-03
4.049170000000000373e-03
1.386999999999999995e-03
-2.305419999999999865e-03
-4.077139999999999931e-03
-2.424760000000000196e-03
-8.651579999999999861e-04
-3.033679999999999970e-03
-5.982490000000000030e-03
-6.895400000000000314e-03
-6.975969999999999741e-03
-8.615100000000000535e-03
-7.657370000000000149e-03
-5.415409999999999842e-03
-4.404589999999999894e-03
-4.525949999999999938e-03
-5.035949999999999975e-03
-4.560630000000000413e-03
-1.967819999999999899e-03
8.780360000000000074e-04
2.248940000000000054e-03
7.791550000000000168e-04
-9.171659999999999665e-04
1.269680000000000027e-03
3.480009999999999961e-03
6.641099999999999608e-03
9.571609999999999494e-03
9.909249999999999656e-03
8.317059999999999384e-03
5.606960000000000242e-03
2.530670000000000055e-03
1.081960000000000056e-04
-1.865459999999999991e-03
-3.586180000000000010e-03
-4.127790000000000105e-03
-3.935000000000000130e-03
-2.859930000000000111e-03
8.641000000000000243e-04
2.517559999999999850e-03
2.553319999999999982e-03
1.919930000000000031e-03
2.350440000000000081e-03
1.856809999999999971e-03
-7.303829999999999492e-05
-7.329940000000000500e-04
-1.816249999999999939e-03
5.460569999999999660e-04
2.709490000000000162e-03
3.449030000000000065e-03
2.479059999999999944e-03
2.042529999999999867e-03
2.012990000000000092e-03
1.542809999999999928e-03
-3.217329999999999908e-04
-8.950240000000000149e-04
-2.381460000000000066e-04
-2.952429999999999920e-04
1.363349999999999935e-03
2.467050000000000146e-03
1.816329999999999898e-03
1.276750000000000107e-03
3.391229999999999852e-03
6.278879999999999705e-03
8.702440000000000522e-03
8.363850000000000798e-03
8.048710000000000586e-03
6.286199999999999601e-03
4.782729999999999794e-03
3.579189999999999889e-03
2.662250000000000120e-03
2.475619999999999991e-03
5.641700000000000144e-04
-9.627449999999999853e-04
-3.435670000000000260e-04
1.682190000000000074e-03
2.524750000000000084e-03
4.355709999999999617e-03
7.202599999999999975e-03
8.258339999999999431e-03
8.654129999999999462e-03
7.696439999999999705e-03
3.981659999999999713e-03
1.496989999999999909e-03
1.699770000000000024e-04
-8.071110000000000046e-04
-2.284040000000000202e-03
-4.464809999999999612e-03
-3.816159999999999865e-03
-2.332040000000000068e-03
-2.487019999999999943e-03
-1.745400000000000033e-03
2.130769999999999930e-05
1.898210000000000001e-03
7.964319999999999668e-05
-1.531889999999999944e-03
-3.740170000000000126e-03
-6.695089999999999895e-03
-7.264249999999999874e-03
-6.131010000000000106e-03
-3.793120000000000085e-03
-3.112730000000000184e-03
-4.826269999999999692e-03
-5.697340000000000390e-03
-4.889469999999999927e-03
-3.207460000000000085e-03
-2.173079999999999977e-03
-1.470230000000000104e-03
-7.225390000000000154e-04
-3.726299999999999881e-04
1.048140000000000031e-04
-2.286789999999999971e-04
-1.121140000000000071e-03
-1.126229999999999983e-03
-8.793549999999999587e-04
4.181349999999999802e-04
1.740159999999999927e-03
1.024230000000000106e-03
-1.288059999999999943e-03
-2.915009999999999997e-03
-7.291700000000000135e-04
2.821489999999999849e-03
6.107119999999999736e-03
8.409359999999999405e-03
8.592950000000000241e-03
6.980420000000000201e-03
4.613080000000000305e-03
2.562969999999999918e-03
1.449159999999999901e-03
6.948450000000000363e-06
-1.638249999999999949e-03
-3.299069999999999867e-03
-3.950140000000000422e-03
-2.505639999999999951e-03
-4.747989999999999784e-04
8.370580000000000078e-05
4.230969999999999913e-04
4.217930000000000052e-04
9.133760000000000316e-04
1.219789999999999893e-03
1.257550000000000074e-03
8.164630000000000127e-06
-3.141419999999999803e-03
-6.250949999999999909e-03
-8.241450000000000858e-03
-7.961930000000000743e-03
-9.359700000000000311e-03
-9.141550000000000023e-03
-1.016390000000000002e-02
-1.230659999999999914e-02
-1.194590000000000062e-02
-1.056750000000000050e-02
-8.236179999999999196e-03
-7.824809999999999752e-03
-7.466310000000000308e-03
-7.589639999999999928e-03
-6.004439999999999777e-03
-3.224620000000000090e-03
-1.000419999999999912e-03
1.317830000000000086e-03
1.413710000000000097e-03
8.934120000000000039e-04
-3.125119999999999786e-04
5.651929999999999671e-04
1.240910000000000016e-03
1.102670000000000039e-03
1.234730000000000072e-03
1.478020000000000028e-03
1.342859999999999974e-03
1.247099999999999901e-03
1.407519999999999995e-03
3.810519999999999966e-03
5.760799999999999949e-03
5.439270000000000389e-03
5.754450000000000363e-03
6.462240000000000172e-03
8.163349999999999773e-03
9.160200000000000287e-03
9.194789999999999561e-03
7.770820000000000331e-03
6.133650000000000040e-03
5.499930000000000097e-03
5.408070000000000065e-03
5.305530000000000142e-03
3.546380000000000018e-03
2.678779999999999963e-03
1.432869999999999934e-03
3.518990000000000269e-04
2.980530000000000007e-04
5.398419999999999722e-05
1.841420000000000134e-04
-7.039949999999999572e-05
5.433869999999999933e-04
1.939760000000000009e-03
3.018770000000000047e-03
3.039930000000000149e-03
1.940620000000000105e-03
2.001320000000000009e-03
8.623390000000000525e-04
-1.649750000000000120e-04
1.216950000000000063e-03
2.148709999999999856e-03
4.327280000000000189e-03
5.476870000000000002e-03
5.427930000000000081e-03
5.309620000000000138e-03
6.299459999999999782e-03
6.841739999999999801e-03
6.670780000000000286e-03
6.518689999999999728e-03
6.014010000000000189e-03
4.767989999999999728e-03
3.814099999999999956e-03
1.937230000000000072e-03
-5.332629999999999662e-04
-2.338129999999999896e-03
-3.500490000000000199e-03
-3.184760000000000021e-03
-2.445530000000000013e-03
-1.610179999999999901e-03
-1.057280000000000069e-03
-1.385979999999999981e-03
-7.868089999999999676e-04
1.165679999999999993e-04
1.239379999999999996e-03
2.685869999999999924e-03
3.503609999999999884e-03
3.419779999999999869e-03
1.049070000000000037e-03
-6.730069999999999889e-04
-1.818460000000000042e-03
-2.856759999999999855e-03
-4.004429999999999795e-03
-5.365049999999999680e-03
-5.582720000000000217e-03
-4.655730000000000285e-03
-3.781290000000000085e-03
-3.620790000000000033e-03
-3.733209999999999827e-03
-3.714349999999999943e-03
-3.420859999999999960e-03
-3.396460000000000017e-03
-3.007769999999999888e-03
-3.444589999999999978e-03
-3.839140000000000000e-03
-4.066300000000000123e-03
-4.048229999999999884e-03
-3.842229999999999864e-03
-3.623640000000000021e-03
-3.291049999999999792e-03
-2.948179999999999898e-03
-1.763779999999999949e-03
-1.199549999999999965e-03
-5.101080000000000024e-04
-4.913619999999999620e-04
-1.014390000000000024e-04
2.851460000000000106e-04
-8.588849999999999599e-05
-8.167329999999999610e-05
1.737999999999999962e-04
3.875579999999999780e-04
3.051659999999999985e-04
-2.968500000000000123e-05
-1.707529999999999964e-04
3.973759999999999711e-05
3.346150000000000209e-04
4.725900000000000001e-04
4.506919999999999872e-04
5.230789999999999702e-04
6.981510000000000450e-04
6.167800000000000409e-04
4.510569999999999879e-04
4.733739999999999845e-04
4.358400000000000013e-04
4.048340000000000207e-04
3.141600000000000143e-04
1.101430000000000058e-04
1.630090000000000109e-04
8.239779999999999500e-04
5.278690000000000378e-04
5.740650000000000001e-05
1.149310000000000013e-04
9.439290000000000345e-07
-9.736740000000000564e-05
-1.846200000000000044e-04
-2.656669999999999757e-04
-3.747320000000000165e-04
-4.263960000000000016e-04
-3.799990000000000052e-04
-2.881660000000000189e-04
-2.379109999999999927e-04
-1.841050000000000000e-04
-1.526909999999999921e-04
-8.977910000000000241e-05
-4.692279999999999737e-05
-2.535439999999999902e-05
-2.827349999999999959e-05
-1.796999999999999905e-05
4.406660000000000259e-06
3.508840000000000103e-05
8.150430000000000500e-05
1.191579999999999999e-04
1.721939999999999983e-04
2.102680000000000000e-04
2.160890000000000109e-04
2.192360000000000131e-04
2.200240000000000062e-04
2.104540000000000013e-04
2.003779999999999982e-04
1.926960000000000131e-04
1.858220000000000108e-04
1.790720000000000094e-04
1.686629999999999944e-04
1.588899999999999915e-04
1.509170000000000054e-04
1.440970000000000131e-04
1.388580000000000044e-04
1.339710000000000087e-04
1.295629999999999926e-04
1.251360000000000027e-04
1.207829999999999988e-04
1.161029999999999961e-04
1.112470000000000006e-04
1.062769999999999991e-04
1.012749999999999951e-04
9.630610000000000277e-05
9.139750000000000033e-05
8.651619999999999677e-05
8.165009999999999944e-05
7.678190000000000427e-05
7.190249999999999810e-05
