-4.267419999999999708e-06
-2.249859999999999835e-05
-3.652779999999999864e-06
-1.853320000000000070e-05
-3.754020000000000101e-06
-2.477319999999999856e-05
-1.072600000000000030e-05
-2.625460000000000101e-05
-4.687050000000000297e-06
-2.635620000000000017e-05
-8.695090000000000127e-06
-4.207270000000000123e-05
3.961890000000000280e-06
2.890640000000000161e-05
2.912169999999999936e-05
-6.401970000000000642e-05
-1.113239999999999933e-04
-6.261700000000000035e-05
-1.914180000000000026e-05
-1.588620000000000114e-04
-1.639169999999999961e-04
-2.038169999999999901e-04
-2.824120000000000059e-04
-3.360629999999999976e-04
-3.209460000000000134e-04
-2.634639999999999834e-04
6.017169999999999854e-05
3.463410000000000100e-04
3.392949999999999829e-04
-2.080049999999999846e-05
-4.612820000000000331e-05
3.970199999999999901e-04
5.924840000000000011e-04
-1.520899999999999956e-05
-7.520380000000000120e-04
-7.165049999999999848e-04
-4.578979999999999856e-04
-8.782059999999999736e-04
-1.180290000000000072e-03
-1.021459999999999941e-04
7.365139999999999621e-04
4.401549999999999896e-05
-7.215410000000000226e-04
-5.271670000000000435e-04
6.342949999999999977e-05
2.790000000000000054e-05
3.309520000000000257e-04
1.291190000000000003e-03
1.855799999999999898e-03
1.644770000000000043e-03
1.138850000000000062e-03
8.393549999999999622e-04
9.982050000000000558e-04
3.295060000000000263e-04
3.014550000000000132e-05
-5.740129999999999538e-04
-2.385200000000000081e-03
-3.470560000000000138e-03
-1.564150000000000046e-03
7.692779999999999757e-04
3.260800000000000222e-04
-1.214550000000000005e-03
-5.656370000000000191e-04
7.495240000000000019e-04
2.392650000000000072e-03
3.310379999999999920e-03
3.214579999999999868e-03
3.165760000000000102e-03
3.356009999999999983e-03
4.057950000000000272e-03
4.397650000000000343e-03
3.115950000000000143e-03
3.435989999999999878e-04
-4.004620000000000402e-03
-7.192969999999999919e-03
-8.112460000000000157e-03
-4.899650000000000186e-03
6.322079999999999887e-04
-1.191470000000000029e-03
-9.880359999999999490e-03
-1.059270000000000003e-02
-1.019369999999999912e-03
1.397259999999999995e-02
1.751780000000000004e-02
7.517860000000000341e-03
-3.084089999999999835e-03
-7.440500000000000065e-03
-3.673210000000000103e-03
4.062439999999999628e-03
4.866060000000000177e-03
-3.177430000000000185e-03
-1.117729999999999939e-02
-9.888160000000000005e-03
-6.147499999999999536e-04
5.059639999999999797e-03
4.629880000000000280e-03
6.380230000000000406e-04
-3.397240000000000155e-03
5.948069999999999746e-03
9.152920000000000153e-03
1.077180000000000010e-04
-7.288300000000000160e-03
-8.499220000000000039e-03
-6.474240000000000030e-03
-4.900269999999999973e-03
-4.823970000000000341e-03
-3.195470000000000168e-03
1.320519999999999940e-03
3.051889999999999811e-03
4.552139999999999659e-03
9.028120000000000589e-03
1.095329999999999915e-02
3.171549999999999977e-03
-1.060260000000000022e-02
-1.351179999999999916e-02
-3.384509999999999862e-03
8.054149999999999504e-03
8.385820000000000426e-03
3.471740000000000069e-04
-3.302670000000000172e-03
1.034750000000000079e-03
4.366720000000000150e-03
2.431700000000000181e-03
-2.516249999999999837e-05
-1.882090000000000108e-03
1.574160000000000012e-03
1.137349999999999993e-02
4.539620000000000287e-03
-2.919709999999999840e-03
-3.332700000000000072e-03
-1.593540000000000061e-03
3.703150000000000105e-03
3.649209999999999954e-03
-3.408870000000000042e-03
-8.446280000000000454e-03
-4.201019999999999754e-03
1.830410000000000023e-02
2.950890000000000110e-02
1.154769999999999928e-02
-5.736970000000000090e-03
-4.739540000000000419e-03
4.068689999999999807e-03
4.665719999999999937e-03
-2.731089999999999820e-03
-7.482479999999999687e-03
-9.910860000000000503e-03
-1.154389999999999930e-02
-3.617149999999999966e-03
3.962489999999999936e-03
-2.115060000000000204e-03
-1.438719999999999929e-02
-1.381220000000000017e-02
-1.976939999999999947e-03
1.002190000000000025e-02
7.259680000000000126e-03
-4.876830000000000401e-03
-7.643299999999999574e-03
4.031050000000000431e-03
1.385729999999999948e-02
1.546059999999999969e-02
9.965820000000000234e-03
1.479290000000000075e-03
-1.215729999999999936e-02
-1.573830000000000021e-02
7.108080000000000561e-05
1.442249999999999956e-02
8.139739999999999476e-03
-4.172789999999999735e-05
7.940509999999999582e-03
2.763519999999999865e-02
1.205789999999999987e-02
-8.522689999999999433e-03
-9.215539999999999496e-03
-7.949209999999999957e-03
-5.604500000000000107e-03
-2.717939999999999853e-03
-6.874080000000000294e-04
-5.452939999999999870e-03
-1.116340000000000041e-02
-1.030239999999999975e-02
4.504659999999999741e-03
1.601669999999999830e-02
1.448430000000000030e-02
-1.199320000000000030e-03
-1.541720000000000070e-02
-1.846969999999999862e-02
-1.861840000000000023e-02
-1.713539999999999855e-02
-1.633930000000000105e-02
-1.911020000000000080e-02
-2.026970000000000161e-02
-1.796309999999999921e-02
-1.190940000000000054e-02
4.000079999999999608e-03
2.327859999999999999e-02
3.803739999999999899e-02
4.007039999999999907e-02
2.313590000000000091e-02
-1.504340000000000061e-03
-1.362919999999999930e-02
-1.403079999999999952e-02
-4.837890000000000072e-03
1.156049999999999960e-02
1.188840000000000036e-02
9.104529999999999785e-04
-4.086349999999999878e-03
4.562990000000000275e-03
2.263810000000000128e-02
2.525739999999999930e-02
1.836449999999999888e-02
1.253319999999999955e-02
6.008570000000000404e-03
-1.016210000000000030e-02
-2.234279999999999947e-02
-2.116010000000000113e-02
-1.046650000000000011e-02
3.131089999999999866e-05
3.360020000000000021e-03
-1.549140000000000066e-03
-8.941920000000000771e-03
-1.703609999999999847e-02
-2.000110000000000082e-02
-7.706000000000000176e-03
1.393390000000000080e-02
1.988049999999999887e-02
1.398010000000000051e-02
1.004000000000000031e-02
3.692990000000000161e-03
-5.029270000000000181e-04
-6.272680000000000096e-03
-1.482349999999999987e-02
-1.678850000000000134e-02
-8.281530000000000488e-03
2.294619999999999820e-03
1.006349999999999953e-02
1.234159999999999945e-02
1.033549999999999920e-02
7.535970000000000342e-03
4.603150000000000297e-03
-1.249259999999999954e-02
-2.391340000000000132e-02
-3.198840000000000017e-02
-3.813590000000000035e-02
-2.082240000000000132e-02
5.673130000000000187e-03
1.632019999999999998e-02
3.069480000000000125e-02
4.821629999999999666e-02
3.000440000000000051e-02
-2.335279999999999908e-03
-2.748719999999999983e-02
-3.597929999999999878e-02
-2.417940000000000020e-02
-1.044819999999999907e-03
4.837320000000000096e-04
-8.176229999999999609e-03
-9.619020000000000695e-03
2.228659999999999929e-03
8.992359999999999590e-03
3.438220000000000078e-03
-5.116980000000000139e-03
-1.885710000000000164e-02
-2.650140000000000134e-02
-2.712470000000000159e-02
-2.515840000000000090e-02
-7.110990000000000193e-03
7.351189999999999634e-03
7.318139999999999888e-03
1.864849999999999841e-02
2.472469999999999876e-02
1.000559999999999991e-02
2.946820000000000168e-03
9.675899999999999432e-03
9.654680000000000553e-03
-9.214560000000000112e-03
-2.854910000000000087e-02
-1.959189999999999890e-02
-5.031439999999999871e-03
1.616830000000000036e-04
9.294659999999999728e-03
2.414459999999999870e-02
3.167439999999999839e-02
1.661030000000000145e-02
-1.016590000000000028e-02
-8.665340000000000542e-03
1.931499999999999884e-02
2.190720000000000167e-02
-5.600749999999999826e-03
-1.797440000000000149e-02
-1.312359999999999915e-02
-4.031319999999999695e-03
1.810039999999999913e-02
2.711490000000000081e-02
1.474669999999999974e-02
-3.424260000000000151e-03
-1.296910000000000077e-02
-2.502199999999999997e-03
1.922290000000000110e-02
3.209999999999999659e-02
3.184080000000000243e-02
1.909100000000000033e-02
-7.142370000000000316e-03
-1.005110000000000031e-02
-7.383390000000000092e-03
-1.807109999999999966e-02
-4.337110000000000271e-02
-4.639959999999999918e-02
-1.535010000000000020e-02
6.943539999999999782e-03
1.221090000000000023e-02
1.905880000000000074e-02
3.457550000000000207e-02
5.220500000000000140e-02
5.654300000000000298e-02
5.494550000000000128e-02
5.759020000000000111e-02
5.613370000000000165e-02
5.554390000000000022e-02
5.838669999999999971e-02
4.753330000000000055e-02
2.329039999999999930e-02
1.535189999999999992e-02
7.865439999999999585e-03
-8.756339999999999610e-03
-1.398620000000000071e-02
-5.128070000000000198e-03
8.514590000000000483e-04
-1.234580000000000052e-02
-2.984790000000000013e-02
-3.963830000000000131e-02
-4.515689999999999982e-02
-5.388579999999999759e-02
-6.066989999999999883e-02
-5.723530000000000284e-02
-6.300640000000000407e-02
-7.843319999999999459e-02
-8.261050000000000337e-02
-7.454819999999999502e-02
-6.974710000000000631e-02
-7.188890000000000557e-02
-7.261399999999999799e-02
-6.429100000000000092e-02
-4.359640000000000043e-02
-1.948170000000000110e-02
-8.105680000000000090e-04
5.770410000000000122e-03
1.198190000000000019e-02
2.681479999999999975e-02
3.320410000000000028e-02
3.863210000000000255e-02
5.888449999999999934e-02
6.897159999999999402e-02
8.563250000000000028e-02
1.033280000000000032e-01
1.026230000000000059e-01
7.836650000000000560e-02
3.779550000000000270e-02
2.091080000000000022e-02
2.129870000000000027e-02
2.435760000000000008e-02
1.728630000000000097e-02
3.327479999999999848e-03
-1.576579999999999995e-02
-1.131790000000000053e-02
1.074360000000000072e-02
2.213060000000000027e-02
2.505879999999999913e-02
2.528930000000000067e-02
3.252759999999999679e-02
3.951469999999999982e-02
1.710719999999999949e-02
-2.749539999999999970e-02
-4.804169999999999968e-02
-6.436269999999999492e-02
-9.575939999999999452e-02
-1.169229999999999992e-01
-1.029179999999999956e-01
-7.130359999999999476e-02
-3.428910000000000291e-02
-4.008939999999999899e-03
1.584730000000000166e-02
3.650960000000000316e-02
5.001270000000000021e-02
5.846389999999999920e-02
6.004539999999999877e-02
3.994790000000000146e-02
1.205230000000000017e-02
-1.547680000000000063e-02
-2.959089999999999984e-02
-3.071870000000000156e-02
-3.856779999999999931e-02
-6.486250000000000349e-02
-8.397469999999999934e-02
-9.325200000000000156e-02
-9.781650000000000067e-02
-9.441950000000000343e-02
-8.849690000000000334e-02
-7.838530000000000497e-02
-6.515129999999999533e-02
-6.018359999999999682e-02
-4.869169999999999748e-02
-3.001590000000000161e-02
1.304980000000000029e-02
3.801659999999999762e-02
3.095089999999999994e-02
1.733420000000000100e-02
1.189720000000000014e-02
7.185079999999999939e-03
-1.502630000000000079e-04
7.199299999999999623e-03
2.897440000000000085e-02
4.738860000000000294e-02
6.767860000000000542e-02
9.282169999999999310e-02
9.497089999999999699e-02
8.446309999999999929e-02
8.133890000000000564e-02
8.000960000000000016e-02
7.656369999999999842e-02
7.274500000000000410e-02
6.727710000000000634e-02
6.407519999999999882e-02
7.032929999999999737e-02
7.771169999999999467e-02
7.281289999999999984e-02
4.242089999999999750e-02
4.032670000000000352e-03
-9.262990000000000460e-03
-1.556629999999999993e-02
-3.828759999999999802e-02
-5.969689999999999719e-02
-6.213690000000000185e-02
-3.323140000000000122e-02
-1.875289999999999943e-03
3.128779999999999843e-03
4.564740000000000290e-03
4.739400000000000383e-03
-3.275450000000000063e-03
-2.035110000000000044e-02
-3.429610000000000297e-02
-5.295640000000000069e-02
-8.165820000000000023e-02
-1.071990000000000026e-01
-1.199500000000000011e-01
-1.259170000000000011e-01
-1.254659999999999942e-01
-1.186360000000000053e-01
-8.907569999999999377e-02
-5.191760000000000125e-02
-4.799609999999999987e-02
-5.507440000000000252e-02
-4.879479999999999928e-02
-4.639879999999999699e-02
-6.580039999999999500e-02
-1.013320000000000054e-01
-1.034329999999999972e-01
-8.575549999999999840e-02
-7.619839999999999947e-02
-6.315110000000000168e-02
-3.111049999999999927e-02
-2.143079999999999985e-02
-2.029040000000000010e-02
2.001590000000000140e-03
2.089080000000000104e-02
2.315309999999999938e-02
4.219309999999999727e-02
7.623180000000000234e-02
1.028150000000000036e-01
1.135830000000000034e-01
1.237850000000000061e-01
1.335719999999999963e-01
1.744789999999999952e-01
1.641440000000000121e-01
1.055999999999999994e-01
9.964539999999999509e-02
1.003799999999999970e-01
8.763120000000000631e-02
7.957690000000000596e-02
7.258040000000000325e-02
5.884410000000000335e-02
6.127389999999999920e-02
1.005960000000000049e-01
1.440970000000000029e-01
1.445760000000000101e-01
1.004059999999999953e-01
7.408889999999999920e-02
9.527220000000000133e-02
1.040350000000000025e-01
8.627819999999999934e-02
7.592250000000000387e-02
7.729239999999999722e-02
8.104079999999999617e-02
7.819249999999999812e-02
6.875109999999999555e-02
5.819780000000000092e-02
4.331150000000000277e-02
2.824810000000000168e-02
-2.926089999999999898e-04
-3.827060000000000184e-02
-7.539659999999999418e-02
-9.357319999999999527e-02
-1.105420000000000014e-01
-1.313930000000000098e-01
-1.299339999999999939e-01
-1.204370000000000024e-01
-1.181230000000000058e-01
-1.162630000000000052e-01
-1.147799999999999931e-01
-1.228179999999999966e-01
-1.101229999999999987e-01
-7.657799999999999330e-02
-6.549739999999999729e-02
-6.265529999999999711e-02
-5.677709999999999702e-02
-5.284500000000000308e-02
-4.905389999999999751e-02
-5.044069999999999804e-02
-7.544570000000000443e-02
-1.269260000000000110e-01
-1.381969999999999865e-01
-1.348260000000000014e-01
-1.245109999999999967e-01
-8.777219999999999467e-02
-7.193370000000000319e-02
-7.737650000000000083e-02
-7.562939999999999940e-02
-5.981750000000000261e-02
-3.770659999999999897e-03
2.769119999999999915e-02
3.643300000000000011e-02
6.869190000000000018e-02
1.077000000000000041e-01
1.292659999999999920e-01
1.230249999999999955e-01
9.996660000000000268e-02
7.515059999999999796e-02
6.027550000000000269e-02
5.847109999999999808e-02
5.756730000000000180e-02
4.976789999999999686e-02
4.103149999999999853e-02
3.499870000000000064e-02
4.413349999999999912e-02
7.595559999999999812e-02
1.489189999999999958e-01
1.886720000000000064e-01
1.594069999999999931e-01
1.503990000000000049e-01
1.669660000000000033e-01
1.544609999999999872e-01
1.351300000000000001e-01
1.350020000000000109e-01
1.131110000000000032e-01
9.025669999999999527e-02
9.450820000000000054e-02
8.018540000000000390e-02
3.026080000000000089e-02
-9.217740000000000308e-03
-1.822549999999999865e-02
-4.393459999999999727e-02
-7.002940000000000553e-02
-7.452680000000000415e-02
-6.802360000000000351e-02
-3.782660000000000189e-02
2.855229999999999834e-03
2.680609999999999937e-02
4.431159999999999960e-02
4.656769999999999660e-02
3.050239999999999896e-02
1.754920000000000091e-02
5.342969999999999837e-03
-3.315019999999999772e-02
-6.444039999999999491e-02
-9.249809999999999977e-02
-1.348890000000000089e-01
-1.656430000000000125e-01
-1.988900000000000112e-01
-1.993689999999999907e-01
-2.141399999999999970e-01
-2.479379999999999917e-01
-2.582749999999999768e-01
-2.733590000000000186e-01
-2.690310000000000201e-01
-2.624330000000000274e-01
-1.996459999999999901e-01
-1.607800000000000062e-01
-1.490160000000000096e-01
-8.118640000000000578e-02
-2.989740000000000106e-02
-3.139970000000000261e-02
-1.109740000000000032e-02
3.417250000000000149e-02
7.010059999999999902e-02
8.812879999999999325e-02
9.543319999999999581e-02
9.820800000000000363e-02
1.014710000000000056e-01
1.116889999999999966e-01
1.533390000000000031e-01
1.445339999999999958e-01
1.348149999999999904e-01
1.716209999999999958e-01
1.293070000000000053e-01
5.025260000000000143e-02
-1.780870000000000022e-02
-4.017090000000000244e-02
-2.981899999999999828e-02
3.173220000000000034e-03
2.061239999999999947e-02
1.038949999999999943e-02
2.211429999999999906e-03
-2.715899999999999825e-03
3.011059999999999865e-03
1.137039999999999926e-02
2.032870000000000163e-02
3.054149999999999920e-02
3.652969999999999828e-02
2.720540000000000111e-02
1.241090000000000075e-02
2.147920000000000211e-03
1.388850000000000067e-03
4.921840000000000243e-03
1.673430000000000056e-02
3.041989999999999972e-02
3.641550000000000342e-02
3.134180000000000299e-02
2.013590000000000171e-02
1.919919999999999960e-02
2.703840000000000063e-02
2.795390000000000028e-02
2.887330000000000105e-02
3.097650000000000056e-02
2.975179999999999839e-02
2.989719999999999878e-02
3.765450000000000047e-02
6.253090000000000037e-02
8.054089999999999860e-02
7.729759999999999409e-02
6.261669999999999736e-02
-2.651939999999999853e-02
-8.220249999999999779e-02
-8.468710000000000127e-02
-1.020370000000000027e-01
-1.204110000000000041e-01
-1.227020000000000055e-01
-1.184390000000000026e-01
-1.070249999999999951e-01
-7.271020000000000261e-02
-4.082619999999999999e-02
-1.895880000000000135e-02
-1.543899999999999960e-03
1.243140000000000044e-02
2.327469999999999886e-02
3.008950000000000166e-02
3.158360000000000334e-02
3.103039999999999965e-02
2.737399999999999903e-02
2.173829999999999860e-02
1.278709999999999916e-02
8.222130000000000237e-04
-6.446269999999999605e-03
-7.378639999999999678e-03
-1.689529999999999851e-02
-2.996729999999999880e-02
-2.490150000000000002e-02
-2.540900000000000016e-03
3.722129999999999883e-02
8.225689999999999391e-02
1.039140000000000064e-01
1.225780000000000064e-01
1.304599999999999926e-01
1.246980000000000033e-01
1.132989999999999969e-01
1.014749999999999958e-01
6.147819999999999674e-02
4.376229999999999704e-02
4.626530000000000226e-02
4.155129999999999935e-02
4.735990000000000338e-02
4.560379999999999989e-02
3.002480000000000079e-02
-9.735679999999999595e-04
-2.248930000000000026e-02
-3.579990000000000255e-02
-6.016080000000000039e-02
-9.812029999999999363e-02
-1.165589999999999959e-01
-1.171419999999999961e-01
-1.072540000000000021e-01
-1.123340000000000033e-01
-1.439269999999999994e-01
-1.452690000000000092e-01
-1.014649999999999996e-01
-1.001660000000000050e-01
-1.345020000000000104e-01
-1.132009999999999961e-01
-7.136810000000000376e-02
-5.390480000000000271e-02
-5.063039999999999902e-02
-3.142359999999999858e-03
4.046099999999999697e-02
3.778159999999999852e-02
4.351479999999999931e-02
4.446920000000000039e-02
5.498240000000000072e-02
8.906500000000000528e-02
1.109009999999999996e-01
1.052300000000000041e-01
9.860170000000000046e-02
1.022630000000000067e-01
1.010859999999999953e-01
5.862309999999999743e-02
1.430030000000000016e-02
6.073369999999999810e-03
1.855369999999999936e-02
3.859730000000000105e-02
3.724990000000000245e-02
3.771830000000000321e-02
3.898200000000000276e-02
3.033500000000000085e-02
1.747030000000000111e-02
6.980580000000000118e-03
2.186449999999999939e-03
-7.057019999999999786e-03
-3.357729999999999743e-02
-4.104250000000000259e-02
-2.856109999999999899e-02
-1.888079999999999967e-02
-1.457220000000000043e-02
-2.030360000000000151e-02
-3.237380000000000119e-02
-4.011420000000000263e-02
-3.918669999999999792e-02
-3.446960000000000302e-02
-3.101749999999999993e-02
-3.070049999999999862e-02
-3.140649999999999692e-02
-3.084709999999999883e-02
-2.523179999999999867e-02
-7.716899999999999628e-03
9.805740000000000289e-03
1.307400000000000055e-02
7.807340000000000287e-03
-1.381080000000000025e-03
-4.106470000000000085e-03
9.832350000000000118e-03
2.642939999999999873e-02
2.529319999999999832e-02
1.315739999999999965e-02
1.470519999999999987e-02
1.680390000000000009e-02
-1.264700000000000026e-02
-4.591400000000000342e-02
-7.471189999999999776e-02
-9.773519999999999430e-02
-7.050480000000000635e-02
-2.506800000000000000e-02
5.100399999999999726e-03
1.613360000000000141e-02
2.115879999999999844e-02
2.512450000000000100e-02
2.333119999999999986e-02
2.721060000000000145e-02
4.385139999999999871e-02
5.593499999999999861e-02
6.803470000000000351e-02
8.566590000000000316e-02
9.121690000000000353e-02
8.926910000000000400e-02
8.596910000000000662e-02
7.256840000000000512e-02
4.748949999999999699e-02
2.901520000000000141e-02
1.834759999999999863e-02
5.661089999999999699e-03
-6.994359999999999813e-03
-8.392260000000000345e-03
-3.862309999999999875e-03
1.938849999999999948e-02
4.842140000000000333e-02
5.720390000000000197e-02
5.486769999999999842e-02
5.079650000000000137e-02
3.582880000000000092e-02
1.898340000000000097e-02
1.124449999999999929e-02
9.497639999999999902e-03
5.978970000000000118e-03
-3.269109999999999985e-03
-2.043980000000000102e-02
-3.620759999999999951e-02
-5.815130000000000299e-02
-6.912649999999999351e-02
-6.990949999999999942e-02
-6.961760000000000170e-02
-7.152769999999999961e-02
-7.164329999999999310e-02
-6.297729999999999995e-02
-5.709290000000000198e-02
-6.388850000000000084e-02
-8.232879999999999365e-02
-9.921389999999999376e-02
-9.941039999999999599e-02
-9.060100000000000098e-02
-8.930539999999999312e-02
-8.648100000000000231e-02
-6.746770000000000544e-02
-4.584549999999999736e-02
-3.382439999999999752e-02
-2.177499999999999922e-02
-9.515970000000000331e-03
-8.384249999999999342e-03
-1.471820000000000073e-02
-6.979789999999999606e-03
1.145870000000000048e-02
1.115009999999999959e-02
1.164390000000000043e-02
2.559370000000000048e-02
4.415460000000000218e-02
5.665479999999999822e-02
6.868359999999999743e-02
8.076859999999999595e-02
9.867810000000000470e-02
1.127839999999999954e-01
1.151839999999999947e-01
1.027689999999999992e-01
5.927029999999999799e-02
-8.432590000000000224e-03
-7.700890000000000513e-02
-1.244259999999999949e-01
-1.302180000000000004e-01
-1.083719999999999961e-01
-3.183980000000000143e-02
2.998299999999999924e-02
4.869319999999999898e-02
6.552510000000000279e-02
7.966149999999999620e-02
8.495709999999999373e-02
8.480390000000000150e-02
8.657140000000000668e-02
9.126420000000000365e-02
9.032110000000000138e-02
9.154529999999999612e-02
1.016969999999999957e-01
1.045009999999999967e-01
9.320150000000000656e-02
8.098379999999999468e-02
7.137809999999999988e-02
6.808160000000000600e-02
7.591050000000000575e-02
7.951339999999999797e-02
7.175789999999999946e-02
5.316640000000000255e-02
1.909049999999999983e-02
-1.829630000000000145e-02
-5.096799999999999942e-02
-8.478360000000000063e-02
-1.147589999999999999e-01
-1.280280000000000029e-01
-1.262969999999999926e-01
-9.635549999999999671e-02
-5.903259999999999758e-02
-4.775990000000000096e-02
-4.999610000000000165e-02
-4.934530000000000166e-02
-5.635699999999999737e-02
-7.902380000000000515e-02
-1.230249999999999955e-01
-1.380730000000000013e-01
-1.279579999999999884e-01
-1.343050000000000077e-01
-1.596420000000000061e-01
-1.274480000000000057e-01
-9.241349999999999565e-02
-8.229000000000000203e-02
-6.499950000000000172e-02
-4.923079999999999817e-02
-2.423000000000000154e-02
-1.369779999999999956e-02
-1.820130000000000012e-02
-2.812850000000000072e-02
-3.720650000000000346e-02
-3.900510000000000088e-02
-3.392749999999999932e-02
-3.398559999999999776e-02
-3.472279999999999811e-02
-3.297150000000000081e-02
-2.515370000000000106e-02
-1.023289999999999964e-02
1.104109999999999987e-02
2.488440000000000096e-02
2.993010000000000115e-02
3.098559999999999856e-02
3.454700000000000132e-02
3.684119999999999756e-02
4.578920000000000212e-02
7.041959999999999886e-02
9.761739999999999307e-02
6.775269999999999904e-02
2.483240000000000100e-02
7.930879999999999527e-03
-9.784940000000000651e-03
-1.846379999999999896e-02
-2.128060000000000021e-02
-1.940390000000000170e-02
-1.615549999999999972e-02
-1.317100000000000042e-02
-7.131099999999999592e-03
-3.242660000000000074e-03
-4.533780000000000275e-03
-2.934930000000000091e-03
4.296760000000000163e-03
1.560970000000000066e-02
2.571079999999999893e-02
2.534679999999999919e-02
1.892630000000000007e-02
1.391109999999999916e-02
1.485380000000000034e-02
2.448569999999999913e-02
4.686409999999999881e-02
7.125299999999999689e-02
8.221760000000000179e-02
8.657070000000000043e-02
8.723640000000000561e-02
8.330819999999999892e-02
7.971319999999999795e-02
8.750249999999999695e-02
9.641379999999999395e-02
8.670490000000000141e-02
5.970079999999999831e-02
3.220379999999999771e-02
-3.225309999999999896e-03
-5.001989999999999909e-02
-9.374520000000000075e-02
-1.170419999999999933e-01
-1.165670000000000039e-01
-1.024739999999999956e-01
-7.911279999999999701e-02
-5.527130000000000237e-02
-3.773590000000000277e-02
-2.657220000000000068e-02
-1.646970000000000031e-02
5.777970000000000328e-03
2.347070000000000059e-02
2.377390000000000059e-02
1.234810000000000074e-02
-1.215190000000000020e-02
-3.859169999999999962e-02
-5.116099999999999814e-02
-5.503870000000000290e-02
-5.149949999999999667e-02
-3.675439999999999957e-02
-9.273109999999999339e-03
8.899709999999999913e-03
9.300819999999999574e-03
4.594250000000000243e-03
2.272670000000000072e-03
5.888929999999999686e-03
1.438039999999999978e-02
1.949050000000000088e-02
1.800629999999999939e-02
1.072369999999999921e-02
-2.258379999999999936e-03
-8.402269999999999878e-03
-2.682560000000000066e-03
9.116569999999999188e-03
3.363839999999999886e-02
5.535890000000000255e-02
6.712450000000000361e-02
7.350109999999999977e-02
7.619990000000000097e-02
7.979200000000000181e-02
8.425059999999999494e-02
8.698759999999999826e-02
8.298310000000000408e-02
7.108330000000000204e-02
5.806410000000000043e-02
5.194959999999999856e-02
4.690949999999999981e-02
4.061479999999999951e-02
3.516419999999999962e-02
3.149280000000000135e-02
2.784769999999999954e-02
2.226759999999999851e-02
4.066209999999999790e-03
-3.179619999999999669e-02
-6.384769999999999335e-02
-8.586370000000000113e-02
-9.715110000000000412e-02
-1.008399999999999991e-01
-9.400139999999999885e-02
-6.796359999999999901e-02
-4.277559999999999696e-02
-2.499859999999999929e-02
-2.767739999999999870e-03
1.407929999999999945e-02
2.113249999999999851e-02
2.369289999999999938e-02
2.603990000000000124e-02
2.501350000000000101e-02
2.239390000000000130e-02
1.915400000000000089e-02
1.602779999999999830e-02
1.032100000000000031e-02
3.438520000000000031e-03
-6.276590000000000294e-03
-2.150890000000000093e-02
-3.662250000000000227e-02
-3.950540000000000301e-02
-3.299049999999999899e-02
-1.267300000000000024e-02
8.574389999999999443e-03
2.204650000000000012e-02
2.356629999999999836e-02
2.051110000000000086e-02
1.993670000000000164e-02
1.968690000000000023e-02
1.724820000000000172e-02
1.479180000000000078e-02
1.413269999999999978e-02
9.826210000000000153e-03
5.346120000000000212e-03
5.846969999999999945e-03
9.241269999999999346e-03
1.458360000000000038e-02
2.031439999999999982e-02
2.247899999999999898e-02
2.025309999999999958e-02
1.513139999999999971e-02
7.760079999999999929e-03
-1.199049999999999899e-03
-8.556630000000000832e-03
-1.343650000000000053e-02
-1.379269999999999975e-02
-8.800380000000000008e-03
-1.733479999999999917e-03
7.532800000000000086e-03
1.366709999999999973e-02
1.343300000000000050e-02
5.124560000000000226e-03
-1.270119999999999930e-02
-2.925660000000000066e-02
-3.620430000000000176e-02
-3.901589999999999919e-02
-4.545889999999999653e-02
-5.300409999999999844e-02
-5.736569999999999864e-02
-5.954949999999999827e-02
-5.932570000000000204e-02
-5.408290000000000319e-02
-4.636080000000000062e-02
-4.328660000000000146e-02
-4.257230000000000042e-02
-3.838899999999999951e-02
-2.991419999999999843e-02
-2.401309999999999903e-02
-2.112659999999999885e-02
-2.444910000000000139e-02
-3.163810000000000233e-02
-3.646239999999999898e-02
-3.759529999999999816e-02
-3.638899999999999774e-02
-3.314099999999999685e-02
-2.235449999999999937e-02
-9.021750000000000255e-03
-1.859509999999999982e-03
-1.832190000000000034e-03
-8.056300000000000613e-03
-2.125020000000000034e-02
-3.107649999999999996e-02
-2.975500000000000020e-02
-1.960850000000000093e-02
3.991500000000000256e-03
3.520449999999999968e-02
6.725720000000000309e-02
9.296849999999999559e-02
1.116719999999999935e-01
1.200669999999999932e-01
1.206659999999999955e-01
1.174889999999999962e-01
1.103370000000000045e-01
9.998139999999999805e-02
8.780110000000000692e-02
7.556409999999999516e-02
6.730129999999999446e-02
6.297039999999999582e-02
6.360440000000000538e-02
6.776719999999999966e-02
7.103030000000000455e-02
7.074980000000000158e-02
6.723450000000000260e-02
6.352710000000000301e-02
6.327670000000000516e-02
6.666120000000000378e-02
6.939030000000000198e-02
6.700190000000000312e-02
4.634690000000000337e-02
1.296680000000000055e-02
-1.260460000000000053e-02
-2.510350000000000081e-02
-3.259630000000000166e-02
-4.204539999999999667e-02
-5.079709999999999781e-02
-5.370330000000000242e-02
-4.864369999999999805e-02
-3.563680000000000320e-02
-2.324069999999999955e-02
-1.766490000000000074e-02
-1.990640000000000118e-02
-2.588800000000000129e-02
-3.476640000000000286e-02
-4.932500000000000079e-02
-5.867699999999999999e-02
-6.630179999999999407e-02
-7.716599999999999848e-02
-8.618330000000000435e-02
-8.984979999999999356e-02
-8.873430000000000206e-02
-8.510479999999999434e-02
-7.940179999999999461e-02
-7.552440000000000542e-02
-7.021990000000000176e-02
-6.220149999999999985e-02
-5.368440000000000017e-02
-4.802080000000000237e-02
-3.951709999999999945e-02
-2.610739999999999936e-02
-1.547399999999999991e-02
-9.378040000000000681e-03
-5.610930000000000084e-03
-2.421609999999999822e-03
-2.342050000000000035e-03
-7.330520000000000092e-03
-1.708890000000000062e-02
-2.718989999999999949e-02
-3.261069999999999941e-02
-3.077179999999999846e-02
-2.375290000000000040e-02
-1.274149999999999935e-02
6.767890000000000147e-04
9.980920000000000764e-03
1.300349999999999943e-02
1.404940000000000008e-02
1.404269999999999997e-02
1.115249999999999922e-02
9.546479999999999549e-03
1.056980000000000072e-02
1.777470000000000092e-02
2.550629999999999911e-02
3.142579999999999679e-02
3.809529999999999861e-02
4.377280000000000060e-02
4.579169999999999768e-02
4.536479999999999679e-02
4.387329999999999702e-02
4.118079999999999657e-02
3.775629999999999958e-02
3.437889999999999696e-02
2.967310000000000086e-02
2.692430000000000170e-02
2.702859999999999985e-02
2.841319999999999957e-02
2.829229999999999939e-02
2.750879999999999992e-02
2.661109999999999864e-02
2.504330000000000098e-02
2.305309999999999998e-02
2.226059999999999844e-02
1.820280000000000162e-02
1.064009999999999956e-02
2.226130000000000209e-03
-4.264109999999999775e-03
-7.926139999999999922e-03
-1.012279999999999951e-02
-1.384250000000000064e-02
-1.906209999999999849e-02
-2.599809999999999968e-02
-2.583540000000000142e-02
-2.210700000000000165e-02
-1.986059999999999909e-02
-1.819780000000000009e-02
-1.708159999999999887e-02
-1.672939999999999844e-02
-1.538999999999999917e-02
-1.212429999999999931e-02
-9.373009999999999328e-03
-6.517069999999999808e-03
-1.776089999999999917e-03
3.056430000000000171e-03
7.767549999999999802e-03
1.536240000000000001e-02
2.187450000000000158e-02
2.590069999999999872e-02
2.727349999999999913e-02
2.626989999999999881e-02
2.779819999999999861e-02
2.828309999999999852e-02
2.393050000000000038e-02
1.851370000000000099e-02
1.524430000000000056e-02
1.345310000000000082e-02
1.314150000000000040e-02
1.147809999999999976e-02
8.232639999999999403e-03
6.733750000000000152e-03
6.022259999999999766e-03
6.580589999999999877e-03
1.008960000000000065e-02
8.361310000000000270e-03
-4.491329999999999975e-04
-9.599049999999999597e-03
-1.761820000000000053e-02
-2.138129999999999892e-02
-2.072840000000000099e-02
-2.570060000000000053e-02
-3.191299999999999693e-02
-3.469830000000000136e-02
-3.531549999999999967e-02
-3.578959999999999780e-02
-3.469730000000000036e-02
-3.405520000000000075e-02
-3.303760000000000030e-02
-3.193619999999999792e-02
-2.596009999999999984e-02
-1.799780000000000130e-02
-1.276410000000000045e-02
-1.197520000000000008e-02
-8.898949999999999222e-03
-7.236270000000000376e-03
-6.820549999999999877e-03
-4.582700000000000315e-03
2.748770000000000206e-03
6.783410000000000134e-03
8.062440000000000578e-03
7.643989999999999813e-03
6.808340000000000398e-03
4.617969999999999887e-03
2.263999999999999953e-03
-3.236699999999999907e-03
-9.997709999999999930e-03
-1.722430000000000141e-02
-2.467269999999999880e-02
-2.540330000000000019e-02
-1.911720000000000086e-02
-7.584089999999999929e-03
4.232279999999999723e-03
1.465450000000000086e-02
1.975750000000000076e-02
2.344730000000000078e-02
3.073630000000000112e-02
3.356750000000000012e-02
3.392850000000000033e-02
3.441489999999999827e-02
3.484940000000000260e-02
3.463240000000000068e-02
3.293390000000000206e-02
2.733069999999999944e-02
1.794580000000000133e-02
3.886779999999999836e-03
-6.093949999999999888e-03
-8.904079999999999981e-03
-5.975639999999999945e-03
-3.967430000000000088e-03
-2.275880000000000090e-03
-3.078679999999999872e-04
3.486130000000000045e-03
7.879030000000000408e-03
9.197050000000000017e-03
8.395649999999999294e-03
9.969509999999999136e-03
1.275040000000000028e-02
1.187120000000000015e-02
6.524330000000000060e-03
-3.901089999999999853e-03
-1.852329999999999949e-02
-3.041469999999999937e-02
-3.622100000000000319e-02
-3.562370000000000120e-02
-3.297250000000000181e-02
-2.960499999999999937e-02
-2.599720000000000156e-02
-1.666010000000000060e-02
5.198029999999999968e-04
1.769750000000000142e-02
2.286360000000000128e-02
2.142969999999999944e-02
1.813290000000000041e-02
1.054740000000000018e-02
-3.571560000000000099e-03
-1.977790000000000104e-02
-3.309089999999999948e-02
-4.245700000000000168e-02
-4.572310000000000263e-02
-4.367610000000000242e-02
-3.877930000000000266e-02
-3.085999999999999854e-02
-2.253049999999999845e-02
-1.499310000000000052e-02
-9.589739999999999376e-03
-8.167360000000000245e-03
-8.053160000000000179e-03
-7.075520000000000073e-03
-4.902079999999999632e-03
-1.805280000000000036e-03
2.806209999999999954e-04
2.884429999999999893e-03
4.548459999999999830e-03
4.489670000000000293e-03
7.963829999999999867e-03
1.335429999999999950e-02
1.861229999999999829e-02
2.667239999999999889e-02
3.714069999999999871e-02
4.321629999999999916e-02
4.309380000000000155e-02
4.011229999999999657e-02
3.405140000000000250e-02
2.863189999999999832e-02
2.498519999999999908e-02
2.373640000000000125e-02
2.177420000000000050e-02
1.916520000000000029e-02
1.622809999999999878e-02
1.300390000000000053e-02
1.025670000000000054e-02
7.485799999999999919e-03
2.849210000000000024e-03
-2.423149999999999783e-03
-8.754639999999999297e-03
-1.594330000000000053e-02
-2.302059999999999870e-02
-2.911390000000000158e-02
-3.364869999999999667e-02
-3.607790000000000302e-02
-3.649940000000000129e-02
-3.443129999999999802e-02
-2.847819999999999865e-02
-1.617740000000000150e-02
-1.971210000000000150e-03
7.732720000000000218e-03
1.345999999999999974e-02
1.604279999999999942e-02
1.574499999999999858e-02
1.148360000000000006e-02
4.169879999999999941e-03
-5.734300000000000334e-03
-1.562559999999999991e-02
-2.170640000000000069e-02
-2.498950000000000130e-02
-2.681120000000000031e-02
-2.709100000000000050e-02
-2.655319999999999903e-02
-2.550030000000000005e-02
-2.359289999999999998e-02
-1.847769999999999968e-02
-1.335710000000000022e-02
-9.004230000000000220e-03
-3.502219999999999899e-03
1.136520000000000022e-03
3.925419999999999777e-03
6.398039999999999804e-03
9.040980000000000544e-03
9.617689999999999920e-03
9.345459999999999878e-03
8.735299999999999662e-03
7.907149999999999943e-03
5.204310000000000186e-03
3.329050000000000065e-03
2.990780000000000174e-03
4.006850000000000168e-03
4.265970000000000005e-03
3.413579999999999826e-03
-1.163219999999999966e-03
-6.959520000000000289e-03
-1.207620000000000048e-02
-1.682490000000000027e-02
-2.055409999999999876e-02
-2.238489999999999924e-02
-2.114009999999999848e-02
-1.995939999999999867e-02
-1.752669999999999922e-02
-1.466169999999999973e-02
-1.132550000000000050e-02
-7.041640000000000052e-03
-2.850790000000000182e-03
-1.320760000000000040e-05
4.798619999999999969e-03
9.772269999999999568e-03
1.318049999999999951e-02
1.380029999999999972e-02
1.224489999999999953e-02
9.258529999999999191e-03
8.984320000000000500e-03
9.703659999999999369e-03
1.193139999999999999e-02
1.306479999999999968e-02
1.260799999999999942e-02
1.229910000000000031e-02
1.229109999999999925e-02
1.252570000000000072e-02
1.575000000000000011e-02
1.762309999999999918e-02
1.872990000000000071e-02
1.700600000000000028e-02
1.332050000000000074e-02
7.224610000000000233e-03
1.181960000000000047e-04
-6.604790000000000140e-03
-1.299810000000000028e-02
-1.938519999999999827e-02
-2.158409999999999843e-02
-1.849450000000000052e-02
-1.121360000000000065e-02
-3.112000000000000183e-03
1.591259999999999940e-03
4.050709999999999901e-03
3.919340000000000324e-03
4.188840000000000098e-03
7.112389999999999685e-03
1.295870000000000008e-02
1.673320000000000016e-02
1.849699999999999955e-02
2.169600000000000001e-02
2.593919999999999906e-02
2.761339999999999975e-02
2.385630000000000042e-02
1.578850000000000045e-02
6.264650000000000080e-03
1.241710000000000036e-03
2.891820000000000241e-04
3.160360000000000079e-03
7.051560000000000120e-03
8.315380000000000688e-03
1.108370000000000015e-02
1.341539999999999920e-02
1.617050000000000085e-02
2.025300000000000017e-02
2.398279999999999856e-02
2.224630000000000010e-02
1.440840000000000003e-02
6.651250000000000044e-03
-6.292719999999999477e-04
-8.205240000000000797e-03
-1.492680000000000048e-02
-1.824759999999999924e-02
-2.024250000000000008e-02
-2.084269999999999873e-02
-1.887729999999999964e-02
-1.420569999999999992e-02
-6.351060000000000386e-03
9.642449999999999676e-04
6.709539999999999949e-03
9.867630000000000498e-03
1.333909999999999957e-02
1.723749999999999935e-02
2.068390000000000159e-02
2.191629999999999967e-02
2.049609999999999974e-02
1.881539999999999949e-02
1.853520000000000167e-02
1.789369999999999850e-02
1.710180000000000033e-02
1.388009999999999938e-02
1.131919999999999975e-02
7.402249999999999976e-03
1.347450000000000037e-03
-4.090899999999999745e-03
-9.490649999999999781e-03
-1.480839999999999934e-02
-2.014289999999999831e-02
-2.427829999999999919e-02
-2.420440000000000091e-02
-2.004739999999999994e-02
-1.451719999999999920e-02
-9.991399999999999240e-03
-6.062920000000000288e-03
-3.865930000000000061e-03
-8.812200000000000501e-04
5.908619999999999844e-03
1.031299999999999925e-02
1.345619999999999976e-02
1.357129999999999968e-02
1.193959999999999987e-02
9.166679999999999967e-03
8.186469999999999511e-03
5.384619999999999684e-03
2.680220000000000085e-03
2.899329999999999876e-03
4.079039999999999923e-03
6.816909999999999810e-03
9.632480000000000556e-03
1.218160000000000076e-02
1.492199999999999950e-02
1.617390000000000147e-02
1.859449999999999992e-02
1.588679999999999953e-02
9.835069999999999577e-03
3.399389999999999964e-03
-3.650050000000000169e-03
-8.693980000000000458e-03
-9.023549999999999974e-03
-8.883000000000000271e-03
-8.905410000000000756e-03
-1.110090000000000035e-02
-1.508619999999999926e-02
-1.686079999999999871e-02
-1.692209999999999895e-02
-1.648729999999999987e-02
-1.669199999999999851e-02
-1.600570000000000118e-02
-1.377899999999999958e-02
-7.016900000000000394e-03
1.024100000000000010e-03
6.580270000000000043e-03
1.165519999999999924e-02
1.550769999999999926e-02
1.612830000000000166e-02
1.490419999999999939e-02
1.456610000000000023e-02
9.714189999999999284e-03
1.161860000000000019e-03
-9.414050000000000196e-03
-1.838029999999999872e-02
-2.438059999999999880e-02
-2.749880000000000033e-02
-2.622760000000000022e-02
-2.122210000000000069e-02
-1.138830000000000051e-02
7.116899999999999572e-04
1.456980000000000081e-02
2.551900000000000002e-02
3.130070000000000074e-02
3.030309999999999948e-02
2.344359999999999847e-02
1.235769999999999924e-02
2.103849999999999855e-05
-9.940900000000000777e-03
-1.845569999999999850e-02
-2.701440000000000091e-02
-3.496529999999999777e-02
-3.957019999999999982e-02
-3.800760000000000249e-02
-3.284709999999999713e-02
-2.513570000000000040e-02
-1.469690000000000059e-02
-3.020290000000000127e-03
6.138919999999999967e-03
1.135809999999999945e-02
1.617499999999999841e-02
1.852550000000000030e-02
1.702280000000000112e-02
1.450809999999999947e-02
9.784650000000000639e-03
7.487800000000000185e-03
6.578859999999999743e-03
6.738850000000000222e-03
4.544259999999999619e-03
1.097499999999999951e-03
-1.825559999999999943e-03
-3.158740000000000159e-03
-3.487989999999999841e-03
-6.153180000000000281e-03
-7.335109999999999721e-03
-1.024680000000000035e-02
-1.119820000000000017e-02
-1.066220000000000015e-02
-1.047640000000000030e-02
-1.057810000000000000e-02
-1.166479999999999947e-02
-1.382500000000000048e-02
-1.439490000000000040e-02
-1.635690000000000061e-02
-1.863599999999999979e-02
-2.150439999999999990e-02
-2.520520000000000052e-02
-2.474700000000000163e-02
-2.084259999999999932e-02
-1.931899999999999937e-02
-1.781999999999999904e-02
-1.424659999999999989e-02
-1.179350000000000016e-02
-7.524030000000000128e-03
-2.240100000000000077e-03
2.575099999999999872e-03
5.161289999999999802e-03
5.445570000000000271e-03
4.970470000000000270e-03
4.132440000000000245e-03
5.245269999999999794e-03
5.476609999999999812e-03
6.827620000000000390e-03
9.010400000000000006e-03
9.302839999999999721e-03
8.301539999999999614e-03
5.266950000000000277e-03
3.347929999999999830e-03
2.751519999999999921e-03
4.583199999999999948e-03
7.723439999999999819e-03
1.141589999999999966e-02
1.374539999999999963e-02
1.638670000000000057e-02
1.897110000000000116e-02
2.269459999999999880e-02
2.648829999999999935e-02
2.836599999999999885e-02
2.747240000000000099e-02
2.412780000000000133e-02
2.206839999999999843e-02
1.914729999999999904e-02
1.542349999999999971e-02
1.229290000000000070e-02
1.106260000000000056e-02
1.097569999999999969e-02
1.042230000000000066e-02
1.016599999999999969e-02
8.794230000000000103e-03
5.339130000000000091e-03
7.280000000000000230e-04
-6.563130000000000353e-03
-1.507679999999999958e-02
-2.179060000000000025e-02
-2.425849999999999881e-02
-2.032070000000000057e-02
-1.473889999999999922e-02
-7.292299999999999824e-03
1.462649999999999964e-04
6.940260000000000179e-03
1.081780000000000068e-02
1.206439999999999943e-02
1.012320000000000060e-02
3.531680000000000149e-03
-6.306140000000000009e-03
-1.346550000000000004e-02
-1.625570000000000140e-02
-1.749310000000000101e-02
-1.680250000000000146e-02
-1.202340000000000006e-02
-4.988590000000000212e-03
3.539479999999999797e-03
9.799209999999999171e-03
1.333239999999999946e-02
1.394650000000000056e-02
1.176089999999999948e-02
7.676119999999999818e-03
8.984200000000000345e-04
-7.369599999999999589e-03
-1.537829999999999926e-02
-2.209699999999999859e-02
-2.635209999999999983e-02
-2.939510000000000040e-02
-3.168250000000000233e-02
-3.379909999999999859e-02
-3.389360000000000289e-02
-3.298120000000000218e-02
-3.006959999999999841e-02
-2.491389999999999924e-02
-1.531519999999999930e-02
-3.392130000000000145e-03
5.178280000000000383e-03
9.545700000000000712e-03
1.136589999999999996e-02
1.131139999999999923e-02
1.144590000000000017e-02
1.069230000000000007e-02
1.061959999999999987e-02
8.775909999999999614e-03
5.056680000000000029e-03
-7.743630000000000261e-04
-7.983469999999999456e-03
-1.367379999999999984e-02
-1.905760000000000093e-02
-2.191449999999999995e-02
-2.114219999999999988e-02
-1.556659999999999988e-02
-5.550880000000000224e-03
5.569850000000000322e-03
1.431649999999999937e-02
2.114890000000000173e-02
2.645689999999999847e-02
2.841710000000000069e-02
2.887599999999999889e-02
2.690379999999999855e-02
2.362720000000000098e-02
1.876620000000000024e-02
1.334759999999999940e-02
9.239709999999999937e-03
7.505279999999999591e-03
7.182069999999999600e-03
7.228739999999999992e-03
8.325920000000000543e-03
1.147500000000000082e-02
1.378820000000000046e-02
1.744180000000000036e-02
2.047010000000000149e-02
2.279679999999999901e-02
2.291630000000000056e-02
2.285550000000000082e-02
2.167919999999999917e-02
2.068810000000000093e-02
1.773829999999999851e-02
1.556639999999999933e-02
1.504070000000000060e-02
1.445309999999999997e-02
1.249789999999999929e-02
1.131590000000000026e-02
9.860169999999999699e-03
1.063769999999999993e-02
9.504359999999999892e-03
6.766069999999999897e-03
2.525509999999999908e-03
-1.374929999999999902e-03
-1.825089999999999915e-03
-4.694320000000000090e-03
-8.137580000000000160e-03
-1.001179999999999952e-02
-1.167999999999999941e-02
-1.329400000000000026e-02
-1.309869999999999958e-02
-1.023480000000000049e-02
-8.716830000000000064e-03
-9.379359999999999781e-03
-9.140459999999999557e-03
-9.746470000000000133e-03
-1.271480000000000006e-02
-1.627690000000000040e-02
-2.162810000000000080e-02
-2.794189999999999868e-02
-3.395619999999999888e-02
-3.549879999999999702e-02
-3.272259999999999752e-02
-2.778780000000000139e-02
-1.911610000000000045e-02
-1.019909999999999914e-02
-7.819059999999999639e-04
6.806440000000000407e-03
1.334660000000000013e-02
1.864019999999999913e-02
2.176000000000000156e-02
2.297319999999999918e-02
2.267380000000000090e-02
2.210379999999999984e-02
2.147119999999999931e-02
1.762139999999999887e-02
1.311350000000000016e-02
9.699569999999999373e-03
6.880559999999999975e-03
6.522449999999999949e-03
8.695800000000000057e-03
1.027929999999999990e-02
1.034269999999999981e-02
1.233410000000000062e-02
1.523359999999999992e-02
1.851059999999999858e-02
2.069220000000000087e-02
2.132840000000000083e-02
2.291409999999999975e-02
2.573699999999999946e-02
2.798679999999999918e-02
3.064350000000000060e-02
3.038389999999999841e-02
2.498710000000000167e-02
1.660160000000000108e-02
9.190570000000000336e-03
6.517989999999999982e-04
-5.914729999999999988e-03
-1.203169999999999934e-02
-1.813189999999999941e-02
-2.374379999999999893e-02
-2.583469999999999864e-02
-2.499109999999999873e-02
-2.425369999999999956e-02
-2.253729999999999969e-02
-1.848429999999999865e-02
-1.310359999999999997e-02
-7.815690000000000137e-03
-2.643110000000000164e-03
4.631530000000000022e-04
6.462430000000000127e-04
-1.699219999999999984e-03
-6.208899999999999836e-03
-1.057680000000000078e-02
-1.507410000000000000e-02
-1.755719999999999850e-02
-1.902010000000000159e-02
-2.228240000000000082e-02
-2.472409999999999886e-02
-2.503000000000000017e-02
-2.432499999999999940e-02
-2.246760000000000077e-02
-1.908939999999999942e-02
-1.810089999999999963e-02
-1.777710000000000054e-02
-1.547130000000000033e-02
-1.274609999999999979e-02
-9.903000000000000344e-03
-7.175899999999999813e-03
-5.734580000000000406e-03
-3.409759999999999961e-03
-2.221180000000000116e-03
-9.209710000000000292e-04
2.673850000000000185e-03
4.307959999999999567e-03
6.352899999999999867e-03
8.604119999999999824e-03
1.323829999999999972e-02
1.667309999999999973e-02
1.885979999999999948e-02
1.892989999999999950e-02
1.817279999999999937e-02
1.517489999999999985e-02
1.255210000000000006e-02
1.181220000000000013e-02
9.223230000000000664e-03
7.158249999999999683e-03
6.857900000000000107e-03
6.799529999999999810e-03
6.362760000000000291e-03
6.232030000000000382e-03
5.464519999999999621e-03
3.861579999999999874e-03
1.404999999999999999e-03
3.096810000000000188e-03
3.710610000000000037e-03
2.247269999999999997e-03
8.309399999999999556e-04
-8.005420000000000071e-04
-3.313620000000000194e-03
-4.132639999999999925e-03
-3.827220000000000101e-03
-4.146040000000000142e-03
-4.278940000000000174e-03
-6.243440000000000274e-03
-9.021960000000000743e-03
-1.191389999999999984e-02
-1.354990000000000014e-02
-1.566379999999999856e-02
-1.650480000000000003e-02
-1.594819999999999918e-02
-1.571880000000000152e-02
-1.384039999999999923e-02
-1.096210000000000066e-02
-8.587239999999999457e-03
-6.185030000000000215e-03
-5.569469999999999976e-03
-5.481060000000000272e-03
-2.479139999999999903e-03
-3.503910000000000271e-04
-6.850590000000000152e-04
-1.093699999999999967e-03
-2.746119999999999898e-03
-4.270219999999999919e-03
-5.104459999999999900e-03
-7.440389999999999851e-03
-7.681330000000000102e-03
-4.759669999999999700e-03
-2.269460000000000054e-03
1.639409999999999999e-03
5.393929999999999905e-03
7.964840000000000808e-03
8.643859999999999738e-03
6.364749999999999748e-03
3.965549999999999978e-03
2.943429999999999918e-03
1.248280000000000049e-03
-9.798319999999999252e-04
-8.144310000000000091e-04
-1.662859999999999946e-03
-2.234289999999999887e-03
-2.455609999999999998e-03
-1.970099999999999803e-03
-3.105619999999999908e-03
-2.678369999999999796e-03
-3.361649999999999881e-03
-5.126369999999999885e-03
-5.105870000000000200e-03
-4.933299999999999838e-03
-4.579620000000000392e-03
-4.096080000000000207e-03
-4.517649999999999791e-03
-4.973609999999999837e-03
-6.572380000000000062e-03
-8.010329999999999534e-03
-5.856000000000000094e-03
-3.837199999999999812e-03
-1.579220000000000103e-03
6.903319999999999899e-04
1.613800000000000087e-03
1.045799999999999941e-03
-1.523449999999999978e-03
-4.343370000000000043e-03
-6.930350000000000052e-03
-9.660210000000000671e-03
-1.211680000000000049e-02
-1.543190000000000013e-02
-1.850780000000000133e-02
-1.989389999999999908e-02
-1.907460000000000058e-02
-1.875740000000000046e-02
-1.658000000000000099e-02
-1.098799999999999950e-02
-6.418410000000000261e-03
-1.853239999999999922e-03
7.238459999999999946e-04
5.161879999999999984e-04
3.167530000000000215e-04
-2.338569999999999885e-03
-3.497090000000000008e-03
-3.825180000000000073e-03
-4.154060000000000218e-03
-4.007140000000000181e-03
-3.820259999999999802e-03
-2.720310000000000089e-03
3.896269999999999747e-04
3.815949999999999811e-03
6.361470000000000145e-03
7.536079999999999689e-03
9.772849999999999593e-03
1.069250000000000062e-02
1.002199999999999966e-02
1.045489999999999961e-02
1.015339999999999993e-02
1.254730000000000081e-02
1.458150000000000071e-02
1.290039999999999937e-02
1.026029999999999998e-02
8.965020000000000627e-03
7.913470000000000573e-03
4.528060000000000418e-03
3.786480000000000054e-03
4.010940000000000165e-03
5.085980000000000362e-03
8.900409999999999225e-03
1.265909999999999952e-02
1.576440000000000133e-02
1.630660000000000096e-02
1.576889999999999889e-02
1.551190000000000034e-02
1.494569999999999926e-02
1.249150000000000087e-02
9.324100000000000096e-03
5.855929999999999643e-03
2.634070000000000075e-03
5.944470000000000092e-04
-2.223489999999999842e-03
-4.330190000000000254e-03
-5.440470000000000202e-03
-7.342010000000000376e-03
-5.333319999999999901e-03
-3.411599999999999876e-03
-3.702909999999999795e-03
-3.688349999999999962e-03
-3.458660000000000120e-03
-3.447340000000000126e-03
-4.211860000000000430e-03
-5.021590000000000255e-03
-5.457049999999999748e-03
-6.400239999999999749e-03
-7.100920000000000148e-03
-7.116929999999999611e-03
-7.981520000000000628e-03
-9.618430000000000729e-03
-1.176190000000000048e-02
-1.384370000000000045e-02
-1.532850000000000011e-02
-1.636400000000000007e-02
-1.373030000000000084e-02
-1.017799999999999955e-02
-5.748879999999999615e-03
-6.307059999999999750e-04
1.479489999999999972e-03
5.845410000000000536e-04
8.293210000000000512e-05
-7.689749999999999754e-04
-1.716910000000000094e-03
-2.505240000000000158e-03
-1.379800000000000037e-03
9.017590000000000241e-04
3.059710000000000207e-03
5.055669999999999956e-03
7.195769999999999771e-03
9.682529999999999956e-03
1.146469999999999954e-02
1.298479999999999947e-02
1.283360000000000056e-02
1.025339999999999932e-02
7.433450000000000300e-03
4.770599999999999841e-03
2.522079999999999895e-03
1.966949999999999862e-03
2.778899999999999947e-03
3.023259999999999836e-03
2.691910000000000049e-03
2.311339999999999836e-03
1.752209999999999922e-03
1.866009999999999978e-03
1.784479999999999964e-03
1.843570000000000104e-03
1.327629999999999999e-03
4.036839999999999792e-05
-6.583160000000000444e-04
9.788390000000000112e-04
1.904000000000000093e-03
2.446240000000000133e-03
3.809199999999999999e-03
3.943880000000000302e-03
2.719619999999999850e-03
1.969920000000000004e-03
7.027269999999999957e-04
-6.595680000000000249e-04
-5.157960000000000062e-04
1.545579999999999957e-03
1.661520000000000098e-03
2.448570000000000173e-03
3.987890000000000011e-03
4.657330000000000324e-03
5.582789999999999801e-03
5.702740000000000413e-03
5.644240000000000021e-03
5.172109999999999728e-03
3.852359999999999986e-03
2.355569999999999973e-03
1.189340000000000102e-03
-1.040480000000000040e-04
-2.966129999999999982e-03
-5.656160000000000354e-03
-7.801350000000000298e-03
-7.796619999999999766e-03
-7.437520000000000416e-03
-7.257809999999999956e-03
-5.747239999999999814e-03
-3.477560000000000200e-03
-9.599530000000000432e-04
2.145820000000000106e-03
5.763449999999999823e-03
6.908769999999999842e-03
9.436289999999999956e-03
1.098850000000000000e-02
1.054949999999999985e-02
1.031080000000000017e-02
1.022269999999999950e-02
1.068209999999999993e-02
1.137589999999999955e-02
1.189109999999999993e-02
1.283749999999999995e-02
1.148150000000000039e-02
1.040890000000000044e-02
9.403510000000000341e-03
7.623040000000000198e-03
5.064360000000000389e-03
2.979369999999999848e-03
2.877150000000000193e-03
3.974390000000000388e-03
5.700160000000000123e-03
7.074500000000000059e-03
9.229370000000000629e-03
1.150570000000000065e-02
1.378749999999999941e-02
1.460140000000000049e-02
1.439640000000000017e-02
1.518480000000000003e-02
1.647030000000000022e-02
1.730589999999999906e-02
1.719350000000000045e-02
1.587600000000000122e-02
1.468080000000000079e-02
1.260030000000000004e-02
1.163390000000000084e-02
1.033990000000000083e-02
8.953910000000000688e-03
6.627710000000000198e-03
5.463420000000000082e-03
4.881039999999999685e-03
5.127959999999999983e-03
5.024009999999999761e-03
4.350299999999999653e-03
3.013660000000000037e-03
1.237470000000000063e-03
-1.951279999999999898e-03
-6.032580000000000060e-03
-1.033500000000000044e-02
-1.606130000000000058e-02
-1.938749999999999848e-02
-2.113100000000000048e-02
-2.219669999999999976e-02
-2.246319999999999914e-02
-2.198080000000000173e-02
-2.149790000000000034e-02
-2.107780000000000070e-02
-2.067969999999999878e-02
-2.013749999999999915e-02
-1.962020000000000083e-02
-1.798510000000000039e-02
-1.635959999999999845e-02
-1.461890000000000064e-02
-1.385779999999999998e-02
-1.342250000000000040e-02
-1.297099999999999989e-02
-1.281709999999999967e-02
-1.231059999999999967e-02
-1.126349999999999921e-02
-9.414779999999999330e-03
-7.513660000000000130e-03
-4.146140000000000415e-03
-1.809870000000000098e-03
-3.008999999999999956e-04
8.370489999999999745e-04
-1.165609999999999975e-04
-1.232379999999999934e-03
-1.541529999999999940e-03
-2.873820000000000020e-03
-3.307290000000000056e-03
-3.842749999999999812e-03
-2.883399999999999939e-03
-1.668269999999999909e-03
-7.916779999999999781e-04
1.408600000000000086e-03
2.882360000000000044e-03
3.659009999999999867e-03
5.864649999999999898e-03
6.997390000000000033e-03
6.800669999999999979e-03
8.226699999999999985e-03
1.038069999999999965e-02
1.053600000000000023e-02
9.210319999999999271e-03
6.940720000000000049e-03
5.439079999999999783e-03
3.716210000000000173e-03
2.044620000000000031e-03
1.384269999999999945e-03
1.466410000000000022e-03
2.106439999999999788e-03
2.966690000000000126e-03
2.828600000000000125e-03
4.306040000000000128e-04
-2.867070000000000209e-03
-5.802220000000000294e-03
-9.175509999999999569e-03
-1.221670000000000048e-02
-1.405239999999999961e-02
-1.389480000000000055e-02
-1.361410000000000051e-02
-1.316259999999999999e-02
-1.176920000000000049e-02
-7.681809999999999854e-03
-4.506660000000000006e-03
-2.505310000000000176e-03
-1.885720000000000018e-03
-2.170790000000000133e-03
-3.925330000000000312e-03
-6.513320000000000394e-03
-8.780420000000000585e-03
-1.011929999999999948e-02
-1.100609999999999956e-02
-1.028749999999999977e-02
-9.560620000000000576e-03
-8.587940000000000504e-03
-5.990239999999999974e-03
-3.766760000000000073e-03
-1.203049999999999996e-03
2.913600000000000131e-03
7.360209999999999843e-03
1.082100000000000076e-02
1.299750000000000037e-02
1.382019999999999950e-02
1.551070000000000053e-02
1.661349999999999980e-02
1.625909999999999855e-02
1.569030000000000077e-02
1.517270000000000077e-02
1.352779999999999955e-02
1.216659999999999964e-02
1.079680000000000049e-02
1.067090000000000052e-02
1.030009999999999953e-02
1.192140000000000040e-02
1.302930000000000060e-02
1.495890000000000067e-02
1.756440000000000085e-02
1.924390000000000128e-02
1.903459999999999874e-02
1.827370000000000036e-02
1.712009999999999921e-02
1.381620000000000070e-02
8.317490000000000300e-03
4.445160000000000083e-03
1.700869999999999943e-03
-1.104820000000000064e-03
-2.840549999999999846e-03
-3.745379999999999977e-03
-2.818139999999999794e-03
-1.432560000000000040e-03
-7.362269999999999969e-04
-1.777070000000000114e-04
1.255349999999999966e-04
1.045090000000000038e-03
2.509869999999999983e-03
2.958549999999999895e-03
2.782649999999999794e-03
2.141769999999999872e-03
4.000499999999999933e-04
-1.522740000000000074e-03
-2.786750000000000164e-03
-5.423540000000000132e-03
-7.907340000000000549e-03
-1.121920000000000035e-02
-1.392649999999999964e-02
-1.548929999999999925e-02
-1.620709999999999859e-02
-1.590219999999999828e-02
-1.549520000000000064e-02
-1.536709999999999986e-02
-1.500650000000000074e-02
-1.624839999999999965e-02
-1.645800000000000041e-02
-1.614339999999999872e-02
-1.621900000000000078e-02
-1.569649999999999865e-02
-1.583889999999999951e-02
-1.650980000000000156e-02
-1.828619999999999898e-02
-1.835499999999999979e-02
-1.772160000000000055e-02
-1.626089999999999827e-02
-1.377279999999999997e-02
-1.097389999999999997e-02
-6.242529999999999607e-03
-1.680639999999999955e-03
3.441880000000000026e-03
7.863469999999999141e-03
1.162649999999999968e-02
1.407809999999999964e-02
1.452260000000000009e-02
1.395470000000000044e-02
1.137039999999999926e-02
8.461379999999999249e-03
5.988620000000000054e-03
2.777599999999999861e-03
1.784869999999999870e-04
-1.150629999999999925e-03
-2.927340000000000064e-03
-4.262829999999999571e-03
-4.998559999999999982e-03
-5.109009999999999767e-03
-6.083599999999999772e-03
-6.794320000000000394e-03
-6.113829999999999786e-03
-4.826490000000000120e-03
-4.426040000000000009e-03
-2.236699999999999886e-03
-7.329069999999999812e-04
-9.841959999999998990e-04
-1.257059999999999948e-03
-2.820589999999999990e-03
-4.223570000000000275e-03
-5.434940000000000083e-03
-6.443410000000000110e-03
-7.418369999999999652e-03
-6.674160000000000162e-03
-4.785229999999999692e-03
-3.567789999999999937e-03
-6.692309999999999492e-04
1.889629999999999999e-03
3.744679999999999797e-03
4.105720000000000203e-03
5.275909999999999975e-03
6.176919999999999807e-03
5.833340000000000226e-03
3.971180000000000369e-03
1.869180000000000017e-03
-1.574649999999999921e-03
-3.418099999999999871e-03
-2.708550000000000107e-03
-1.133450000000000039e-03
-2.763530000000000153e-04
2.983759999999999906e-04
2.502780000000000022e-03
4.598269999999999788e-03
6.709389999999999972e-03
8.925789999999999419e-03
9.627290000000000153e-03
1.052580000000000009e-02
1.308789999999999953e-02
1.390160000000000007e-02
1.369880000000000056e-02
1.261149999999999945e-02
1.069349999999999988e-02
8.474789999999999407e-03
6.102390000000000071e-03
2.770589999999999858e-03
1.816959999999999897e-04
-1.642540000000000059e-03
-1.017560000000000036e-03
1.239700000000000047e-03
4.781859999999999757e-03
6.932559999999999938e-03
8.630660000000000068e-03
9.946480000000000599e-03
1.060909999999999978e-02
1.024109999999999951e-02
9.177440000000000250e-03
8.104870000000000130e-03
6.239340000000000337e-03
4.148149999999999754e-03
9.586380000000000465e-04
-1.823439999999999957e-03
-4.309770000000000094e-03
-5.549870000000000150e-03
-6.043970000000000072e-03
-7.497110000000000406e-03
-8.387979999999999742e-03
-8.413610000000000186e-03
-9.872689999999999938e-03
-1.012760000000000049e-02
-9.616609999999999395e-03
-9.337899999999999673e-03
-8.284889999999999616e-03
-7.230320000000000150e-03
-5.954599999999999997e-03
-4.390269999999999936e-03
-3.305740000000000154e-03
-1.814319999999999908e-03
5.070199999999999534e-04
1.662599999999999972e-03
1.473069999999999935e-03
9.030950000000000262e-04
9.696179999999999990e-04
1.661509999999999940e-03
2.095280000000000146e-03
3.723329999999999956e-03
5.826460000000000319e-03
7.300880000000000043e-03
9.444700000000000317e-03
1.047380000000000012e-02
1.065810000000000021e-02
1.195159999999999972e-02
1.239280000000000069e-02
1.131030000000000056e-02
8.946269999999999223e-03
6.844799999999999843e-03
5.071510000000000427e-03
4.028440000000000319e-03
4.223020000000000072e-03
3.551729999999999905e-03
3.398659999999999962e-03
2.784389999999999869e-03
3.333229999999999960e-03
3.193819999999999992e-03
4.264360000000000026e-03
5.134589999999999640e-03
5.112620000000000012e-03
5.868209999999999572e-03
5.849219999999999593e-03
6.420780000000000064e-03
6.466959999999999896e-03
5.221270000000000078e-03
4.854360000000000272e-03
3.948250000000000370e-03
3.465699999999999944e-03
3.237190000000000033e-03
1.029699999999999930e-03
-1.141209999999999924e-03
-3.132429999999999850e-03
-5.256499999999999888e-03
-6.266540000000000131e-03
-6.794019999999999573e-03
-6.852259999999999775e-03
-6.019079999999999570e-03
-4.431670000000000401e-03
-4.378520000000000328e-03
-4.435780000000000278e-03
-4.205920000000000145e-03
-4.128520000000000106e-03
-4.359449999999999957e-03
-6.511470000000000105e-03
-8.576890000000000208e-03
-9.666539999999999508e-03
-1.117409999999999931e-02
-1.193450000000000066e-02
-1.201789999999999976e-02
-1.167089999999999968e-02
-1.069769999999999922e-02
-7.840470000000000425e-03
-5.332670000000000292e-03
-3.930150000000000310e-03
-3.465339999999999913e-03
-2.072420000000000165e-03
-1.240070000000000018e-03
-4.403359999999999935e-04
1.622100000000000018e-03
3.156099999999999791e-03
4.674870000000000241e-03
6.986899999999999882e-03
7.730380000000000237e-03
9.643020000000000411e-03
1.004569999999999942e-02
9.629060000000000050e-03
8.740360000000000837e-03
8.413409999999999639e-03
8.071760000000000740e-03
6.514820000000000159e-03
6.214950000000000335e-03
7.285579999999999834e-03
9.359829999999999539e-03
9.989160000000000400e-03
9.668700000000000558e-03
9.093649999999999997e-03
7.379750000000000025e-03
5.500309999999999575e-03
4.038250000000000173e-03
1.677719999999999949e-03
-5.466530000000000260e-04
-1.656750000000000020e-03
-1.567019999999999915e-03
-1.272539999999999956e-03
-8.293820000000000359e-04
-8.494730000000000033e-04
-8.496680000000000378e-04
-9.861810000000000367e-04
-1.786369999999999907e-04
-8.249760000000000513e-04
-2.015780000000000002e-03
-2.485110000000000010e-03
-3.032500000000000039e-03
-3.915590000000000043e-03
-4.543229999999999665e-03
-4.170090000000000428e-03
-3.651160000000000082e-03
-3.121370000000000047e-03
-2.944480000000000187e-03
-2.973729999999999950e-03
-2.861170000000000119e-03
-2.930379999999999791e-03
-3.173909999999999839e-03
-4.650030000000000309e-03
-5.718830000000000267e-03
-6.015989999999999706e-03
-6.009399999999999811e-03
-5.775699999999999931e-03
-6.402289999999999717e-03
-7.218429999999999638e-03
-7.961479999999999946e-03
-8.234240000000000309e-03
-7.562659999999999695e-03
-7.122019999999999740e-03
-6.223730000000000234e-03
-4.720249999999999620e-03
-4.564079999999999873e-03
-2.088570000000000097e-03
2.166319999999999954e-04
1.283370000000000040e-03
1.273669999999999967e-03
7.041210000000000437e-04
4.142339999999999781e-04
3.771999999999999800e-05
-6.389199999999999611e-04
-1.165470000000000048e-03
-1.741259999999999900e-03
-3.413520000000000183e-03
-3.419590000000000130e-03
-2.889010000000000015e-03
-1.327349999999999927e-03
2.031070000000000054e-04
1.032310000000000042e-03
2.380890000000000090e-03
3.136589999999999864e-03
3.014989999999999944e-03
3.989050000000000061e-03
3.415399999999999860e-03
1.759939999999999985e-03
-1.950730000000000075e-04
-3.096029999999999833e-04
-2.259729999999999996e-04
-4.325830000000000018e-04
-5.048630000000000348e-04
-5.017010000000000133e-04
-9.794120000000000343e-04
-1.632750000000000087e-03
-3.346430000000000064e-03
-4.195980000000000196e-03
-5.067050000000000026e-03
-4.668270000000000405e-03
-4.531349999999999961e-03
-3.851530000000000144e-03
-3.858569999999999969e-03
-3.399249999999999928e-03
-2.849430000000000018e-03
-2.978090000000000077e-03
-2.790110000000000159e-03
-3.450050000000000078e-03
-4.757039999999999706e-03
-4.931869999999999657e-03
-4.608970000000000428e-03
-3.706810000000000053e-03
-3.171030000000000029e-03
-2.996529999999999853e-03
-1.926830000000000036e-03
-9.163059999999999782e-04
3.461429999999999824e-04
2.964460000000000142e-04
4.079989999999999810e-04
-1.062840000000000009e-03
-2.318329999999999957e-03
-3.565599999999999933e-03
-5.613710000000000054e-03
-6.653509999999999633e-03
-7.907140000000000002e-03
-8.736829999999999249e-03
-9.628990000000000465e-03
-9.767959999999999143e-03
-8.867869999999999919e-03
-6.639889999999999855e-03
-4.684830000000000071e-03
-3.896479999999999909e-03
-2.016079999999999955e-03
-6.548189999999999523e-04
2.839340000000000093e-04
1.701199999999999934e-03
2.670989999999999823e-03
2.321839999999999928e-03
1.770929999999999987e-03
2.475100000000000043e-03
3.770589999999999879e-03
5.756899999999999691e-03
8.174270000000000841e-03
9.299180000000000640e-03
1.082490000000000015e-02
1.077660000000000076e-02
1.088509999999999998e-02
1.170859999999999956e-02
1.198010000000000047e-02
1.371920000000000084e-02
1.549099999999999956e-02
1.496819999999999921e-02
1.462429999999999980e-02
1.429719999999999949e-02
1.361590000000000023e-02
1.089530000000000012e-02
8.743829999999999311e-03
5.629389999999999741e-03
2.630949999999999955e-03
-6.157040000000000126e-04
-2.043919999999999852e-03
-2.391449999999999826e-03
-2.607760000000000199e-03
-2.210419999999999833e-03
-1.475259999999999939e-03
-8.948699999999999754e-04
-1.198730000000000065e-03
-2.231649999999999953e-03
-3.042979999999999817e-03
-4.066199999999999849e-03
-4.699440000000000041e-03
-4.770130000000000030e-03
-5.567560000000000044e-03
-7.503740000000000063e-03
-8.588510000000000588e-03
-8.762650000000000300e-03
-8.528400000000000217e-03
-8.276930000000000051e-03
-8.113520000000000801e-03
-7.933189999999999686e-03
-7.755169999999999599e-03
-7.504890000000000172e-03
-7.327110000000000394e-03
-7.080099999999999762e-03
-6.908850000000000234e-03
-6.291180000000000383e-03
-5.462569999999999926e-03
-5.119730000000000288e-03
-5.277950000000000003e-03
-4.898229999999999945e-03
-3.902409999999999820e-03
-3.160510000000000055e-03
-3.379979999999999877e-03
-3.283320000000000162e-03
-3.532669999999999907e-03
-3.935600000000000036e-03
-3.846399999999999819e-03
-2.902599999999999972e-03
-1.303520000000000069e-03
-2.306440000000000096e-04
3.323390000000000176e-04
1.188299999999999990e-03
1.028639999999999936e-03
7.980430000000000434e-05
1.259630000000000135e-04
3.021519999999999762e-04
2.101179999999999964e-04
3.391450000000000064e-04
-7.522600000000000380e-04
-2.027430000000000204e-03
-1.156560000000000053e-03
4.939220000000000459e-04
1.555479999999999927e-03
3.676410000000000181e-03
5.159440000000000380e-03
6.328460000000000162e-03
7.879330000000000361e-03
9.119290000000000382e-03
9.207939999999999528e-03
8.609930000000000014e-03
8.802549999999999264e-03
8.559100000000000041e-03
1.029150000000000030e-02
1.038640000000000049e-02
1.021150000000000009e-02
8.321069999999999856e-03
7.220269999999999987e-03
4.419710000000000305e-03
2.390900000000000056e-03
8.389680000000000488e-04
2.274719999999999932e-04
1.734349999999999954e-04
-6.840440000000000528e-05
1.732330000000000024e-03
2.872580000000000012e-03
4.392159999999999988e-03
6.459740000000000273e-03
6.761650000000000126e-03
6.483540000000000310e-03
6.418690000000000333e-03
6.082030000000000422e-03
4.245020000000000390e-03
3.792259999999999989e-03
3.832739999999999845e-03
4.095360000000000146e-03
5.455609999999999626e-03
5.898780000000000169e-03
7.684540000000000121e-03
9.524070000000000799e-03
9.562809999999999713e-03
9.209049999999999875e-03
9.072659999999999753e-03
7.997390000000000054e-03
5.316480000000000164e-03
3.660810000000000019e-03
3.907859999999999980e-03
2.926859999999999878e-03
1.347490000000000016e-03
4.250249999999999905e-04
6.574149999999999525e-04
6.285320000000000056e-04
9.754619999999999654e-04
1.013299999999999965e-03
1.649459999999999945e-03
9.951599999999999249e-04
7.329819999999999695e-04
-3.199359999999999943e-04
-1.839350000000000013e-03
-1.573589999999999928e-03
-1.649180000000000090e-03
-1.611989999999999994e-03
-1.760080000000000021e-03
-1.467800000000000007e-03
-1.568469999999999977e-03
1.542009999999999963e-04
6.847830000000000063e-04
5.214249999999999484e-04
-1.818830000000000067e-04
-1.576700000000000107e-03
-2.949779999999999937e-03
-4.116589999999999833e-03
-5.367529999999999697e-03
-6.845969999999999833e-03
-8.068379999999999996e-03
-8.968230000000000646e-03
-8.933919999999999709e-03
-7.042780000000000221e-03
-5.946220000000000325e-03
-5.134559999999999819e-03
-4.874060000000000371e-03
-4.708849999999999668e-03
-4.626100000000000177e-03
-4.565340000000000197e-03
-4.349519999999999949e-03
-4.936799999999999869e-03
-6.277529999999999916e-03
-7.049090000000000043e-03
-8.321469999999999215e-03
-8.141900000000000526e-03
-8.043109999999999149e-03
-7.037550000000000056e-03
-6.216160000000000088e-03
-6.646400000000000224e-03
-5.390129999999999921e-03
-4.765219999999999699e-03
-4.014310000000000100e-03
-2.724509999999999866e-03
-2.213230000000000058e-03
-1.806069999999999898e-03
-4.151639999999999844e-04
2.534330000000000111e-04
1.018040000000000004e-03
2.608940000000000130e-03
2.653979999999999794e-03
2.449160000000000139e-03
2.447860000000000053e-03
2.400030000000000045e-03
2.486439999999999918e-03
2.764250000000000214e-03
2.662149999999999846e-03
2.821699999999999903e-03
3.868340000000000060e-03
4.661799999999999798e-03
3.834979999999999986e-03
2.134519999999999994e-03
9.328179999999999718e-04
-3.528090000000000300e-05
-1.728889999999999908e-04
-8.740640000000000258e-04
-1.854359999999999993e-03
-3.222549999999999807e-03
-3.208429999999999963e-03
-2.251969999999999840e-03
-1.246860000000000026e-03
1.084890000000000030e-03
3.602269999999999864e-03
5.498209999999999903e-03
6.700949999999999789e-03
7.103800000000000392e-03
6.916779999999999977e-03
6.931330000000000303e-03
6.289430000000000368e-03
4.736119999999999913e-03
1.708740000000000042e-03
-4.025130000000000136e-04
-1.375509999999999927e-03
-2.133760000000000170e-03
-3.000089999999999962e-03
-3.377100000000000067e-03
-3.668470000000000064e-03
-2.226489999999999806e-03
-1.440129999999999969e-03
-1.596229999999999915e-03
-1.472650000000000044e-03
-1.229770000000000038e-03
-1.872650000000000009e-03
-2.264009999999999894e-03
-1.857850000000000083e-03
-2.203689999999999902e-03
-2.743620000000000000e-03
-2.666920000000000141e-03
-2.376699999999999820e-03
-2.571340000000000084e-03
-2.793320000000000178e-03
-2.933610000000000124e-03
-1.430180000000000080e-03
-6.311700000000000166e-04
-1.134649999999999987e-04
4.960509999999999572e-04
6.632860000000000188e-04
6.056240000000000278e-04
2.025040000000000086e-03
3.298049999999999853e-03
3.630430000000000029e-03
4.780340000000000110e-03
4.582169999999999993e-03
4.874999999999999993e-03
4.361460000000000163e-03
2.593729999999999820e-03
3.511340000000000164e-04
-1.675360000000000087e-03
-3.914439999999999933e-03
-5.832979999999999762e-03
-6.907159999999999862e-03
-6.902410000000000316e-03
-6.725300000000000028e-03
-6.282310000000000151e-03
-5.467750000000000388e-03
-4.227879999999999833e-03
-2.323140000000000014e-03
-9.012550000000000032e-04
5.370019999999999655e-04
1.162269999999999970e-03
2.352570000000000008e-03
2.890059999999999851e-03
2.745800000000000064e-03
2.539730000000000026e-03
1.775110000000000099e-03
1.945040000000000094e-03
1.634639999999999921e-03
1.756799999999999985e-03
1.484609999999999923e-03
1.684979999999999985e-03
2.615129999999999798e-03
3.467819999999999930e-03
4.197669999999999700e-03
4.286840000000000095e-03
4.925159999999999608e-03
5.867869999999999857e-03
5.926940000000000333e-03
6.626260000000000136e-03
7.041210000000000004e-03
6.762139999999999818e-03
6.484850000000000336e-03
6.121569999999999789e-03
5.517150000000000179e-03
5.460170000000000301e-03
4.864180000000000066e-03
3.916499999999999843e-03
2.455709999999999837e-03
1.616749999999999915e-03
3.513079999999999914e-04
-1.282009999999999877e-04
-8.911330000000000076e-04
-1.373419999999999979e-03
-1.385769999999999927e-03
-1.732089999999999932e-03
-1.611550000000000005e-03
-8.154930000000000338e-04
-8.451149999999999884e-05
-5.710170000000000252e-05
-1.180999999999999975e-03
-1.926930000000000092e-03
-2.793840000000000125e-03
-3.505840000000000085e-03
-4.056139999999999746e-03
-4.364279999999999896e-03
-5.462840000000000057e-03
-6.278950000000000156e-03
-6.046639999999999827e-03
-6.334410000000000387e-03
-6.989269999999999684e-03
-6.825880000000000315e-03
-5.976799999999999995e-03
-4.776049999999999567e-03
-3.386950000000000117e-03
-1.706049999999999971e-03
-7.057059999999999549e-04
4.467799999999999745e-04
1.311890000000000018e-03
1.430800000000000084e-03
1.018510000000000032e-03
-3.623349999999999791e-04
-1.715329999999999936e-03
-2.566310000000000032e-03
-3.127159999999999922e-03
-2.953669999999999820e-03
-2.753690000000000044e-03
-2.620229999999999868e-03
-2.190529999999999995e-03
-1.209130000000000101e-03
-6.431100000000000141e-04
-2.521549999999999939e-05
4.371409999999999944e-04
8.820279999999999787e-04
1.388469999999999939e-03
1.381639999999999951e-03
7.694200000000000431e-04
9.953480000000000660e-04
1.232639999999999908e-03
1.420430000000000087e-03
1.744120000000000045e-03
1.878890000000000031e-03
1.549639999999999915e-03
1.220560000000000091e-03
8.286160000000000097e-04
4.778299999999999974e-04
4.613749999999999796e-04
8.846789999999999776e-04
1.337810000000000041e-03
1.954790000000000087e-03
2.287870000000000008e-03
2.133990000000000106e-03
2.048819999999999808e-03
1.950920000000000085e-03
1.385699999999999909e-03
1.009590000000000097e-03
9.736910000000000530e-04
7.388860000000000133e-04
5.509650000000000485e-04
1.118010000000000011e-03
1.603080000000000000e-03
1.385750000000000046e-03
1.336079999999999907e-03
1.168070000000000002e-03
9.850580000000000273e-04
8.097900000000000107e-04
5.923529999999999985e-04
3.234220000000000215e-04
3.709869999999999769e-04
4.473799999999999891e-04
4.371840000000000209e-04
6.966409999999999595e-05
-2.010830000000000126e-04
-3.507609999999999981e-04
-1.596260000000000062e-04
-1.174309999999999943e-04
-1.894090000000000021e-04
-1.573979999999999997e-04
-2.903420000000000198e-04
-3.464499999999999915e-04
-4.000990000000000059e-04
-6.214550000000000326e-04
-7.225769999999999632e-04
-4.604300000000000081e-04
-3.347779999999999853e-04
-3.432859999999999926e-04
-3.582869999999999935e-04
-4.148670000000000244e-04
-5.185539999999999551e-04
-5.728519999999999966e-04
-5.435140000000000414e-04
-5.454719999999999708e-04
-5.635580000000000277e-04
-6.431250000000000334e-04
-7.050070000000000078e-04
-6.813470000000000073e-04
-7.217750000000000207e-04
-8.356600000000000052e-04
-8.496340000000000446e-04
-8.280310000000000144e-04
-7.847419999999999483e-04
-6.911989999999999801e-04
-5.763279999999999749e-04
-4.896990000000000154e-04
-4.165819999999999766e-04
-3.176380000000000241e-04
-2.056570000000000132e-04
-7.010189999999999369e-05
1.503379999999999962e-04
2.767830000000000095e-04
3.362999999999999887e-04
3.579930000000000265e-04
4.181149999999999906e-04
3.927579999999999960e-04
4.175749999999999991e-04
4.394080000000000186e-04
3.904399999999999820e-04
3.959039999999999825e-04
3.654420000000000021e-04
3.585560000000000006e-04
3.140250000000000029e-04
2.096380000000000010e-04
1.449859999999999973e-04
8.781740000000000390e-05
5.363650000000000053e-05
2.714600000000000118e-09
-5.856189999999999914e-05
-1.088190000000000029e-04
-1.310189999999999868e-04
-1.506799999999999871e-04
-1.692479999999999896e-04
-1.867050000000000090e-04
-1.980560000000000024e-04
-2.117900000000000034e-04
-2.215569999999999931e-04
-2.330439999999999866e-04
-2.398319999999999901e-04
-2.662559999999999797e-04
-2.764859999999999952e-04
-2.802980000000000055e-04
-2.836989999999999955e-04
-2.791010000000000236e-04
-2.759920000000000233e-04
-2.660849999999999977e-04
-2.518609999999999794e-04
-2.359940000000000041e-04
-2.251350000000000053e-04
-2.141009999999999886e-04
-2.097430000000000008e-04
-2.039330000000000006e-04
-2.011349999999999911e-04
-1.994180000000000074e-04
-1.931400000000000109e-04
-1.896900000000000083e-04
-1.824519999999999940e-04
-1.771069999999999969e-04
-1.684049999999999978e-04
-1.581350000000000030e-04
-1.454109999999999940e-04
-1.316269999999999918e-04
-1.170809999999999993e-04
-1.036940000000000003e-04
-9.079819999999999406e-05
-7.834999999999999354e-05
-6.545119999999999432e-05
-5.251999999999999860e-05
-3.951929999999999956e-05
-2.659079999999999959e-05
-1.343710000000000049e-05
-4.470849999999999830e-07
1.233400000000000083e-05
2.491050000000000146e-05
3.747710000000000071e-05
4.993289999999999757e-05
6.223959999999999953e-05
7.439400000000000635e-05
8.647299999999999692e-05
9.840349999999999390e-05
1.102309999999999954e-04
1.219119999999999942e-04
1.334589999999999973e-04
1.448490000000000086e-04
1.560819999999999872e-04
1.671479999999999928e-04
1.780379999999999918e-04
